,AGE,BLK,CFID,CFPARAMS,DEF_RATING,DEF_WS,DREB,DREB_PCT,GP,L,MIN,OPP_PTS_2ND_CHANCE,OPP_PTS_FB,OPP_PTS_OFF_TOV,OPP_PTS_PAINT,PCT_BLK,PCT_DREB,PCT_STL,PLAYER_ID,PLAYER_NAME,STL,TEAM_ABBREVIATION,TEAM_ID,W,W_PCT
0,21.0,0.0,5,"1626151,1610612766",128.7,-0.001,0.063,0.167,2,1,0.463,0.0,0.188,0.188,0.375,0.0,0.167,0.0,1626151,Aaron Harrison,0.0,CHA,1610612766,1,0.5
1,30.0,0.035,5,"201143,1610612737",102.5,0.0,0.077,0.165,10,6,0.483,0.14,0.102,0.17,0.354,0.471,0.223,0.207,201143,Al Horford,0.018,ATL,1610612737,4,0.4
2,31.0,0.01,5,"2744,1610612766",117.1,-0.001,0.094,0.242,7,4,0.544,0.162,0.12,0.103,0.51,0.429,0.33,0.211,2744,Al Jefferson,0.013,CHA,1610612766,3,0.429
3,25.0,0.013,5,"202329,1610612757",106.9,0.0,0.093,0.201,11,6,0.482,0.128,0.117,0.128,0.4,0.313,0.263,0.167,202329,Al-Farouq Aminu,0.01,POR,1610612757,5,0.455
4,24.0,0.002,5,"203459,1610612757",112.4,0.0,0.042,0.1,11,6,0.471,0.142,0.145,0.155,0.456,0.045,0.135,0.175,203459,Allen Crabbe,0.011,POR,1610612757,5,0.455
5,33.0,0.019,5,"2405,1610612748",104.1,0.0,0.063,0.145,9,5,0.518,0.151,0.063,0.17,0.504,0.5,0.182,0.417,2405,Amar'e Stoudemire,0.031,MIA,1610612748,4,0.444
6,29.0,0.03,5,"101161,1610612738",97.6,0.001,0.119,0.256,6,4,0.495,0.137,0.141,0.163,0.467,0.421,0.327,0.063,101161,Amir Johnson,0.004,BOS,1610612738,2,0.333
7,33.0,0.011,5,"2760,1610612744",101.5,0.001,0.048,0.13,17,6,0.497,0.112,0.155,0.134,0.524,0.286,0.173,0.154,2760,Anderson Varejao,0.011,GSW,1610612744,11,0.647
8,22.0,0.025,5,"203083,1610612765",112.4,0.0,0.099,0.218,4,4,0.544,0.12,0.12,0.166,0.34,0.545,0.279,0.063,203083,Andre Drummond,0.004,DET,1610612765,0,0.0
9,32.0,0.006,5,"2738,1610612744",104.9,0.0,0.044,0.103,24,9,0.481,0.15,0.162,0.169,0.425,0.132,0.141,0.213,2738,Andre Iguodala,0.018,GSW,1610612744,15,0.625
10,40.0,0.0,5,"1889,1610612759",112.3,0.0,0.044,0.103,4,1,0.518,0.103,0.221,0.176,0.412,0.0,0.125,0.0,1889,Andre Miller,0.0,SAS,1610612759,3,0.75
11,24.0,0.02,5,"203460,1610612760",102.1,0.0,0.079,0.177,18,7,0.493,0.098,0.137,0.124,0.399,0.322,0.221,0.28,203460,Andre Roberson,0.024,OKC,1610612760,11,0.611
12,31.0,0.048,5,"101106,1610612744",95.4,0.001,0.108,0.203,22,7,0.504,0.182,0.13,0.148,0.392,0.547,0.29,0.23,101106,Andrew Bogut,0.019,GSW,1610612744,15,0.682
13,27.0,0.0,5,"202726,1610612745",90.5,0.001,0.088,0.143,2,2,0.501,0.088,0.0,0.615,0.176,0.0,0.182,0.0,202726,Andrew Goudelock,0.0,HOU,1610612745,0,0.0
14,30.0,0.0,5,"201627,1610612760",101.8,0.0,0.013,0.026,14,6,0.48,0.151,0.132,0.277,0.491,0.0,0.034,0.143,201627,Anthony Morrow,0.006,OKC,1610612760,8,0.571
15,31.0,0.022,5,"201229,1610612765",126.5,-0.001,0.065,0.158,3,3,0.572,0.0,0.175,0.196,0.524,0.5,0.167,0.0,201229,Anthony Tolliver,0.0,DET,1610612765,0,0.0
16,29.0,0.0,5,"203382,1610612765",127.8,-0.001,0.058,0.125,4,4,0.514,0.199,0.117,0.257,0.515,0.0,0.172,0.0,203382,Aron Baynes,0.0,DET,1610612765,0,0.0
17,23.0,0.0,5,"203085,1610612746",111.0,0.0,0.042,0.083,6,4,0.506,0.162,0.165,0.088,0.38,0.0,0.115,0.143,203085,Austin Rivers,0.011,LAC,1610612746,2,0.333
18,25.0,0.014,5,"202340,1610612738",105.7,0.0,0.014,0.026,1,1,0.472,0.185,0.128,0.128,0.569,0.25,0.036,0.333,202340,Avery Bradley,0.014,BOS,1610612738,0,0.0
19,23.0,0.028,5,"202687,1610612761",106.2,0.0,0.138,0.321,20,10,0.522,0.147,0.116,0.158,0.392,0.659,0.417,0.11,202687,Bismack Biyombo,0.008,TOR,1610612761,10,0.5
20,27.0,0.008,5,"201933,1610612746",99.4,0.001,0.111,0.201,4,2,0.502,0.131,0.135,0.103,0.404,0.125,0.295,0.143,201933,Blake Griffin,0.012,LAC,1610612746,2,0.5
21,27.0,0.025,5,"1626246,1610612759",111.7,0.0,0.124,0.313,7,3,0.521,0.124,0.137,0.149,0.348,0.667,0.37,0.0,1626246,Boban Marjanovic,0.0,SAS,1610612759,4,0.571
22,34.0,0.012,5,"2564,1610612759",95.8,0.001,0.053,0.123,9,3,0.493,0.131,0.155,0.143,0.417,0.211,0.17,0.059,2564,Boris Diaw,0.006,SAS,1610612759,6,0.667
23,30.0,0.009,5,"201575,1610612744",101.7,0.001,0.108,0.23,14,6,0.519,0.132,0.132,0.17,0.452,0.167,0.315,0.111,201575,Brandon Rush,0.009,GSW,1610612744,8,0.571
24,30.0,0.0,5,"203148,1610612757",108.3,0.0,0.0,0.0,10,6,0.438,0.037,0.159,0.159,0.343,0.0,0.0,0.0,203148,Brian Roberts,0.0,POR,1610612757,4,0.4
25,23.0,0.0,5,"1627362,1610612748",42.9,0.006,0.0,0.0,2,1,0.565,0.188,0.0,0.0,0.376,0.0,0.0,1.0,1627362,Briante Weber,0.094,MIA,1610612748,1,0.5
26,24.0,0.005,5,"203468,1610612757",107.9,0.0,0.036,0.077,11,6,0.485,0.136,0.1,0.127,0.434,0.135,0.101,0.2,203468,CJ McCollum,0.011,POR,1610612757,5,0.455
27,29.0,0.006,5,"101139,1610612754",106.9,0.0,0.115,0.23,7,4,0.528,0.195,0.149,0.241,0.494,0.143,0.385,0.083,101139,CJ Miles,0.006,IND,1610612754,3,0.429
28,25.0,0.0,5,"203912,1610612746",58.7,0.003,0.061,0.125,2,2,0.458,0.0,0.0,0.0,0.368,0.0,0.167,0.0,203912,CJ Wilcox,0.0,LAC,1610612746,0,0.0
29,21.0,0.016,5,"1626166,1610612760",106.2,0.0,0.032,0.069,10,3,0.513,0.144,0.136,0.184,0.447,0.5,0.089,0.25,1626166,Cameron Payne,0.016,OKC,1610612760,7,0.7
30,33.0,0.02,5,"101112,1610612739",98.6,0.001,0.079,0.169,17,5,0.519,0.079,0.063,0.144,0.342,0.5,0.206,0.167,101112,Channing Frye,0.013,CLE,1610612739,12,0.706
31,31.0,0.0,5,"101111,1610612742",101.9,0.0,0.047,0.125,4,4,0.479,0.117,0.141,0.07,0.094,0.0,0.167,0.0,101111,Charlie Villanueva,0.0,DAL,1610612742,0,0.0
32,37.0,0.02,5,"2365,1610612763",109.3,0.0,0.122,0.29,4,4,0.533,0.068,0.149,0.264,0.351,0.333,0.353,0.2,2365,Chris Andersen,0.014,MEM,1610612763,0,0.0
33,34.0,0.0,5,"2549,1610612757",87.2,0.001,0.091,0.146,4,2,0.489,0.151,0.015,0.151,0.362,0.0,0.2,0.5,2549,Chris Kaman,0.03,POR,1610612757,2,0.5
34,31.0,0.0,5,"101108,1610612746",92.7,0.001,0.048,0.091,4,2,0.501,0.124,0.124,0.112,0.392,0.0,0.13,0.346,101108,Chris Paul,0.036,LAC,1610612746,2,0.5
35,22.0,0.021,5,"203991,1610612745",100.8,0.001,0.127,0.3,5,4,0.458,0.063,0.18,0.381,0.402,0.333,0.343,0.333,203991,Clint Capela,0.032,HOU,1610612745,1,0.2
36,23.0,0.011,5,"203469,1610612766",96.9,0.001,0.099,0.224,7,4,0.488,0.149,0.078,0.089,0.447,0.2,0.298,0.056,203469,Cody Zeller,0.004,CHA,1610612766,3,0.429
37,27.0,0.019,5,"202332,1610612746",104.7,0.0,0.143,0.324,6,4,0.499,0.156,0.136,0.104,0.402,0.5,0.44,0.4,202332,Cole Aldrich,0.039,LAC,1610612746,2,0.333
38,30.0,0.006,5,"201147,1610612745",99.1,0.001,0.024,0.05,5,4,0.46,0.095,0.203,0.173,0.322,0.125,0.065,0.0,201147,Corey Brewer,0.0,HOU,1610612745,1,0.2
39,24.0,0.002,5,"202709,1610612761",105.8,0.0,0.035,0.089,20,10,0.524,0.132,0.105,0.178,0.408,0.067,0.115,0.243,202709,Cory Joseph,0.021,TOR,1610612761,10,0.5
40,30.0,0.006,5,"201584,1610612766",105.1,0.0,0.03,0.074,7,4,0.511,0.139,0.092,0.092,0.458,0.15,0.099,0.194,201584,Courtney Lee,0.012,CHA,1610612766,3,0.429
41,35.0,0.01,5,"2563,1610612739",83.8,0.002,0.071,0.132,15,4,0.509,0.071,0.132,0.122,0.244,0.333,0.171,0.125,2563,Dahntay Jones,0.01,CLE,1610612739,11,0.733
42,25.0,0.003,5,"203081,1610612757",110.9,0.0,0.038,0.085,11,6,0.475,0.131,0.131,0.137,0.424,0.077,0.113,0.255,203081,Damian Lillard,0.015,POR,1610612757,5,0.455
43,29.0,0.015,5,"201980,1610612759",98.5,0.001,0.059,0.127,10,4,0.506,0.132,0.144,0.119,0.423,0.182,0.177,0.368,201980,Danny Green,0.04,SAS,1610612759,6,0.6
44,33.0,0.0,5,"101135,1610612742",128.0,-0.001,0.073,0.227,2,2,0.476,0.175,0.19,0.175,0.497,0.0,0.313,0.0,101135,David Lee,0.0,DAL,1610612742,0,0.0
45,35.0,0.02,5,"2561,1610612759",100.2,0.001,0.069,0.17,10,4,0.507,0.15,0.13,0.138,0.432,0.389,0.25,0.146,2561,David West,0.017,SAS,1610612759,6,0.6
46,27.0,0.041,5,"201599,1610612746",99.3,0.001,0.173,0.329,6,4,0.505,0.117,0.15,0.117,0.372,0.727,0.45,0.206,201599,DeAndre Jordan,0.018,LAC,1610612746,2,0.333
47,26.0,0.002,5,"201942,1610612761",107.7,0.0,0.048,0.118,20,10,0.508,0.118,0.133,0.157,0.413,0.052,0.153,0.204,201942,DeMar DeRozan,0.015,TOR,1610612761,10,0.5
48,29.0,0.006,5,"201960,1610612761",106.1,0.0,0.05,0.123,20,10,0.512,0.126,0.131,0.155,0.414,0.146,0.16,0.194,201960,DeMarre Carroll,0.015,TOR,1610612761,10,0.5
49,24.0,0.0,5,"1626153,1610612761",87.8,0.001,0.038,0.083,9,6,0.524,0.177,0.025,0.051,0.354,0.0,0.107,0.429,1626153,Delon Wright,0.038,TOR,1610612761,3,0.333
50,22.0,0.003,5,"203471,1610612737",99.5,0.001,0.035,0.072,10,6,0.508,0.106,0.109,0.152,0.351,0.031,0.096,0.154,203471,Dennis Schroder,0.011,ATL,1610612737,4,0.4
51,32.0,0.0,5,"101114,1610612742",104.2,0.0,0.02,0.051,3,2,0.502,0.153,0.275,0.204,0.489,0.0,0.071,0.125,101114,Deron Williams,0.01,DAL,1610612742,1,0.333
52,33.0,0.0,5,"2734,1610612742",120.7,-0.001,0.055,0.13,5,4,0.508,0.194,0.177,0.173,0.421,0.0,0.22,0.214,2734,Devin Harris,0.013,DAL,1610612742,1,0.2
53,24.0,0.003,5,"203079,1610612760",102.6,0.0,0.041,0.092,18,7,0.488,0.124,0.147,0.174,0.425,0.058,0.118,0.125,203079,Dion Waiters,0.01,OKC,1610612760,11,0.611
54,38.0,0.009,5,"1717,1610612742",119.4,-0.001,0.062,0.147,5,4,0.505,0.166,0.187,0.193,0.463,0.3,0.221,0.105,1717,Dirk Nowitzki,0.006,DAL,1610612742,1,0.2
55,25.0,0.01,5,"202700,1610612745",103.1,0.0,0.079,0.168,5,4,0.486,0.133,0.143,0.267,0.415,0.2,0.232,0.211,202700,Donatas Motiejunas,0.02,HOU,1610612745,1,0.2
56,30.0,0.0,5,"2748,1610612748",91.6,0.001,0.168,0.3,5,3,0.531,0.112,0.056,0.112,0.393,0.0,0.353,0.0,2748,Dorell Wright,0.0,MIA,1610612748,2,0.4
57,26.0,0.023,5,"203110,1610612744",101.1,0.001,0.105,0.222,23,8,0.484,0.16,0.154,0.154,0.411,0.402,0.309,0.252,203110,Draymond Green,0.02,GSW,1610612744,15,0.652
58,30.0,0.019,5,"2730,1610612745",115.4,0.0,0.119,0.295,5,4,0.485,0.138,0.148,0.181,0.426,0.5,0.404,0.125,2730,Dwight Howard,0.011,HOU,1610612745,1,0.2
59,24.0,0.0,5,"203939,1610612742",110.2,0.0,0.067,0.157,4,3,0.537,0.151,0.151,0.084,0.369,0.0,0.235,0.125,203939,Dwight Powell,0.008,DAL,1610612742,1,0.25
60,34.0,0.014,5,"2548,1610612748",100.5,0.001,0.074,0.155,14,7,0.52,0.139,0.084,0.165,0.436,0.194,0.196,0.234,2548,Dwyane Wade,0.012,MIA,1610612748,7,0.5
61,27.0,0.017,5,"202334,1610612757",108.3,0.0,0.118,0.265,11,6,0.494,0.15,0.123,0.169,0.492,0.467,0.353,0.08,202334,Ed Davis,0.005,POR,1610612757,5,0.455
62,24.0,0.017,5,"202683,1610612760",101.6,0.0,0.099,0.217,18,7,0.499,0.14,0.127,0.156,0.435,0.333,0.283,0.088,202683,Enes Kanter,0.008,OKC,1610612760,11,0.611
63,27.0,0.013,5,"202323,1610612738",97.3,0.001,0.057,0.133,6,4,0.471,0.121,0.138,0.158,0.387,0.2,0.166,0.258,202323,Evan Turner,0.018,BOS,1610612738,2,0.333
64,26.0,0.016,5,"203105,1610612744",110.9,0.0,0.088,0.217,23,9,0.472,0.128,0.193,0.188,0.4,0.5,0.288,0.029,203105,Festus Ezeli,0.002,GSW,1610612744,14,0.609
65,23.0,0.014,5,"1626163,1610612766",101.2,0.001,0.074,0.17,7,4,0.521,0.145,0.109,0.085,0.394,0.417,0.223,0.231,1626163,Frank Kaminsky,0.016,CHA,1610612766,3,0.429
66,30.0,0.002,5,"201588,1610612754",97.8,0.001,0.03,0.059,7,4,0.537,0.18,0.11,0.194,0.429,0.037,0.087,0.15,201588,George Hill,0.014,IND,1610612754,3,0.429
67,30.0,0.005,5,"101123,1610612748",83.6,0.002,0.072,0.155,12,7,0.525,0.091,0.019,0.091,0.335,0.1,0.179,0.235,101123,Gerald Green,0.019,MIA,1610612748,5,0.417
68,28.0,0.006,5,"201945,1610612757",109.2,0.0,0.06,0.134,11,6,0.483,0.159,0.107,0.147,0.459,0.188,0.182,0.2,201945,Gerald Henderson,0.012,POR,1610612757,5,0.455
69,22.0,0.049,5,"203922,1610612754",125.0,-0.001,0.0,0.0,4,2,0.508,0.098,0.148,0.148,0.394,1.0,0.0,0.0,203922,Glenn Robinson,0.0,IND,1610612754,2,0.5
70,30.0,0.003,5,"201609,1610612748",95.1,0.001,0.064,0.139,14,7,0.518,0.115,0.099,0.161,0.437,0.055,0.172,0.105,201609,Goran Dragic,0.007,MIA,1610612748,7,0.5
71,24.0,0.003,5,"203084,1610612744",102.1,0.0,0.056,0.12,24,9,0.49,0.181,0.139,0.155,0.452,0.047,0.17,0.149,203084,Harrison Barnes,0.011,GSW,1610612744,15,0.625
72,27.0,0.051,5,"202355,1610612748",95.9,0.001,0.15,0.302,10,5,0.528,0.091,0.071,0.183,0.438,0.651,0.364,0.286,202355,Hassan Whiteside,0.014,MIA,1610612748,5,0.5
73,25.0,0.0,5,"203546,1610612744",97.4,0.001,0.048,0.106,16,6,0.487,0.14,0.105,0.187,0.444,0.0,0.143,0.286,203546,Ian Clark,0.025,GSW,1610612744,10,0.625
74,29.0,0.018,5,"101133,1610612754",90.9,0.001,0.074,0.139,7,4,0.529,0.144,0.148,0.191,0.4,0.4,0.202,0.156,101133,Ian Mahinmi,0.015,IND,1610612754,3,0.429
75,26.0,0.004,5,"202697,1610612739",104.7,0.0,0.054,0.121,21,5,0.536,0.127,0.072,0.164,0.392,0.086,0.157,0.192,202697,Iman Shumpert,0.015,CLE,1610612739,16,0.762
76,27.0,0.01,5,"202738,1610612738",97.4,0.001,0.033,0.082,6,4,0.459,0.09,0.157,0.13,0.393,0.152,0.099,0.129,202738,Isaiah Thomas,0.008,BOS,1610612738,2,0.333
77,30.0,0.003,5,"2747,1610612739",104.9,0.0,0.042,0.097,21,5,0.511,0.115,0.089,0.148,0.408,0.069,0.123,0.198,2747,J.R. Smith,0.018,CLE,1610612739,16,0.762
78,32.0,0.003,5,"200755,1610612746",107.5,0.0,0.032,0.067,6,4,0.49,0.124,0.147,0.109,0.365,0.056,0.093,0.042,200755,JJ Redick,0.003,LAC,1610612746,2,0.333
79,26.0,0.037,5,"203210,1610612763",119.6,-0.001,0.074,0.192,4,4,0.536,0.163,0.111,0.208,0.356,0.625,0.27,0.231,203210,JaMychal Green,0.022,MEM,1610612763,0,0.0
80,28.0,0.0,5,"201580,1610612742",86.7,0.001,0.034,0.077,2,2,0.488,0.137,0.034,0.034,0.0,0.0,0.111,0.5,201580,JaVale McGee,0.034,DAL,1610612742,0,0.0
81,25.0,0.007,5,"203109,1610612738",93.2,0.001,0.081,0.183,6,4,0.472,0.103,0.165,0.122,0.421,0.107,0.219,0.333,203109,Jae Crowder,0.022,BOS,1610612738,2,0.333
82,36.0,0.0,5,"2037,1610612746",103.0,0.0,0.027,0.057,6,4,0.497,0.147,0.16,0.11,0.404,0.0,0.08,0.27,2037,Jamal Crawford,0.025,LAC,1610612746,2,0.333
83,26.0,0.002,5,"201935,1610612745",111.8,0.0,0.046,0.116,5,4,0.468,0.111,0.204,0.235,0.46,0.059,0.152,0.333,201935,James Harden,0.029,HOU,1610612745,1,0.2
84,29.0,0.0,5,"201949,1610612761",101.5,0.001,0.064,0.16,10,6,0.523,0.139,0.075,0.198,0.558,0.0,0.2,0.231,201949,James Johnson,0.016,TOR,1610612761,4,0.4
85,35.0,0.0,5,"2592,1610612739",86.8,0.001,0.028,0.056,12,3,0.512,0.122,0.103,0.187,0.337,0.0,0.071,0.0,2592,James Jones,0.0,CLE,1610612739,9,0.75
86,23.0,0.025,5,"203949,1610612744",114.7,0.0,0.102,0.222,8,4,0.482,0.178,0.268,0.242,0.51,0.333,0.348,0.5,203949,James Michael McAdoo,0.038,GSW,1610612744,4,0.5
87,20.0,0.0,5,"203923,1610612738",87.4,0.002,0.0,0.0,3,3,0.617,0.0,0.239,0.119,0.597,0.0,0.0,0.0,203923,James Young,0.0,BOS,1610612738,0,0.0
88,24.0,0.0,5,"203096,1610612738",110.1,0.0,0.095,0.25,6,4,0.456,0.14,0.129,0.14,0.448,0.0,0.309,0.1,203096,Jared Sullinger,0.006,BOS,1610612738,2,0.333
89,22.0,0.0,5,"1626185,1610612763",108.7,0.0,0.035,0.097,2,2,0.537,0.174,0.186,0.186,0.488,0.0,0.13,0.25,1626185,Jarell Martin,0.035,MEM,1610612763,0,0.0
90,38.0,0.004,5,"1891,1610612745",118.7,-0.001,0.037,0.097,5,4,0.463,0.093,0.217,0.261,0.403,0.167,0.116,0.105,1891,Jason Terry,0.007,HOU,1610612745,1,0.2
91,29.0,0.009,5,"201574,1610612761",108.4,0.0,0.047,0.135,10,7,0.515,0.149,0.093,0.093,0.391,0.25,0.172,0.0,201574,Jason Thompson,0.0,TOR,1610612761,3,0.3
92,29.0,0.0,5,"201965,1610612746",102.5,0.0,0.0,0.0,2,2,0.349,0.0,0.0,0.0,0.0,0.0,0.0,0.0,201965,Jeff Ayres,0.0,LAC,1610612746,0,0.0
93,29.0,0.006,5,"201145,1610612746",105.4,0.0,0.051,0.105,6,4,0.501,0.161,0.13,0.098,0.385,0.143,0.145,0.214,201145,Jeff Green,0.019,LAC,1610612746,2,0.333
94,28.0,0.003,5,"201952,1610612737",104.2,0.0,0.027,0.059,10,6,0.474,0.15,0.124,0.173,0.384,0.045,0.079,0.125,201952,Jeff Teague,0.01,ATL,1610612737,4,0.4
95,24.0,0.0,5,"203087,1610612766",124.1,-0.001,0.12,0.3,3,2,0.463,0.0,0.12,0.24,0.24,0.0,0.3,0.0,203087,Jeremy Lamb,0.0,CHA,1610612766,1,0.333
96,27.0,0.0,5,"202391,1610612766",97.5,0.001,0.035,0.08,7,4,0.508,0.148,0.092,0.089,0.485,0.0,0.11,0.208,202391,Jeremy Lin,0.013,CHA,1610612766,3,0.429
97,28.0,0.0,5,"201975,1610612765",233.3,-0.009,0.0,0.0,1,1,0.561,0.0,0.0,0.0,0.667,0.0,0.0,0.0,201975,Jodie Meeks,0.0,DET,1610612765,0,0.0
98,34.0,0.003,5,"2207,1610612748",98.7,0.001,0.063,0.131,14,7,0.522,0.104,0.093,0.159,0.443,0.052,0.163,0.17,2207,Joe Johnson,0.008,MIA,1610612748,7,0.5
99,24.0,0.0,5,"1626202,1610612754",125.0,-0.001,0.049,0.143,4,2,0.508,0.098,0.148,0.148,0.394,0.0,0.2,0.0,1626202,Joe Young,0.0,IND,1610612754,2,0.5
100,27.0,0.0,5,"204066,1610612738",100.0,0.001,0.0,0.0,1,1,0.658,0.0,1.0,0.0,1.0,0.0,0.0,0.0,204066,John Holland,0.0,BOS,1610612738,0,0.0
101,29.0,0.012,5,"201973,1610612738",100.1,0.001,0.1,0.227,6,4,0.476,0.129,0.158,0.173,0.458,0.19,0.288,0.1,201973,Jonas Jerebko,0.006,BOS,1610612738,2,0.333
102,24.0,0.022,5,"202685,1610612761",101.4,0.001,0.128,0.332,12,6,0.505,0.09,0.158,0.165,0.384,0.56,0.422,0.172,202685,Jonas Valanciunas,0.016,TOR,1610612761,6,0.5
103,26.0,0.0,5,"203613,1610612759",134.2,-0.002,0.021,0.053,3,0,0.541,0.19,0.127,0.063,0.508,0.0,0.083,0.667,203613,Jonathon Simmons,0.042,SAS,1610612759,3,1.0
104,29.0,0.005,5,"200770,1610612763",109.6,0.0,0.028,0.071,4,4,0.531,0.07,0.178,0.197,0.375,0.125,0.088,0.214,200770,Jordan Farmar,0.014,MEM,1610612763,0,0.0
105,28.0,0.0,5,"201941,1610612754",116.1,0.0,0.138,0.4,5,2,0.52,0.138,0.103,0.103,0.413,0.0,0.571,0.0,201941,Jordan Hill,0.0,IND,1610612754,3,0.6
106,25.0,0.0,5,"203895,1610612739",38.1,0.005,0.25,0.333,2,0,0.521,0.0,0.0,0.0,0.25,0.0,0.4,0.0,203895,Jordan McRae,0.0,CLE,1610612739,2,1.0
107,21.0,0.06,5,"1626175,1610612738",87.4,0.002,0.06,0.111,2,2,0.604,0.0,0.239,0.119,0.597,0.5,0.167,0.0,1626175,Jordan Mickey,0.0,BOS,1610612738,0,0.0
108,27.0,0.0,5,"203268,1610612766",124.1,-0.001,0.08,0.2,3,2,0.463,0.0,0.12,0.24,0.24,0.0,0.2,0.0,203268,Jorge Gutierrez,0.0,CHA,1610612766,1,0.333
109,32.0,0.0,5,"200826,1610612742",129.2,-0.001,0.03,0.081,4,4,0.506,0.146,0.151,0.191,0.463,0.0,0.125,0.0,200826,Jose Juan Barea,0.0,DAL,1610612742,0,0.0
110,24.0,0.0,5,"203962,1610612760",71.0,0.002,0.1,0.167,2,0,0.509,0.1,0.249,0.199,0.299,0.0,0.222,0.0,203962,Josh Huestis,0.0,OKC,1610612760,2,1.0
111,29.0,0.019,5,"201177,1610612748",92.0,0.001,0.073,0.178,10,5,0.515,0.073,0.093,0.108,0.378,0.455,0.207,0.25,201177,Josh McRoberts,0.019,MIA,1610612748,5,0.5
112,22.0,0.018,5,"1626196,1610612748",101.1,0.001,0.054,0.122,14,7,0.523,0.115,0.066,0.138,0.433,0.283,0.152,0.13,1626196,Josh Richardson,0.008,MIA,1610612748,7,0.5
113,30.0,0.012,5,"2746,1610612745",117.9,0.0,0.012,0.038,4,3,0.464,0.074,0.198,0.309,0.545,0.25,0.045,0.125,2746,Josh Smith,0.012,HOU,1610612745,1,0.25
114,22.0,0.017,5,"1626147,1610612742",116.8,0.0,0.061,0.153,5,4,0.524,0.204,0.11,0.116,0.32,0.5,0.239,0.25,1626147,Justin Anderson,0.022,DAL,1610612742,1,0.2
115,20.0,0.006,5,"1626159,1610612748",101.8,0.001,0.074,0.161,13,6,0.532,0.155,0.087,0.173,0.459,0.111,0.208,0.242,1626159,Justise Winslow,0.013,MIA,1610612748,7,0.538
116,23.0,0.039,5,"203909,1610612745",90.0,0.001,0.078,0.167,4,4,0.439,0.078,0.156,0.273,0.26,0.6,0.207,0.0,203909,KJ McDaniels,0.0,HOU,1610612745,0,0.0
117,24.0,0.021,5,"202695,1610612759",100.3,0.001,0.072,0.155,10,4,0.501,0.127,0.132,0.117,0.42,0.259,0.218,0.406,202695,Kawhi Leonard,0.038,SAS,1610612759,6,0.6
118,25.0,0.0,5,"203482,1610612738",112.4,0.0,0.028,0.08,4,3,0.449,0.1,0.071,0.128,0.427,0.0,0.105,0.167,203482,Kelly Olynyk,0.014,BOS,1610612738,1,0.25
119,26.0,0.008,5,"202689,1610612766",110.7,0.0,0.036,0.088,7,4,0.516,0.145,0.105,0.109,0.468,0.235,0.115,0.29,202689,Kemba Walker,0.018,CHA,1610612766,3,0.429
120,26.0,0.009,5,"203145,1610612737",106.6,0.0,0.085,0.185,10,6,0.478,0.148,0.116,0.179,0.382,0.118,0.251,0.278,203145,Kent Bazemore,0.022,ATL,1610612737,4,0.4
121,23.0,0.003,5,"203484,1610612765",113.5,0.0,0.05,0.109,4,4,0.539,0.151,0.114,0.174,0.375,0.1,0.146,0.389,203484,Kentavious Caldwell-Pope,0.023,DET,1610612765,0,0.0
122,27.0,0.012,5,"201142,1610612760",103.4,0.0,0.077,0.173,18,7,0.486,0.11,0.143,0.149,0.411,0.214,0.219,0.154,201142,Kevin Durant,0.012,OKC,1610612760,11,0.611
123,27.0,0.007,5,"201567,1610612739",105.8,0.0,0.119,0.271,20,5,0.515,0.124,0.102,0.124,0.415,0.151,0.342,0.092,201567,Kevin Love,0.008,CLE,1610612739,15,0.75
124,33.0,0.0,5,"2755,1610612759",94.9,0.001,0.042,0.085,5,2,0.514,0.115,0.104,0.24,0.313,0.0,0.111,0.167,2755,Kevin Martin,0.01,SAS,1610612759,3,0.6
125,35.0,0.0,5,"2550,1610612737",79.8,0.002,0.081,0.143,6,2,0.558,0.163,0.041,0.102,0.366,0.0,0.167,0.0,2550,Kirk Hinrich,0.0,ATL,1610612737,4,0.667
126,26.0,0.005,5,"202691,1610612744",102.4,0.0,0.041,0.09,24,9,0.482,0.158,0.157,0.155,0.409,0.082,0.124,0.19,202691,Klay Thompson,0.015,GSW,1610612744,15,0.625
127,31.0,0.046,5,"2743,1610612737",101.4,0.001,0.146,0.262,4,3,0.513,0.128,0.11,0.128,0.274,0.625,0.356,0.333,2743,Kris Humphries,0.018,ATL,1610612737,1,0.25
128,22.0,0.012,5,"203937,1610612759",104.4,0.0,0.086,0.191,10,4,0.506,0.161,0.153,0.192,0.471,0.2,0.282,0.261,203937,Kyle Anderson,0.024,SAS,1610612759,6,0.6
129,35.0,0.006,5,"2594,1610612737",98.5,0.001,0.067,0.142,10,6,0.472,0.131,0.113,0.17,0.343,0.069,0.191,0.176,2594,Kyle Korver,0.013,ATL,1610612737,4,0.4
130,30.0,0.002,5,"200768,1610612761",104.0,0.0,0.052,0.125,20,10,0.52,0.119,0.13,0.151,0.43,0.052,0.161,0.271,200768,Kyle Lowry,0.022,TOR,1610612761,10,0.5
131,28.0,0.0,5,"202713,1610612760",98.0,0.001,0.063,0.122,6,3,0.533,0.169,0.116,0.126,0.548,0.0,0.171,0.143,202713,Kyle Singler,0.011,OKC,1610612760,3,0.5
132,24.0,0.009,5,"202681,1610612739",106.3,0.0,0.031,0.072,21,5,0.51,0.118,0.095,0.142,0.42,0.171,0.092,0.286,202681,Kyrie Irving,0.024,CLE,1610612739,16,0.762
133,30.0,0.021,5,"200746,1610612759",99.8,0.001,0.091,0.186,10,4,0.5,0.128,0.142,0.123,0.401,0.255,0.258,0.067,200746,LaMarcus Aldridge,0.006,SAS,1610612759,6,0.6
134,24.0,0.0,5,"203934,1610612737",83.9,0.002,0.138,0.263,4,2,0.539,0.165,0.11,0.193,0.22,0.0,0.313,0.5,203934,Lamar Patterson,0.028,ATL,1610612737,2,0.5
135,25.0,0.0,5,"202362,1610612763",116.3,0.0,0.028,0.072,4,4,0.524,0.171,0.127,0.16,0.485,0.0,0.106,0.067,202362,Lance Stephenson,0.006,MEM,1610612763,0,0.0
136,27.0,0.01,5,"202730,1610612754",105.3,0.0,0.099,0.204,6,3,0.501,0.049,0.108,0.158,0.394,0.125,0.303,0.167,202730,Lavoy Allen,0.01,IND,1610612754,3,0.5
137,31.0,0.017,5,"2544,1610612739",102.0,0.0,0.099,0.22,21,5,0.515,0.111,0.081,0.133,0.394,0.351,0.279,0.348,2544,LeBron James,0.031,CLE,1610612739,16,0.762
138,33.0,0.002,5,"2571,1610612744",101.2,0.001,0.031,0.072,23,9,0.492,0.12,0.157,0.172,0.461,0.045,0.093,0.297,2571,Leandro Barbosa,0.021,GSW,1610612744,14,0.609
139,29.0,0.0,5,"201601,1610612746",104.1,0.0,0.052,0.089,5,3,0.51,0.143,0.111,0.111,0.416,0.0,0.133,0.231,201601,Luc Mbah a Moute,0.02,LAC,1610612746,2,0.4
140,23.0,0.0,5,"203512,1610612761",94.5,0.001,0.135,0.269,5,4,0.564,0.251,0.039,0.155,0.619,0.0,0.368,0.0,203512,Lucas Nogueira,0.0,TOR,1610612761,1,0.2
141,23.0,0.0,5,"1626242,1610612757",144.1,-0.003,0.0,0.0,6,3,0.641,0.0,0.0,0.421,0.168,0.0,0.0,0.0,1626242,Luis Montero,0.0,POR,1610612757,3,0.5
142,36.0,0.0,5,"2449,1610612761",106.3,0.0,0.058,0.139,11,6,0.512,0.106,0.153,0.182,0.409,0.0,0.186,0.167,2449,Luis Scola,0.011,TOR,1610612761,5,0.455
143,31.0,0.009,5,"2736,1610612748",97.3,0.001,0.067,0.143,14,7,0.518,0.127,0.084,0.153,0.433,0.134,0.18,0.22,2736,Luol Deng,0.014,MIA,1610612748,7,0.5
144,38.0,0.008,5,"1938,1610612759",96.7,0.001,0.054,0.117,10,4,0.496,0.142,0.124,0.108,0.387,0.103,0.162,0.222,1938,Manu Ginobili,0.021,SAS,1610612759,6,0.6
145,26.0,0.0,5,"202694,1610612765",117.0,-0.001,0.041,0.092,4,4,0.539,0.15,0.112,0.195,0.367,0.0,0.121,0.105,202694,Marcus Morris,0.007,DET,1610612765,0,0.0
146,22.0,0.012,5,"203935,1610612738",96.3,0.001,0.046,0.113,6,4,0.47,0.11,0.134,0.151,0.439,0.192,0.14,0.357,203935,Marcus Smart,0.024,BOS,1610612738,2,0.333
147,28.0,0.019,5,"201578,1610612744",99.7,0.001,0.077,0.181,24,9,0.485,0.106,0.125,0.171,0.468,0.471,0.239,0.094,201578,Marreese Speights,0.007,GSW,1610612744,15,0.625
148,30.0,0.007,5,"101107,1610612766",109.5,0.0,0.093,0.225,7,4,0.515,0.167,0.095,0.111,0.484,0.188,0.304,0.222,101107,Marvin Williams,0.014,CHA,1610612766,3,0.429
149,26.0,0.017,5,"203486,1610612757",108.2,0.0,0.146,0.309,11,6,0.481,0.135,0.1,0.126,0.389,0.423,0.41,0.163,203486,Mason Plumlee,0.011,POR,1610612757,5,0.455
150,36.0,0.004,5,"2440,1610612763",113.7,0.0,0.091,0.216,4,4,0.525,0.083,0.162,0.245,0.4,0.091,0.279,0.222,2440,Matt Barnes,0.015,MEM,1610612763,0,0.0
151,25.0,0.002,5,"203521,1610612739",104.0,0.0,0.024,0.056,20,5,0.519,0.08,0.092,0.174,0.391,0.056,0.068,0.032,203521,Matthew Dellavedova,0.002,CLE,1610612739,15,0.75
152,23.0,0.005,5,"203090,1610612757",105.1,0.0,0.061,0.126,11,6,0.49,0.148,0.126,0.13,0.444,0.136,0.163,0.278,203090,Maurice Harkless,0.018,POR,1610612757,5,0.455
153,27.0,0.0,5,"201563,1610612745",117.4,0.0,0.096,0.227,5,4,0.453,0.056,0.277,0.237,0.406,0.0,0.279,0.1,201563,Michael Beasley,0.006,HOU,1610612745,1,0.2
154,24.0,0.008,5,"203488,1610612737",98.5,0.001,0.077,0.149,9,5,0.517,0.147,0.124,0.124,0.402,0.091,0.196,0.0,203488,Mike Muscala,0.0,ATL,1610612737,4,0.444
155,27.0,0.009,5,"203118,1610612737",104.8,0.0,0.082,0.188,10,6,0.489,0.088,0.14,0.191,0.383,0.15,0.229,0.2,203118,Mike Scott,0.009,ATL,1610612737,4,0.4
156,33.0,0.0,5,"2590,1610612739",93.7,0.001,0.046,0.087,13,3,0.522,0.13,0.084,0.199,0.322,0.0,0.115,0.4,2590,Mo Williams,0.031,CLE,1610612739,10,0.769
157,30.0,0.0,5,"101145,1610612754",99.6,0.001,0.054,0.109,7,4,0.525,0.168,0.105,0.198,0.42,0.0,0.164,0.375,101145,Monta Ellis,0.035,IND,1610612754,3,0.429
158,22.0,0.0,5,"1626149,1610612745",98.2,0.001,0.082,0.222,2,2,0.474,0.0,0.0,0.204,0.245,0.0,0.222,0.0,1626149,Montrezl Harrell,0.0,HOU,1610612745,0,0.0
159,20.0,0.062,5,"1626167,1610612754",100.3,0.001,0.078,0.164,7,4,0.53,0.212,0.075,0.193,0.398,0.742,0.242,0.061,1626167,Myles Turner,0.005,IND,1610612754,3,0.429
160,38.0,0.059,5,"1737,1610612760",59.7,0.003,0.118,0.222,5,2,0.57,0.118,0.0,0.059,0.235,1.0,0.25,0.0,1737,Nazr Mohammed,0.0,OKC,1610612760,3,0.6
161,35.0,0.0,5,"2555,1610612760",104.5,0.0,0.053,0.119,9,3,0.519,0.092,0.079,0.092,0.423,0.0,0.151,0.615,2555,Nick Collison,0.053,OKC,1610612760,6,0.667
162,27.0,0.0,5,"201587,1610612766",121.6,-0.001,0.058,0.144,5,4,0.522,0.152,0.127,0.12,0.61,0.0,0.19,0.125,201587,Nicolas Batum,0.007,CHA,1610612766,1,0.2
163,20.0,0.0,5,"203943,1610612757",128.7,-0.001,0.139,0.3,6,3,0.544,0.0,0.185,0.416,0.37,0.0,0.429,0.667,203943,Noah Vonleh,0.092,POR,1610612757,3,0.5
164,23.0,0.005,5,"1626181,1610612761",98.5,0.001,0.058,0.139,18,10,0.522,0.127,0.094,0.145,0.401,0.1,0.174,0.361,1626181,Norman Powell,0.033,TOR,1610612761,8,0.444
165,23.0,0.0,5,"203798,1610612763",113.5,0.0,0.0,0.0,2,2,0.574,0.078,0.129,0.155,0.311,0.0,0.0,0.2,203798,PJ Hairston,0.026,MEM,1610612763,0,0.0
166,39.0,0.0,5,"203143,1610612746",107.2,0.0,0.018,0.037,5,3,0.458,0.213,0.071,0.106,0.355,0.0,0.053,0.0,203143,Pablo Prigioni,0.0,LAC,1610612746,2,0.4
167,23.0,0.0,5,"1626192,1610612757",144.1,-0.002,0.078,0.167,6,3,0.611,0.0,0.0,0.388,0.155,0.0,0.25,0.0,1626192,Pat Connaughton,0.0,POR,1610612757,3,0.5
168,27.0,0.007,5,"201976,1610612745",107.4,0.0,0.067,0.149,5,4,0.477,0.145,0.167,0.167,0.46,0.167,0.202,0.1,201976,Patrick Beverley,0.007,HOU,1610612745,1,0.2
169,27.0,0.008,5,"202335,1610612761",109.4,0.0,0.043,0.106,20,10,0.518,0.13,0.111,0.158,0.411,0.231,0.137,0.083,202335,Patrick Patterson,0.006,TOR,1610612761,10,0.5
170,27.0,0.0,5,"201988,1610612759",92.9,0.001,0.042,0.093,10,4,0.503,0.151,0.121,0.148,0.434,0.0,0.135,0.194,201988,Patty Mills,0.021,SAS,1610612759,6,0.6
171,26.0,0.01,5,"202331,1610612754",96.6,0.001,0.085,0.169,7,4,0.535,0.175,0.101,0.183,0.388,0.156,0.254,0.286,202331,Paul George,0.027,IND,1610612754,3,0.429
172,31.0,0.031,5,"200794,1610612737",100.0,0.001,0.088,0.181,10,6,0.485,0.156,0.122,0.169,0.364,0.371,0.247,0.203,200794,Paul Millsap,0.017,ATL,1610612737,4,0.4
173,38.0,0.0,5,"1718,1610612746",97.2,0.001,0.056,0.102,5,4,0.503,0.244,0.131,0.131,0.412,0.0,0.15,0.167,1718,Paul Pierce,0.019,LAC,1610612746,1,0.2
174,22.0,0.012,5,"1626154,1610612738",95.4,0.001,0.061,0.147,5,4,0.5,0.098,0.207,0.049,0.463,0.25,0.172,0.0,1626154,RJ Hunter,0.0,BOS,1610612738,1,0.2
175,32.0,0.008,5,"200751,1610612760",104.1,0.0,0.048,0.101,16,6,0.509,0.158,0.121,0.193,0.456,0.167,0.135,0.069,200751,Randy Foye,0.005,OKC,1610612760,10,0.625
176,32.0,0.0,5,"101109,1610612742",111.2,0.0,0.062,0.133,5,4,0.511,0.208,0.196,0.187,0.475,0.0,0.21,0.24,101109,Raymond Felton,0.018,DAL,1610612742,1,0.2
177,25.0,0.0,5,"203493,1610612765",134.4,-0.002,0.05,0.105,2,2,0.547,0.225,0.175,0.324,0.499,0.0,0.167,0.5,203493,Reggie Bullock,0.025,DET,1610612765,0,0.0
178,26.0,0.007,5,"202704,1610612765",112.2,0.0,0.041,0.087,4,4,0.545,0.148,0.1,0.156,0.341,0.2,0.117,0.3,202704,Reggie Jackson,0.022,DET,1610612765,0,0.0
179,36.0,0.001,5,"2210,1610612739",104.5,0.0,0.078,0.176,21,5,0.516,0.103,0.092,0.16,0.368,0.034,0.223,0.172,2210,Richard Jefferson,0.014,CLE,1610612739,16,0.762
180,30.0,0.004,5,"201155,1610612754",91.3,0.001,0.06,0.115,7,4,0.537,0.185,0.095,0.164,0.405,0.067,0.163,0.267,201155,Rodney Stuckey,0.017,IND,1610612754,3,0.429
181,27.0,0.001,5,"201566,1610612760",104.3,0.0,0.059,0.135,18,7,0.48,0.107,0.145,0.138,0.405,0.025,0.171,0.404,201566,Russell Westbrook,0.033,OKC,1610612760,11,0.611
182,30.0,0.032,5,"1626257,1610612742",107.2,0.0,0.051,0.129,4,3,0.487,0.122,0.173,0.199,0.385,0.833,0.186,0.25,1626257,Salah Mejri,0.019,DAL,1610612742,1,0.25
183,26.0,0.019,5,"201586,1610612760",102.9,0.0,0.072,0.163,18,7,0.479,0.103,0.15,0.143,0.414,0.32,0.204,0.144,201586,Serge Ibaka,0.011,OKC,1610612760,11,0.611
184,30.0,0.005,5,"2733,1610612744",100.5,0.001,0.059,0.127,24,9,0.485,0.155,0.146,0.155,0.409,0.078,0.177,0.148,2733,Shaun Livingston,0.011,GSW,1610612744,15,0.625
185,25.0,0.0,5,"203524,1610612754",99.6,0.001,0.062,0.129,7,4,0.532,0.196,0.075,0.169,0.402,0.0,0.187,0.077,203524,Solomon Hill,0.005,IND,1610612754,3,0.429
186,23.0,0.0,5,"203915,1610612765",233.3,-0.009,0.0,0.0,1,1,0.561,0.0,0.0,0.0,0.667,0.0,0.0,0.0,203915,Spencer Dinwiddie,0.0,DET,1610612765,0,0.0
187,28.0,0.018,5,"201150,1610612766",71.2,0.003,0.115,0.22,5,2,0.471,0.106,0.08,0.106,0.319,0.333,0.265,0.143,201150,Spencer Hawes,0.009,CHA,1610612766,3,0.6
188,20.0,0.0,5,"1626169,1610612765",110.7,0.0,0.11,0.225,4,4,0.56,0.151,0.131,0.213,0.399,0.0,0.302,0.167,1626169,Stanley Johnson,0.007,DET,1610612765,0,0.0
189,28.0,0.004,5,"201939,1610612744",104.2,0.0,0.066,0.149,18,7,0.474,0.17,0.17,0.164,0.429,0.077,0.205,0.236,201939,Stephen Curry,0.02,GSW,1610612744,11,0.611
190,36.0,0.0,5,"2581,1610612765",123.0,-0.001,0.05,0.111,4,4,0.535,0.149,0.186,0.31,0.495,0.0,0.138,0.0,2581,Steve Blake,0.0,DET,1610612765,0,0.0
191,22.0,0.013,5,"203500,1610612760",105.6,0.0,0.098,0.224,18,7,0.496,0.108,0.141,0.152,0.4,0.237,0.281,0.111,203500,Steven Adams,0.008,OKC,1610612760,11,0.611
192,25.0,0.008,5,"203082,1610612761",107.6,0.0,0.043,0.112,20,10,0.517,0.165,0.102,0.17,0.422,0.185,0.153,0.228,203082,Terrence Ross,0.02,TOR,1610612761,10,0.5
193,22.0,0.015,5,"1626179,1610612738",95.9,0.001,0.072,0.169,5,3,0.509,0.114,0.093,0.129,0.496,0.25,0.219,0.083,1626179,Terry Rozier,0.005,BOS,1610612738,2,0.4
194,32.0,0.015,5,"200757,1610612737",102.8,0.0,0.083,0.168,10,6,0.512,0.154,0.129,0.159,0.369,0.176,0.229,0.294,200757,Thabo Sefolosha,0.025,ATL,1610612737,4,0.4
195,40.0,0.031,5,"1495,1610612759",95.2,0.001,0.09,0.178,10,4,0.515,0.106,0.132,0.125,0.364,0.31,0.241,0.054,1495,Tim Duncan,0.005,SAS,1610612759,6,0.6
196,24.0,0.006,5,"203501,1610612737",94.9,0.001,0.052,0.11,9,5,0.507,0.081,0.11,0.116,0.337,0.111,0.132,0.0,203501,Tim Hardaway Jr.,0.0,ATL,1610612737,4,0.444
197,29.0,0.02,5,"202389,1610612739",105.4,0.0,0.106,0.25,13,3,0.502,0.133,0.133,0.186,0.332,1.0,0.32,0.333,202389,Timofey Mozgov,0.02,CLE,1610612739,10,0.769
198,23.0,0.01,5,"202699,1610612765",113.4,0.0,0.111,0.234,4,4,0.543,0.16,0.108,0.17,0.334,0.3,0.32,0.158,202699,Tobias Harris,0.01,DET,1610612765,0,0.0
199,34.0,0.011,5,"2754,1610612763",104.4,0.0,0.028,0.067,4,4,0.527,0.13,0.175,0.209,0.417,0.333,0.089,0.278,2754,Tony Allen,0.028,MEM,1610612763,0,0.0
200,34.0,0.004,5,"2225,1610612759",102.1,0.0,0.04,0.083,10,4,0.505,0.136,0.141,0.111,0.401,0.043,0.117,0.128,2225,Tony Parker,0.011,SAS,1610612759,6,0.6
201,30.0,0.003,5,"2772,1610612745",111.2,0.0,0.036,0.089,5,4,0.465,0.131,0.195,0.219,0.458,0.063,0.119,0.382,2772,Trevor Ariza,0.033,HOU,1610612745,1,0.2
202,25.0,0.015,5,"202684,1610612739",102.5,0.0,0.085,0.193,21,5,0.516,0.127,0.094,0.142,0.41,0.321,0.245,0.074,202684,Tristan Thompson,0.007,CLE,1610612739,16,0.762
203,24.0,0.0,5,"203584,1610612766",119.5,-0.001,0.057,0.133,4,3,0.506,0.114,0.086,0.172,0.229,0.0,0.154,0.0,203584,Troy Daniels,0.0,CHA,1610612766,1,0.25
204,28.0,0.0,5,"201951,1610612754",111.6,0.0,0.042,0.09,7,4,0.516,0.21,0.126,0.168,0.393,0.0,0.143,0.273,201951,Ty Lawson,0.021,IND,1610612754,3,0.429
205,30.0,0.0,5,"201946,1610612766",135.1,-0.001,0.0,0.0,2,1,0.471,0.0,0.0,0.25,0.167,0.0,0.0,0.0,201946,Tyler Hansbrough,0.0,CHA,1610612766,1,0.5
206,24.0,0.0,5,"204020,1610612748",102.2,0.0,0.044,0.091,5,2,0.53,0.122,0.07,0.087,0.472,0.0,0.116,0.2,204020,Tyler Johnson,0.009,MIA,1610612748,3,0.6
207,26.0,0.025,5,"203092,1610612738",87.4,0.001,0.138,0.355,3,3,0.478,0.038,0.239,0.05,0.403,0.333,0.407,0.0,203092,Tyler Zeller,0.0,BOS,1610612738,0,0.0
208,36.0,0.006,5,"2617,1610612748",109.6,0.0,0.126,0.299,9,5,0.533,0.107,0.069,0.183,0.429,0.143,0.364,0.0,2617,Udonis Haslem,0.0,MIA,1610612748,4,0.444
209,39.0,0.006,5,"1713,1610612763",116.8,0.0,0.058,0.161,4,4,0.529,0.076,0.18,0.204,0.466,0.167,0.196,0.154,1713,Vince Carter,0.012,MEM,1610612763,0,0.0
210,28.0,0.026,5,"202325,1610612746",88.3,0.001,0.083,0.16,6,4,0.491,0.115,0.179,0.128,0.269,0.444,0.213,0.063,202325,Wesley Johnson,0.006,LAC,1610612746,2,0.333
211,29.0,0.0,5,"202083,1610612742",123.2,-0.001,0.04,0.099,5,4,0.498,0.164,0.227,0.195,0.506,0.0,0.144,0.316,202083,Wesley Matthews,0.017,DAL,1610612742,1,0.2
212,24.0,0.018,5,"204098,1610612763",112.9,0.0,0.047,0.136,4,4,0.526,0.124,0.147,0.242,0.401,0.333,0.182,0.316,204098,Xavier Munford,0.035,MEM,1610612763,0,0.0
213,34.0,0.0,5,"2216,1610612763",108.3,0.0,0.088,0.222,4,4,0.524,0.066,0.18,0.206,0.438,0.0,0.274,0.056,2216,Zach Randolph,0.004,MEM,1610612763,0,0.0
214,32.0,0.005,5,"2585,1610612742",126.1,-0.001,0.082,0.183,5,4,0.537,0.226,0.206,0.202,0.566,0.5,0.293,0.273,2585,Zaza Pachulia,0.014,DAL,1610612742,1,0.2
