,AGE,BLK,CFID,CFPARAMS,DEF_RATING,DEF_WS,DREB,DREB_PCT,GP,L,MIN,OPP_PTS_2ND_CHANCE,OPP_PTS_FB,OPP_PTS_OFF_TOV,OPP_PTS_PAINT,PCT_BLK,PCT_DREB,PCT_STL,PLAYER_ID,PLAYER_NAME,STL,TEAM_ABBREVIATION,TEAM_ID,W,W_PCT
0,30.0,0.0,5,"201143,1610612737",176.0,,3.0,0.333,1,1,9.4,7.0,4.0,0.0,12.0,0.0,0.6,0.0,201143,Al Horford,0.0,ATL,1610612737,0,0.0
1,22.0,0.0,5,"203083,1610612765",146.3,,8.0,0.4,1,1,18.2,13.0,18.0,4.0,28.0,0.0,0.533,0.667,203083,Andre Drummond,2.0,DET,1610612765,0,0.0
2,23.0,0.0,5,"203076,1610612740",116.6,,3.0,0.158,1,0,15.2,5.0,10.0,7.0,22.0,0.0,0.2,0.25,203076,Anthony Davis,1.0,NOP,1610612740,1,1.0
3,32.0,1.0,5,"2546,1610612752",124.5,,3.0,0.1,1,1,22.9,14.0,22.0,21.0,54.0,0.5,0.143,0.0,2546,Carmelo Anthony,0.0,NYK,1610612752,0,0.0
4,31.0,0.0,5,"101108,1610612746",121.8,,4.0,0.174,1,0,19.0,7.0,10.0,11.0,30.0,0.0,0.222,0.2,101108,Chris Paul,1.0,LAC,1610612746,1,1.0
5,26.0,0.0,5,"201942,1610612761",134.6,,0.0,0.0,1,1,18.9,9.0,16.0,2.0,26.0,0.0,0.0,0.333,201942,DeMar DeRozan,1.0,TOR,1610612761,0,0.0
6,25.0,0.0,5,"202326,1610612758",133.3,,3.0,0.231,1,0,11.6,7.0,7.0,4.0,22.0,0.0,0.333,0.0,202326,DeMarcus Cousins,0.0,SAC,1610612758,1,1.0
7,26.0,0.0,5,"203110,1610612744",128.2,,4.0,0.286,1,0,12.1,7.0,7.0,4.0,20.0,0.0,0.4,0.667,203110,Draymond Green,2.0,GSW,1610612744,1,1.0
8,34.0,0.0,5,"2548,1610612748",124.5,,3.0,0.1,1,1,22.9,14.0,22.0,21.0,54.0,0.0,0.143,0.286,2548,Dwyane Wade,2.0,MIA,1610612748,0,0.0
9,27.0,0.0,5,"202738,1610612738",138.6,,0.0,0.0,1,1,19.0,14.0,17.0,4.0,30.0,0.0,0.0,0.5,202738,Isaiah Thomas,1.0,BOS,1610612738,0,0.0
10,26.0,0.0,5,"201935,1610612745",121.6,,4.0,0.167,1,0,20.9,7.0,12.0,11.0,34.0,0.0,0.211,0.0,201935,James Harden,0.0,HOU,1610612745,1,1.0
11,25.0,0.0,5,"202322,1610612764",126.4,,3.0,0.115,1,1,19.5,10.0,14.0,2.0,26.0,0.0,0.176,0.25,202322,John Wall,1.0,WAS,1610612764,0,0.0
12,24.0,0.0,5,"202695,1610612759",115.3,,3.0,0.094,1,0,25.8,24.0,18.0,8.0,62.0,0.0,0.136,0.143,202695,Kawhi Leonard,2.0,SAS,1610612759,1,1.0
13,27.0,0.0,5,"201142,1610612760",107.7,,3.0,0.115,1,0,23.1,19.0,13.0,8.0,54.0,0.0,0.158,0.154,201142,Kevin Durant,2.0,OKC,1610612760,1,1.0
14,26.0,0.0,5,"202691,1610612744",121.6,,1.0,0.042,1,0,20.9,7.0,12.0,11.0,34.0,0.0,0.053,0.167,202691,Klay Thompson,1.0,GSW,1610612744,1,1.0
15,37.0,0.0,5,"977,1610612747",115.3,,5.0,0.156,1,0,26.0,24.0,18.0,8.0,62.0,0.0,0.227,0.071,977,Kobe Bryant,1.0,LAL,1610612747,1,1.0
16,30.0,1.0,5,"200768,1610612761",137.4,,5.0,0.152,1,1,28.5,21.0,30.0,23.0,62.0,1.0,0.2,0.286,200768,Kyle Lowry,2.0,TOR,1610612761,0,0.0
17,30.0,0.0,5,"200746,1610612759",120.7,,3.0,0.167,1,0,14.1,5.0,10.0,7.0,22.0,0.0,0.214,0.25,200746,LaMarcus Aldridge,1.0,SAS,1610612759,1,1.0
18,31.0,0.0,5,"2544,1610612739",134.6,,4.0,0.154,1,1,20.2,14.0,22.0,21.0,50.0,0.0,0.222,0.0,2544,LeBron James,0.0,CLE,1610612739,0,0.0
19,35.0,0.0,5,"2200,1610612741",121.4,,6.0,0.375,1,1,14.5,6.0,16.0,2.0,16.0,0.0,0.429,0.333,2200,Pau Gasol,1.0,CHI,1610612741,0,0.0
20,26.0,0.0,5,"202331,1610612754",119.5,,5.0,0.135,1,1,26.8,19.0,22.0,21.0,52.0,0.0,0.192,0.125,202331,Paul George,1.0,IND,1610612754,0,0.0
21,31.0,0.0,5,"200794,1610612737",149.1,,2.0,0.091,1,1,19.1,14.0,17.0,4.0,30.0,0.0,0.133,0.0,200794,Paul Millsap,0.0,ATL,1610612737,0,0.0
22,27.0,0.0,5,"201566,1610612760",107.9,,5.0,0.192,1,0,22.3,19.0,13.0,8.0,52.0,0.0,0.263,0.417,201566,Russell Westbrook,5.0,OKC,1610612760,1,1.0
23,28.0,0.0,5,"201939,1610612744",113.8,,4.0,0.118,1,0,29.0,24.0,20.0,8.0,66.0,0.0,0.167,0.267,201939,Stephen Curry,4.0,GSW,1610612744,1,1.0
