,AGE,BLK,CFID,CFPARAMS,DEF_RATING,DEF_WS,DREB,DREB_PCT,GP,L,MIN,OPP_PTS_2ND_CHANCE,OPP_PTS_FB,OPP_PTS_OFF_TOV,OPP_PTS_PAINT,PCT_BLK,PCT_DREB,PCT_STL,PLAYER_ID,PLAYER_NAME,STL,TEAM_ABBREVIATION,TEAM_ID,W,W_PCT
0,30.0,0.0,5,"201143,1610612737",176.0,,0.108,0.333,1,1,0.339,0.252,0.144,0.0,0.432,0.0,0.6,0.0,201143,Al Horford,0.0,ATL,1610612737,0,0.0
1,22.0,0.0,5,"203083,1610612765",146.3,,0.132,0.4,1,1,0.3,0.214,0.296,0.066,0.461,0.0,0.533,0.667,203083,Andre Drummond,0.033,DET,1610612765,0,0.0
2,23.0,0.0,5,"203076,1610612740",116.6,,0.064,0.158,1,0,0.323,0.106,0.213,0.149,0.468,0.0,0.2,0.25,203076,Anthony Davis,0.021,NOP,1610612740,1,1.0
3,32.0,0.012,5,"2546,1610612752",124.5,,0.037,0.1,1,1,0.285,0.174,0.273,0.261,0.671,0.5,0.143,0.0,2546,Carmelo Anthony,0.0,NYK,1610612752,0,0.0
4,31.0,0.0,5,"101108,1610612746",121.8,,0.067,0.174,1,0,0.317,0.117,0.167,0.183,0.5,0.0,0.222,0.2,101108,Chris Paul,0.017,LAC,1610612746,1,1.0
5,26.0,0.0,5,"201942,1610612761",134.6,,0.0,0.0,1,1,0.329,0.157,0.279,0.035,0.453,0.0,0.0,0.333,201942,DeMar DeRozan,0.017,TOR,1610612761,0,0.0
6,25.0,0.0,5,"202326,1610612758",133.3,,0.083,0.231,1,0,0.322,0.194,0.194,0.111,0.611,0.0,0.333,0.0,202326,DeMarcus Cousins,0.0,SAC,1610612758,1,1.0
7,26.0,0.0,5,"203110,1610612744",128.2,,0.105,0.286,1,0,0.319,0.184,0.184,0.105,0.526,0.0,0.4,0.667,203110,Draymond Green,0.053,GSW,1610612744,1,1.0
8,34.0,0.0,5,"2548,1610612748",124.5,,0.037,0.1,1,1,0.285,0.174,0.273,0.261,0.671,0.0,0.143,0.286,2548,Dwyane Wade,0.025,MIA,1610612748,0,0.0
9,27.0,0.0,5,"202738,1610612738",138.6,,0.0,0.0,1,1,0.297,0.219,0.266,0.063,0.469,0.0,0.0,0.5,202738,Isaiah Thomas,0.016,BOS,1610612738,0,0.0
10,26.0,0.0,5,"201935,1610612745",121.6,,0.061,0.167,1,0,0.317,0.106,0.182,0.167,0.515,0.0,0.211,0.0,201935,James Harden,0.0,HOU,1610612745,1,1.0
11,25.0,0.0,5,"202322,1610612764",126.4,,0.049,0.115,1,1,0.318,0.163,0.228,0.033,0.424,0.0,0.176,0.25,202322,John Wall,0.016,WAS,1610612764,0,0.0
12,24.0,0.0,5,"202695,1610612759",115.3,,0.032,0.094,1,0,0.275,0.256,0.192,0.085,0.66,0.0,0.136,0.143,202695,Kawhi Leonard,0.021,SAS,1610612759,1,1.0
13,27.0,0.0,5,"201142,1610612760",107.7,,0.035,0.115,1,0,0.269,0.221,0.151,0.093,0.629,0.0,0.158,0.154,201142,Kevin Durant,0.023,OKC,1610612760,1,1.0
14,26.0,0.0,5,"202691,1610612744",121.6,,0.015,0.042,1,0,0.317,0.106,0.182,0.167,0.515,0.0,0.053,0.167,202691,Klay Thompson,0.015,GSW,1610612744,1,1.0
15,37.0,0.0,5,"977,1610612747",115.3,,0.053,0.156,1,0,0.274,0.253,0.19,0.084,0.653,0.0,0.227,0.071,977,Kobe Bryant,0.011,LAL,1610612747,1,1.0
16,30.0,0.01,5,"200768,1610612761",137.4,,0.049,0.152,1,1,0.28,0.206,0.294,0.226,0.609,1.0,0.2,0.286,200768,Kyle Lowry,0.02,TOR,1610612761,0,0.0
17,30.0,0.0,5,"200746,1610612759",120.7,,0.068,0.167,1,0,0.32,0.114,0.227,0.159,0.5,0.0,0.214,0.25,200746,LaMarcus Aldridge,0.023,SAS,1610612759,1,1.0
18,31.0,0.0,5,"2544,1610612739",134.6,,0.055,0.154,1,1,0.277,0.192,0.301,0.288,0.685,0.0,0.222,0.0,2544,LeBron James,0.0,CLE,1610612739,0,0.0
19,35.0,0.0,5,"2200,1610612741",121.4,,0.131,0.375,1,1,0.317,0.131,0.35,0.044,0.35,0.0,0.429,0.333,2200,Pau Gasol,0.022,CHI,1610612741,0,0.0
20,26.0,0.0,5,"202331,1610612754",119.5,,0.051,0.135,1,1,0.272,0.193,0.223,0.213,0.528,0.0,0.192,0.125,202331,Paul George,0.01,IND,1610612754,0,0.0
21,31.0,0.0,5,"200794,1610612737",149.1,,0.031,0.091,1,1,0.294,0.216,0.263,0.062,0.463,0.0,0.133,0.0,200794,Paul Millsap,0.0,ATL,1610612737,0,0.0
22,27.0,0.0,5,"201566,1610612760",107.9,,0.06,0.192,1,0,0.266,0.227,0.155,0.095,0.62,0.0,0.263,0.417,201566,Russell Westbrook,0.06,OKC,1610612760,1,1.0
23,28.0,0.0,5,"201939,1610612744",113.8,,0.039,0.118,1,0,0.279,0.231,0.193,0.077,0.635,0.0,0.167,0.267,201939,Stephen Curry,0.039,GSW,1610612744,1,1.0
