,AGE,AST,BLK,BLKA,CFID,CFPARAMS,DD2,DREB,FG3A,FG3M,FG3_PCT,FGA,FGM,FG_PCT,FTA,FTM,FT_PCT,GP,L,MIN,OREB,PF,PFD,PLAYER_ID,PLAYER_NAME,PLUS_MINUS,PTS,REB,STL,TD3,TEAM_ABBREVIATION,TEAM_ID,TOV,W,W_PCT
0,30.0,2.0,0.0,0.0,5,"201143,1610612737",0,3.0,1.0,1.0,1.0,3.0,3.0,1.0,0.0,0.0,0.0,1,1,9.4,0.0,0.0,0.0,201143,Al Horford,-7.0,7.0,3.0,0.0,0,ATL,1610612737,0.0,0,0.0
1,22.0,0.0,0.0,0.0,5,"203083,1610612765",1,8.0,1.0,0.0,0.0,11.0,8.0,0.727,0.0,0.0,0.0,1,1,18.2,5.0,1.0,0.0,203083,Andre Drummond,-12.0,16.0,13.0,2.0,0,DET,1610612765,1.0,0,0.0
2,23.0,0.0,0.0,0.0,5,"203076,1610612740",0,3.0,0.0,0.0,0.0,13.0,12.0,0.923,0.0,0.0,0.0,1,0,15.2,3.0,1.0,0.0,203076,Anthony Davis,4.0,24.0,6.0,1.0,0,NOP,1610612740,0.0,1,1.0
3,32.0,0.0,1.0,0.0,5,"2546,1610612752",0,3.0,5.0,1.0,0.2,11.0,6.0,0.545,0.0,0.0,0.0,1,1,22.9,3.0,2.0,1.0,2546,Carmelo Anthony,-6.0,13.0,6.0,0.0,0,NYK,1610612752,2.0,0,0.0
4,31.0,16.0,0.0,0.0,5,"101108,1610612746",1,4.0,6.0,4.0,0.667,7.0,5.0,0.714,0.0,0.0,0.0,1,0,19.0,0.0,1.0,1.0,101108,Chris Paul,5.0,14.0,4.0,1.0,0,LAC,1610612746,4.0,1,1.0
5,26.0,2.0,0.0,0.0,5,"201942,1610612761",0,0.0,3.0,0.0,0.0,15.0,9.0,0.6,1.0,0.0,0.0,1,1,18.9,1.0,0.0,3.0,201942,DeMar DeRozan,-12.0,18.0,1.0,1.0,0,TOR,1610612761,1.0,0,0.0
6,25.0,1.0,0.0,0.0,5,"202326,1610612758",0,3.0,1.0,1.0,1.0,5.0,5.0,1.0,0.0,0.0,0.0,1,0,11.6,1.0,2.0,2.0,202326,DeMarcus Cousins,10.0,11.0,4.0,0.0,0,SAC,1610612758,0.0,1,1.0
7,26.0,0.0,0.0,0.0,5,"203110,1610612744",0,4.0,1.0,0.0,0.0,6.0,2.0,0.333,0.0,0.0,0.0,1,0,12.1,1.0,1.0,1.0,203110,Draymond Green,15.0,4.0,5.0,2.0,0,GSW,1610612744,1.0,1,1.0
8,34.0,6.0,0.0,0.0,5,"2548,1610612748",0,3.0,1.0,0.0,0.0,7.0,4.0,0.571,0.0,0.0,0.0,1,1,22.9,1.0,0.0,0.0,2548,Dwyane Wade,-6.0,8.0,4.0,2.0,0,MIA,1610612748,3.0,0,0.0
9,27.0,1.0,0.0,0.0,5,"202738,1610612738",0,0.0,5.0,1.0,0.2,11.0,4.0,0.364,0.0,0.0,0.0,1,1,19.0,3.0,1.0,0.0,202738,Isaiah Thomas,-18.0,9.0,3.0,1.0,0,BOS,1610612738,1.0,0,0.0
10,26.0,3.0,0.0,0.0,5,"201935,1610612745",0,4.0,12.0,7.0,0.583,14.0,8.0,0.571,0.0,0.0,0.0,1,0,20.9,0.0,0.0,0.0,201935,James Harden,9.0,23.0,4.0,0.0,0,HOU,1610612745,1.0,1,1.0
11,25.0,3.0,0.0,0.0,5,"202322,1610612764",0,3.0,4.0,2.0,0.5,14.0,10.0,0.714,0.0,0.0,0.0,1,1,19.5,0.0,0.0,0.0,202322,John Wall,5.0,22.0,3.0,1.0,0,WAS,1610612764,2.0,0,0.0
12,24.0,3.0,0.0,0.0,5,"202695,1610612759",0,3.0,6.0,1.0,0.167,15.0,8.0,0.533,0.0,0.0,0.0,1,0,25.8,3.0,0.0,0.0,202695,Kawhi Leonard,11.0,17.0,6.0,2.0,0,SAS,1610612759,2.0,1,1.0
13,27.0,7.0,0.0,0.0,5,"201142,1610612760",0,3.0,8.0,1.0,0.125,18.0,11.0,0.611,0.0,0.0,0.0,1,0,23.1,2.0,0.0,1.0,201142,Kevin Durant,10.0,23.0,5.0,2.0,0,OKC,1610612760,0.0,1,1.0
14,26.0,2.0,0.0,0.0,5,"202691,1610612744",0,1.0,10.0,3.0,0.3,11.0,3.0,0.273,0.0,0.0,0.0,1,0,20.9,1.0,0.0,0.0,202691,Klay Thompson,9.0,9.0,2.0,1.0,0,GSW,1610612744,0.0,1,1.0
15,37.0,7.0,0.0,0.0,5,"977,1610612747",0,5.0,5.0,1.0,0.2,11.0,4.0,0.364,2.0,1.0,0.5,1,0,26.0,1.0,1.0,3.0,977,Kobe Bryant,11.0,10.0,6.0,1.0,0,LAL,1610612747,1.0,1,1.0
16,30.0,10.0,1.0,0.0,5,"200768,1610612761",1,5.0,12.0,4.0,0.333,13.0,5.0,0.385,0.0,0.0,0.0,1,1,28.5,0.0,2.0,0.0,200768,Kyle Lowry,-28.0,14.0,5.0,2.0,0,TOR,1610612761,6.0,0,0.0
17,30.0,1.0,0.0,1.0,5,"200746,1610612759",0,3.0,1.0,0.0,0.0,8.0,2.0,0.25,0.0,0.0,0.0,1,0,14.1,1.0,0.0,0.0,200746,LaMarcus Aldridge,1.0,4.0,4.0,1.0,0,SAS,1610612759,0.0,1,1.0
18,31.0,7.0,0.0,0.0,5,"2544,1610612739",0,4.0,5.0,1.0,0.2,13.0,6.0,0.462,0.0,0.0,0.0,1,1,20.2,0.0,0.0,0.0,2544,LeBron James,-13.0,13.0,4.0,0.0,0,CLE,1610612739,4.0,0,0.0
19,35.0,1.0,0.0,0.0,5,"2200,1610612741",0,6.0,1.0,0.0,0.0,7.0,3.0,0.429,4.0,3.0,0.75,1,1,14.5,1.0,2.0,4.0,2200,Pau Gasol,-6.0,9.0,7.0,1.0,0,CHI,1610612741,1.0,0,0.0
20,26.0,1.0,0.0,0.0,5,"202331,1610612754",0,5.0,19.0,9.0,0.474,26.0,16.0,0.615,0.0,0.0,0.0,1,1,26.8,0.0,0.0,0.0,202331,Paul George,-3.0,41.0,5.0,1.0,0,IND,1610612754,3.0,0,0.0
21,31.0,1.0,0.0,0.0,5,"200794,1610612737",0,2.0,2.0,1.0,0.5,6.0,1.0,0.167,0.0,0.0,0.0,1,1,19.1,1.0,0.0,0.0,200794,Paul Millsap,-9.0,3.0,3.0,0.0,0,ATL,1610612737,0.0,0,0.0
22,27.0,5.0,0.0,1.0,5,"201566,1610612760",0,5.0,17.0,7.0,0.412,23.0,12.0,0.522,0.0,0.0,0.0,1,0,22.3,3.0,1.0,0.0,201566,Russell Westbrook,12.0,31.0,8.0,5.0,0,OKC,1610612760,3.0,1,1.0
23,28.0,6.0,0.0,0.0,5,"201939,1610612744",0,4.0,13.0,6.0,0.462,18.0,10.0,0.556,0.0,0.0,0.0,1,0,29.0,1.0,1.0,0.0,201939,Stephen Curry,18.0,26.0,5.0,4.0,0,GSW,1610612744,2.0,1,1.0
