,AGE,BLK,BLKA,CFID,CFPARAMS,GP,L,MIN,OPP_PTS_2ND_CHANCE,OPP_PTS_FB,OPP_PTS_OFF_TOV,OPP_PTS_PAINT,PF,PFD,PLAYER_ID,PLAYER_NAME,PTS_2ND_CHANCE,PTS_FB,PTS_OFF_TOV,PTS_PAINT,TEAM_ABBREVIATION,TEAM_ID,W,W_PCT
0,21.0,0.0,0.0,5,"1626151,1610612766",2,1,7.4,0.0,0.41,0.41,0.81,0.14,0.0,1626151,Aaron Harrison,0.0,0.0,0.0,0.0,CHA,1610612766,1,0.5
1,30.0,0.07,0.01,5,"201143,1610612737",10,6,327.403333333,0.29,0.21,0.35,0.73,0.08,0.06,201143,Al Horford,0.02,0.03,0.04,0.21,ATL,1610612737,4,0.4
2,31.0,0.02,0.04,5,"2744,1610612766",7,4,168.38,0.3,0.22,0.19,0.94,0.07,0.06,2744,Al Jefferson,0.07,0.0,0.1,0.42,CHA,1610612766,3,0.429
3,25.0,0.03,0.01,5,"202329,1610612757",11,6,371.536666667,0.27,0.24,0.27,0.83,0.08,0.06,202329,Al-Farouq Aminu,0.05,0.02,0.03,0.12,POR,1610612757,5,0.455
4,24.0,0.0,0.0,5,"203459,1610612757",11,6,302.06,0.3,0.31,0.33,0.97,0.08,0.07,203459,Allen Crabbe,0.06,0.08,0.06,0.08,POR,1610612757,5,0.455
5,33.0,0.04,0.0,5,"2405,1610612748",9,5,82.3416666667,0.29,0.12,0.33,0.97,0.17,0.09,2405,Amar'e Stoudemire,0.05,0.0,0.07,0.22,MIA,1610612748,4,0.444
6,29.0,0.06,0.03,5,"101161,1610612738",6,4,133.511666667,0.28,0.28,0.33,0.94,0.1,0.05,101161,Amir Johnson,0.07,0.03,0.09,0.31,BOS,1610612738,2,0.333
7,33.0,0.02,0.02,5,"2760,1610612744",17,6,92.8916666667,0.23,0.31,0.27,1.05,0.18,0.24,2760,Anderson Varejao,0.05,0.01,0.05,0.09,GSW,1610612744,11,0.647
8,22.0,0.05,0.01,5,"203083,1610612765",4,4,131.416666667,0.22,0.22,0.3,0.62,0.06,0.23,203083,Andre Drummond,0.08,0.04,0.04,0.35,DET,1610612765,0,0.0
9,32.0,0.01,0.01,5,"2738,1610612744",24,9,767.45,0.31,0.34,0.35,0.88,0.05,0.07,2738,Andre Iguodala,0.04,0.06,0.06,0.12,GSW,1610612744,15,0.625
10,40.0,0.0,0.03,5,"1889,1610612759",4,1,35.2333333333,0.2,0.43,0.34,0.79,0.11,0.03,1889,Andre Miller,0.06,0.0,0.0,0.11,SAS,1610612759,3,0.75
11,24.0,0.04,0.01,5,"203460,1610612760",18,7,471.406666667,0.2,0.28,0.25,0.81,0.1,0.04,203460,Andre Roberson,0.03,0.02,0.03,0.12,OKC,1610612760,11,0.611
12,31.0,0.1,0.02,5,"101106,1610612744",22,7,365.35,0.36,0.26,0.29,0.78,0.2,0.05,101106,Andrew Bogut,0.08,0.01,0.05,0.26,GSW,1610612744,15,0.682
13,27.0,0.0,0.0,5,"202726,1610612745",2,2,11.4016666667,0.18,0.0,1.23,0.35,0.0,0.0,202726,Andrew Goudelock,0.18,0.0,0.0,0.35,HOU,1610612745,0,0.0
14,30.0,0.0,0.0,5,"201627,1610612760",14,6,76.275,0.31,0.28,0.58,1.02,0.07,0.08,201627,Anthony Morrow,0.04,0.09,0.03,0.1,OKC,1610612760,8,0.571
15,31.0,0.04,0.0,5,"201229,1610612765",3,3,26.2033333333,0.0,0.31,0.34,0.92,0.0,0.0,201229,Anthony Tolliver,0.0,0.0,0.0,0.0,DET,1610612765,0,0.0
16,29.0,0.0,0.05,5,"203382,1610612765",4,4,43.965,0.39,0.23,0.5,1.0,0.09,0.09,203382,Aron Baynes,0.11,0.07,0.0,0.18,DET,1610612765,0,0.0
17,23.0,0.0,0.01,5,"203085,1610612746",6,4,143.755,0.32,0.33,0.17,0.75,0.08,0.08,203085,Austin Rivers,0.06,0.03,0.04,0.26,LAC,1610612746,2,0.333
18,25.0,0.03,0.03,5,"202340,1610612738",1,1,33.15,0.39,0.27,0.27,1.21,0.06,0.06,202340,Avery Bradley,0.06,0.12,0.12,0.12,BOS,1610612738,0,0.0
19,23.0,0.05,0.01,5,"202687,1610612761",20,10,505.541666667,0.28,0.22,0.3,0.75,0.09,0.12,202687,Bismack Biyombo,0.08,0.0,0.03,0.15,TOR,1610612761,10,0.5
20,27.0,0.02,0.04,5,"201933,1610612746",4,2,126.936666667,0.26,0.27,0.2,0.8,0.07,0.14,201933,Blake Griffin,0.08,0.02,0.05,0.22,LAC,1610612746,2,0.5
21,27.0,0.05,0.0,5,"1626246,1610612759",7,3,41.8833333333,0.24,0.26,0.29,0.67,0.24,0.12,1626246,Boban Marjanovic,0.14,0.0,0.05,0.33,SAS,1610612759,4,0.571
22,34.0,0.03,0.03,5,"2564,1610612759",9,3,158.51,0.26,0.32,0.29,0.85,0.06,0.06,2564,Boris Diaw,0.04,0.02,0.04,0.19,SAS,1610612759,6,0.667
23,30.0,0.02,0.0,5,"201575,1610612744",14,6,110.005,0.25,0.25,0.33,0.87,0.08,0.03,201575,Brandon Rush,0.0,0.07,0.03,0.05,GSW,1610612744,8,0.571
24,30.0,0.0,0.0,5,"203148,1610612757",10,6,35.6816666667,0.08,0.36,0.36,0.78,0.14,0.11,203148,Brian Roberts,0.0,0.0,0.03,0.06,POR,1610612757,4,0.4
25,23.0,0.0,0.0,5,"1627362,1610612748",2,1,6.01666666667,0.33,0.0,0.0,0.66,0.17,0.0,1627362,Briante Weber,0.0,0.0,0.0,0.0,MIA,1610612748,1,0.5
26,24.0,0.01,0.02,5,"203468,1610612757",11,6,442.446666667,0.28,0.21,0.26,0.9,0.07,0.08,203468,CJ McCollum,0.06,0.08,0.05,0.14,POR,1610612757,5,0.455
27,29.0,0.01,0.03,5,"101139,1610612754",7,4,91.905,0.37,0.28,0.46,0.94,0.08,0.01,101139,CJ Miles,0.07,0.05,0.07,0.11,IND,1610612754,3,0.429
28,25.0,0.0,0.0,5,"203912,1610612746",2,2,7.46666666667,0.0,0.0,0.0,0.8,0.13,0.0,203912,CJ Wilcox,0.0,0.0,0.0,0.0,LAC,1610612746,0,0.0
29,21.0,0.03,0.03,5,"1626166,1610612760",10,3,64.28,0.28,0.26,0.36,0.87,0.11,0.06,1626166,Cameron Payne,0.06,0.0,0.03,0.12,OKC,1610612760,7,0.7
30,33.0,0.04,0.01,5,"101112,1610612739",17,5,237.266666667,0.15,0.12,0.28,0.66,0.16,0.05,101112,Channing Frye,0.05,0.06,0.11,0.09,CLE,1610612739,12,0.706
31,31.0,0.0,0.0,5,"101111,1610612742",4,4,20.375,0.25,0.29,0.15,0.2,0.1,0.05,101111,Charlie Villanueva,0.0,0.2,0.15,0.2,DAL,1610612742,0,0.0
32,37.0,0.04,0.0,5,"2365,1610612763",4,4,78.8133333333,0.13,0.28,0.49,0.66,0.05,0.08,2365,Chris Andersen,0.09,0.0,0.05,0.13,MEM,1610612763,0,0.0
33,34.0,0.0,0.03,5,"2549,1610612757",4,2,32.3783333333,0.31,0.03,0.31,0.74,0.31,0.0,2549,Chris Kaman,0.0,0.0,0.06,0.19,POR,1610612757,2,0.5
34,31.0,0.0,0.03,5,"101108,1610612746",4,2,125.293333333,0.25,0.25,0.22,0.78,0.1,0.14,101108,Chris Paul,0.08,0.05,0.06,0.19,LAC,1610612746,2,0.5
35,22.0,0.05,0.02,5,"203991,1610612745",5,4,43.295,0.14,0.39,0.83,0.88,0.12,0.07,203991,Clint Capela,0.0,0.05,0.12,0.14,HOU,1610612745,1,0.2
36,23.0,0.02,0.01,5,"203469,1610612766",7,4,137.376666667,0.31,0.16,0.18,0.92,0.15,0.14,203469,Cody Zeller,0.06,0.01,0.06,0.25,CHA,1610612766,3,0.429
37,27.0,0.04,0.0,5,"202332,1610612746",6,4,76.9,0.31,0.27,0.21,0.81,0.14,0.08,202332,Cole Aldrich,0.05,0.0,0.03,0.26,LAC,1610612746,2,0.333
38,30.0,0.01,0.04,5,"201147,1610612745",5,4,77.2283333333,0.21,0.44,0.38,0.7,0.17,0.06,201147,Corey Brewer,0.03,0.04,0.08,0.13,HOU,1610612745,1,0.2
39,24.0,0.0,0.02,5,"202709,1610612761",20,10,452.341666667,0.25,0.2,0.34,0.78,0.1,0.07,202709,Cory Joseph,0.04,0.03,0.09,0.18,TOR,1610612761,10,0.5
40,30.0,0.01,0.01,5,"201584,1610612766",7,4,256.666666667,0.27,0.18,0.18,0.9,0.07,0.03,201584,Courtney Lee,0.06,0.03,0.04,0.08,CHA,1610612766,3,0.429
41,35.0,0.02,0.0,5,"2563,1610612739",15,4,50.03,0.14,0.26,0.24,0.48,0.06,0.1,2563,Dahntay Jones,0.0,0.1,0.08,0.2,CLE,1610612739,11,0.733
42,25.0,0.01,0.04,5,"203081,1610612757",11,6,437.443333333,0.28,0.28,0.29,0.89,0.05,0.14,203081,Damian Lillard,0.05,0.11,0.08,0.16,POR,1610612757,5,0.455
43,29.0,0.03,0.0,5,"201980,1610612759",10,4,267.418333333,0.26,0.28,0.24,0.84,0.07,0.03,201980,Danny Green,0.03,0.12,0.08,0.04,SAS,1610612759,6,0.6
44,33.0,0.0,0.0,5,"101135,1610612742",2,2,32.5533333333,0.37,0.4,0.37,1.04,0.22,0.0,101135,David Lee,0.0,0.0,0.06,0.37,DAL,1610612742,0,0.0
45,35.0,0.04,0.02,5,"2561,1610612759",10,4,175.8,0.3,0.26,0.27,0.85,0.11,0.07,2561,David West,0.03,0.01,0.03,0.19,SAS,1610612759,6,0.6
46,27.0,0.08,0.01,5,"201599,1610612746",6,4,198.313333333,0.23,0.3,0.23,0.74,0.09,0.19,201599,DeAndre Jordan,0.14,0.03,0.04,0.24,LAC,1610612746,2,0.333
47,26.0,0.0,0.04,5,"201942,1610612761",20,10,745.925,0.23,0.26,0.31,0.81,0.07,0.11,201942,DeMar DeRozan,0.04,0.04,0.08,0.18,TOR,1610612761,10,0.5
48,29.0,0.01,0.01,5,"201960,1610612761",20,10,595.948333333,0.25,0.26,0.3,0.81,0.1,0.05,201960,DeMarre Carroll,0.04,0.06,0.05,0.11,TOR,1610612761,10,0.5
49,24.0,0.0,0.0,5,"1626153,1610612761",9,6,41.4333333333,0.34,0.05,0.1,0.68,0.05,0.19,1626153,Delon Wright,0.0,0.19,0.1,0.14,TOR,1610612761,3,0.333
50,22.0,0.01,0.06,5,"203471,1610612737",10,6,191.213333333,0.21,0.21,0.3,0.69,0.13,0.09,203471,Dennis Schroder,0.05,0.07,0.1,0.29,ATL,1610612737,4,0.4
51,32.0,0.0,0.02,5,"101114,1610612742",3,2,49.3166666667,0.3,0.55,0.41,0.97,0.12,0.02,101114,Deron Williams,0.04,0.06,0.0,0.08,DAL,1610612742,1,0.333
52,33.0,0.0,0.01,5,"2734,1610612742",5,4,120.558333333,0.38,0.35,0.34,0.83,0.13,0.07,2734,Devin Harris,0.04,0.02,0.04,0.17,DAL,1610612742,1,0.2
53,24.0,0.01,0.01,5,"203079,1610612760",18,7,491.066666667,0.25,0.3,0.36,0.87,0.09,0.05,203079,Dion Waiters,0.02,0.02,0.05,0.09,OKC,1610612760,11,0.611
54,38.0,0.02,0.02,5,"1717,1610612742",5,4,170.076666667,0.33,0.37,0.38,0.92,0.05,0.15,1717,Dirk Nowitzki,0.02,0.02,0.02,0.16,DAL,1610612742,1,0.2
55,25.0,0.02,0.02,5,"202700,1610612745",5,4,98.2883333333,0.27,0.3,0.55,0.85,0.11,0.16,202700,Donatas Motiejunas,0.07,0.02,0.08,0.24,HOU,1610612745,1,0.2
56,30.0,0.0,0.05,5,"2748,1610612748",5,3,18.91,0.21,0.11,0.21,0.74,0.11,0.16,2748,Dorell Wright,0.0,0.0,0.16,0.21,MIA,1610612748,2,0.4
57,26.0,0.05,0.02,5,"203110,1610612744",23,8,879.356666667,0.33,0.32,0.32,0.85,0.09,0.12,203110,Draymond Green,0.07,0.06,0.05,0.16,GSW,1610612744,15,0.652
58,30.0,0.04,0.03,5,"2730,1610612745",5,4,179.898333333,0.28,0.31,0.37,0.88,0.12,0.18,2730,Dwight Howard,0.09,0.04,0.04,0.29,HOU,1610612745,1,0.2
59,24.0,0.0,0.02,5,"203939,1610612742",4,3,63.9266666667,0.28,0.28,0.16,0.69,0.08,0.13,203939,Dwight Powell,0.06,0.02,0.13,0.25,DAL,1610612742,1,0.25
60,34.0,0.03,0.02,5,"2548,1610612748",14,7,472.626666667,0.27,0.16,0.32,0.84,0.05,0.1,2548,Dwyane Wade,0.04,0.08,0.05,0.28,MIA,1610612748,7,0.5
61,27.0,0.03,0.03,5,"202334,1610612757",11,6,204.816666667,0.3,0.25,0.34,1.0,0.16,0.12,202334,Ed Davis,0.11,0.01,0.03,0.21,POR,1610612757,5,0.455
62,24.0,0.03,0.03,5,"202683,1610612760",18,7,323.223333333,0.28,0.25,0.31,0.87,0.12,0.09,202683,Enes Kanter,0.17,0.08,0.06,0.35,OKC,1610612760,11,0.611
63,27.0,0.03,0.04,5,"202323,1610612738",6,4,214.221666667,0.26,0.29,0.34,0.82,0.09,0.08,202323,Evan Turner,0.04,0.05,0.06,0.19,BOS,1610612738,2,0.333
64,26.0,0.03,0.05,5,"203105,1610612744",23,9,202.913333333,0.27,0.41,0.4,0.85,0.17,0.13,203105,Festus Ezeli,0.12,0.02,0.04,0.35,GSW,1610612744,14,0.609
65,23.0,0.03,0.01,5,"1626163,1610612766",7,4,190.498333333,0.28,0.21,0.16,0.76,0.08,0.08,1626163,Frank Kaminsky,0.03,0.01,0.05,0.08,CHA,1610612766,3,0.429
66,30.0,0.0,0.0,5,"201588,1610612754",7,4,235.158333333,0.34,0.2,0.36,0.8,0.07,0.09,201588,George Hill,0.07,0.05,0.07,0.1,IND,1610612754,3,0.429
67,30.0,0.01,0.01,5,"101123,1610612748",12,7,109.818333333,0.17,0.04,0.17,0.64,0.13,0.05,101123,Gerald Green,0.04,0.03,0.07,0.09,MIA,1610612748,5,0.417
68,28.0,0.01,0.03,5,"201945,1610612757",11,6,233.675,0.33,0.22,0.3,0.95,0.09,0.05,201945,Gerald Henderson,0.05,0.03,0.06,0.11,POR,1610612757,5,0.455
69,22.0,0.1,0.0,5,"203922,1610612754",4,2,10.3166666667,0.19,0.29,0.29,0.78,0.0,0.1,203922,Glenn Robinson,0.48,0.0,0.0,0.39,IND,1610612754,2,0.5
70,30.0,0.01,0.02,5,"201609,1610612748",14,7,471.956666667,0.22,0.19,0.31,0.84,0.1,0.1,201609,Goran Dragic,0.06,0.07,0.08,0.22,MIA,1610612748,7,0.5
71,24.0,0.01,0.02,5,"203084,1610612744",24,9,742.808333333,0.37,0.28,0.32,0.92,0.06,0.04,203084,Harrison Barnes,0.03,0.03,0.04,0.11,GSW,1610612744,15,0.625
72,27.0,0.1,0.02,5,"202355,1610612748",10,5,291.198333333,0.17,0.13,0.35,0.83,0.12,0.12,202355,Hassan Whiteside,0.12,0.01,0.03,0.32,MIA,1610612748,5,0.5
73,25.0,0.0,0.03,5,"203546,1610612744",16,6,153.538333333,0.29,0.21,0.38,0.91,0.12,0.08,203546,Ian Clark,0.01,0.08,0.08,0.2,GSW,1610612744,10,0.625
74,29.0,0.03,0.01,5,"101133,1610612754",7,4,171.933333333,0.27,0.28,0.36,0.76,0.15,0.09,101133,Ian Mahinmi,0.06,0.0,0.03,0.24,IND,1610612754,3,0.429
75,26.0,0.01,0.01,5,"202697,1610612739",21,5,366.831666667,0.24,0.13,0.31,0.73,0.1,0.06,202697,Iman Shumpert,0.03,0.01,0.03,0.04,CLE,1610612739,16,0.762
76,27.0,0.02,0.07,5,"202738,1610612738",6,4,219.535,0.2,0.34,0.28,0.86,0.08,0.19,202738,Isaiah Thomas,0.03,0.1,0.12,0.27,BOS,1610612738,2,0.333
77,30.0,0.01,0.01,5,"2747,1610612739",21,5,730.235,0.23,0.18,0.29,0.8,0.08,0.05,2747,J.R. Smith,0.05,0.04,0.06,0.04,CLE,1610612739,16,0.762
78,32.0,0.01,0.02,5,"200755,1610612746",6,4,166.386666667,0.25,0.3,0.22,0.75,0.07,0.07,200755,JJ Redick,0.04,0.05,0.06,0.11,LAC,1610612746,2,0.333
79,26.0,0.07,0.03,5,"203210,1610612763",4,4,72.25,0.3,0.21,0.39,0.66,0.17,0.04,203210,JaMychal Green,0.07,0.08,0.07,0.28,MEM,1610612763,0,0.0
80,28.0,0.0,0.0,5,"201580,1610612742",2,2,14.2833333333,0.28,0.07,0.07,0.0,0.21,0.28,201580,JaVale McGee,0.14,0.0,0.0,0.14,DAL,1610612742,0,0.0
81,25.0,0.02,0.02,5,"203109,1610612738",6,4,197.356666667,0.22,0.35,0.26,0.89,0.09,0.05,203109,Jae Crowder,0.04,0.02,0.07,0.1,BOS,1610612738,2,0.333
82,36.0,0.0,0.02,5,"2037,1610612746",6,4,199.211666667,0.3,0.32,0.22,0.81,0.05,0.1,2037,Jamal Crawford,0.04,0.05,0.07,0.18,LAC,1610612746,2,0.333
83,26.0,0.01,0.02,5,"201935,1610612745",5,4,193.168333333,0.24,0.43,0.5,0.98,0.07,0.15,201935,James Harden,0.12,0.09,0.11,0.21,HOU,1610612745,1,0.2
84,29.0,0.0,0.01,5,"201949,1610612761",10,6,97.57,0.27,0.14,0.38,1.07,0.13,0.03,201949,James Johnson,0.0,0.0,0.0,0.16,TOR,1610612761,4,0.4
85,35.0,0.0,0.0,5,"2592,1610612739",12,3,54.7,0.24,0.2,0.37,0.66,0.05,0.05,2592,James Jones,0.0,0.0,0.0,0.0,CLE,1610612739,9,0.75
86,23.0,0.05,0.05,5,"203949,1610612744",8,4,37.815,0.37,0.56,0.5,1.06,0.16,0.13,203949,James Michael McAdoo,0.0,0.0,0.0,0.11,GSW,1610612744,4,0.5
87,20.0,0.0,0.0,5,"203923,1610612738",3,3,10.3433333333,0.0,0.39,0.19,0.97,0.1,0.0,203923,James Young,0.0,0.0,0.0,0.0,BOS,1610612738,0,0.0
88,24.0,0.0,0.05,5,"203096,1610612738",6,4,81.4616666667,0.31,0.28,0.31,0.98,0.2,0.02,203096,Jared Sullinger,0.12,0.0,0.0,0.17,BOS,1610612738,2,0.333
89,22.0,0.0,0.02,5,"1626185,1610612763",2,2,46.235,0.32,0.35,0.35,0.91,0.09,0.13,1626185,Jarell Martin,0.04,0.0,0.02,0.13,MEM,1610612763,0,0.0
90,38.0,0.01,0.01,5,"1891,1610612745",5,4,123.993333333,0.2,0.47,0.56,0.87,0.1,0.01,1891,Jason Terry,0.04,0.1,0.05,0.08,HOU,1610612745,1,0.2
91,29.0,0.02,0.0,5,"201574,1610612761",10,7,55.2333333333,0.29,0.18,0.18,0.76,0.11,0.07,201574,Jason Thompson,0.11,0.04,0.04,0.14,TOR,1610612761,3,0.3
92,29.0,0.0,0.0,5,"201965,1610612746",2,2,2.4,0.0,0.0,0.0,0.0,0.0,0.42,201965,Jeff Ayres,0.0,0.0,1.25,0.83,LAC,1610612746,0,0.0
93,29.0,0.01,0.01,5,"201145,1610612746",6,4,158.646666667,0.32,0.26,0.2,0.77,0.08,0.09,201145,Jeff Green,0.04,0.09,0.1,0.19,LAC,1610612746,2,0.333
94,28.0,0.01,0.05,5,"201952,1610612737",10,6,278.638333333,0.32,0.26,0.37,0.81,0.11,0.15,201952,Jeff Teague,0.02,0.07,0.07,0.23,ATL,1610612737,4,0.4
95,24.0,0.0,0.09,5,"203087,1610612766",3,2,11.5833333333,0.0,0.26,0.52,0.52,0.0,0.0,203087,Jeremy Lamb,0.17,0.0,0.0,0.52,CHA,1610612766,1,0.333
96,27.0,0.0,0.02,5,"202391,1610612766",7,4,188.706666667,0.29,0.18,0.17,0.95,0.11,0.18,202391,Jeremy Lin,0.0,0.05,0.04,0.22,CHA,1610612766,3,0.429
97,28.0,0.0,0.0,5,"201975,1610612765",1,1,1.68333333333,0.0,0.0,0.0,1.19,0.0,0.0,201975,Jodie Meeks,0.0,0.0,0.0,1.19,DET,1610612765,0,0.0
98,34.0,0.01,0.01,5,"2207,1610612748",14,7,492.393333333,0.2,0.18,0.3,0.85,0.05,0.06,2207,Joe Johnson,0.02,0.0,0.04,0.16,MIA,1610612748,7,0.5
99,24.0,0.0,0.1,5,"1626202,1610612754",4,2,10.3166666667,0.19,0.29,0.29,0.78,0.29,0.1,1626202,Joe Young,0.0,0.0,0.0,0.39,IND,1610612754,2,0.5
100,27.0,0.0,0.0,5,"204066,1610612738",1,1,1.31666666667,0.0,1.52,0.0,1.52,0.0,0.0,204066,John Holland,0.0,0.0,0.0,0.0,BOS,1610612738,0,0.0
101,29.0,0.02,0.02,5,"201973,1610612738",6,4,162.226666667,0.27,0.33,0.36,0.96,0.09,0.02,201973,Jonas Jerebko,0.06,0.01,0.06,0.16,BOS,1610612738,2,0.333
102,24.0,0.04,0.02,5,"202685,1610612761",12,6,320.753333333,0.18,0.31,0.33,0.76,0.1,0.14,202685,Jonas Valanciunas,0.15,0.01,0.07,0.36,TOR,1610612761,6,0.5
103,26.0,0.0,0.16,5,"203613,1610612759",3,0,25.5766666667,0.35,0.23,0.12,0.94,0.16,0.08,203613,Jonathon Simmons,0.2,0.0,0.0,0.16,SAS,1610612759,3,1.0
104,29.0,0.01,0.0,5,"200770,1610612763",4,4,113.245,0.13,0.34,0.37,0.71,0.04,0.03,200770,Jordan Farmar,0.0,0.0,0.02,0.04,MEM,1610612763,0,0.0
105,28.0,0.0,0.0,5,"201941,1610612754",5,2,15.1333333333,0.26,0.2,0.2,0.79,0.07,0.0,201941,Jordan Hill,0.0,0.0,0.0,0.0,IND,1610612754,3,0.6
106,25.0,0.0,0.0,5,"203895,1610612739",2,0,4.16666666667,0.0,0.0,0.0,0.48,0.0,0.0,203895,Jordan McRae,0.0,0.0,0.0,0.96,CLE,1610612739,2,1.0
107,21.0,0.1,0.0,5,"1626175,1610612738",2,2,10.1166666667,0.0,0.4,0.2,0.99,0.0,0.0,1626175,Jordan Mickey,0.0,0.2,0.2,0.4,BOS,1610612738,0,0.0
108,27.0,0.0,0.0,5,"203268,1610612766",3,2,11.5833333333,0.0,0.26,0.52,0.52,0.0,0.09,203268,Jorge Gutierrez,0.0,0.0,0.0,0.0,CHA,1610612766,1,0.333
109,32.0,0.0,0.02,5,"200826,1610612742",4,4,100.441666667,0.29,0.3,0.38,0.92,0.08,0.04,200826,Jose Juan Barea,0.04,0.0,0.02,0.12,DAL,1610612742,0,0.0
110,24.0,0.0,0.0,5,"203962,1610612760",2,0,10.2166666667,0.2,0.49,0.39,0.59,0.1,0.1,203962,Josh Huestis,0.0,0.0,0.0,0.0,OKC,1610612760,2,1.0
111,29.0,0.04,0.0,5,"201177,1610612748",10,5,133.6,0.14,0.18,0.21,0.73,0.15,0.06,201177,Josh McRoberts,0.07,0.0,0.04,0.19,MIA,1610612748,5,0.5
112,22.0,0.03,0.01,5,"1626196,1610612748",14,7,386.663333333,0.22,0.13,0.26,0.83,0.1,0.04,1626196,Josh Richardson,0.04,0.02,0.03,0.05,MIA,1610612748,7,0.5
113,30.0,0.03,0.0,5,"2746,1610612745",4,3,37.4933333333,0.16,0.43,0.67,1.17,0.19,0.03,2746,Josh Smith,0.0,0.0,0.0,0.11,HOU,1610612745,1,0.25
114,22.0,0.03,0.01,5,"1626147,1610612742",5,4,94.9433333333,0.39,0.21,0.22,0.61,0.13,0.09,1626147,Justin Anderson,0.05,0.08,0.09,0.25,DAL,1610612742,1,0.2
115,20.0,0.01,0.02,5,"1626159,1610612748",13,6,329.55,0.29,0.16,0.32,0.86,0.11,0.08,1626159,Justise Winslow,0.06,0.02,0.04,0.13,MIA,1610612748,7,0.538
116,23.0,0.09,0.09,5,"203909,1610612745",4,4,33.7466666667,0.18,0.36,0.62,0.59,0.09,0.03,203909,KJ McDaniels,0.06,0.0,0.06,0.18,HOU,1610612745,0,0.0
117,24.0,0.04,0.03,5,"202695,1610612759",10,4,338.605,0.25,0.26,0.23,0.84,0.06,0.12,202695,Kawhi Leonard,0.05,0.13,0.14,0.27,SAS,1610612759,6,0.6
118,25.0,0.0,0.06,5,"203482,1610612738",4,3,31.545,0.22,0.16,0.29,0.95,0.16,0.03,203482,Kelly Olynyk,0.06,0.0,0.0,0.0,BOS,1610612738,1,0.25
119,26.0,0.02,0.09,5,"202689,1610612766",7,4,259.826666667,0.28,0.2,0.21,0.91,0.04,0.13,202689,Kemba Walker,0.04,0.06,0.08,0.24,CHA,1610612766,3,0.429
120,26.0,0.02,0.03,5,"203145,1610612737",10,6,325.423333333,0.31,0.24,0.37,0.8,0.04,0.06,203145,Kent Bazemore,0.02,0.06,0.1,0.14,ATL,1610612737,4,0.4
121,23.0,0.01,0.01,5,"203484,1610612765",4,4,161.066666667,0.28,0.21,0.32,0.7,0.04,0.04,203484,Kentavious Caldwell-Pope,0.01,0.04,0.04,0.09,DET,1610612765,0,0.0
122,27.0,0.02,0.02,5,"201142,1610612760",18,7,725.598333333,0.23,0.29,0.31,0.85,0.05,0.14,201142,Kevin Durant,0.05,0.14,0.12,0.21,OKC,1610612760,11,0.611
123,27.0,0.01,0.02,5,"201567,1610612739",20,5,612.495,0.24,0.2,0.24,0.81,0.06,0.12,201567,Kevin Love,0.12,0.01,0.07,0.1,CLE,1610612739,15,0.75
124,33.0,0.0,0.02,5,"2755,1610612759",5,2,49.2666666667,0.22,0.2,0.47,0.61,0.1,0.04,2755,Kevin Martin,0.06,0.06,0.04,0.04,SAS,1610612759,3,0.6
125,35.0,0.0,0.0,5,"2550,1610612737",6,2,27.4433333333,0.29,0.07,0.18,0.66,0.07,0.04,2550,Kirk Hinrich,0.0,0.0,0.0,0.0,ATL,1610612737,4,0.667
126,26.0,0.01,0.03,5,"202691,1610612744",24,9,848.848333333,0.33,0.33,0.32,0.85,0.06,0.1,202691,Klay Thompson,0.06,0.09,0.1,0.18,GSW,1610612744,15,0.625
127,31.0,0.09,0.0,5,"2743,1610612737",4,3,56.1216666667,0.25,0.21,0.25,0.53,0.16,0.07,2743,Kris Humphries,0.11,0.07,0.12,0.29,ATL,1610612737,1,0.25
128,22.0,0.02,0.01,5,"203937,1610612759",10,4,128.743333333,0.32,0.3,0.38,0.93,0.09,0.07,203937,Kyle Anderson,0.02,0.03,0.07,0.11,SAS,1610612759,6,0.6
129,35.0,0.01,0.01,5,"2594,1610612737",10,6,316.445,0.28,0.24,0.36,0.73,0.07,0.06,2594,Kyle Korver,0.04,0.03,0.04,0.04,ATL,1610612737,4,0.4
130,30.0,0.0,0.03,5,"200768,1610612761",20,10,766.223333333,0.23,0.25,0.29,0.83,0.1,0.12,200768,Kyle Lowry,0.05,0.06,0.06,0.16,TOR,1610612761,10,0.5
131,28.0,0.0,0.0,5,"202713,1610612760",6,3,50.54,0.32,0.22,0.24,1.03,0.08,0.04,202713,Kyle Singler,0.06,0.0,0.06,0.04,OKC,1610612760,3,0.5
132,24.0,0.02,0.03,5,"202681,1610612739",21,5,773.71,0.23,0.19,0.28,0.82,0.06,0.08,202681,Kyrie Irving,0.05,0.11,0.09,0.2,CLE,1610612739,16,0.762
133,30.0,0.04,0.01,5,"200746,1610612759",10,4,337.2,0.26,0.28,0.25,0.8,0.05,0.09,200746,LaMarcus Aldridge,0.07,0.01,0.05,0.25,SAS,1610612759,6,0.6
134,24.0,0.0,0.05,5,"203934,1610612737",4,2,19.56,0.31,0.2,0.36,0.41,0.05,0.05,203934,Lamar Patterson,0.0,0.0,0.0,0.1,ATL,1610612737,2,0.5
135,25.0,0.0,0.03,5,"202362,1610612763",4,4,94.95,0.33,0.24,0.31,0.93,0.11,0.05,202362,Lance Stephenson,0.06,0.04,0.05,0.21,MEM,1610612763,0,0.0
136,27.0,0.02,0.04,5,"202730,1610612754",6,3,50.865,0.1,0.22,0.31,0.79,0.04,0.0,202730,Lavoy Allen,0.0,0.04,0.0,0.08,IND,1610612754,3,0.5
137,31.0,0.03,0.02,5,"2544,1610612739",21,5,821.788333333,0.22,0.16,0.26,0.76,0.07,0.14,2544,LeBron James,0.07,0.13,0.13,0.39,CLE,1610612739,16,0.762
138,33.0,0.0,0.03,5,"2571,1610612744",23,9,254.368333333,0.24,0.32,0.35,0.94,0.09,0.07,2571,Leandro Barbosa,0.09,0.11,0.13,0.22,GSW,1610612744,14,0.609
139,29.0,0.0,0.01,5,"201601,1610612746",5,3,78.3766666667,0.28,0.22,0.22,0.82,0.11,0.03,201601,Luc Mbah a Moute,0.0,0.06,0.06,0.1,LAC,1610612746,2,0.4
140,23.0,0.0,0.0,5,"203512,1610612761",5,4,29.15,0.45,0.07,0.27,1.1,0.1,0.0,203512,Lucas Nogueira,0.0,0.0,0.0,0.21,TOR,1610612761,1,0.2
141,23.0,0.0,0.0,5,"1626242,1610612757",6,3,7.61333333333,0.0,0.0,0.66,0.26,0.13,0.0,1626242,Luis Montero,0.0,0.0,0.0,0.26,POR,1610612757,3,0.5
142,36.0,0.0,0.02,5,"2449,1610612761",11,6,140.283333333,0.21,0.3,0.36,0.8,0.16,0.1,2449,Luis Scola,0.01,0.01,0.02,0.06,TOR,1610612761,5,0.455
143,31.0,0.02,0.01,5,"2736,1610612748",14,7,494.631666667,0.24,0.16,0.3,0.84,0.05,0.07,2736,Luol Deng,0.05,0.05,0.03,0.13,MIA,1610612748,7,0.5
144,38.0,0.02,0.01,5,"1938,1610612759",10,4,192.326666667,0.29,0.25,0.22,0.78,0.13,0.13,1938,Manu Ginobili,0.0,0.12,0.1,0.09,SAS,1610612759,6,0.6
145,26.0,0.0,0.0,5,"202694,1610612765",4,4,144.1,0.28,0.21,0.36,0.68,0.12,0.11,202694,Marcus Morris,0.03,0.01,0.05,0.11,DET,1610612765,0,0.0
146,22.0,0.03,0.05,5,"203935,1610612738",6,4,192.521666667,0.23,0.29,0.32,0.93,0.09,0.12,203935,Marcus Smart,0.06,0.05,0.04,0.1,BOS,1610612738,2,0.333
147,28.0,0.04,0.02,5,"201578,1610612744",24,9,201.066666667,0.22,0.26,0.35,0.96,0.21,0.14,201578,Marreese Speights,0.05,0.05,0.06,0.16,GSW,1610612744,15,0.625
148,30.0,0.01,0.03,5,"101107,1610612766",7,4,227.585,0.33,0.18,0.22,0.94,0.05,0.05,101107,Marvin Williams,0.0,0.0,0.04,0.06,CHA,1610612766,3,0.429
149,26.0,0.04,0.04,5,"203486,1610612757",11,6,306.065,0.28,0.21,0.26,0.81,0.14,0.1,203486,Mason Plumlee,0.05,0.06,0.05,0.18,POR,1610612757,5,0.455
150,36.0,0.01,0.03,5,"2440,1610612763",4,4,139.133333333,0.16,0.31,0.47,0.76,0.09,0.06,2440,Matt Barnes,0.03,0.09,0.04,0.16,MEM,1610612763,0,0.0
151,25.0,0.0,0.02,5,"203521,1610612739",20,5,241.433333333,0.15,0.18,0.34,0.75,0.13,0.1,203521,Matthew Dellavedova,0.02,0.02,0.03,0.12,CLE,1610612739,15,0.75
152,23.0,0.01,0.03,5,"203090,1610612757",11,6,271.655,0.3,0.26,0.27,0.91,0.14,0.1,203090,Maurice Harkless,0.09,0.06,0.04,0.23,POR,1610612757,5,0.455
153,27.0,0.0,0.05,5,"201563,1610612745",5,4,80.26,0.12,0.61,0.52,0.9,0.1,0.06,201563,Michael Beasley,0.02,0.0,0.05,0.32,HOU,1610612745,1,0.2
154,24.0,0.01,0.01,5,"203488,1610612737",9,5,66.8183333333,0.28,0.24,0.24,0.78,0.09,0.03,203488,Mike Muscala,0.06,0.06,0.03,0.18,ATL,1610612737,4,0.444
155,27.0,0.02,0.01,5,"203118,1610612737",10,6,160.983333333,0.18,0.29,0.39,0.78,0.12,0.07,203118,Mike Scott,0.04,0.04,0.04,0.19,ATL,1610612737,4,0.4
156,33.0,0.0,0.0,5,"2590,1610612739",13,3,68.0933333333,0.25,0.16,0.38,0.62,0.12,0.07,2590,Mo Williams,0.0,0.06,0.1,0.03,CLE,1610612739,10,0.769
157,30.0,0.0,0.02,5,"101145,1610612754",7,4,225.295,0.32,0.2,0.38,0.8,0.08,0.06,101145,Monta Ellis,0.0,0.11,0.1,0.17,IND,1610612754,3,0.429
158,22.0,0.0,0.0,5,"1626149,1610612745",2,2,11.6166666667,0.0,0.0,0.43,0.52,0.09,0.09,1626149,Montrezl Harrell,0.0,0.26,0.09,0.17,HOU,1610612745,0,0.0
159,20.0,0.12,0.01,5,"1626167,1610612754",7,4,197.171666667,0.4,0.14,0.37,0.75,0.12,0.07,1626167,Myles Turner,0.08,0.02,0.03,0.21,IND,1610612754,3,0.429
160,38.0,0.1,0.0,5,"1737,1610612760",5,2,9.69333333333,0.21,0.0,0.1,0.41,0.1,0.0,1737,Nazr Mohammed,0.0,0.0,0.0,0.21,OKC,1610612760,3,0.6
161,35.0,0.0,0.0,5,"2555,1610612760",9,3,78.5383333333,0.18,0.15,0.18,0.81,0.22,0.05,2555,Nick Collison,0.0,0.0,0.0,0.08,OKC,1610612760,6,0.667
162,27.0,0.0,0.01,5,"201587,1610612766",5,4,143.815,0.29,0.24,0.23,1.17,0.04,0.08,201587,Nicolas Batum,0.02,0.03,0.06,0.11,CHA,1610612766,1,0.2
163,20.0,0.0,0.09,5,"203943,1610612757",6,3,11.7633333333,0.0,0.34,0.77,0.68,0.09,0.0,203943,Noah Vonleh,0.0,0.0,0.0,0.0,POR,1610612757,3,0.5
164,23.0,0.01,0.01,5,"1626181,1610612761",18,10,206.008333333,0.24,0.18,0.28,0.77,0.09,0.02,1626181,Norman Powell,0.06,0.11,0.12,0.15,TOR,1610612761,8,0.444
165,23.0,0.0,0.0,5,"203798,1610612763",2,2,22.1833333333,0.14,0.23,0.27,0.54,0.05,0.05,203798,PJ Hairston,0.0,0.09,0.09,0.0,MEM,1610612763,0,0.0
166,39.0,0.0,0.0,5,"203143,1610612746",5,3,25.825,0.46,0.15,0.23,0.77,0.31,0.0,203143,Pablo Prigioni,0.0,0.0,0.0,0.0,LAC,1610612746,2,0.4
167,23.0,0.0,0.0,5,"1626192,1610612757",6,3,7.865,0.0,0.0,0.64,0.25,0.0,0.0,1626192,Pat Connaughton,0.38,0.0,0.0,0.25,POR,1610612757,3,0.5
168,27.0,0.02,0.03,5,"201976,1610612745",5,4,128.718333333,0.3,0.35,0.35,0.96,0.13,0.09,201976,Patrick Beverley,0.05,0.03,0.02,0.11,HOU,1610612745,1,0.2
169,27.0,0.02,0.01,5,"202335,1610612761",20,10,582.983333333,0.25,0.21,0.31,0.79,0.05,0.04,202335,Patrick Patterson,0.07,0.03,0.05,0.1,TOR,1610612761,10,0.5
170,27.0,0.0,0.0,5,"201988,1610612759",10,4,167.005,0.3,0.24,0.29,0.86,0.02,0.12,201988,Patty Mills,0.1,0.02,0.09,0.05,SAS,1610612759,6,0.6
171,26.0,0.02,0.04,5,"202331,1610612754",7,4,275.42,0.33,0.19,0.34,0.73,0.09,0.21,202331,Paul George,0.07,0.12,0.11,0.16,IND,1610612754,3,0.429
172,31.0,0.06,0.02,5,"200794,1610612737",10,6,365.063333333,0.32,0.25,0.35,0.75,0.08,0.15,200794,Paul Millsap,0.08,0.06,0.07,0.25,ATL,1610612737,4,0.4
173,38.0,0.0,0.0,5,"1718,1610612746",5,4,53.6616666667,0.48,0.26,0.26,0.82,0.11,0.04,1718,Paul Pierce,0.0,0.0,0.04,0.0,LAC,1610612746,1,0.2
174,22.0,0.02,0.05,5,"1626154,1610612738",5,4,41.06,0.19,0.41,0.1,0.93,0.07,0.0,1626154,RJ Hunter,0.07,0.05,0.05,0.05,BOS,1610612738,1,0.2
175,32.0,0.02,0.01,5,"200751,1610612760",16,6,189.9,0.31,0.24,0.38,0.9,0.09,0.04,200751,Randy Foye,0.02,0.03,0.07,0.03,OKC,1610612760,10,0.625
176,32.0,0.0,0.04,5,"101109,1610612742",5,4,172.323333333,0.41,0.38,0.37,0.93,0.08,0.06,101109,Raymond Felton,0.06,0.08,0.11,0.21,DAL,1610612742,1,0.2
177,25.0,0.0,0.0,5,"203493,1610612765",2,2,21.935,0.41,0.32,0.59,0.91,0.09,0.0,203493,Reggie Bullock,0.0,0.23,0.09,0.18,DET,1610612765,0,0.0
178,26.0,0.01,0.01,5,"202704,1610612765",4,4,147.1,0.27,0.18,0.29,0.63,0.07,0.07,202704,Reggie Jackson,0.03,0.03,0.05,0.23,DET,1610612765,0,0.0
179,36.0,0.0,0.02,5,"2210,1610612739",21,5,381.535,0.2,0.18,0.31,0.71,0.09,0.06,2210,Richard Jefferson,0.02,0.04,0.05,0.15,CLE,1610612739,16,0.762
180,30.0,0.01,0.03,5,"201155,1610612754",7,4,124.655,0.34,0.18,0.3,0.75,0.07,0.09,201155,Rodney Stuckey,0.03,0.04,0.03,0.1,IND,1610612754,3,0.429
181,27.0,0.0,0.03,5,"201566,1610612760",18,7,674.02,0.22,0.3,0.29,0.84,0.06,0.15,201566,Russell Westbrook,0.07,0.16,0.09,0.26,OKC,1610612760,11,0.611
182,30.0,0.07,0.01,5,"1626257,1610612742",4,3,75.97,0.25,0.36,0.41,0.79,0.14,0.13,1626257,Salah Mejri,0.11,0.0,0.05,0.18,DAL,1610612742,1,0.25
183,26.0,0.04,0.0,5,"201586,1610612760",18,7,602.428333333,0.22,0.31,0.3,0.86,0.08,0.03,201586,Serge Ibaka,0.06,0.03,0.03,0.1,OKC,1610612760,11,0.611
184,30.0,0.01,0.02,5,"2733,1610612744",24,9,514.308333333,0.32,0.3,0.32,0.84,0.09,0.07,2733,Shaun Livingston,0.02,0.07,0.08,0.19,GSW,1610612744,15,0.625
185,25.0,0.0,0.02,5,"203524,1610612754",7,4,198.255,0.37,0.14,0.32,0.76,0.1,0.07,203524,Solomon Hill,0.03,0.03,0.1,0.03,IND,1610612754,3,0.429
186,23.0,0.0,0.0,5,"203915,1610612765",1,1,1.68333333333,0.0,0.0,0.0,1.19,0.0,0.0,203915,Spencer Dinwiddie,0.0,0.0,0.0,1.19,DET,1610612765,0,0.0
187,28.0,0.04,0.02,5,"201150,1610612766",5,2,53.245,0.23,0.17,0.23,0.68,0.09,0.08,201150,Spencer Hawes,0.11,0.0,0.04,0.15,CHA,1610612766,3,0.6
188,20.0,0.0,0.0,5,"1626169,1610612765",4,4,81.48,0.27,0.23,0.38,0.71,0.12,0.04,1626169,Stanley Johnson,0.02,0.02,0.0,0.1,DET,1610612765,0,0.0
189,28.0,0.01,0.02,5,"201939,1610612744",18,7,614.28,0.36,0.36,0.35,0.91,0.06,0.14,201939,Stephen Curry,0.04,0.09,0.15,0.16,GSW,1610612744,11,0.611
190,36.0,0.0,0.0,5,"2581,1610612765",4,4,43.2166666667,0.28,0.35,0.58,0.93,0.16,0.05,2581,Steve Blake,0.0,0.0,0.0,0.0,DET,1610612765,0,0.0
191,22.0,0.03,0.03,5,"203500,1610612760",18,7,552.813333333,0.22,0.28,0.31,0.81,0.1,0.12,203500,Steven Adams,0.11,0.02,0.05,0.24,OKC,1610612760,11,0.611
192,25.0,0.01,0.01,5,"203082,1610612761",20,10,335.605,0.32,0.2,0.33,0.82,0.08,0.05,203082,Terrence Ross,0.01,0.03,0.09,0.08,TOR,1610612761,10,0.5
193,22.0,0.03,0.0,5,"1626179,1610612738",5,3,98.605,0.22,0.18,0.25,0.97,0.05,0.04,1626179,Terry Rozier,0.04,0.06,0.0,0.06,BOS,1610612738,2,0.4
194,32.0,0.03,0.0,5,"200757,1610612737",10,6,202.606666667,0.3,0.25,0.31,0.72,0.08,0.04,200757,Thabo Sefolosha,0.13,0.04,0.01,0.13,ATL,1610612737,4,0.4
195,40.0,0.06,0.04,5,"1495,1610612759",10,4,218.263333333,0.21,0.26,0.24,0.71,0.08,0.07,1495,Tim Duncan,0.04,0.01,0.05,0.2,SAS,1610612759,6,0.6
196,24.0,0.01,0.0,5,"203501,1610612737",9,5,87.28,0.16,0.22,0.23,0.66,0.02,0.07,203501,Tim Hardaway Jr.,0.0,0.02,0.0,0.09,ATL,1610612737,4,0.444
197,29.0,0.04,0.0,5,"202389,1610612739",13,3,75.5716666667,0.26,0.26,0.37,0.66,0.21,0.08,202389,Timofey Mozgov,0.13,0.0,0.08,0.16,CLE,1610612739,10,0.769
198,23.0,0.02,0.03,5,"202699,1610612765",4,4,156.15,0.29,0.2,0.31,0.61,0.07,0.06,202699,Tobias Harris,0.04,0.01,0.04,0.14,DET,1610612765,0,0.0
199,34.0,0.02,0.03,5,"2754,1610612763",4,4,93.5266666667,0.25,0.33,0.4,0.79,0.12,0.1,2754,Tony Allen,0.06,0.06,0.09,0.11,MEM,1610612763,0,0.0
200,34.0,0.01,0.03,5,"2225,1610612759",10,4,264.168333333,0.27,0.28,0.22,0.79,0.06,0.07,2225,Tony Parker,0.02,0.09,0.04,0.17,SAS,1610612759,6,0.6
201,30.0,0.01,0.01,5,"2772,1610612745",5,4,180.891666667,0.28,0.42,0.47,0.98,0.09,0.03,2772,Trevor Ariza,0.02,0.04,0.07,0.08,HOU,1610612745,1,0.2
202,25.0,0.03,0.02,5,"202684,1610612739",21,5,622.143333333,0.25,0.18,0.27,0.79,0.09,0.1,202684,Tristan Thompson,0.08,0.02,0.03,0.15,CLE,1610612739,16,0.762
203,24.0,0.0,0.06,5,"203584,1610612766",4,3,17.6833333333,0.23,0.17,0.34,0.45,0.11,0.11,203584,Troy Daniels,0.0,0.0,0.0,0.0,CHA,1610612766,1,0.25
204,28.0,0.0,0.03,5,"201951,1610612754",7,4,73.575,0.41,0.24,0.33,0.76,0.11,0.07,201951,Ty Lawson,0.0,0.08,0.08,0.11,IND,1610612754,3,0.429
205,30.0,0.0,0.0,5,"201946,1610612766",2,1,5.65,0.0,0.0,0.53,0.35,0.0,0.0,201946,Tyler Hansbrough,0.0,0.0,0.0,0.0,CHA,1610612766,1,0.5
206,24.0,0.0,0.0,5,"204020,1610612748",5,2,60.7216666667,0.23,0.13,0.16,0.89,0.13,0.1,204020,Tyler Johnson,0.03,0.02,0.0,0.07,MIA,1610612748,3,0.6
207,26.0,0.05,0.0,5,"203092,1610612738",3,3,38.0283333333,0.08,0.5,0.11,0.84,0.03,0.18,203092,Tyler Zeller,0.13,0.0,0.0,0.26,BOS,1610612738,0,0.0
208,36.0,0.01,0.01,5,"2617,1610612748",9,5,84.5716666667,0.2,0.13,0.34,0.8,0.15,0.14,2617,Udonis Haslem,0.07,0.02,0.02,0.17,MIA,1610612748,4,0.444
209,39.0,0.01,0.1,5,"1713,1610612763",4,4,90.8416666667,0.14,0.34,0.39,0.88,0.1,0.1,1713,Vince Carter,0.08,0.03,0.07,0.13,MEM,1610612763,0,0.0
210,28.0,0.05,0.0,5,"202325,1610612746",6,4,76.8266666667,0.23,0.36,0.26,0.55,0.08,0.03,202325,Wesley Johnson,0.05,0.0,0.0,0.03,LAC,1610612746,2,0.333
211,29.0,0.0,0.02,5,"202083,1610612742",5,4,173.348333333,0.33,0.46,0.39,1.02,0.08,0.1,202083,Wesley Matthews,0.01,0.06,0.0,0.06,DAL,1610612742,1,0.2
212,24.0,0.03,0.0,5,"204098,1610612763",4,4,89.1683333333,0.24,0.28,0.46,0.76,0.09,0.06,204098,Xavier Munford,0.02,0.0,0.07,0.07,MEM,1610612763,0,0.0
213,34.0,0.0,0.13,5,"2216,1610612763",4,4,119.653333333,0.13,0.34,0.39,0.84,0.08,0.12,2216,Zach Randolph,0.07,0.0,0.02,0.27,MEM,1610612763,0,0.0
214,32.0,0.01,0.02,5,"2585,1610612742",5,4,111.883333333,0.42,0.38,0.38,1.05,0.12,0.13,2585,Zaza Pachulia,0.06,0.0,0.0,0.14,DAL,1610612742,1,0.2
