,AGE,BLK,BLKA,CFID,CFPARAMS,GP,L,MIN,OPP_PTS_2ND_CHANCE,OPP_PTS_FB,OPP_PTS_OFF_TOV,OPP_PTS_PAINT,PF,PFD,PLAYER_ID,PLAYER_NAME,PTS_2ND_CHANCE,PTS_FB,PTS_OFF_TOV,PTS_PAINT,TEAM_ABBREVIATION,TEAM_ID,W,W_PCT
0,30.0,0.0,0.0,5,"201143,1610612737",1,1,9.41666666667,0.74,0.42,0.0,1.27,0.0,0.0,201143,Al Horford,0.0,0.32,0.0,0.0,ATL,1610612737,0,0.0
1,22.0,0.0,0.0,5,"203083,1610612765",1,1,18.2166666667,0.71,0.99,0.22,1.54,0.05,0.0,203083,Andre Drummond,0.44,0.22,0.11,0.88,DET,1610612765,0,0.0
2,23.0,0.0,0.0,5,"203076,1610612740",1,0,15.1666666667,0.33,0.66,0.46,1.45,0.07,0.0,203076,Anthony Davis,0.4,0.26,0.0,1.45,NOP,1610612740,1,1.0
3,32.0,0.04,0.0,5,"2546,1610612752",1,1,22.9333333333,0.61,0.96,0.92,2.35,0.09,0.04,2546,Carmelo Anthony,0.26,0.13,0.09,0.35,NYK,1610612752,0,0.0
4,31.0,0.0,0.0,5,"101108,1610612746",1,0,19.0166666667,0.37,0.53,0.58,1.58,0.05,0.05,101108,Chris Paul,0.0,0.11,0.0,0.11,LAC,1610612746,1,1.0
5,26.0,0.0,0.0,5,"201942,1610612761",1,1,18.9,0.48,0.85,0.11,1.38,0.0,0.16,201942,DeMar DeRozan,0.11,0.21,0.21,0.74,TOR,1610612761,0,0.0
6,25.0,0.0,0.0,5,"202326,1610612758",1,0,11.6,0.6,0.6,0.34,1.9,0.17,0.17,202326,DeMarcus Cousins,0.17,0.34,0.0,0.69,SAC,1610612758,1,1.0
7,26.0,0.0,0.0,5,"203110,1610612744",1,0,12.1333333333,0.58,0.58,0.33,1.65,0.08,0.08,203110,Draymond Green,0.0,0.0,0.16,0.33,GSW,1610612744,1,1.0
8,34.0,0.0,0.0,5,"2548,1610612748",1,1,22.9333333333,0.61,0.96,0.92,2.35,0.0,0.0,2548,Dwyane Wade,0.09,0.17,0.17,0.35,MIA,1610612748,0,0.0
9,27.0,0.0,0.0,5,"202738,1610612738",1,1,18.9833333333,0.74,0.9,0.21,1.58,0.05,0.0,202738,Isaiah Thomas,0.11,0.16,0.16,0.32,BOS,1610612738,0,0.0
10,26.0,0.0,0.0,5,"201935,1610612745",1,0,20.9333333333,0.33,0.57,0.53,1.62,0.0,0.0,201935,James Harden,0.14,0.1,0.0,0.1,HOU,1610612745,1,1.0
11,25.0,0.0,0.0,5,"202322,1610612764",1,1,19.4833333333,0.51,0.72,0.1,1.33,0.0,0.0,202322,John Wall,0.0,0.1,0.0,0.72,WAS,1610612764,0,0.0
12,24.0,0.0,0.0,5,"202695,1610612759",1,0,25.8,0.93,0.7,0.31,2.4,0.0,0.0,202695,Kawhi Leonard,0.16,0.08,0.12,0.39,SAS,1610612759,1,1.0
13,27.0,0.0,0.0,5,"201142,1610612760",1,0,23.0666666667,0.82,0.56,0.35,2.34,0.0,0.04,201142,Kevin Durant,0.17,0.52,0.35,0.87,OKC,1610612760,1,1.0
14,26.0,0.0,0.0,5,"202691,1610612744",1,0,20.9333333333,0.33,0.57,0.53,1.62,0.0,0.0,202691,Klay Thompson,0.0,0.29,0.0,0.0,GSW,1610612744,1,1.0
15,37.0,0.0,0.0,5,"977,1610612747",1,0,25.9666666667,0.92,0.69,0.31,2.39,0.04,0.12,977,Kobe Bryant,0.08,0.0,0.0,0.08,LAL,1610612747,1,1.0
16,30.0,0.04,0.0,5,"200768,1610612761",1,1,28.5166666667,0.74,1.05,0.81,2.17,0.07,0.0,200768,Kyle Lowry,0.11,0.0,0.0,0.07,TOR,1610612761,0,0.0
17,30.0,0.0,0.07,5,"200746,1610612759",1,0,14.0666666667,0.36,0.71,0.5,1.56,0.0,0.0,200746,LaMarcus Aldridge,0.0,0.14,0.14,0.0,SAS,1610612759,1,1.0
18,31.0,0.0,0.0,5,"2544,1610612739",1,1,20.2166666667,0.69,1.09,1.04,2.47,0.0,0.0,2544,LeBron James,0.0,0.1,0.1,0.49,CLE,1610612739,0,0.0
19,35.0,0.0,0.0,5,"2200,1610612741",1,1,14.5166666667,0.41,1.1,0.14,1.1,0.14,0.28,2200,Pau Gasol,0.14,0.0,0.14,0.28,CHI,1610612741,0,0.0
20,26.0,0.0,0.0,5,"202331,1610612754",1,1,26.8166666667,0.71,0.82,0.78,1.94,0.0,0.0,202331,Paul George,0.11,0.19,0.0,0.52,IND,1610612754,0,0.0
21,31.0,0.0,0.0,5,"200794,1610612737",1,1,19.0666666667,0.73,0.89,0.21,1.57,0.0,0.0,200794,Paul Millsap,0.16,0.0,0.0,0.0,ATL,1610612737,0,0.0
22,27.0,0.0,0.04,5,"201566,1610612760",1,0,22.3333333333,0.85,0.58,0.36,2.33,0.04,0.0,201566,Russell Westbrook,0.22,0.36,0.36,0.45,OKC,1610612760,1,1.0
23,28.0,0.0,0.0,5,"201939,1610612744",1,0,28.9833333333,0.83,0.69,0.28,2.28,0.03,0.0,201939,Stephen Curry,0.17,0.07,0.07,0.28,GSW,1610612744,1,1.0
