,AGE,CFID,CFPARAMS,GP,L,MIN,PCT_AST,PCT_BLK,PCT_BLKA,PCT_DREB,PCT_FG3A,PCT_FG3M,PCT_FGA,PCT_FGM,PCT_FTA,PCT_FTM,PCT_OREB,PCT_PF,PCT_PFD,PCT_PTS,PCT_REB,PCT_STL,PCT_TOV,PLAYER_ID,PLAYER_NAME,TEAM_ABBREVIATION,TEAM_ID,USG_PCT,W,W_PCT
0,21.0,5,"1626151,1610612766",2,1,7.0,0.0,0.0,0.0,0.167,0.0,0.0,0.0,0.0,0.0,0.0,0.0,0.333,0.0,0.0,0.167,0.0,0.0,1626151,Aaron Harrison,CHA,1610612766,0.0,1,0.5
1,30.0,5,"201143,1610612737",10,6,327.0,0.208,0.471,0.083,0.223,0.137,0.172,0.206,0.22,0.119,0.138,0.265,0.191,0.133,0.202,0.23,0.207,0.162,201143,Al Horford,ATL,1610612737,0.193,4,0.4
2,31.0,5,"2744,1610612766",7,4,168.0,0.178,0.429,0.28,0.33,0.0,0.0,0.302,0.378,0.176,0.148,0.56,0.231,0.141,0.306,0.381,0.211,0.222,2744,Al Jefferson,CHA,1610612766,0.283,3,0.429
3,25.0,5,"202329,1610612757",11,6,372.0,0.118,0.313,0.122,0.263,0.271,0.292,0.184,0.196,0.156,0.153,0.213,0.186,0.126,0.2,0.249,0.167,0.206,202329,Al-Farouq Aminu,POR,1610612757,0.184,5,0.455
4,24.0,5,"203459,1610612757",11,6,302.0,0.113,0.045,0.026,0.135,0.189,0.208,0.131,0.16,0.11,0.108,0.071,0.153,0.154,0.155,0.119,0.175,0.076,203459,Allen Crabbe,POR,1610612757,0.123,5,0.455
5,33.0,5,"2405,1610612748",9,5,82.0,0.0,0.5,0.0,0.182,0.0,0.0,0.145,0.2,0.222,0.258,0.176,0.311,0.184,0.201,0.181,0.417,0.31,2405,Amar'e Stoudemire,MIA,1610612748,0.179,4,0.444
6,29.0,5,"101161,1610612738",6,4,134.0,0.07,0.421,0.174,0.327,0.023,0.0,0.139,0.224,0.2,0.219,0.407,0.289,0.14,0.205,0.344,0.063,0.256,101161,Amir Johnson,BOS,1610612738,0.158,2,0.333
7,33.0,5,"2760,1610612744",17,6,93.0,0.342,0.286,0.182,0.173,0.0,0.0,0.086,0.071,0.288,0.233,0.522,0.378,0.367,0.095,0.28,0.154,0.105,2760,Anderson Varejao,GSW,1610612744,0.116,11,0.647
8,22.0,5,"203083,1610612765",4,4,131.0,0.0,0.545,0.167,0.279,0.017,0.0,0.262,0.28,0.493,0.275,0.545,0.163,0.476,0.255,0.333,0.063,0.148,203083,Andre Drummond,DET,1610612765,0.277,0,0.0
9,32.0,5,"2738,1610612744",24,9,767.0,0.235,0.132,0.084,0.141,0.123,0.121,0.119,0.124,0.145,0.116,0.201,0.103,0.152,0.122,0.157,0.213,0.106,2738,Andre Iguodala,GSW,1610612744,0.12,15,0.625
10,40.0,5,"1889,1610612759",4,1,35.0,0.412,0.0,0.2,0.125,0.25,0.125,0.123,0.111,0.08,0.1,0.286,0.182,0.067,0.11,0.161,0.0,0.0,1889,Andre Miller,SAS,1610612759,0.105,3,0.75
11,24.0,5,"203460,1610612760",18,7,471.0,0.069,0.322,0.14,0.221,0.162,0.152,0.102,0.106,0.079,0.039,0.205,0.246,0.088,0.096,0.217,0.28,0.091,203460,Andre Roberson,OKC,1610612760,0.098,11,0.611
12,31.0,5,"101106,1610612744",22,7,365.0,0.158,0.547,0.158,0.29,0.008,0.0,0.118,0.168,0.104,0.048,0.49,0.429,0.135,0.132,0.342,0.23,0.178,101106,Andrew Bogut,GSW,1610612744,0.125,15,0.682
13,27.0,5,"202726,1610612745",2,2,11.0,0.0,0.0,0.0,0.182,0.25,0.0,0.316,0.429,0.0,0.0,0.0,0.0,0.0,0.353,0.118,0.0,0.375,202726,Andrew Goudelock,HOU,1610612745,0.313,0,0.0
14,30.0,5,"201627,1610612760",14,6,76.0,0.036,0.0,0.0,0.034,0.35,0.455,0.186,0.2,0.233,0.278,0.0,0.161,0.167,0.236,0.026,0.143,0.143,201627,Anthony Morrow,OKC,1610612760,0.184,8,0.571
15,31.0,5,"201229,1610612765",3,3,26.0,0.111,0.5,0.0,0.167,0.222,0.0,0.105,0.118,0.0,0.0,0.25,0.0,0.0,0.095,0.182,0.0,0.0,201229,Anthony Tolliver,DET,1610612765,0.08,0,0.0
16,29.0,5,"203382,1610612765",4,4,44.0,0.105,0.0,0.5,0.172,0.0,0.0,0.13,0.143,0.176,0.133,0.6,0.182,0.25,0.127,0.235,0.0,0.214,203382,Aron Baynes,DET,1610612765,0.147,0,0.0
17,23.0,5,"203085,1610612746",6,4,144.0,0.34,0.0,0.111,0.115,0.266,0.235,0.236,0.234,0.115,0.122,0.111,0.176,0.175,0.215,0.114,0.143,0.25,203085,Austin Rivers,LAC,1610612746,0.225,2,0.333
18,25.0,5,"202340,1610612738",1,1,33.0,0.048,0.25,0.25,0.036,0.304,0.125,0.232,0.259,0.25,0.273,0.2,0.091,0.2,0.247,0.079,0.333,0.167,202340,Avery Bradley,BOS,1610612738,0.228,0,0.0
19,23.0,5,"202687,1610612761",20,10,506.0,0.052,0.659,0.137,0.417,0.0,0.0,0.082,0.112,0.275,0.219,0.473,0.226,0.297,0.126,0.432,0.11,0.171,202687,Bismack Biyombo,TOR,1610612761,0.113,10,0.5
20,27.0,5,"201933,1610612746",4,2,127.0,0.296,0.125,0.455,0.295,0.041,0.067,0.241,0.204,0.316,0.396,0.259,0.184,0.273,0.232,0.287,0.143,0.36,201933,Blake Griffin,LAC,1610612746,0.261,2,0.5
21,27.0,5,"1626246,1610612759",7,3,42.0,0.143,0.667,0.0,0.37,0.0,0.0,0.174,0.242,0.474,0.5,0.571,0.588,0.357,0.264,0.412,0.0,0.3,1626246,Boban Marjanovic,SAS,1610612759,0.217,4,0.571
22,34.0,5,"2564,1610612759",9,3,159.0,0.276,0.211,0.235,0.17,0.074,0.056,0.169,0.175,0.056,0.053,0.087,0.15,0.132,0.141,0.154,0.059,0.146,2564,Boris Diaw,SAS,1610612759,0.156,6,0.667
23,30.0,5,"201575,1610612744",14,6,110.0,0.064,0.167,0.0,0.315,0.194,0.16,0.114,0.111,0.031,0.023,0.0,0.237,0.067,0.1,0.242,0.111,0.067,201575,Brandon Rush,GSW,1610612744,0.098,8,0.571
24,30.0,5,"203148,1610612757",10,6,36.0,0.188,0.0,0.0,0.0,0.148,0.0,0.145,0.065,0.182,0.16,0.2,0.294,0.19,0.081,0.038,0.0,0.1,203148,Brian Roberts,POR,1610612757,0.146,4,0.4
25,23.0,5,"1627362,1610612748",2,1,6.0,0.333,0.0,0.0,0.0,0.0,0.0,0.125,0.0,0.0,0.0,0.0,1.0,0.0,0.0,0.0,1.0,0.0,1627362,Briante Weber,MIA,1610612748,0.094,1,0.5
26,24.0,5,"203468,1610612757",11,6,442.0,0.177,0.135,0.125,0.101,0.202,0.179,0.241,0.244,0.197,0.214,0.059,0.138,0.183,0.231,0.09,0.2,0.179,203468,CJ McCollum,POR,1610612757,0.23,5,0.455
27,29.0,5,"101139,1610612754",7,4,92.0,0.121,0.143,0.273,0.385,0.465,0.143,0.259,0.161,0.07,0.059,0.222,0.2,0.029,0.14,0.343,0.083,0.115,101139,CJ Miles,IND,1610612754,0.221,3,0.429
28,25.0,5,"203912,1610612746",2,2,7.0,0.5,0.0,0.0,0.167,0.0,0.0,0.063,0.0,0.0,0.0,0.0,0.5,0.0,0.0,0.143,0.0,0.0,203912,CJ Wilcox,LAC,1610612746,0.058,0,0.0
29,21.0,5,"1626166,1610612760",10,3,64.0,0.381,0.5,0.2,0.089,0.286,0.25,0.265,0.179,0.133,0.105,0.0,0.212,0.182,0.171,0.073,0.25,0.333,1626166,Cameron Payne,OKC,1610612760,0.264,7,0.7
30,33.0,5,"101112,1610612739",17,5,237.0,0.043,0.5,0.083,0.206,0.277,0.366,0.176,0.21,0.074,0.098,0.125,0.311,0.111,0.218,0.191,0.167,0.078,101112,Channing Frye,CLE,1610612739,0.155,12,0.706
31,31.0,5,"101111,1610612742",4,4,20.0,0.167,0.0,0.0,0.167,0.556,1.0,0.4,0.375,0.083,0.125,0.0,0.182,0.067,0.273,0.118,0.0,0.143,101111,Charlie Villanueva,DAL,1610612742,0.292,0,0.0
32,37.0,5,"2365,1610612763",4,4,79.0,0.103,0.333,0.0,0.353,0.0,0.0,0.092,0.094,0.32,0.333,0.591,0.118,0.207,0.115,0.425,0.2,0.179,2365,Chris Andersen,MEM,1610612763,0.121,0,0.0
33,34.0,5,"2549,1610612757",4,2,32.0,0.1,0.0,0.333,0.2,0.0,0.0,0.321,0.318,0.0,0.0,0.25,0.4,0.0,0.25,0.211,0.5,0.462,2549,Chris Kaman,POR,1610612757,0.323,2,0.5
34,31.0,5,"101108,1610612746",4,2,125.0,0.527,0.0,0.286,0.13,0.392,0.353,0.341,0.366,0.205,0.326,0.143,0.261,0.258,0.358,0.133,0.346,0.174,101108,Chris Paul,LAC,1610612746,0.311,2,0.5
35,22.0,5,"203991,1610612745",5,4,43.0,0.154,0.333,0.25,0.343,0.0,0.0,0.12,0.111,0.208,0.125,0.615,0.227,0.231,0.107,0.417,0.333,0.136,203991,Clint Capela,HOU,1610612745,0.132,1,0.2
36,23.0,5,"203469,1610612766",7,4,137.0,0.047,0.2,0.095,0.298,0.0,0.0,0.159,0.221,0.266,0.25,0.429,0.328,0.297,0.215,0.322,0.056,0.241,203469,Cody Zeller,CHA,1610612766,0.179,3,0.429
37,27.0,5,"202332,1610612746",6,4,77.0,0.15,0.5,0.0,0.44,0.0,0.0,0.109,0.167,0.146,0.1,0.571,0.344,0.171,0.146,0.469,0.4,0.154,202332,Cole Aldrich,LAC,1610612746,0.117,2,0.333
38,30.0,5,"201147,1610612745",5,4,77.0,0.258,0.125,0.231,0.065,0.196,0.071,0.18,0.135,0.211,0.259,0.115,0.31,0.167,0.152,0.08,0.0,0.222,201147,Corey Brewer,HOU,1610612745,0.189,1,0.2
39,24.0,5,"202709,1610612761",20,10,452.0,0.362,0.067,0.234,0.115,0.11,0.127,0.199,0.234,0.139,0.14,0.109,0.223,0.163,0.206,0.113,0.243,0.182,202709,Cory Joseph,TOR,1610612761,0.191,10,0.5
40,30.0,5,"201584,1610612766",7,4,257.0,0.117,0.15,0.073,0.099,0.095,0.143,0.116,0.118,0.113,0.12,0.122,0.207,0.073,0.12,0.104,0.194,0.106,201584,Courtney Lee,CHA,1610612766,0.115,3,0.429
41,35.0,5,"2563,1610612739",15,4,50.0,0.143,0.333,0.0,0.171,0.107,0.111,0.169,0.214,0.263,0.308,0.0,0.143,0.313,0.218,0.146,0.125,0.05,2563,Dahntay Jones,CLE,1610612739,0.154,11,0.733
42,25.0,5,"203081,1610612757",11,6,437.0,0.348,0.077,0.321,0.113,0.357,0.368,0.296,0.266,0.326,0.399,0.096,0.108,0.31,0.303,0.108,0.255,0.27,203081,Damian Lillard,POR,1610612757,0.296,5,0.455
43,29.0,5,"201980,1610612759",10,4,267.0,0.061,0.182,0.0,0.177,0.457,0.522,0.14,0.133,0.03,0.026,0.0,0.211,0.082,0.15,0.145,0.368,0.102,201980,Danny Green,SAS,1610612759,0.127,6,0.6
44,33.0,5,"101135,1610612742",2,2,33.0,0.077,0.0,0.0,0.313,0.0,0.0,0.154,0.286,0.0,0.0,0.2,0.304,0.0,0.185,0.286,0.0,0.0,101135,David Lee,DAL,1610612742,0.109,0,0.0
45,35.0,5,"2561,1610612759",10,4,176.0,0.173,0.389,0.286,0.25,0.075,0.1,0.188,0.188,0.099,0.068,0.394,0.275,0.14,0.157,0.287,0.146,0.149,2561,David West,SAS,1610612759,0.174,6,0.6
46,27.0,5,"201599,1610612746",6,4,198.0,0.134,0.727,0.067,0.45,0.0,0.0,0.11,0.16,0.457,0.297,0.577,0.21,0.359,0.177,0.483,0.206,0.159,201599,DeAndre Jordan,LAC,1610612746,0.16,2,0.333
47,26.0,5,"201942,1610612761",20,10,746.0,0.22,0.052,0.367,0.153,0.08,0.041,0.316,0.293,0.32,0.342,0.079,0.161,0.252,0.286,0.134,0.204,0.222,201942,DeMar DeRozan,TOR,1610612761,0.305,10,0.5
48,29.0,5,"201960,1610612761",20,10,596.0,0.089,0.146,0.113,0.16,0.292,0.295,0.159,0.143,0.121,0.123,0.185,0.225,0.109,0.151,0.167,0.194,0.113,201960,DeMarre Carroll,TOR,1610612761,0.15,10,0.5
49,24.0,5,"1626153,1610612761",9,6,41.0,0.231,0.0,0.0,0.107,0.059,0.0,0.139,0.111,0.52,0.5,0.111,0.154,0.471,0.189,0.108,0.429,0.4,1626153,Delon Wright,TOR,1610612761,0.201,3,0.333
50,22.0,5,"203471,1610612737",10,6,191.0,0.434,0.031,0.571,0.096,0.282,0.286,0.32,0.338,0.178,0.183,0.158,0.312,0.233,0.308,0.109,0.154,0.368,203471,Dennis Schroder,ATL,1610612737,0.316,4,0.4
51,32.0,5,"101114,1610612742",3,2,49.0,0.615,0.0,0.167,0.071,0.304,0.5,0.209,0.231,0.0,0.0,0.0,0.25,0.056,0.227,0.054,0.125,0.467,101114,Deron Williams,DAL,1610612742,0.233,1,0.333
52,33.0,5,"2734,1610612742",5,4,121.0,0.154,0.0,0.083,0.22,0.22,0.235,0.142,0.153,0.167,0.116,0.04,0.267,0.145,0.152,0.167,0.214,0.125,2734,Devin Harris,DAL,1610612742,0.143,1,0.2
53,24.0,5,"203079,1610612760",18,7,491.0,0.2,0.058,0.194,0.118,0.204,0.239,0.155,0.142,0.103,0.087,0.046,0.176,0.116,0.139,0.099,0.125,0.128,203079,Dion Waiters,OKC,1610612760,0.145,11,0.611
54,38.0,5,"1717,1610612742",5,4,170.0,0.103,0.3,0.214,0.221,0.155,0.182,0.291,0.299,0.202,0.267,0.103,0.111,0.309,0.287,0.194,0.105,0.159,1717,Dirk Nowitzki,DAL,1610612742,0.266,1,0.2
55,25.0,5,"202700,1610612745",5,4,98.0,0.152,0.2,0.286,0.232,0.153,0.267,0.23,0.271,0.224,0.174,0.303,0.244,0.262,0.246,0.255,0.211,0.293,202700,Donatas Motiejunas,HOU,1610612745,0.24,1,0.2
56,30.0,5,"2748,1610612748",5,3,19.0,0.222,0.0,0.5,0.353,0.357,0.286,0.313,0.417,0.667,0.8,0.0,0.333,0.6,0.444,0.3,0.0,0.0,2748,Dorell Wright,MIA,1610612748,0.304,2,0.4
57,26.0,5,"203110,1610612744",23,8,879.0,0.296,0.402,0.204,0.309,0.172,0.154,0.177,0.164,0.247,0.248,0.199,0.2,0.256,0.176,0.283,0.252,0.219,203110,Draymond Green,GSW,1610612744,0.189,15,0.652
58,30.0,5,"2730,1610612745",5,4,180.0,0.119,0.5,0.217,0.404,0.01,0.0,0.149,0.206,0.4,0.246,0.448,0.223,0.368,0.198,0.419,0.125,0.185,2730,Dwight Howard,HOU,1610612745,0.179,1,0.2
59,24.0,5,"203939,1610612742",4,3,64.0,0.174,0.0,0.125,0.235,0.031,0.0,0.171,0.209,0.344,0.273,0.529,0.217,0.276,0.205,0.333,0.125,0.091,203939,Dwight Powell,DAL,1610612742,0.183,1,0.25
60,34.0,5,"2548,1610612748",14,7,473.0,0.387,0.194,0.273,0.196,0.138,0.194,0.327,0.326,0.311,0.323,0.136,0.111,0.259,0.317,0.184,0.234,0.295,2548,Dwyane Wade,MIA,1610612748,0.321,7,0.5
61,27.0,5,"202334,1610612757",11,6,205.0,0.167,0.467,0.3,0.353,0.018,0.0,0.112,0.135,0.287,0.218,0.531,0.359,0.269,0.139,0.399,0.08,0.182,202334,Ed Davis,POR,1610612757,0.139,5,0.455
62,24.0,5,"202683,1610612760",18,7,323.0,0.041,0.333,0.417,0.283,0.085,0.042,0.216,0.272,0.22,0.232,0.516,0.276,0.197,0.246,0.35,0.088,0.165,202683,Enes Kanter,OKC,1610612760,0.209,11,0.611
63,27.0,5,"202323,1610612738",6,4,214.0,0.307,0.2,0.19,0.166,0.108,0.079,0.218,0.203,0.198,0.192,0.186,0.19,0.202,0.189,0.17,0.258,0.25,202323,Evan Turner,BOS,1610612738,0.221,2,0.333
64,26.0,5,"203105,1610612744",23,9,203.0,0.079,0.5,0.435,0.288,0.0,0.0,0.196,0.216,0.389,0.247,0.489,0.41,0.281,0.198,0.341,0.029,0.187,203105,Festus Ezeli,GSW,1610612744,0.215,14,0.609
65,23.0,5,"1626163,1610612766",7,4,190.0,0.138,0.417,0.037,0.223,0.215,0.2,0.147,0.115,0.204,0.193,0.13,0.254,0.17,0.14,0.208,0.231,0.067,1626163,Frank Kaminsky,CHA,1610612766,0.147,3,0.429
66,30.0,5,"201588,1610612754",7,4,235.0,0.167,0.037,0.0,0.087,0.262,0.289,0.16,0.19,0.182,0.18,0.15,0.142,0.179,0.198,0.1,0.15,0.116,201588,George Hill,IND,1610612754,0.156,3,0.429
67,30.0,5,"101123,1610612748",12,7,110.0,0.027,0.1,0.2,0.179,0.298,0.25,0.265,0.205,0.109,0.125,0.077,0.259,0.154,0.196,0.155,0.235,0.067,101123,Gerald Green,MIA,1610612748,0.226,5,0.417
68,28.0,5,"201945,1610612757",11,6,234.0,0.177,0.188,0.233,0.182,0.15,0.149,0.195,0.171,0.103,0.105,0.122,0.169,0.117,0.157,0.168,0.2,0.082,201945,Gerald Henderson,POR,1610612757,0.173,5,0.455
69,22.0,5,"203922,1610612754",4,2,10.0,0.0,1.0,0.0,0.0,0.0,0.0,0.211,0.375,0.333,0.333,0.0,0.0,0.5,0.35,0.0,0.0,0.0,203922,Glenn Robinson,IND,1610612754,0.19,2,0.5
70,30.0,5,"201609,1610612748",14,7,472.0,0.351,0.055,0.29,0.172,0.249,0.246,0.265,0.264,0.215,0.213,0.131,0.224,0.241,0.254,0.164,0.105,0.237,201609,Goran Dragic,MIA,1610612748,0.257,7,0.5
71,24.0,5,"203084,1610612744",24,9,743.0,0.08,0.047,0.143,0.17,0.157,0.137,0.161,0.137,0.106,0.106,0.175,0.137,0.103,0.133,0.172,0.149,0.09,203084,Harrison Barnes,GSW,1610612744,0.147,15,0.625
72,27.0,5,"202355,1610612748",10,5,291.0,0.028,0.651,0.263,0.364,0.0,0.0,0.146,0.203,0.373,0.333,0.491,0.318,0.33,0.204,0.388,0.286,0.159,202355,Hassan Whiteside,MIA,1610612748,0.168,5,0.5
73,25.0,5,"203546,1610612744",16,6,154.0,0.222,0.0,0.357,0.143,0.205,0.194,0.197,0.217,0.118,0.14,0.071,0.265,0.154,0.201,0.128,0.286,0.243,203546,Ian Clark,GSW,1610612744,0.193,10,0.625
74,29.0,5,"101133,1610612754",7,4,172.0,0.138,0.4,0.063,0.202,0.0,0.0,0.163,0.186,0.287,0.231,0.429,0.298,0.208,0.18,0.245,0.156,0.246,101133,Ian Mahinmi,IND,1610612754,0.19,3,0.429
75,26.0,5,"202697,1610612739",21,5,367.0,0.12,0.086,0.115,0.157,0.157,0.163,0.104,0.092,0.064,0.056,0.156,0.207,0.126,0.094,0.157,0.192,0.133,202697,Iman Shumpert,CLE,1610612739,0.104,16,0.762
76,27.0,5,"202738,1610612738",6,4,220.0,0.319,0.152,0.372,0.099,0.307,0.333,0.294,0.311,0.448,0.458,0.044,0.168,0.427,0.342,0.087,0.129,0.194,202738,Isaiah Thomas,BOS,1610612738,0.294,2,0.333
77,30.0,5,"2747,1610612739",21,5,730.0,0.088,0.069,0.104,0.123,0.318,0.327,0.147,0.136,0.061,0.051,0.038,0.201,0.107,0.145,0.1,0.198,0.059,2747,J.R. Smith,CLE,1610612739,0.129,16,0.762
78,32.0,5,"200755,1610612746",6,4,166.0,0.069,0.056,0.235,0.093,0.477,0.524,0.27,0.258,0.028,0.031,0.029,0.153,0.133,0.231,0.078,0.042,0.147,200755,JJ Redick,LAC,1610612746,0.228,2,0.333
79,26.0,5,"203210,1610612763",4,4,72.0,0.13,0.625,0.286,0.27,0.056,0.0,0.2,0.25,0.222,0.188,0.417,0.286,0.13,0.233,0.306,0.231,0.16,203210,JaMychal Green,MEM,1610612763,0.195,0,0.0
80,28.0,5,"201580,1610612742",2,2,14.0,0.0,0.0,0.0,0.111,0.0,0.0,0.118,0.143,0.286,0.143,0.667,0.5,0.333,0.143,0.25,0.5,0.5,201580,JaVale McGee,DAL,1610612742,0.237,0,0.0
81,25.0,5,"203109,1610612738",6,4,197.0,0.153,0.107,0.097,0.219,0.291,0.263,0.201,0.148,0.129,0.106,0.128,0.189,0.119,0.152,0.201,0.333,0.113,203109,Jae Crowder,BOS,1610612738,0.183,2,0.333
82,36.0,5,"2037,1610612746",6,4,199.0,0.186,0.0,0.231,0.08,0.263,0.167,0.299,0.257,0.17,0.237,0.043,0.098,0.192,0.247,0.07,0.27,0.231,2037,Jamal Crawford,LAC,1610612746,0.275,2,0.333
83,26.0,5,"201935,1610612745",5,4,193.0,0.514,0.059,0.176,0.152,0.341,0.382,0.292,0.313,0.391,0.521,0.123,0.123,0.309,0.36,0.143,0.333,0.342,201935,James Harden,HOU,1610612745,0.31,1,0.2
84,29.0,5,"201949,1610612761",10,6,98.0,0.2,0.0,0.1,0.2,0.17,0.267,0.16,0.197,0.086,0.071,0.231,0.325,0.103,0.182,0.205,0.231,0.25,201949,James Johnson,TOR,1610612761,0.167,4,0.4
85,35.0,5,"2592,1610612739",12,3,55.0,0.214,0.0,0.0,0.071,0.226,0.1,0.12,0.065,0.2,0.071,0.125,0.115,0.188,0.07,0.08,0.0,0.043,2592,James Jones,CLE,1610612739,0.111,9,0.75
86,23.0,5,"203949,1610612744",8,4,38.0,0.105,0.333,0.667,0.348,0.0,0.0,0.07,0.077,0.154,0.063,0.0,0.4,0.25,0.063,0.296,0.5,0.071,203949,James Michael McAdoo,GSW,1610612744,0.082,4,0.5
87,20.0,5,"203923,1610612738",3,3,10.0,0.0,0.0,0.0,0.0,0.167,0.0,0.176,0.167,0.0,0.0,0.0,0.5,0.0,0.133,0.0,0.0,1.0,203923,James Young,BOS,1610612738,0.202,0,0.0
88,24.0,5,"203096,1610612738",6,4,81.0,0.175,0.0,0.308,0.309,0.077,0.105,0.273,0.224,0.1,0.088,0.5,0.381,0.063,0.183,0.36,0.1,0.222,203096,Jared Sullinger,BOS,1610612738,0.251,2,0.333
89,22.0,5,"1626185,1610612763",2,2,46.0,0.059,0.0,0.143,0.13,0.0,0.0,0.107,0.103,0.375,0.375,0.4,0.174,0.333,0.125,0.212,0.25,0.214,1626185,Jarell Martin,MEM,1610612763,0.142,0,0.0
90,38.0,5,"1891,1610612745",5,4,124.0,0.122,0.167,0.083,0.116,0.26,0.261,0.182,0.146,0.043,0.071,0.04,0.176,0.018,0.144,0.099,0.105,0.057,1891,Jason Terry,HOU,1610612745,0.145,1,0.2
91,29.0,5,"201574,1610612761",10,7,55.0,0.053,0.25,0.0,0.172,0.045,0.0,0.096,0.103,0.107,0.0,0.667,0.231,0.174,0.077,0.289,0.0,0.1,201574,Jason Thompson,TOR,1610612761,0.097,3,0.3
92,29.0,5,"201965,1610612746",2,2,2.0,0.0,0.0,0.0,0.0,0.0,0.0,0.167,0.333,0.5,0.5,0.0,0.0,0.5,0.375,0.0,0.0,0.0,201965,Jeff Ayres,LAC,1610612746,0.183,0,0.0
93,29.0,5,"201145,1610612746",6,4,159.0,0.069,0.143,0.222,0.145,0.169,0.235,0.163,0.169,0.253,0.227,0.077,0.179,0.19,0.184,0.128,0.214,0.103,201145,Jeff Green,LAC,1610612746,0.169,2,0.333
94,28.0,5,"201952,1610612737",10,6,279.0,0.455,0.045,0.441,0.079,0.197,0.15,0.243,0.21,0.394,0.423,0.063,0.25,0.323,0.241,0.076,0.125,0.309,201952,Jeff Teague,ATL,1610612737,0.266,4,0.4
95,24.0,5,"203087,1610612766",3,2,12.0,0.2,0.0,1.0,0.3,0.143,0.333,0.391,0.625,0.0,0.0,1.0,0.0,0.0,0.579,0.364,0.0,0.0,203087,Jeremy Lamb,CHA,1610612766,0.346,1,0.333
96,27.0,5,"202391,1610612766",7,4,189.0,0.321,0.0,0.167,0.11,0.197,0.15,0.207,0.21,0.328,0.327,0.107,0.269,0.34,0.238,0.11,0.208,0.256,202391,Jeremy Lin,CHA,1610612766,0.228,3,0.429
97,28.0,5,"201975,1610612765",1,1,2.0,0.0,0.0,0.0,0.0,0.0,0.0,0.333,0.5,0.0,0.0,0.0,0.0,0.0,0.5,0.0,0.0,0.0,201975,Jodie Meeks,DET,1610612765,0.333,0,0.0
98,34.0,5,"2207,1610612748",14,7,492.0,0.21,0.052,0.097,0.163,0.243,0.194,0.195,0.178,0.127,0.144,0.089,0.131,0.147,0.174,0.15,0.17,0.14,2207,Joe Johnson,MIA,1610612748,0.183,7,0.5
99,24.0,5,"1626202,1610612754",4,2,10.0,0.2,0.0,1.0,0.2,0.571,1.0,0.421,0.375,0.667,0.667,0.0,1.0,0.5,0.45,0.125,0.0,0.667,1626202,Joe Young,IND,1610612754,0.467,2,0.5
100,27.0,5,"204066,1610612738",1,1,1.0,0.0,0.0,0.0,0.0,1.0,0.0,0.5,0.0,0.0,0.0,0.0,0.0,0.0,0.0,0.0,0.0,0.0,204066,John Holland,BOS,1610612738,0.5,0,0.0
101,29.0,5,"201973,1610612738",6,4,162.0,0.147,0.19,0.091,0.288,0.22,0.226,0.155,0.182,0.065,0.067,0.184,0.203,0.063,0.165,0.263,0.1,0.104,201973,Jonas Jerebko,BOS,1610612738,0.14,2,0.333
102,24.0,5,"202685,1610612761",12,6,321.0,0.09,0.56,0.206,0.422,0.0,0.0,0.217,0.287,0.257,0.274,0.558,0.215,0.336,0.264,0.464,0.172,0.178,202685,Jonas Valanciunas,TOR,1610612761,0.215,6,0.5
103,26.0,5,"203613,1610612759",3,0,26.0,0.133,0.0,0.8,0.083,0.3,0.286,0.263,0.2,0.167,0.1,0.75,0.333,0.182,0.193,0.25,0.667,0.125,203613,Jonathon Simmons,SAS,1610612759,0.232,3,1.0
104,29.0,5,"200770,1610612763",4,4,113.0,0.41,0.125,0.0,0.088,0.286,0.308,0.154,0.132,0.077,0.1,0.0,0.095,0.083,0.138,0.056,0.214,0.294,200770,Jordan Farmar,MEM,1610612763,0.168,0,0.0
105,28.0,5,"201941,1610612754",5,2,15.0,0.286,0.0,0.0,0.571,0.0,0.0,0.125,0.0,0.0,0.0,0.667,0.125,0.0,0.0,0.6,0.0,0.0,201941,Jordan Hill,IND,1610612754,0.094,3,0.6
106,25.0,5,"203895,1610612739",2,0,4.0,0.0,0.0,0.0,0.4,0.5,0.5,0.5,0.667,0.0,0.0,0.0,0.0,0.0,0.643,0.333,0.0,0.0,203895,Jordan McRae,CLE,1610612739,0.444,2,1.0
107,21.0,5,"1626175,1610612738",2,2,10.0,0.4,0.5,0.0,0.167,0.0,0.0,0.235,0.333,0.0,0.0,0.333,0.0,0.0,0.267,0.222,0.0,0.0,1626175,Jordan Mickey,BOS,1610612738,0.202,0,0.0
108,27.0,5,"203268,1610612766",3,2,12.0,0.4,0.0,0.0,0.2,0.0,0.0,0.13,0.0,0.0,0.0,0.0,0.0,0.333,0.0,0.182,0.0,0.333,203268,Jorge Gutierrez,CHA,1610612766,0.154,1,0.333
109,32.0,5,"200826,1610612742",4,4,100.0,0.385,0.0,0.222,0.125,0.186,0.071,0.2,0.129,0.043,0.059,0.0,0.182,0.085,0.115,0.092,0.0,0.44,200826,Jose Juan Barea,DAL,1610612742,0.213,0,0.0
110,24.0,5,"203962,1610612760",2,0,10.0,0.0,0.0,0.0,0.222,0.222,0.333,0.2,0.25,0.0,0.0,0.333,0.111,0.25,0.188,0.25,0.0,0.0,203962,Josh Huestis,OKC,1610612760,0.13,2,1.0
111,29.0,5,"201177,1610612748",10,5,134.0,0.184,0.455,0.0,0.207,0.104,0.0,0.149,0.157,0.109,0.13,0.35,0.377,0.148,0.14,0.232,0.25,0.148,201177,Josh McRoberts,MIA,1610612748,0.146,5,0.5
112,22.0,5,"1626196,1610612748",14,7,387.0,0.167,0.283,0.167,0.152,0.289,0.309,0.14,0.11,0.08,0.072,0.133,0.202,0.092,0.118,0.148,0.13,0.119,1626196,Josh Richardson,MIA,1610612748,0.132,7,0.5
113,30.0,5,"2746,1610612745",4,3,37.0,0.308,0.25,0.0,0.045,0.381,0.571,0.206,0.207,0.1,0.0,0.125,0.318,0.071,0.208,0.067,0.125,0.294,2746,Josh Smith,HOU,1610612745,0.213,1,0.25
114,22.0,5,"1626147,1610612742",5,4,95.0,0.156,0.5,0.2,0.239,0.289,0.267,0.231,0.23,0.264,0.237,0.391,0.24,0.18,0.234,0.29,0.25,0.238,1626147,Justin Anderson,DAL,1610612742,0.236,1,0.2
115,20.0,5,"1626159,1610612748",13,6,330.0,0.081,0.111,0.308,0.208,0.133,0.125,0.142,0.146,0.178,0.158,0.266,0.224,0.196,0.147,0.221,0.242,0.136,1626159,Justise Winslow,MIA,1610612748,0.145,7,0.538
116,23.0,5,"203909,1610612745",4,4,34.0,0.071,0.6,0.5,0.207,0.188,0.167,0.188,0.16,0.0,0.0,0.077,0.231,0.077,0.132,0.167,0.0,0.0,203909,KJ McDaniels,HOU,1610612745,0.145,0,0.0
117,24.0,5,"202695,1610612759",10,4,339.0,0.187,0.259,0.333,0.218,0.295,0.309,0.275,0.293,0.378,0.389,0.237,0.183,0.317,0.309,0.222,0.406,0.219,202695,Kawhi Leonard,SAS,1610612759,0.278,6,0.6
118,25.0,5,"203482,1610612738",4,3,32.0,0.3,0.0,0.286,0.105,0.136,0.0,0.148,0.067,0.0,0.0,0.25,0.333,0.067,0.047,0.148,0.167,0.333,203482,Kelly Olynyk,BOS,1610612738,0.166,1,0.25
119,26.0,5,"202689,1610612766",7,4,260.0,0.459,0.235,0.561,0.115,0.426,0.412,0.355,0.331,0.241,0.268,0.077,0.103,0.277,0.321,0.108,0.29,0.25,202689,Kemba Walker,CHA,1610612766,0.332,3,0.429
120,26.0,5,"203145,1610612737",10,6,325.0,0.124,0.118,0.263,0.251,0.299,0.232,0.212,0.175,0.152,0.13,0.143,0.102,0.136,0.173,0.23,0.278,0.098,203145,Kent Bazemore,ATL,1610612737,0.191,4,0.4
121,23.0,5,"203484,1610612765",4,4,161.0,0.155,0.1,0.167,0.146,0.333,0.4,0.195,0.18,0.093,0.102,0.077,0.108,0.087,0.189,0.132,0.389,0.057,203484,Kentavious Caldwell-Pope,DET,1610612765,0.169,0,0.0
122,27.0,5,"201142,1610612760",18,7,726.0,0.191,0.214,0.2,0.219,0.288,0.246,0.315,0.296,0.35,0.394,0.069,0.126,0.312,0.312,0.179,0.154,0.314,201142,Kevin Durant,OKC,1610612760,0.319,11,0.611
123,27.0,5,"201567,1610612739",20,5,612.0,0.151,0.151,0.25,0.342,0.28,0.267,0.222,0.183,0.258,0.285,0.218,0.159,0.269,0.209,0.308,0.092,0.191,201567,Kevin Love,CLE,1610612739,0.222,15,0.75
124,33.0,5,"2755,1610612759",5,2,49.0,0.136,0.0,0.25,0.111,0.471,0.444,0.26,0.229,0.167,0.133,0.0,0.217,0.133,0.234,0.093,0.167,0.333,2755,Kevin Martin,SAS,1610612759,0.265,3,0.6
125,35.0,5,"2550,1610612737",6,2,27.0,0.231,0.0,0.0,0.167,0.15,0.143,0.143,0.105,0.0,0.0,0.0,0.222,0.125,0.102,0.129,0.0,0.0,2550,Kirk Hinrich,ATL,1610612737,0.125,4,0.667
126,26.0,5,"202691,1610612744",24,9,849.0,0.125,0.082,0.266,0.124,0.376,0.407,0.298,0.295,0.242,0.274,0.082,0.136,0.209,0.306,0.114,0.19,0.19,202691,Klay Thompson,GSW,1610612744,0.279,15,0.625
127,31.0,5,"2743,1610612737",4,3,56.0,0.129,0.625,0.0,0.356,0.238,0.263,0.272,0.283,0.316,0.375,0.667,0.36,0.235,0.291,0.421,0.333,0.2,2743,Kris Humphries,ATL,1610612737,0.269,1,0.25
128,22.0,5,"203937,1610612759",10,4,129.0,0.121,0.2,0.067,0.282,0.058,0.045,0.118,0.087,0.125,0.128,0.091,0.196,0.161,0.091,0.24,0.261,0.1,203937,Kyle Anderson,SAS,1610612759,0.116,6,0.6
129,35.0,5,"2594,1610612737",10,6,316.0,0.063,0.069,0.047,0.191,0.254,0.312,0.131,0.138,0.073,0.093,0.047,0.176,0.141,0.151,0.161,0.176,0.075,2594,Kyle Korver,ATL,1610612737,0.118,4,0.4
130,30.0,5,"200768,1610612761",20,10,766.0,0.446,0.052,0.282,0.161,0.359,0.347,0.258,0.234,0.272,0.281,0.102,0.206,0.273,0.251,0.145,0.271,0.309,200768,Kyle Lowry,TOR,1610612761,0.266,10,0.5
131,28.0,5,"202713,1610612760",6,3,51.0,0.0,0.0,0.0,0.171,0.19,0.5,0.11,0.094,0.074,0.0,0.083,0.19,0.095,0.091,0.149,0.143,0.0,202713,Kyle Singler,OKC,1610612760,0.092,3,0.5
132,24.0,5,"202681,1610612739",21,5,774.0,0.289,0.171,0.289,0.092,0.238,0.256,0.314,0.313,0.243,0.283,0.082,0.154,0.19,0.302,0.089,0.286,0.245,202681,Kyrie Irving,CLE,1610612739,0.3,16,0.762
133,30.0,5,"200746,1610612759",10,4,337.0,0.071,0.255,0.094,0.258,0.017,0.042,0.29,0.319,0.317,0.353,0.415,0.145,0.223,0.306,0.287,0.067,0.136,200746,LaMarcus Aldridge,SAS,1610612759,0.276,6,0.6
134,24.0,5,"203934,1610612737",4,2,20.0,0.273,0.0,0.5,0.313,0.273,0.2,0.206,0.143,0.333,0.5,0.0,0.143,0.25,0.171,0.238,0.5,0.667,203934,Lamar Patterson,ATL,1610612737,0.277,2,0.5
135,25.0,5,"202362,1610612763",4,4,95.0,0.184,0.0,0.231,0.106,0.167,0.182,0.278,0.319,0.135,0.182,0.048,0.217,0.139,0.294,0.088,0.067,0.107,202362,Lance Stephenson,MEM,1610612763,0.243,0,0.0
136,27.0,5,"202730,1610612754",6,3,51.0,0.111,0.125,0.4,0.303,0.0,0.0,0.127,0.107,0.0,0.0,0.5,0.071,0.0,0.074,0.341,0.167,0.053,202730,Lavoy Allen,IND,1610612754,0.101,3,0.5
137,31.0,5,"2544,1610612739",21,5,822.0,0.418,0.351,0.213,0.279,0.181,0.15,0.293,0.323,0.341,0.32,0.22,0.168,0.313,0.302,0.264,0.348,0.371,2544,LeBron James,CLE,1610612739,0.306,16,0.762
138,33.0,5,"2571,1610612744",23,9,254.0,0.118,0.045,0.333,0.093,0.188,0.183,0.203,0.243,0.183,0.198,0.256,0.218,0.15,0.23,0.126,0.297,0.147,2571,Leandro Barbosa,GSW,1610612744,0.193,14,0.609
139,29.0,5,"201601,1610612746",5,3,78.0,0.032,0.0,0.167,0.133,0.0,0.0,0.043,0.066,0.034,0.059,0.133,0.281,0.063,0.061,0.133,0.231,0.118,201601,Luc Mbah a Moute,LAC,1610612746,0.05,2,0.4
140,23.0,5,"203512,1610612761",5,4,29.0,0.0,0.0,0.0,0.368,0.0,0.0,0.095,0.188,0.0,0.0,1.0,0.333,0.0,0.13,0.4,0.0,0.0,203512,Lucas Nogueira,TOR,1610612761,0.076,1,0.2
141,23.0,5,"1626242,1610612757",6,3,8.0,0.0,0.0,0.0,0.0,0.4,0.5,0.3,0.5,0.0,0.0,0.0,0.5,0.0,0.471,0.0,0.0,0.0,1626242,Luis Montero,POR,1610612757,0.233,3,0.5
142,36.0,5,"2449,1610612761",11,6,140.0,0.167,0.0,0.25,0.186,0.284,0.222,0.136,0.093,0.167,0.163,0.08,0.301,0.222,0.117,0.162,0.167,0.119,2449,Luis Scola,TOR,1610612761,0.137,5,0.455
143,31.0,5,"2736,1610612748",14,7,495.0,0.131,0.134,0.135,0.18,0.3,0.348,0.168,0.17,0.181,0.2,0.204,0.119,0.173,0.187,0.185,0.22,0.172,2736,Luol Deng,MIA,1610612748,0.17,7,0.5
144,38.0,5,"1938,1610612759",10,4,192.0,0.272,0.103,0.059,0.162,0.233,0.25,0.139,0.128,0.23,0.228,0.162,0.313,0.238,0.157,0.162,0.222,0.159,1938,Manu Ginobili,SAS,1610612759,0.151,6,0.6
145,26.0,5,"202694,1610612765",4,4,144.0,0.159,0.0,0.0,0.121,0.265,0.28,0.208,0.206,0.315,0.426,0.095,0.288,0.267,0.248,0.116,0.105,0.167,202694,Marcus Morris,DET,1610612765,0.216,0,0.0
146,22.0,5,"203935,1610612738",6,4,193.0,0.22,0.192,0.231,0.14,0.269,0.314,0.172,0.163,0.231,0.243,0.2,0.189,0.286,0.192,0.153,0.357,0.242,203935,Marcus Smart,BOS,1610612738,0.187,2,0.333
147,28.0,5,"201578,1610612744",24,9,201.0,0.116,0.471,0.222,0.239,0.355,0.409,0.331,0.295,0.373,0.387,0.366,0.462,0.345,0.321,0.269,0.094,0.323,201578,Marreese Speights,GSW,1610612744,0.333,15,0.625
148,30.0,5,"101107,1610612766",7,4,228.0,0.092,0.188,0.154,0.304,0.202,0.222,0.129,0.091,0.04,0.024,0.175,0.126,0.13,0.086,0.274,0.222,0.047,101107,Marvin Williams,CHA,1610612766,0.114,3,0.429
149,26.0,5,"203486,1610612757",11,6,306.0,0.358,0.423,0.286,0.41,0.0,0.0,0.122,0.119,0.217,0.191,0.402,0.288,0.226,0.116,0.408,0.163,0.291,203486,Mason Plumlee,POR,1610612757,0.15,5,0.455
150,36.0,5,"2440,1610612763",4,4,139.0,0.234,0.091,0.138,0.279,0.375,0.231,0.196,0.18,0.169,0.178,0.119,0.21,0.176,0.182,0.227,0.222,0.283,2440,Matt Barnes,MEM,1610612763,0.207,0,0.0
151,25.0,5,"203521,1610612739",20,5,241.0,0.471,0.056,0.222,0.068,0.19,0.118,0.187,0.149,0.198,0.231,0.087,0.237,0.189,0.158,0.072,0.032,0.226,203521,Matthew Dellavedova,CLE,1610612739,0.193,15,0.75
152,23.0,5,"203090,1610612757",11,6,272.0,0.061,0.136,0.212,0.163,0.24,0.246,0.219,0.236,0.184,0.12,0.272,0.29,0.225,0.216,0.193,0.278,0.153,203090,Maurice Harkless,POR,1610612757,0.208,5,0.455
153,27.0,5,"201563,1610612745",5,4,80.0,0.077,0.0,0.5,0.279,0.12,0.118,0.311,0.344,0.179,0.188,0.2,0.157,0.172,0.294,0.259,0.1,0.219,201563,Michael Beasley,HOU,1610612745,0.284,1,0.2
154,24.0,5,"203488,1610612737",9,5,67.0,0.1,0.091,0.125,0.196,0.15,0.154,0.177,0.244,0.054,0.065,0.389,0.273,0.067,0.19,0.246,0.0,0.167,203488,Mike Muscala,ATL,1610612737,0.162,4,0.444
155,27.0,5,"203118,1610612737",10,6,161.0,0.067,0.15,0.063,0.229,0.152,0.216,0.145,0.191,0.125,0.135,0.2,0.317,0.172,0.185,0.224,0.2,0.16,203118,Mike Scott,ATL,1610612737,0.145,4,0.4
156,33.0,5,"2590,1610612739",13,3,68.0,0.158,0.0,0.0,0.115,0.351,0.333,0.277,0.211,0.077,0.056,0.0,0.267,0.208,0.194,0.1,0.4,0.385,2590,Mo Williams,CLE,1610612739,0.281,10,0.769
157,30.0,5,"101145,1610612754",7,4,225.0,0.37,0.0,0.211,0.164,0.223,0.189,0.219,0.21,0.086,0.083,0.1,0.155,0.128,0.181,0.15,0.375,0.239,101145,Monta Ellis,IND,1610612754,0.208,3,0.429
158,22.0,5,"1626149,1610612745",2,2,12.0,0.0,0.0,0.0,0.222,0.2,0.0,0.13,0.143,0.25,0.2,0.0,0.5,0.2,0.158,0.143,0.0,0.333,1626149,Montrezl Harrell,HOU,1610612745,0.165,0,0.0
159,20.0,5,"1626167,1610612754",7,4,197.0,0.038,0.742,0.118,0.242,0.021,0.0,0.223,0.232,0.101,0.078,0.381,0.289,0.141,0.182,0.278,0.061,0.214,1626167,Myles Turner,IND,1610612754,0.21,3,0.429
160,38.0,5,"1737,1610612760",5,2,10.0,0.0,1.0,0.0,0.25,0.0,0.0,0.125,0.2,0.0,0.0,0.333,0.333,0.0,0.154,0.273,0.0,0.25,1737,Nazr Mohammed,OKC,1610612760,0.15,3,0.6
161,35.0,5,"2555,1610612760",9,3,79.0,0.143,0.0,0.0,0.151,0.0,0.0,0.048,0.07,0.045,0.03,0.176,0.395,0.138,0.055,0.157,0.615,0.042,2555,Nick Collison,OKC,1610612760,0.047,6,0.667
162,27.0,5,"201587,1610612766",5,4,144.0,0.294,0.0,0.053,0.19,0.4,0.462,0.193,0.191,0.27,0.283,0.087,0.143,0.188,0.227,0.168,0.125,0.242,201587,Nicolas Batum,CHA,1610612766,0.207,1,0.2
163,20.0,5,"203943,1610612757",6,3,12.0,0.4,0.0,1.0,0.429,0.0,0.0,0.176,0.0,0.0,0.0,0.5,0.333,0.0,0.0,0.444,0.667,0.0,203943,Noah Vonleh,POR,1610612757,0.127,3,0.5
164,23.0,5,"1626181,1610612761",18,10,206.0,0.097,0.1,0.077,0.174,0.271,0.35,0.199,0.208,0.071,0.081,0.071,0.202,0.049,0.186,0.144,0.361,0.1,1626181,Norman Powell,TOR,1610612761,0.174,8,0.444
165,23.0,5,"203798,1610612763",2,2,22.0,0.0,0.0,0.0,0.0,0.3,0.25,0.171,0.125,0.333,0.0,0.0,0.167,0.1,0.132,0.0,0.2,0.167,203798,PJ Hairston,MEM,1610612763,0.181,0,0.0
166,39.0,5,"203143,1610612746",5,3,26.0,0.5,0.0,0.0,0.053,0.154,0.0,0.106,0.0,0.0,0.0,0.286,0.5,0.0,0.0,0.115,0.0,0.375,203143,Pablo Prigioni,LAC,1610612746,0.126,2,0.4
167,23.0,5,"1626192,1610612757",6,3,8.0,0.0,0.0,0.0,0.25,0.5,0.5,0.455,0.5,0.0,0.0,0.0,0.0,0.0,0.471,0.2,0.0,0.0,1626192,Pat Connaughton,POR,1610612757,0.36,3,0.5
168,27.0,5,"201976,1610612745",5,4,129.0,0.244,0.167,0.211,0.202,0.203,0.2,0.155,0.112,0.083,0.118,0.087,0.254,0.188,0.119,0.163,0.1,0.087,201976,Patrick Beverley,HOU,1610612745,0.138,1,0.2
169,27.0,5,"202335,1610612761",20,10,583.0,0.126,0.231,0.102,0.137,0.258,0.244,0.14,0.129,0.086,0.095,0.221,0.123,0.091,0.13,0.16,0.083,0.115,202335,Patrick Patterson,TOR,1610612761,0.132,10,0.5
170,27.0,5,"201988,1610612759",10,4,167.0,0.26,0.0,0.0,0.135,0.45,0.382,0.183,0.172,0.157,0.125,0.0,0.05,0.227,0.184,0.102,0.194,0.178,201988,Patty Mills,SAS,1610612759,0.18,6,0.6
171,26.0,5,"202331,1610612754",7,4,275.0,0.286,0.156,0.4,0.254,0.352,0.346,0.295,0.289,0.448,0.513,0.18,0.183,0.425,0.342,0.238,0.286,0.271,202331,Paul George,IND,1610612754,0.308,3,0.429
172,31.0,5,"200794,1610612737",10,6,365.0,0.162,0.371,0.188,0.247,0.134,0.101,0.212,0.219,0.346,0.333,0.378,0.176,0.35,0.225,0.276,0.203,0.236,200794,Paul Millsap,ATL,1610612737,0.227,4,0.4
173,38.0,5,"1718,1610612746",5,4,54.0,0.1,0.0,0.0,0.15,0.217,0.167,0.129,0.057,0.138,0.063,0.0,0.25,0.091,0.065,0.115,0.167,0.154,1718,Paul Pierce,LAC,1610612746,0.133,1,0.2
174,22.0,5,"1626154,1610612738",5,4,41.0,0.15,0.25,0.4,0.172,0.208,0.2,0.114,0.063,0.0,0.0,0.1,0.2,0.0,0.061,0.154,0.0,0.167,1626154,RJ Hunter,BOS,1610612738,0.109,1,0.2
175,32.0,5,"200751,1610612760",16,6,190.0,0.194,0.167,0.1,0.135,0.239,0.229,0.132,0.107,0.037,0.048,0.041,0.217,0.096,0.105,0.11,0.069,0.172,200751,Randy Foye,OKC,1610612760,0.127,10,0.625
176,32.0,5,"101109,1610612742",5,4,172.0,0.315,0.0,0.368,0.21,0.209,0.2,0.24,0.256,0.131,0.125,0.065,0.151,0.135,0.23,0.176,0.24,0.273,101109,Raymond Felton,DAL,1610612742,0.233,1,0.2
177,25.0,5,"203493,1610612765",2,2,22.0,0.25,0.0,0.0,0.167,0.333,0.5,0.182,0.313,0.0,0.0,0.0,0.25,0.0,0.3,0.154,0.5,0.0,203493,Reggie Bullock,DET,1610612765,0.146,0,0.0
178,26.0,5,"202704,1610612765",4,4,147.0,0.561,0.2,0.286,0.117,0.25,0.115,0.229,0.217,0.068,0.105,0.083,0.175,0.179,0.194,0.11,0.3,0.357,202704,Reggie Jackson,DET,1610612765,0.227,0,0.0
179,36.0,5,"2210,1610612739",21,5,382.0,0.079,0.034,0.258,0.223,0.122,0.128,0.134,0.147,0.118,0.124,0.216,0.187,0.133,0.141,0.222,0.172,0.117,2210,Richard Jefferson,CLE,1610612739,0.13,16,0.762
180,30.0,5,"201155,1610612754",7,4,125.0,0.28,0.067,0.267,0.163,0.172,0.217,0.219,0.215,0.145,0.1,0.037,0.18,0.196,0.19,0.133,0.267,0.167,201155,Rodney Stuckey,IND,1610612754,0.204,3,0.429
181,27.0,5,"201566,1610612760",18,7,674.0,0.643,0.025,0.327,0.171,0.31,0.281,0.322,0.28,0.346,0.366,0.232,0.153,0.317,0.297,0.187,0.404,0.433,201566,Russell Westbrook,OKC,1610612760,0.337,11,0.611
182,30.0,5,"1626257,1610612742",4,3,76.0,0.032,0.833,0.125,0.186,0.0,0.0,0.076,0.121,0.293,0.192,0.455,0.289,0.256,0.128,0.241,0.25,0.0,1626257,Salah Mejri,DAL,1610612742,0.091,1,0.25
183,26.0,5,"201586,1610612760",18,7,602.0,0.037,0.32,0.019,0.204,0.232,0.284,0.15,0.167,0.056,0.053,0.155,0.211,0.065,0.153,0.192,0.144,0.055,201586,Serge Ibaka,OKC,1610612760,0.129,11,0.611
184,30.0,5,"2733,1610612744",24,9,514.0,0.302,0.078,0.164,0.177,0.003,0.0,0.184,0.195,0.138,0.154,0.107,0.192,0.143,0.168,0.159,0.148,0.193,2733,Shaun Livingston,GSW,1610612744,0.18,15,0.625
185,25.0,5,"203524,1610612754",7,4,198.0,0.101,0.0,0.15,0.187,0.209,0.297,0.098,0.101,0.154,0.169,0.116,0.208,0.151,0.134,0.169,0.077,0.057,203524,Solomon Hill,IND,1610612754,0.099,3,0.429
186,23.0,5,"203915,1610612765",1,1,2.0,0.5,0.0,0.0,0.0,0.0,0.0,0.333,0.5,0.0,0.0,0.0,0.0,0.0,0.5,0.0,0.0,0.0,203915,Spencer Dinwiddie,DET,1610612765,0.333,0,0.0
187,28.0,5,"201150,1610612766",5,2,53.0,0.214,0.333,0.125,0.265,0.222,0.25,0.149,0.162,0.176,0.185,0.5,0.185,0.167,0.171,0.291,0.143,0.235,201150,Spencer Hawes,CHA,1610612766,0.165,3,0.6
188,20.0,5,"1626169,1610612765",4,4,81.0,0.0,0.0,0.0,0.302,0.238,0.353,0.187,0.2,0.057,0.1,0.0,0.323,0.083,0.204,0.246,0.167,0.158,1626169,Stanley Johnson,DET,1610612765,0.171,0,0.0
189,28.0,5,"201939,1610612744",18,7,614.0,0.307,0.077,0.214,0.205,0.416,0.428,0.305,0.298,0.278,0.336,0.105,0.14,0.305,0.322,0.181,0.236,0.397,201939,Stephen Curry,GSW,1610612744,0.314,11,0.611
190,36.0,5,"2581,1610612765",4,4,43.0,0.526,0.0,0.0,0.138,0.1,0.111,0.086,0.037,0.069,0.053,0.0,0.368,0.08,0.049,0.121,0.0,0.357,2581,Steve Blake,DET,1610612765,0.128,0,0.0
191,22.0,5,"203500,1610612760",18,7,553.0,0.054,0.237,0.313,0.281,0.004,0.0,0.112,0.153,0.247,0.201,0.392,0.246,0.27,0.15,0.313,0.111,0.109,203500,Steven Adams,OKC,1610612760,0.126,11,0.611
192,25.0,5,"203082,1610612761",20,10,336.0,0.109,0.185,0.147,0.153,0.388,0.438,0.214,0.21,0.124,0.127,0.056,0.177,0.115,0.214,0.125,0.228,0.172,203082,Terrence Ross,TOR,1610612761,0.199,10,0.5
193,22.0,5,"1626179,1610612738",5,3,99.0,0.171,0.25,0.0,0.219,0.175,0.267,0.133,0.145,0.065,0.077,0.136,0.135,0.108,0.145,0.198,0.083,0.069,1626179,Terry Rozier,BOS,1610612738,0.12,2,0.4
194,32.0,5,"200757,1610612737",10,6,203.0,0.191,0.176,0.063,0.229,0.134,0.163,0.135,0.151,0.165,0.116,0.235,0.195,0.1,0.146,0.23,0.294,0.2,200757,Thabo Sefolosha,ATL,1610612737,0.146,4,0.4
195,40.0,5,"1495,1610612759",10,4,218.0,0.143,0.31,0.333,0.241,0.0,0.0,0.138,0.119,0.284,0.25,0.294,0.231,0.211,0.127,0.25,0.054,0.204,1495,Tim Duncan,SAS,1610612759,0.156,6,0.6
196,24.0,5,"203501,1610612737",9,5,87.0,0.2,0.111,0.0,0.132,0.255,0.133,0.172,0.125,0.154,0.121,0.0,0.056,0.162,0.125,0.108,0.0,0.158,203501,Tim Hardaway Jr.,ATL,1610612737,0.169,4,0.444
197,29.0,5,"202389,1610612739",13,3,76.0,0.111,1.0,0.0,0.32,0.0,0.0,0.123,0.128,0.182,0.188,0.556,0.41,0.2,0.119,0.356,0.333,0.286,202389,Timofey Mozgov,CLE,1610612739,0.155,10,0.769
198,23.0,5,"202699,1610612765",4,4,156.0,0.16,0.3,0.444,0.32,0.154,0.125,0.185,0.169,0.2,0.261,0.286,0.175,0.164,0.178,0.314,0.158,0.194,202699,Tobias Harris,DET,1610612765,0.187,0,0.0
199,34.0,5,"2754,1610612763",4,4,94.0,0.097,0.333,0.125,0.089,0.241,0.143,0.199,0.161,0.371,0.321,0.171,0.234,0.281,0.189,0.121,0.278,0.194,2754,Tony Allen,MEM,1610612763,0.211,0,0.0
200,34.0,5,"2225,1610612759",10,4,264.0,0.482,0.043,0.346,0.117,0.18,0.114,0.215,0.204,0.13,0.14,0.027,0.152,0.204,0.188,0.102,0.128,0.31,2225,Tony Parker,SAS,1610612759,0.218,6,0.6
201,30.0,5,"2772,1610612745",5,4,181.0,0.061,0.063,0.053,0.119,0.246,0.138,0.159,0.108,0.038,0.047,0.14,0.167,0.057,0.099,0.125,0.382,0.164,2772,Trevor Ariza,HOU,1610612745,0.148,1,0.2
202,25.0,5,"202684,1610612739",21,5,622.0,0.054,0.321,0.227,0.245,0.0,0.0,0.086,0.097,0.258,0.2,0.551,0.24,0.228,0.102,0.329,0.074,0.111,202684,Tristan Thompson,CLE,1610612739,0.104,16,0.762
203,24.0,5,"203584,1610612766",4,3,18.0,0.0,0.0,0.5,0.154,0.333,0.0,0.276,0.091,0.0,0.0,0.0,0.4,0.25,0.067,0.143,0.0,0.0,203584,Troy Daniels,CHA,1610612766,0.222,1,0.25
204,28.0,5,"201951,1610612754",7,4,74.0,0.417,0.0,0.182,0.143,0.097,0.0,0.148,0.13,0.194,0.174,0.067,0.222,0.208,0.131,0.123,0.273,0.273,201951,Ty Lawson,IND,1610612754,0.169,3,0.429
205,30.0,5,"201946,1610612766",2,1,6.0,0.0,0.0,0.0,0.0,0.0,0.0,0.0,0.0,0.0,0.0,0.0,0.0,0.0,0.0,0.0,0.0,0.0,201946,Tyler Hansbrough,CHA,1610612766,0.0,1,0.5
206,24.0,5,"204020,1610612748",5,2,61.0,0.348,0.0,0.0,0.116,0.194,0.231,0.112,0.111,0.333,0.308,0.2,0.333,0.231,0.163,0.132,0.2,0.167,204020,Tyler Johnson,MIA,1610612748,0.143,3,0.6
207,26.0,5,"203092,1610612738",3,3,38.0,0.1,0.333,0.0,0.407,0.0,0.0,0.195,0.226,0.353,0.308,0.333,0.053,0.412,0.222,0.385,0.0,0.286,203092,Tyler Zeller,BOS,1610612738,0.215,0,0.0
208,36.0,5,"2617,1610612748",9,5,85.0,0.211,0.143,0.125,0.364,0.0,0.0,0.107,0.136,0.175,0.156,0.478,0.289,0.316,0.132,0.397,0.0,0.292,2617,Udonis Haslem,MIA,1610612748,0.138,4,0.444
209,39.0,5,"1713,1610612763",4,4,91.0,0.152,0.167,0.391,0.196,0.303,0.636,0.21,0.263,0.222,0.276,0.185,0.265,0.265,0.292,0.192,0.154,0.115,1713,Vince Carter,MEM,1610612763,0.199,0,0.0
210,28.0,5,"202325,1610612746",6,4,77.0,0.071,0.444,0.0,0.213,0.25,0.333,0.095,0.081,0.068,0.103,0.192,0.182,0.054,0.099,0.207,0.063,0.125,202325,Wesley Johnson,LAC,1610612746,0.095,2,0.333
211,29.0,5,"202083,1610612742",5,4,173.0,0.082,0.0,0.19,0.144,0.427,0.476,0.201,0.16,0.226,0.259,0.133,0.152,0.227,0.198,0.142,0.316,0.095,202083,Wesley Matthews,DAL,1610612742,0.191,1,0.2
212,24.0,5,"204098,1610612763",4,4,89.0,0.333,0.333,0.0,0.182,0.308,0.125,0.2,0.145,0.061,0.0,0.053,0.167,0.128,0.126,0.143,0.316,0.147,204098,Xavier Munford,MEM,1610612763,0.18,0,0.0
213,34.0,5,"2216,1610612763",4,4,120.0,0.194,0.0,0.5,0.274,0.0,0.0,0.286,0.303,0.189,0.194,0.349,0.217,0.333,0.271,0.302,0.056,0.184,2216,Zach Randolph,MEM,1610612763,0.266,0,0.0
214,32.0,5,"2585,1610612742",5,4,112.0,0.308,0.5,0.222,0.293,0.0,0.0,0.127,0.115,0.486,0.556,0.4,0.236,0.35,0.163,0.325,0.273,0.069,2585,Zaza Pachulia,DAL,1610612742,0.143,1,0.2
