,AGE,AST,BLK,BLKA,CFID,CFPARAMS,DD2,DREB,FG3A,FG3M,FG3_PCT,FGA,FGM,FG_PCT,FTA,FTM,FT_PCT,GP,L,MIN,OREB,PF,PFD,PLAYER_ID,PLAYER_NAME,PLUS_MINUS,PTS,REB,STL,TD3,TEAM_ABBREVIATION,TEAM_ID,TOV,W,W_PCT
0,21.0,0.0,0.0,0.0,5,"1626151,1610612766",0,0.5,0.0,0.0,0.0,0.0,0.0,0.0,0.0,0.0,0.0,2,1,3.7,0.0,0.5,0.0,1626151,Aaron Harrison,-3.5,0.0,0.5,0.0,0,CHA,1610612766,0.0,1,0.5
1,30.0,3.1,2.4,0.3,5,"201143,1610612737",1,5.2,2.8,1.1,0.393,11.6,5.4,0.466,1.6,1.5,0.938,10,6,32.7,1.3,2.5,2.0,201143,Al Horford,-3.8,13.4,6.5,1.2,0,ATL,1610612737,1.7,4,0.4
2,31.0,1.1,0.4,1.0,5,"2744,1610612766",0,4.1,0.0,0.0,0.0,11.9,6.0,0.506,1.9,1.3,0.692,7,4,24.1,2.0,1.7,1.4,2744,Al Jefferson,-9.1,13.3,6.1,0.6,0,CHA,1610612766,0.9,3,0.429
3,25.0,1.8,0.9,0.5,5,"202329,1610612757",4,6.5,6.4,2.5,0.4,11.6,5.1,0.438,2.6,1.9,0.724,11,6,33.8,2.1,2.8,1.9,202329,Al-Farouq Aminu,-1.1,14.6,8.6,0.7,0,POR,1610612757,1.9,5,0.455
4,24.0,1.4,0.1,0.1,5,"203459,1610612757",0,2.5,3.2,1.4,0.429,6.6,3.5,0.521,1.7,1.3,0.737,11,6,27.5,0.5,2.1,2.0,203459,Allen Crabbe,-1.9,9.5,2.9,0.6,0,POR,1610612757,0.5,5,0.455
5,33.0,0.0,0.3,0.0,5,"2405,1610612748",0,1.1,0.0,0.0,0.0,2.1,1.2,0.579,0.9,0.9,1.0,9,5,9.1,0.3,1.6,0.8,2405,Amar'e Stoudemire,-2.0,3.3,1.4,0.6,0,MIA,1610612748,1.0,4,0.444
6,29.0,0.7,1.3,0.7,5,"101161,1610612738",0,5.3,0.3,0.0,0.0,5.5,3.7,0.667,1.5,1.2,0.778,6,4,22.3,1.8,2.2,1.2,101161,Amir Johnson,-3.7,8.5,7.2,0.2,0,BOS,1610612738,1.7,2,0.333
7,33.0,0.8,0.1,0.1,5,"2760,1610612744",0,0.5,0.0,0.0,0.0,0.8,0.3,0.357,1.1,0.6,0.526,17,6,5.5,0.7,1.0,1.3,2760,Anderson Varejao,1.1,1.2,1.2,0.1,0,GSW,1610612744,0.1,11,0.647
8,22.0,0.0,1.5,0.3,5,"203083,1610612765",2,6.0,0.3,0.0,0.0,13.5,7.0,0.519,8.5,2.8,0.324,4,4,32.9,3.0,2.0,7.5,203083,Andre Drummond,-2.5,16.8,9.0,0.3,0,DET,1610612765,1.0,0,0.0
9,32.0,3.8,0.4,0.3,5,"2738,1610612744",1,2.9,2.7,1.0,0.385,6.8,3.3,0.476,2.4,1.3,0.561,24,9,32.0,1.5,1.5,2.3,2738,Andre Iguodala,2.6,8.9,4.4,1.2,0,GSW,1610612744,1.0,15,0.625
10,40.0,1.8,0.0,0.3,5,"1889,1610612759",0,0.8,0.8,0.3,0.333,1.8,0.8,0.429,0.5,0.5,1.0,4,1,8.8,0.5,1.0,0.3,1889,Andre Miller,1.8,2.3,1.3,0.0,0,SAS,1610612759,0.0,3,0.75
11,24.0,0.8,1.1,0.3,5,"203460,1610612760",1,4.2,2.1,0.7,0.324,4.8,2.2,0.465,1.1,0.4,0.4,18,7,26.2,1.4,2.5,0.9,203460,Andre Roberson,2.3,5.6,5.6,1.3,0,OKC,1610612760,0.6,11,0.611
12,31.0,1.4,1.6,0.3,5,"101106,1610612744",2,3.5,0.1,0.0,0.0,3.5,2.2,0.623,0.6,0.2,0.357,22,7,16.6,2.1,3.3,0.9,101106,Andrew Bogut,1.5,4.6,5.7,0.6,0,GSW,1610612744,0.9,15,0.682
13,27.0,0.0,0.0,0.0,5,"202726,1610612745",0,1.0,0.5,0.0,0.0,3.0,1.5,0.5,0.0,0.0,0.0,2,2,5.7,0.0,0.0,0.0,202726,Andrew Goudelock,-2.0,3.0,1.0,0.0,0,HOU,1610612745,1.5,0,0.0
14,30.0,0.1,0.0,0.0,5,"201627,1610612760",0,0.1,1.0,0.4,0.357,1.7,0.8,0.458,0.7,0.7,1.0,14,6,5.4,0.0,0.4,0.4,201627,Anthony Morrow,0.1,2.6,0.1,0.1,0,OKC,1610612760,0.3,8,0.571
15,31.0,0.3,0.3,0.0,5,"201229,1610612765",0,1.0,0.7,0.0,0.0,1.3,0.7,0.5,0.0,0.0,0.0,3,3,8.7,0.3,0.0,0.0,201229,Anthony Tolliver,-5.7,1.3,1.3,0.0,0,DET,1610612765,0.0,0,0.0
16,29.0,0.5,0.0,0.5,5,"203382,1610612765",0,1.3,0.0,0.0,0.0,2.3,1.0,0.444,0.8,0.5,0.667,4,4,11.0,0.8,1.0,1.0,203382,Aron Baynes,-8.0,2.5,2.0,0.0,0,DET,1610612765,0.8,0,0.0
17,23.0,2.7,0.0,0.2,5,"203085,1610612746",0,2.0,2.8,0.7,0.235,10.2,4.3,0.426,1.5,1.0,0.667,6,4,24.0,0.7,2.0,1.8,203085,Austin Rivers,-3.7,10.3,2.7,0.5,0,LAC,1610612746,1.2,2,0.333
18,25.0,1.0,1.0,1.0,5,"202340,1610612738",0,1.0,7.0,1.0,0.143,16.0,7.0,0.438,3.0,3.0,1.0,1,1,33.2,2.0,2.0,2.0,202340,Avery Bradley,0.0,18.0,3.0,1.0,0,BOS,1610612738,1.0,0,0.0
19,23.0,0.4,1.4,0.4,5,"202687,1610612761",3,6.7,0.0,0.0,0.0,3.5,2.0,0.58,3.6,2.2,0.597,20,10,25.3,2.7,2.4,3.2,202687,Bismack Biyombo,-1.7,6.2,9.4,0.4,0,TOR,1610612761,1.1,10,0.5
20,27.0,4.0,0.5,1.3,5,"201933,1610612746",1,7.0,0.5,0.3,0.5,13.3,5.0,0.377,6.3,4.8,0.76,4,2,31.7,1.8,2.3,4.5,201933,Blake Griffin,1.5,15.0,8.8,0.8,0,LAC,1610612746,2.3,2,0.5
21,27.0,0.4,0.3,0.0,5,"1626246,1610612759",0,1.4,0.0,0.0,0.0,1.7,1.1,0.667,1.3,1.1,0.889,7,3,6.0,0.6,1.4,0.7,1626246,Boban Marjanovic,0.1,3.4,2.0,0.0,0,SAS,1610612759,0.4,4,0.571
22,34.0,2.3,0.4,0.4,5,"2564,1610612759",0,1.9,0.7,0.2,0.333,5.1,2.3,0.457,0.4,0.3,0.75,9,3,17.6,0.2,1.0,1.1,2564,Boris Diaw,4.3,5.2,2.1,0.2,0,SAS,1610612759,0.7,6,0.667
23,30.0,0.2,0.1,0.0,5,"201575,1610612744",0,1.6,0.9,0.3,0.333,1.4,0.6,0.45,0.1,0.1,0.5,14,6,7.9,0.0,0.6,0.2,201575,Brandon Rush,-0.1,1.6,1.6,0.1,0,GSW,1610612744,0.1,8,0.571
24,30.0,0.3,0.0,0.0,5,"203148,1610612757",0,0.0,0.4,0.0,0.0,0.9,0.2,0.222,0.6,0.4,0.667,10,6,3.6,0.1,0.5,0.4,203148,Brian Roberts,1.8,0.8,0.1,0.0,0,POR,1610612757,0.1,4,0.4
25,23.0,0.5,0.0,0.0,5,"1627362,1610612748",0,0.0,0.0,0.0,0.0,0.5,0.0,0.0,0.0,0.0,0.0,2,1,3.0,0.0,0.5,0.0,1627362,Briante Weber,4.0,0.0,0.0,0.5,0,MIA,1610612748,0.0,1,0.5
26,24.0,3.3,0.5,0.6,5,"203468,1610612757",0,3.0,5.3,1.8,0.345,17.9,7.6,0.426,4.2,3.4,0.804,11,6,40.2,0.6,2.7,3.4,203468,CJ McCollum,0.5,20.5,3.6,0.9,0,POR,1610612757,1.8,5,0.455
27,29.0,0.6,0.1,0.4,5,"101139,1610612754",0,2.9,2.9,0.3,0.1,5.4,1.4,0.263,0.4,0.3,0.667,7,4,13.1,0.6,1.0,0.1,101139,CJ Miles,-2.6,3.4,3.4,0.1,0,IND,1610612754,0.4,3,0.429
28,25.0,0.5,0.0,0.0,5,"203912,1610612746",0,0.5,0.0,0.0,0.0,0.5,0.0,0.0,0.0,0.0,0.0,2,2,3.7,0.0,0.5,0.0,203912,CJ Wilcox,4.5,0.0,0.5,0.0,0,LAC,1610612746,0.0,0,0.0
29,21.0,0.8,0.2,0.2,5,"1626166,1610612760",0,0.4,1.0,0.2,0.2,2.6,0.7,0.269,0.4,0.2,0.5,10,3,6.4,0.0,0.7,0.4,1626166,Cameron Payne,-3.2,1.8,0.4,0.2,0,OKC,1610612760,0.8,7,0.7
30,33.0,0.3,0.5,0.1,5,"101112,1610612739",0,2.1,2.7,1.5,0.565,4.1,2.4,0.594,0.4,0.4,0.857,17,5,14.0,0.3,2.2,0.7,101112,Channing Frye,4.4,6.7,2.4,0.4,0,CLE,1610612739,0.3,12,0.706
31,31.0,0.3,0.0,0.0,5,"101111,1610612742",0,0.5,1.3,0.3,0.2,3.0,0.8,0.25,0.5,0.5,1.0,4,4,5.1,0.0,0.5,0.3,101111,Charlie Villanueva,-2.8,2.3,0.5,0.0,0,DAL,1610612742,0.3,0,0.0
32,37.0,0.8,0.8,0.0,5,"2365,1610612763",0,4.5,0.0,0.0,0.0,3.0,1.3,0.417,2.0,1.3,0.625,4,4,19.7,3.3,1.0,1.5,2365,Chris Andersen,-8.3,3.8,7.8,0.5,0,MEM,1610612763,1.3,0,0.0
33,34.0,0.3,0.0,0.3,5,"2549,1610612757",0,1.5,0.0,0.0,0.0,4.5,1.8,0.389,0.0,0.0,0.0,4,2,8.1,0.5,2.5,0.0,2549,Chris Kaman,-0.3,3.5,2.0,0.5,0,POR,1610612757,1.5,2,0.5
34,31.0,7.3,0.0,1.0,5,"101108,1610612746",1,3.0,5.0,1.5,0.3,19.0,9.3,0.487,3.8,3.8,1.0,4,2,31.3,1.0,3.0,4.3,101108,Chris Paul,7.5,23.8,4.0,2.3,0,LAC,1610612746,1.0,2,0.5
35,22.0,0.4,0.4,0.2,5,"203991,1610612745",0,2.4,0.0,0.0,0.0,1.8,0.6,0.333,1.0,0.4,0.4,5,4,8.7,1.6,1.0,0.6,203991,Clint Capela,-4.6,1.6,4.0,0.6,0,HOU,1610612745,0.6,1,0.2
36,23.0,0.3,0.4,0.3,5,"203469,1610612766",0,4.0,0.0,0.0,0.0,5.4,3.0,0.553,3.0,2.4,0.81,7,4,19.6,1.3,2.9,2.7,203469,Cody Zeller,0.4,8.4,5.3,0.1,0,CHA,1610612766,1.0,3,0.429
37,27.0,0.5,0.5,0.0,5,"202332,1610612746",0,3.7,0.0,0.0,0.0,2.5,1.7,0.667,1.0,0.5,0.5,6,4,12.8,1.3,1.8,1.0,202332,Cole Aldrich,0.0,3.8,5.0,1.0,0,LAC,1610612746,0.3,2,0.333
38,30.0,1.6,0.2,0.6,5,"201147,1610612745",0,0.8,2.0,0.2,0.1,5.4,1.4,0.259,1.6,1.4,0.875,5,4,15.4,0.6,2.6,1.0,201147,Corey Brewer,-3.2,4.4,1.4,0.0,0,HOU,1610612745,1.2,1,0.2
39,24.0,2.4,0.1,0.6,5,"202709,1610612761",0,1.5,1.2,0.4,0.333,7.4,3.5,0.466,1.6,1.2,0.75,20,10,22.6,0.6,2.4,1.6,202709,Cory Joseph,-4.1,8.5,2.1,0.9,0,TOR,1610612761,1.1,10,0.5
40,30.0,1.3,0.4,0.4,5,"201584,1610612766",0,2.1,1.3,0.6,0.444,7.3,3.0,0.412,2.1,2.0,0.933,7,4,36.7,0.7,2.7,1.1,201584,Courtney Lee,-2.4,8.6,2.9,0.9,0,CHA,1610612766,0.7,3,0.429
41,35.0,0.1,0.1,0.0,5,"2563,1610612739",0,0.5,0.2,0.1,0.333,0.9,0.4,0.462,0.3,0.3,0.8,15,4,3.3,0.0,0.2,0.3,2563,Dahntay Jones,0.0,1.1,0.5,0.1,0,CLE,1610612739,0.1,11,0.733
42,25.0,6.3,0.3,1.6,5,"203081,1610612757",2,3.2,9.7,3.8,0.393,22.0,8.1,0.368,7.1,6.5,0.91,11,6,39.8,1.1,2.1,5.5,203081,Damian Lillard,-3.6,26.5,4.3,1.3,0,POR,1610612757,3.0,5,0.455
43,29.0,0.7,0.8,0.0,5,"201980,1610612759",0,3.1,4.8,2.4,0.5,6.5,3.0,0.462,0.3,0.2,0.667,10,4,26.7,0.0,2.0,0.8,201980,Danny Green,5.0,8.6,3.1,2.1,0,SAS,1610612759,0.6,6,0.6
44,33.0,0.5,0.0,0.0,5,"101135,1610612742",0,2.5,0.0,0.0,0.0,4.0,3.0,0.75,0.0,0.0,0.0,2,2,16.3,0.5,3.5,0.0,101135,David Lee,-9.5,6.0,3.0,0.0,0,DAL,1610612742,0.0,0,0.0
45,35.0,1.3,0.7,0.4,5,"2561,1610612759",0,2.4,0.6,0.3,0.5,5.5,2.5,0.455,0.9,0.5,0.556,10,4,17.6,1.3,1.9,1.3,2561,David West,2.4,5.8,3.7,0.6,0,SAS,1610612759,0.7,6,0.6
46,27.0,1.8,2.7,0.2,5,"201599,1610612746",4,11.3,0.0,0.0,0.0,6.3,4.0,0.632,9.8,3.7,0.373,6,4,33.1,5.0,2.8,6.2,201599,DeAndre Jordan,0.5,11.7,16.3,1.2,0,LAC,1610612746,1.2,2,0.333
47,26.0,2.7,0.2,1.5,5,"201942,1610612761",0,3.5,1.3,0.2,0.154,19.9,7.9,0.394,6.2,5.0,0.813,20,10,37.3,0.7,2.6,4.0,201942,DeMar DeRozan,-3.8,20.9,4.2,1.1,0,TOR,1610612761,2.3,10,0.5
48,29.0,0.9,0.4,0.3,5,"201960,1610612761",0,2.9,4.0,1.3,0.329,8.0,3.1,0.39,1.8,1.4,0.75,20,10,29.8,1.2,3.1,1.4,201960,DeMarre Carroll,-1.8,8.9,4.1,0.9,0,TOR,1610612761,0.9,10,0.5
49,24.0,0.3,0.0,0.0,5,"1626153,1610612761",0,0.3,0.1,0.0,0.0,1.1,0.3,0.3,1.4,0.9,0.615,9,6,4.6,0.1,0.2,0.9,1626153,Delon Wright,0.6,1.6,0.4,0.3,0,TOR,1610612761,0.2,3,0.333
50,22.0,3.6,0.1,1.2,5,"203471,1610612737",0,1.3,3.5,1.2,0.343,10.4,4.7,0.452,1.3,1.1,0.846,10,6,19.1,0.6,2.4,1.7,203471,Dennis Schroder,0.9,11.7,1.9,0.4,0,ATL,1610612737,2.1,4,0.4
51,32.0,2.7,0.0,0.3,5,"101114,1610612742",0,0.7,2.3,1.0,0.429,6.0,2.0,0.333,0.0,0.0,0.0,3,2,16.4,0.0,2.0,0.3,101114,Deron Williams,-13.7,5.0,0.7,0.3,0,DAL,1610612742,2.3,1,0.333
52,33.0,1.6,0.0,0.2,5,"2734,1610612742",0,2.6,2.6,0.8,0.308,6.0,3.0,0.5,2.0,1.0,0.5,5,4,24.1,0.2,3.2,1.8,2734,Devin Harris,-5.6,7.8,2.8,0.6,0,DAL,1610612742,0.6,1,0.2
53,24.0,2.3,0.2,0.4,5,"203079,1610612760",0,2.3,3.1,1.2,0.375,7.3,3.1,0.417,1.7,1.1,0.667,18,7,27.3,0.3,2.3,1.4,203079,Dion Waiters,3.6,8.4,2.6,0.6,0,OKC,1610612760,1.1,11,0.611
54,38.0,1.6,0.6,0.6,5,"1717,1610612742",0,4.2,2.2,0.8,0.364,16.6,8.2,0.494,3.4,3.2,0.941,5,4,34.0,0.6,1.8,5.0,1717,Dirk Nowitzki,-9.0,20.4,4.8,0.4,0,DAL,1610612742,1.4,1,0.2
55,25.0,1.0,0.4,0.4,5,"202700,1610612745",1,3.2,1.8,0.8,0.444,7.4,3.2,0.432,3.4,1.6,0.471,5,4,19.7,2.0,2.2,3.2,202700,Donatas Motiejunas,-4.8,8.8,5.2,0.8,0,HOU,1610612745,2.4,1,0.2
56,30.0,0.4,0.0,0.2,5,"2748,1610612748",0,1.2,1.0,0.4,0.4,2.0,1.0,0.5,0.8,0.8,1.0,5,3,3.8,0.0,0.4,0.6,2748,Dorell Wright,0.2,3.2,1.2,0.0,0,MIA,1610612748,0.0,2,0.4
57,26.0,6.0,1.8,0.8,5,"203110,1610612744",9,8.3,4.5,1.7,0.365,12.0,5.2,0.431,4.7,3.4,0.738,23,8,38.2,1.7,3.5,4.6,203110,Draymond Green,6.1,15.4,9.9,1.6,1,GSW,1610612744,2.4,15,0.652
58,30.0,1.6,1.4,1.0,5,"2730,1610612745",4,8.8,0.2,0.0,0.0,9.6,5.2,0.542,7.6,2.8,0.368,5,4,36.0,5.2,4.2,6.4,2730,Dwight Howard,-17.2,13.2,14.0,0.8,0,HOU,1610612745,2.4,1,0.2
59,24.0,1.0,0.0,0.3,5,"203939,1610612742",0,2.0,0.3,0.0,0.0,4.8,2.3,0.474,2.8,1.5,0.545,4,3,16.0,2.3,1.3,2.0,203939,Dwight Powell,-3.8,6.0,4.3,0.3,0,DAL,1610612742,0.3,1,0.25
60,34.0,4.3,0.9,0.6,5,"2548,1610612748",1,4.8,1.6,0.9,0.522,18.1,8.5,0.469,4.6,3.6,0.781,14,7,33.8,0.9,1.6,3.4,2548,Dwyane Wade,0.9,21.4,5.6,0.8,0,MIA,1610612748,2.7,7,0.5
61,27.0,1.3,0.6,0.5,5,"202334,1610612757",0,4.5,0.2,0.0,0.0,3.6,1.9,0.525,3.0,1.7,0.576,11,6,18.6,2.4,3.0,2.3,202334,Ed Davis,-0.9,5.5,6.8,0.2,0,POR,1610612757,0.9,5,0.455
62,24.0,0.3,0.6,0.6,5,"202683,1610612760",2,3.6,0.8,0.1,0.143,6.6,3.6,0.551,2.5,2.1,0.844,18,7,18.0,2.6,2.2,1.6,202683,Enes Kanter,1.5,9.4,6.2,0.3,0,OKC,1610612760,0.9,11,0.611
63,27.0,4.5,1.0,1.3,5,"202323,1610612738",0,4.3,2.3,0.5,0.214,14.2,5.2,0.365,3.0,2.3,0.778,6,4,35.7,1.3,3.2,3.0,202323,Evan Turner,-3.8,13.2,5.7,1.3,0,BOS,1610612738,2.8,2,0.333
64,26.0,0.3,0.3,0.4,5,"203105,1610612744",0,1.7,0.0,0.0,0.0,3.0,1.6,0.536,1.9,0.8,0.432,23,9,8.8,1.0,1.5,1.2,203105,Festus Ezeli,0.0,4.0,2.7,0.0,0,GSW,1610612744,0.6,14,0.609
65,23.0,1.1,0.7,0.1,5,"1626163,1610612766",0,3.9,2.4,0.7,0.294,6.6,2.0,0.304,3.0,2.4,0.81,7,4,27.2,0.4,2.1,2.3,1626163,Frank Kaminsky,-1.7,7.1,4.3,0.9,0,CHA,1610612766,0.3,3,0.429
66,30.0,2.1,0.1,0.0,5,"201588,1610612754",0,1.9,3.9,1.9,0.481,8.1,4.6,0.561,3.1,2.6,0.818,7,4,33.6,0.9,2.3,2.9,201588,George Hill,5.3,13.6,2.7,0.9,0,IND,1610612754,1.1,3,0.429
67,30.0,0.1,0.1,0.1,5,"101123,1610612748",0,1.3,1.2,0.3,0.286,4.1,1.3,0.327,0.4,0.3,0.8,12,7,9.2,0.2,1.2,0.5,101123,Gerald Green,2.5,3.3,1.4,0.3,0,MIA,1610612748,0.2,5,0.417
68,28.0,1.5,0.3,0.6,5,"201945,1610612757",0,2.6,1.7,0.6,0.368,7.5,2.7,0.366,1.1,0.8,0.75,11,6,21.2,0.5,1.9,1.1,201945,Gerald Henderson,-2.8,6.9,3.2,0.5,0,POR,1610612757,0.5,5,0.455
69,22.0,0.0,0.3,0.0,5,"203922,1610612754",0,0.0,0.0,0.0,0.0,1.0,0.8,0.75,0.3,0.3,1.0,4,2,2.6,0.0,0.0,0.3,203922,Glenn Robinson,-1.0,1.8,0.0,0.0,0,IND,1610612754,0.0,2,0.5
70,30.0,3.9,0.2,0.6,5,"201609,1610612748",0,4.1,3.3,1.1,0.348,14.7,6.5,0.442,3.1,2.4,0.767,14,7,33.7,0.8,3.3,3.2,201609,Goran Dragic,2.4,16.5,4.9,0.4,0,MIA,1610612748,2.2,7,0.5
71,24.0,1.3,0.2,0.5,5,"203084,1610612744",1,3.5,3.2,1.1,0.342,8.9,3.4,0.385,1.4,1.1,0.765,24,9,31.0,1.1,1.9,1.4,203084,Harrison Barnes,1.8,9.0,4.7,0.7,0,GSW,1610612744,0.8,15,0.625
72,27.0,0.3,2.8,0.5,5,"202355,1610612748",6,8.3,0.0,0.0,0.0,6.9,4.7,0.681,4.4,2.6,0.591,10,5,29.1,2.6,3.4,3.4,202355,Hassan Whiteside,4.5,12.0,10.9,0.8,0,MIA,1610612748,1.3,5,0.5
73,25.0,1.0,0.0,0.3,5,"203546,1610612744",0,0.9,1.1,0.4,0.333,3.3,1.6,0.491,0.6,0.5,0.8,16,6,9.6,0.1,1.1,0.8,203546,Ian Clark,1.0,4.1,1.1,0.5,0,GSW,1610612744,0.6,10,0.625
74,29.0,1.1,0.9,0.1,5,"101133,1610612754",1,3.4,0.0,0.0,0.0,6.0,3.0,0.5,3.6,2.1,0.6,7,4,24.6,1.7,3.6,2.1,101133,Ian Mahinmi,1.0,8.1,5.1,0.7,0,IND,1610612754,2.0,3,0.429
75,26.0,0.8,0.1,0.1,5,"202697,1610612739",0,1.8,1.6,0.6,0.382,2.9,1.2,0.417,0.5,0.3,0.636,21,5,17.5,0.5,1.7,1.0,202697,Iman Shumpert,0.0,3.3,2.2,0.5,0,CLE,1610612739,0.6,16,0.762
76,27.0,5.0,0.8,2.7,5,"202738,1610612738",1,2.7,7.7,2.2,0.283,19.8,7.8,0.395,7.8,6.3,0.809,6,4,36.6,0.3,3.0,6.8,202738,Isaiah Thomas,-6.0,24.2,3.0,0.7,0,BOS,1610612738,2.3,2,0.333
77,30.0,1.4,0.2,0.4,5,"2747,1610612739",0,2.9,7.2,3.1,0.43,9.0,3.9,0.436,1.0,0.6,0.619,21,5,34.8,0.3,2.6,1.6,2747,J.R. Smith,7.9,11.5,3.2,1.2,0,CLE,1610612739,0.5,16,0.762
78,32.0,0.8,0.2,0.7,5,"200755,1610612746",0,1.8,5.2,1.8,0.355,13.2,5.7,0.43,0.5,0.3,0.667,6,4,27.7,0.2,1.8,2.0,200755,JJ Redick,0.0,13.5,2.0,0.2,0,LAC,1610612746,0.8,2,0.333
79,26.0,0.8,1.3,0.5,5,"203210,1610612763",0,2.5,0.3,0.0,0.0,5.5,3.0,0.545,1.5,0.8,0.5,4,4,18.1,1.3,3.0,0.8,203210,JaMychal Green,-12.8,6.8,3.8,0.8,0,MEM,1610612763,1.0,0,0.0
80,28.0,0.0,0.0,0.0,5,"201580,1610612742",0,0.5,0.0,0.0,0.0,1.0,0.5,0.5,3.0,1.0,0.333,2,2,7.1,1.0,1.5,2.0,201580,JaVale McGee,1.5,2.0,1.5,0.5,0,DAL,1610612742,1.5,0,0.0
81,25.0,2.2,0.5,0.5,5,"203109,1610612738",1,5.7,6.8,1.7,0.244,12.0,3.3,0.278,1.8,1.2,0.636,6,4,32.9,0.8,2.8,1.7,203109,Jae Crowder,-2.8,9.5,6.5,1.5,0,BOS,1610612738,1.2,2,0.333
82,36.0,2.2,0.0,0.5,5,"2037,1610612746",0,1.8,3.5,0.7,0.19,17.2,6.5,0.379,4.2,3.7,0.88,6,4,33.2,0.3,1.5,3.3,2037,Jamal Crawford,1.8,17.3,2.2,1.7,0,LAC,1610612746,1.5,2,0.333
83,26.0,7.6,0.2,0.6,5,"201935,1610612745",2,3.8,8.4,2.6,0.31,20.0,8.2,0.41,9.0,7.6,0.844,5,4,38.6,1.4,2.6,5.8,201935,James Harden,-16.4,26.6,5.2,2.4,0,HOU,1610612745,5.2,1,0.2
84,29.0,0.6,0.0,0.1,5,"201949,1610612761",0,1.2,0.9,0.4,0.444,2.5,1.2,0.48,0.3,0.2,0.667,10,6,9.8,0.3,1.3,0.3,201949,James Johnson,-2.3,3.0,1.5,0.3,0,TOR,1610612761,0.7,4,0.4
85,35.0,0.3,0.0,0.0,5,"2592,1610612739",0,0.3,0.6,0.1,0.143,0.8,0.2,0.2,0.3,0.1,0.25,12,3,4.6,0.1,0.3,0.3,2592,James Jones,-0.3,0.5,0.3,0.0,0,CLE,1610612739,0.1,9,0.75
86,23.0,0.3,0.3,0.3,5,"203949,1610612744",0,1.0,0.0,0.0,0.0,0.5,0.3,0.5,0.5,0.1,0.25,8,4,4.7,0.0,0.8,0.6,203949,James Michael McAdoo,-1.5,0.6,1.0,0.4,0,GSW,1610612744,0.1,4,0.5
87,20.0,0.0,0.0,0.0,5,"203923,1610612738",0,0.0,0.3,0.0,0.0,1.0,0.3,0.333,0.0,0.0,0.0,3,3,3.4,0.0,0.3,0.0,203923,James Young,-0.7,0.7,0.0,0.0,0,BOS,1610612738,0.3,0,0.0
88,24.0,1.2,0.0,0.7,5,"203096,1610612738",0,2.8,0.7,0.3,0.5,7.0,2.2,0.31,0.7,0.5,0.75,6,4,13.6,1.7,2.7,0.3,203096,Jared Sullinger,-3.3,5.2,4.5,0.2,0,BOS,1610612738,1.0,2,0.333
89,22.0,0.5,0.0,0.5,5,"1626185,1610612763",0,1.5,0.0,0.0,0.0,4.0,1.5,0.375,3.0,1.5,0.5,2,2,23.1,2.0,2.0,3.0,1626185,Jarell Martin,-13.0,4.5,3.5,1.5,0,MEM,1610612763,1.5,0,0.0
90,38.0,1.2,0.2,0.2,5,"1891,1610612745",0,2.0,3.8,1.2,0.316,7.6,2.6,0.342,0.6,0.6,1.0,5,4,24.8,0.2,2.6,0.2,1891,Jason Terry,-13.0,7.0,2.2,0.4,0,HOU,1610612745,0.6,1,0.2
91,29.0,0.1,0.1,0.0,5,"201574,1610612761",0,0.5,0.1,0.0,0.0,0.9,0.4,0.444,0.3,0.0,0.0,10,7,5.5,0.6,0.6,0.4,201574,Jason Thompson,-1.0,0.8,1.1,0.0,0,TOR,1610612761,0.1,3,0.3
92,29.0,0.0,0.0,0.0,5,"201965,1610612746",0,0.0,0.0,0.0,0.0,0.5,0.5,1.0,0.5,0.5,1.0,2,2,1.2,0.0,0.0,0.5,201965,Jeff Ayres,1.5,1.5,0.0,0.0,0,LAC,1610612746,0.0,0,0.0
93,29.0,0.7,0.3,0.3,5,"201145,1610612746",0,2.7,1.7,0.7,0.4,7.7,3.5,0.457,4.2,2.5,0.6,6,4,26.4,0.5,2.0,2.5,201145,Jeff Green,0.5,10.2,3.2,1.0,0,LAC,1610612746,0.5,2,0.333
94,28.0,6.1,0.2,1.5,5,"201952,1610612737",2,1.6,3.6,0.9,0.25,12.1,4.6,0.38,5.2,4.4,0.846,10,6,27.9,0.3,3.0,4.3,201952,Jeff Teague,-1.3,14.5,1.9,0.6,0,ATL,1610612737,2.5,4,0.4
95,24.0,0.3,0.0,0.3,5,"203087,1610612766",0,1.0,0.3,0.3,1.0,3.0,1.7,0.556,0.0,0.0,0.0,3,2,3.9,0.3,0.0,0.0,203087,Jeremy Lamb,-2.7,3.7,1.3,0.0,0,CHA,1610612766,0.0,1,0.333
96,27.0,2.6,0.0,0.6,5,"202391,1610612766",0,1.9,2.0,0.4,0.214,9.0,3.7,0.413,5.6,4.6,0.821,7,4,27.0,0.4,3.0,4.9,202391,Jeremy Lin,0.7,12.4,2.3,0.7,0,CHA,1610612766,1.6,3,0.429
97,28.0,0.0,0.0,0.0,5,"201975,1610612765",0,0.0,0.0,0.0,0.0,1.0,1.0,1.0,0.0,0.0,0.0,1,1,1.7,0.0,0.0,0.0,201975,Jodie Meeks,-3.0,2.0,0.0,0.0,0,DET,1610612765,0.0,0,0.0
98,34.0,2.5,0.2,0.2,5,"2207,1610612748",0,4.2,3.3,0.9,0.283,11.3,4.9,0.43,1.7,1.5,0.875,14,7,35.2,0.5,1.9,2.0,2207,Joe Johnson,2.1,12.1,4.7,0.6,0,MIA,1610612748,1.3,7,0.5
99,24.0,0.3,0.0,0.3,5,"1626202,1610612754",0,0.3,1.0,0.3,0.25,2.0,0.8,0.375,0.5,0.5,1.0,4,2,2.6,0.0,0.8,0.3,1626202,Joe Young,-1.0,2.3,0.3,0.0,0,IND,1610612754,0.5,2,0.5
100,27.0,0.0,0.0,0.0,5,"204066,1610612738",0,0.0,1.0,0.0,0.0,1.0,0.0,0.0,0.0,0.0,0.0,1,1,1.3,0.0,0.0,0.0,204066,John Holland,-2.0,0.0,0.0,0.0,0,BOS,1610612738,0.0,0,0.0
101,29.0,1.7,0.7,0.5,5,"201973,1610612738",2,5.7,3.7,1.2,0.318,7.7,3.7,0.478,0.8,0.7,0.8,6,4,27.0,1.2,2.5,0.7,201973,Jonas Jerebko,-2.2,9.2,6.8,0.3,0,BOS,1610612738,0.8,2,0.333
102,24.0,0.9,1.2,0.6,5,"202685,1610612761",6,6.8,0.0,0.0,0.0,10.0,5.7,0.567,3.3,2.4,0.744,12,6,26.7,4.0,2.7,3.8,202685,Jonas Valanciunas,0.9,13.8,10.8,0.8,0,TOR,1610612761,1.5,6,0.5
103,26.0,0.7,0.0,1.3,5,"203613,1610612759",0,0.3,1.0,0.7,0.667,3.3,1.3,0.4,0.7,0.3,0.5,3,0,8.5,1.0,1.3,0.7,203613,Jonathon Simmons,-1.0,3.7,1.3,0.7,0,SAS,1610612759,0.3,3,1.0
104,29.0,4.0,0.3,0.0,5,"200770,1610612763",0,1.5,3.0,1.0,0.333,7.8,2.5,0.323,0.8,0.8,1.0,4,4,28.3,0.0,1.0,0.8,200770,Jordan Farmar,-9.3,6.8,1.5,0.8,0,MEM,1610612763,2.5,0,0.0
105,28.0,0.4,0.0,0.0,5,"201941,1610612754",0,0.8,0.0,0.0,0.0,0.6,0.0,0.0,0.0,0.0,0.0,5,2,3.0,0.4,0.2,0.0,201941,Jordan Hill,-0.4,0.0,1.2,0.0,0,IND,1610612754,0.0,3,0.6
106,25.0,0.0,0.0,0.0,5,"203895,1610612739",0,1.0,0.5,0.5,1.0,2.0,2.0,1.0,0.0,0.0,0.0,2,0,2.1,0.0,0.0,0.0,203895,Jordan McRae,5.5,4.5,1.0,0.0,0,CLE,1610612739,0.0,2,1.0
107,21.0,1.0,0.5,0.0,5,"1626175,1610612738",0,0.5,0.0,0.0,0.0,2.0,1.0,0.5,0.0,0.0,0.0,2,2,5.1,0.5,0.0,0.0,1626175,Jordan Mickey,-1.0,2.0,1.0,0.0,0,BOS,1610612738,0.0,0,0.0
108,27.0,0.7,0.0,0.0,5,"203268,1610612766",0,0.7,0.0,0.0,0.0,1.0,0.0,0.0,0.0,0.0,0.0,3,2,3.9,0.0,0.0,0.3,203268,Jorge Gutierrez,-2.7,0.0,0.7,0.0,0,CHA,1610612766,0.3,1,0.333
109,32.0,5.0,0.0,0.5,5,"200826,1610612742",0,1.5,2.0,0.3,0.125,8.5,2.8,0.324,0.5,0.5,1.0,4,4,25.1,0.0,2.0,1.0,200826,Jose Juan Barea,-8.3,6.3,1.5,0.0,0,DAL,1610612742,2.8,0,0.0
110,24.0,0.0,0.0,0.0,5,"203962,1610612760",0,1.0,1.0,0.5,0.5,1.5,0.5,0.333,0.0,0.0,0.0,2,0,5.1,0.5,0.5,0.5,203962,Josh Huestis,1.0,1.5,1.5,0.0,0,OKC,1610612760,0.0,2,1.0
111,29.0,0.9,0.5,0.0,5,"201177,1610612748",0,1.9,0.7,0.0,0.0,3.4,1.6,0.471,0.6,0.6,1.0,10,5,13.4,0.7,2.0,0.8,201177,Josh McRoberts,3.3,3.8,2.6,0.5,0,MIA,1610612748,0.4,5,0.5
112,22.0,1.6,0.9,0.4,5,"1626196,1610612748",0,2.9,3.3,1.2,0.37,6.4,2.4,0.371,1.0,0.7,0.714,14,7,27.6,0.7,2.6,1.1,1626196,Josh Richardson,3.1,6.6,3.6,0.4,0,MIA,1610612748,0.9,7,0.5
113,30.0,1.0,0.3,0.0,5,"2746,1610612745",0,0.3,2.0,1.0,0.5,3.3,1.5,0.462,0.5,0.0,0.0,4,3,9.4,0.3,1.8,0.3,2746,Josh Smith,-4.0,4.0,0.5,0.3,0,HOU,1610612745,1.3,1,0.25
114,22.0,1.4,0.6,0.2,5,"1626147,1610612742",0,2.2,2.6,0.8,0.308,7.4,3.4,0.459,2.8,1.8,0.643,5,4,19.0,1.8,2.4,1.8,1626147,Justin Anderson,-3.0,9.4,4.0,0.8,0,DAL,1610612742,1.0,1,0.2
115,20.0,0.6,0.3,0.6,5,"1626159,1610612748",0,3.5,1.4,0.4,0.278,5.7,2.5,0.432,2.3,1.6,0.7,13,6,25.4,1.3,2.7,2.2,1626159,Justise Winslow,-3.3,6.9,4.8,0.6,0,MIA,1610612748,0.9,7,0.538
116,23.0,0.3,0.8,0.8,5,"203909,1610612745",0,1.5,0.8,0.3,0.333,3.3,1.0,0.308,0.0,0.0,0.0,4,4,8.4,0.3,0.8,0.3,203909,KJ McDaniels,0.3,2.3,1.8,0.0,0,HOU,1610612745,0.0,0,0.0
117,24.0,2.8,1.4,1.1,5,"202695,1610612759",1,4.9,3.9,1.7,0.436,16.6,8.3,0.5,5.1,4.2,0.824,10,4,33.9,1.4,2.1,4.0,202695,Kawhi Leonard,6.6,22.5,6.3,2.6,0,SAS,1610612759,1.6,6,0.6
118,25.0,0.8,0.0,0.5,5,"203482,1610612738",0,0.5,0.8,0.0,0.0,2.3,0.3,0.111,0.0,0.0,0.0,4,3,7.9,0.5,1.3,0.3,203482,Kelly Olynyk,-8.0,0.5,1.0,0.3,0,BOS,1610612738,1.0,1,0.25
119,26.0,4.0,0.6,3.3,5,"202689,1610612766",0,2.6,6.1,2.0,0.326,21.9,8.0,0.366,5.0,4.7,0.943,7,4,37.1,0.4,1.4,4.7,202689,Kemba Walker,-8.9,22.7,3.0,1.3,0,CHA,1610612766,1.7,3,0.429
120,26.0,1.9,0.6,1.0,5,"203145,1610612737",1,5.8,6.1,1.6,0.262,12.1,4.4,0.364,2.2,1.5,0.682,10,6,32.5,0.8,1.4,2.0,203145,Kent Bazemore,-4.7,11.9,6.6,1.5,0,ATL,1610612737,1.0,4,0.4
121,23.0,2.8,0.3,0.3,5,"203484,1610612765",0,3.8,6.8,3.0,0.444,12.5,5.5,0.44,1.8,1.3,0.714,4,4,40.3,0.5,1.8,1.5,203484,Kentavious Caldwell-Pope,-4.8,15.3,4.3,1.8,0,DET,1610612765,0.5,0,0.0
122,27.0,3.3,1.0,0.7,5,"201142,1610612760",2,6.4,6.1,1.7,0.282,22.6,9.7,0.43,8.1,7.2,0.89,18,7,40.3,0.7,2.1,5.7,201142,Kevin Durant,5.6,28.4,7.1,1.0,0,OKC,1610612760,3.6,11,0.611
123,27.0,2.1,0.4,0.8,5,"201567,1610612739",10,7.1,5.6,2.3,0.414,12.0,4.6,0.385,3.8,3.2,0.84,20,5,30.6,1.7,1.7,3.6,201567,Kevin Love,8.0,14.7,8.8,0.5,0,CLE,1610612739,1.4,15,0.75
124,33.0,0.6,0.0,0.2,5,"2755,1610612759",0,0.8,1.6,0.8,0.5,4.0,1.6,0.4,0.6,0.4,0.667,5,2,9.9,0.0,1.0,0.4,2755,Kevin Martin,2.0,4.4,0.8,0.2,0,SAS,1610612759,1.2,3,0.6
125,35.0,0.5,0.0,0.0,5,"2550,1610612737",0,0.7,0.5,0.2,0.333,1.2,0.3,0.286,0.0,0.0,0.0,6,2,4.6,0.0,0.3,0.2,2550,Kirk Hinrich,1.2,0.8,0.7,0.0,0,ATL,1610612737,0.0,4,0.667
126,26.0,2.3,0.4,1.0,5,"202691,1610612744",0,3.0,9.6,4.1,0.424,18.9,8.4,0.444,4.0,3.4,0.854,24,9,35.4,0.6,2.2,3.4,202691,Klay Thompson,2.7,24.3,3.7,1.1,0,GSW,1610612744,2.0,15,0.625
127,31.0,1.0,1.3,0.0,5,"2743,1610612737",0,4.0,2.5,1.3,0.5,7.0,3.3,0.464,1.5,1.5,1.0,4,3,14.0,2.0,2.3,1.0,2743,Kris Humphries,4.3,9.3,6.0,0.5,0,ATL,1610612737,0.5,1,0.25
128,22.0,0.7,0.3,0.1,5,"203937,1610612759",0,2.2,0.3,0.1,0.333,2.5,0.8,0.32,0.7,0.6,0.857,10,4,12.9,0.2,1.1,0.9,203937,Kyle Anderson,-0.5,2.3,2.4,0.6,0,SAS,1610612759,0.4,6,0.6
129,35.0,1.0,0.4,0.2,5,"2594,1610612737",0,4.5,5.4,2.4,0.444,7.5,3.5,0.467,0.9,0.9,1.0,10,6,31.6,0.3,2.3,2.0,2594,Kyle Korver,5.2,10.3,4.8,0.9,0,ATL,1610612737,0.8,4,0.4
130,30.0,6.0,0.2,1.0,5,"200768,1610612761",2,3.8,6.9,2.1,0.304,16.5,6.6,0.397,5.2,3.9,0.75,20,10,38.3,0.9,3.7,4.6,200768,Kyle Lowry,0.6,19.1,4.7,1.6,0,TOR,1610612761,3.2,10,0.5
131,28.0,0.0,0.0,0.0,5,"202713,1610612760",0,1.0,0.7,0.3,0.5,1.5,0.5,0.333,0.3,0.0,0.0,6,3,8.4,0.2,0.7,0.3,202713,Kyle Singler,-1.8,1.3,1.2,0.2,0,OKC,1610612760,0.0,3,0.5
132,24.0,4.7,0.6,1.0,5,"202681,1610612739",0,2.2,5.5,2.4,0.44,20.1,9.6,0.475,4.2,3.7,0.875,21,5,36.8,0.7,2.2,3.0,202681,Kyrie Irving,6.9,25.2,3.0,1.7,0,CLE,1610612739,2.3,16,0.762
133,30.0,1.0,1.4,0.3,5,"200746,1610612759",3,6.1,0.2,0.2,1.0,16.9,8.8,0.521,4.6,4.1,0.891,10,4,33.7,2.2,1.8,2.9,200746,LaMarcus Aldridge,5.6,21.9,8.3,0.4,0,SAS,1610612759,1.1,6,0.6
134,24.0,0.8,0.0,0.3,5,"203934,1610612737",0,1.3,0.8,0.3,0.333,1.8,0.5,0.286,0.3,0.3,1.0,4,2,4.9,0.0,0.3,0.3,203934,Lamar Patterson,1.3,1.5,1.3,0.3,0,ATL,1610612737,1.0,2,0.5
135,25.0,1.8,0.0,0.8,5,"202362,1610612763",0,1.3,1.3,0.5,0.4,11.0,5.8,0.523,1.3,1.0,0.8,4,4,23.7,0.3,2.5,1.3,202362,Lance Stephenson,-8.5,13.0,1.5,0.3,0,MEM,1610612763,0.8,0,0.0
136,27.0,0.3,0.2,0.3,5,"202730,1610612754",0,1.7,0.0,0.0,0.0,1.7,0.5,0.3,0.0,0.0,0.0,6,3,8.5,0.7,0.3,0.0,202730,Lavoy Allen,-3.7,1.0,2.3,0.2,0,IND,1610612754,0.2,3,0.5
137,31.0,7.6,1.3,0.8,5,"2544,1610612739",13,7.5,4.5,1.5,0.34,19.9,10.4,0.525,5.9,3.9,0.661,21,5,39.1,2.0,2.6,5.3,2544,LeBron James,10.0,26.3,9.5,2.3,2,CLE,1610612739,3.6,16,0.762
138,33.0,0.7,0.0,0.3,5,"2571,1610612744",0,0.7,1.2,0.5,0.393,3.8,2.2,0.58,0.9,0.7,0.762,23,9,11.1,0.5,1.0,0.7,2571,Leandro Barbosa,1.3,5.6,1.2,0.5,0,GSW,1610612744,0.5,14,0.609
139,29.0,0.2,0.0,0.2,5,"201601,1610612746",0,1.6,0.0,0.0,0.0,1.2,0.8,0.667,0.2,0.2,1.0,5,3,15.7,0.4,1.8,0.4,201601,Luc Mbah a Moute,-3.8,1.8,2.0,0.6,0,LAC,1610612746,0.4,2,0.4
140,23.0,0.0,0.0,0.0,5,"203512,1610612761",0,1.4,0.0,0.0,0.0,0.8,0.6,0.75,0.0,0.0,0.0,5,4,5.8,0.2,0.6,0.0,203512,Lucas Nogueira,-1.4,1.2,1.6,0.0,0,TOR,1610612761,0.0,1,0.2
141,23.0,0.0,0.0,0.0,5,"1626242,1610612757",0,0.0,0.3,0.3,1.0,0.5,0.5,1.0,0.0,0.0,0.0,6,3,1.3,0.0,0.2,0.0,1626242,Luis Montero,-0.5,1.3,0.0,0.0,0,POR,1610612757,0.0,3,0.5
142,36.0,0.6,0.0,0.3,5,"2449,1610612761",0,1.5,1.9,0.4,0.19,2.8,0.7,0.258,1.0,0.7,0.727,11,6,12.8,0.2,2.0,1.3,2449,Luis Scola,-4.7,2.5,1.6,0.3,0,TOR,1610612761,0.5,5,0.455
143,31.0,1.6,0.6,0.4,5,"2736,1610612748",0,4.6,4.1,1.7,0.421,9.9,4.6,0.471,2.7,2.3,0.842,14,7,35.3,1.4,1.7,2.4,2736,Luol Deng,3.9,13.3,5.9,0.9,0,MIA,1610612748,1.6,7,0.5
144,38.0,2.5,0.3,0.1,5,"1938,1610612759",0,2.1,2.1,0.9,0.429,4.7,2.0,0.426,2.3,1.8,0.783,10,4,19.2,0.6,2.5,2.5,1938,Manu Ginobili,6.0,6.7,2.7,0.8,0,SAS,1610612759,0.7,6,0.6
145,26.0,2.5,0.0,0.0,5,"202694,1610612765",0,2.8,4.5,1.8,0.389,11.8,5.5,0.468,5.8,5.0,0.87,4,4,36.0,0.5,4.3,4.0,202694,Marcus Morris,-6.0,17.8,3.3,0.5,0,DET,1610612765,1.3,0,0.0
146,22.0,3.0,0.8,1.5,5,"203935,1610612738",0,3.2,5.3,1.8,0.344,10.0,3.7,0.367,3.5,2.8,0.81,6,4,32.1,1.3,2.8,4.0,203935,Marcus Smart,-2.8,12.0,4.5,1.7,0,BOS,1610612738,2.5,2,0.333
147,28.0,0.5,0.3,0.2,5,"201578,1610612744",0,1.3,1.8,0.8,0.419,4.9,1.9,0.39,1.3,1.0,0.774,24,9,8.4,0.6,1.8,1.2,201578,Marreese Speights,0.3,5.6,2.0,0.1,0,GSW,1610612744,0.8,15,0.625
148,30.0,0.9,0.4,0.9,5,"101107,1610612766",1,5.9,2.4,0.9,0.353,7.3,2.0,0.275,0.6,0.3,0.5,7,4,32.5,1.0,1.6,1.7,101107,Marvin Williams,-9.6,5.1,6.9,0.9,0,CHA,1610612766,0.3,3,0.429
149,26.0,4.8,1.0,1.1,5,"203486,1610612757",4,8.5,0.0,0.0,0.0,6.4,2.5,0.4,3.0,1.9,0.636,11,6,27.8,3.4,3.8,2.8,203486,Mason Plumlee,-0.9,7.0,11.8,0.6,0,POR,1610612757,2.3,5,0.455
150,36.0,2.8,0.3,1.0,5,"2440,1610612763",1,6.0,4.5,0.8,0.167,11.5,4.0,0.348,2.5,2.0,0.8,4,4,34.8,1.3,3.3,2.3,2440,Matt Barnes,-16.8,10.8,7.3,1.0,0,MEM,1610612763,3.3,0,0.0
151,25.0,2.8,0.1,0.2,5,"203521,1610612739",0,0.6,1.6,0.4,0.258,3.7,1.3,0.351,1.2,0.9,0.75,20,5,12.1,0.2,1.6,1.2,203521,Matthew Dellavedova,0.7,3.9,0.8,0.1,0,CLE,1610612739,0.7,15,0.75
152,23.0,0.6,0.3,0.6,5,"203090,1610612757",1,3.1,4.0,1.4,0.341,10.0,4.3,0.427,2.3,1.1,0.48,11,6,24.7,2.0,3.5,2.5,203090,Maurice Harkless,-2.6,11.0,5.1,0.9,0,POR,1610612757,1.0,5,0.455
153,27.0,0.6,0.0,0.8,5,"201563,1610612745",0,3.4,1.2,0.4,0.333,9.2,4.4,0.478,1.4,1.2,0.857,5,4,16.1,0.8,1.6,1.0,201563,Michael Beasley,-4.6,10.4,4.2,0.2,0,HOU,1610612745,1.4,1,0.2
154,24.0,0.3,0.1,0.1,5,"203488,1610612737",0,1.1,0.7,0.2,0.333,2.2,1.1,0.5,0.2,0.2,1.0,9,5,7.4,0.8,0.7,0.2,203488,Mike Muscala,-0.7,2.7,1.9,0.0,0,ATL,1610612737,0.3,4,0.444
155,27.0,0.5,0.3,0.1,5,"203118,1610612737",0,2.7,1.6,0.8,0.5,4.0,2.5,0.625,0.8,0.7,0.875,10,6,16.1,0.5,2.0,1.1,203118,Mike Scott,1.3,6.5,3.2,0.3,0,ATL,1610612737,0.8,4,0.4
156,33.0,0.2,0.0,0.0,5,"2590,1610612739",0,0.5,1.0,0.2,0.231,2.2,0.6,0.286,0.2,0.1,0.5,13,3,5.2,0.0,0.6,0.4,2590,Mo Williams,-1.5,1.5,0.5,0.3,0,CLE,1610612739,0.8,10,0.769
157,30.0,4.3,0.0,0.6,5,"101145,1610612754",0,3.3,3.0,1.0,0.333,10.9,4.7,0.434,1.4,1.1,0.8,7,4,32.2,0.6,2.4,2.0,101145,Monta Ellis,0.7,11.6,3.9,2.1,0,IND,1610612754,2.4,3,0.429
158,22.0,0.0,0.0,0.0,5,"1626149,1610612745",0,1.0,0.5,0.0,0.0,1.5,0.5,0.333,1.0,0.5,0.5,2,2,5.8,0.0,0.5,0.5,1626149,Montrezl Harrell,-2.5,1.5,1.0,0.0,0,HOU,1610612745,0.5,0,0.0
159,20.0,0.4,3.3,0.3,5,"1626167,1610612754",0,4.1,0.3,0.0,0.0,10.1,4.7,0.465,1.3,0.9,0.667,7,4,28.2,2.3,3.4,1.9,1626167,Myles Turner,2.0,10.3,6.4,0.3,0,IND,1610612754,1.7,3,0.429
160,38.0,0.0,0.2,0.0,5,"1737,1610612760",0,0.4,0.0,0.0,0.0,0.4,0.2,0.5,0.0,0.0,0.0,5,2,1.9,0.2,0.2,0.0,1737,Nazr Mohammed,0.6,0.4,0.6,0.0,0,OKC,1610612760,0.2,3,0.6
161,35.0,0.6,0.0,0.0,5,"2555,1610612760",0,0.9,0.0,0.0,0.0,0.7,0.4,0.667,0.2,0.1,0.5,9,3,8.7,0.3,1.9,0.4,2555,Nick Collison,0.2,1.0,1.2,0.9,0,OKC,1610612760,0.1,6,0.667
162,27.0,2.0,0.0,0.2,5,"201587,1610612766",0,3.2,4.4,1.2,0.273,9.0,3.4,0.378,4.0,3.4,0.85,5,4,28.8,0.4,1.2,2.4,201587,Nicolas Batum,-17.2,11.4,3.6,0.4,0,CHA,1610612766,1.6,1,0.2
163,20.0,0.3,0.0,0.2,5,"203943,1610612757",0,0.5,0.0,0.0,0.0,0.5,0.0,0.0,0.0,0.0,0.0,6,3,2.0,0.2,0.2,0.0,203943,Noah Vonleh,-0.7,0.0,0.7,0.3,0,POR,1610612757,0.0,3,0.5
164,23.0,0.3,0.1,0.1,5,"1626181,1610612761",0,1.3,1.4,0.4,0.269,3.9,1.5,0.386,0.4,0.4,0.875,18,10,11.4,0.2,1.0,0.2,1626181,Norman Powell,-1.1,3.8,1.5,0.7,0,TOR,1610612761,0.3,8,0.444
165,23.0,0.0,0.0,0.0,5,"203798,1610612763",0,0.0,1.5,0.5,0.333,3.0,1.0,0.333,1.0,0.0,0.0,2,2,11.1,0.0,0.5,0.5,203798,PJ Hairston,-4.5,2.5,0.0,0.5,0,MEM,1610612763,0.5,0,0.0
166,39.0,1.4,0.0,0.0,5,"203143,1610612746",0,0.2,0.4,0.0,0.0,1.0,0.0,0.0,0.0,0.0,0.0,5,3,5.2,0.4,1.6,0.0,203143,Pablo Prigioni,-0.8,0.0,0.6,0.0,0,LAC,1610612746,0.6,2,0.4
167,23.0,0.0,0.0,0.0,5,"1626192,1610612757",0,0.2,0.5,0.3,0.667,0.8,0.5,0.6,0.0,0.0,0.0,6,3,1.3,0.0,0.0,0.0,1626192,Pat Connaughton,-0.5,1.3,0.2,0.0,0,POR,1610612757,0.0,3,0.5
168,27.0,2.2,0.4,0.8,5,"201976,1610612745",0,3.6,2.8,0.6,0.214,7.4,2.0,0.27,1.2,1.2,1.0,5,4,25.7,0.8,3.4,2.4,201976,Patrick Beverley,-7.4,5.8,4.4,0.4,0,HOU,1610612745,0.8,1,0.2
169,27.0,1.2,0.5,0.3,5,"202335,1610612761",1,2.4,3.5,1.1,0.3,6.8,2.8,0.404,1.3,1.1,0.846,20,10,29.1,1.5,1.6,1.1,202335,Patrick Patterson,-1.3,7.7,3.9,0.4,0,TOR,1610612761,0.9,10,0.5
170,27.0,2.0,0.0,0.0,5,"201988,1610612759",0,1.4,3.6,1.3,0.361,5.3,2.3,0.434,1.1,0.7,0.636,10,4,16.7,0.0,0.3,2.0,201988,Patty Mills,5.5,6.6,1.4,0.7,0,SAS,1610612759,0.8,6,0.6
171,26.0,4.3,0.7,1.4,5,"202331,1610612754",3,6.3,6.1,2.6,0.419,17.6,8.0,0.455,9.1,8.7,0.953,7,4,39.3,1.3,3.4,8.1,202331,Paul George,6.4,27.3,7.6,2.0,0,IND,1610612754,3.3,3,0.429
172,31.0,2.7,2.3,0.9,5,"200794,1610612737",3,6.6,3.3,0.8,0.242,13.7,5.9,0.431,5.5,4.1,0.745,10,6,36.5,2.8,2.9,5.6,200794,Paul Millsap,-1.4,16.7,9.4,1.3,0,ATL,1610612737,2.6,4,0.4
173,38.0,0.2,0.0,0.0,5,"1718,1610612746",0,1.2,1.0,0.2,0.2,2.4,0.4,0.167,0.8,0.2,0.25,5,4,10.7,0.0,1.2,0.4,1718,Paul Pierce,-2.8,1.2,1.2,0.4,0,LAC,1610612746,0.4,1,0.2
174,22.0,0.6,0.2,0.4,5,"1626154,1610612738",0,1.0,1.0,0.2,0.2,1.8,0.4,0.222,0.0,0.0,0.0,5,4,8.2,0.2,0.6,0.0,1626154,RJ Hunter,0.0,1.0,1.2,0.0,0,BOS,1610612738,0.2,1,0.2
175,32.0,0.8,0.2,0.1,5,"200751,1610612760",0,1.1,1.6,0.5,0.308,2.6,0.9,0.341,0.3,0.3,1.0,16,6,11.9,0.1,1.1,0.4,200751,Randy Foye,-0.6,2.5,1.3,0.1,0,OKC,1610612760,0.7,10,0.625
176,32.0,4.6,0.0,1.4,5,"101109,1610612742",2,4.2,2.8,0.8,0.286,13.8,6.4,0.464,2.2,1.4,0.636,5,4,34.5,0.4,2.8,2.0,101109,Raymond Felton,-11.4,15.0,4.6,1.2,0,DAL,1610612742,2.4,1,0.2
177,25.0,1.5,0.0,0.0,5,"203493,1610612765",0,1.0,1.5,1.0,0.667,3.0,2.5,0.833,0.0,0.0,0.0,2,2,11.0,0.0,1.0,0.0,203493,Reggie Bullock,-8.5,6.0,1.0,0.5,0,DET,1610612765,0.0,0,0.0
178,26.0,9.3,0.5,0.5,5,"202704,1610612765",2,2.8,4.5,0.8,0.167,13.8,6.3,0.455,1.0,1.0,1.0,4,4,36.8,0.5,2.5,2.5,202704,Reggie Jackson,-1.8,14.3,3.3,1.5,0,DET,1610612765,2.5,0,0.0
179,36.0,0.7,0.0,0.4,5,"2210,1610612739",0,2.8,1.3,0.5,0.393,4.0,2.1,0.524,1.0,0.7,0.75,21,5,18.2,0.8,1.6,1.0,2210,Richard Jefferson,2.0,5.4,3.5,0.5,0,CLE,1610612739,0.6,16,0.762
180,30.0,2.0,0.1,0.6,5,"201155,1610612754",0,2.0,1.4,0.7,0.5,6.1,2.4,0.395,1.3,0.7,0.556,7,4,17.8,0.1,1.3,1.6,201155,Rodney Stuckey,1.3,6.3,2.1,0.6,0,IND,1610612754,0.9,3,0.429
181,27.0,11.0,0.1,1.0,5,"201566,1610612760",15,4.6,5.8,1.9,0.324,21.8,8.8,0.405,7.8,6.4,0.829,18,7,37.4,2.3,2.4,5.5,201566,Russell Westbrook,6.6,26.0,6.9,2.6,1,OKC,1610612760,4.3,11,0.611
182,30.0,0.3,1.3,0.3,5,"1626257,1610612742",0,2.0,0.0,0.0,0.0,2.5,1.8,0.7,3.0,1.3,0.417,4,3,19.0,1.3,2.8,2.5,1626257,Salah Mejri,-4.0,4.8,3.3,0.8,0,DAL,1610612742,0.0,1,0.25
183,26.0,0.6,1.3,0.1,5,"201586,1610612760",1,5.0,3.8,1.7,0.449,9.1,4.7,0.521,1.1,0.8,0.75,18,7,33.5,1.3,2.8,1.0,201586,Serge Ibaka,6.9,12.0,6.3,0.8,0,OKC,1610612760,0.5,11,0.611
184,30.0,3.3,0.2,0.4,5,"2733,1610612744",0,2.6,0.0,0.0,0.0,7.0,3.4,0.488,1.5,1.3,0.865,24,9,21.4,0.5,2.0,1.5,2733,Shaun Livingston,3.3,8.2,3.2,0.5,0,GSW,1610612744,1.2,15,0.625
185,25.0,1.1,0.0,0.4,5,"203524,1610612754",0,3.3,2.7,1.6,0.579,4.4,2.0,0.452,2.3,2.1,0.938,7,4,28.3,0.7,2.9,2.0,203524,Solomon Hill,2.9,7.7,4.0,0.3,0,IND,1610612754,0.4,3,0.429
186,23.0,1.0,0.0,0.0,5,"203915,1610612765",0,0.0,0.0,0.0,0.0,1.0,1.0,1.0,0.0,0.0,0.0,1,1,1.7,0.0,0.0,0.0,203915,Spencer Dinwiddie,-3.0,2.0,0.0,0.0,0,DET,1610612765,0.0,0,0.0
187,28.0,0.6,0.4,0.2,5,"201150,1610612766",0,2.6,0.8,0.2,0.25,2.6,1.2,0.462,1.2,1.0,0.833,5,2,10.6,0.6,1.0,0.8,201150,Spencer Hawes,5.0,3.6,3.2,0.2,0,CHA,1610612766,0.8,3,0.6
188,20.0,0.0,0.0,0.0,5,"1626169,1610612765",0,4.0,2.5,1.5,0.6,5.8,3.0,0.522,0.5,0.5,1.0,4,4,20.4,0.0,2.5,0.8,1626169,Stanley Johnson,-2.3,8.0,4.0,0.3,0,DET,1610612765,0.8,0,0.0
189,28.0,5.2,0.3,0.8,5,"201939,1610612744",3,4.7,11.0,4.4,0.404,18.8,8.2,0.438,4.6,4.2,0.916,18,7,34.1,0.8,2.2,4.8,201939,Stephen Curry,2.7,25.1,5.5,1.4,0,GSW,1610612744,4.2,11,0.611
190,36.0,2.5,0.0,0.0,5,"2581,1610612765",0,1.0,0.5,0.3,0.5,1.3,0.3,0.2,0.5,0.3,0.5,4,4,10.8,0.0,1.8,0.5,2581,Steve Blake,-6.0,1.0,1.0,0.0,0,DET,1610612765,1.3,0,0.0
191,22.0,0.7,0.8,0.8,5,"203500,1610612760",6,6.1,0.1,0.0,0.0,6.2,3.8,0.613,4.1,2.6,0.63,18,7,30.7,3.4,3.1,3.8,203500,Steven Adams,2.4,10.1,9.5,0.5,0,OKC,1610612760,0.9,11,0.611
192,25.0,0.6,0.3,0.3,5,"203082,1610612761",0,1.4,3.2,1.1,0.328,6.0,2.3,0.387,1.0,0.7,0.65,20,10,16.8,0.2,1.4,0.8,203082,Terrence Ross,-4.5,6.3,1.6,0.7,0,TOR,1610612761,0.8,10,0.5
193,22.0,1.2,0.6,0.0,5,"1626179,1610612738",0,2.8,2.2,0.8,0.364,4.6,1.8,0.391,0.4,0.4,1.0,5,3,19.7,0.6,1.0,0.8,1626179,Terry Rozier,-5.2,4.8,3.4,0.2,0,BOS,1610612738,0.4,2,0.4
194,32.0,1.7,0.6,0.1,5,"200757,1610612737",0,3.3,1.9,0.7,0.368,4.6,2.2,0.478,1.5,0.8,0.533,10,6,20.3,0.8,1.7,0.8,200757,Thabo Sefolosha,-3.8,5.9,4.1,1.0,0,ATL,1610612737,1.0,4,0.4
195,40.0,1.4,1.3,0.8,5,"1495,1610612759",0,3.8,0.0,0.0,0.0,5.2,2.2,0.423,2.1,1.5,0.714,10,4,21.8,1.0,1.8,1.6,1495,Tim Duncan,6.8,5.9,4.8,0.2,0,SAS,1610612759,1.0,6,0.6
196,24.0,0.8,0.1,0.0,5,"203501,1610612737",0,1.0,1.6,0.2,0.143,2.9,0.8,0.269,0.7,0.4,0.667,9,5,9.7,0.0,0.2,0.7,203501,Tim Hardaway Jr.,0.3,2.2,1.0,0.0,0,ATL,1610612737,0.3,4,0.444
197,29.0,0.2,0.2,0.0,5,"202389,1610612739",0,1.2,0.0,0.0,0.0,1.2,0.5,0.4,0.3,0.2,0.75,13,3,5.8,0.4,1.2,0.5,202389,Timofey Mozgov,-2.2,1.2,1.6,0.2,0,CLE,1610612739,0.6,10,0.769
198,23.0,3.0,0.8,1.0,5,"202699,1610612765",1,8.0,3.0,1.0,0.333,11.5,5.3,0.457,3.3,3.0,0.923,4,4,39.0,1.5,2.8,2.5,202699,Tobias Harris,-1.3,14.5,9.5,0.8,0,DET,1610612765,1.5,0,0.0
199,34.0,0.8,0.5,0.8,5,"2754,1610612763",0,1.3,1.8,0.3,0.143,8.3,2.5,0.303,3.3,2.3,0.692,4,4,23.4,1.5,2.8,2.3,2754,Tony Allen,-8.0,7.5,2.8,1.3,0,MEM,1610612763,1.5,0,0.0
200,34.0,5.3,0.2,0.9,5,"2225,1610612759",0,2.1,1.6,0.4,0.25,9.8,4.4,0.449,1.4,1.2,0.857,10,4,26.4,0.1,1.5,1.9,2225,Tony Parker,2.7,10.4,2.2,0.6,0,SAS,1610612759,1.8,6,0.6
201,30.0,0.8,0.2,0.2,5,"2772,1610612745",0,2.8,5.6,0.8,0.143,10.2,2.6,0.255,0.8,0.6,0.75,5,4,36.2,1.4,3.2,1.0,2772,Trevor Ariza,-18.0,6.6,4.2,2.6,0,HOU,1610612745,2.4,1,0.2
202,25.0,0.7,0.9,0.7,5,"202684,1610612739",3,4.9,0.0,0.0,0.0,4.4,2.3,0.527,3.5,2.0,0.575,21,5,29.6,4.1,2.6,3.0,202684,Tristan Thompson,6.4,6.7,9.0,0.4,0,CLE,1610612739,0.8,16,0.762
203,24.0,0.0,0.0,0.3,5,"203584,1610612766",0,0.5,0.8,0.0,0.0,2.0,0.3,0.125,0.0,0.0,0.0,4,3,4.4,0.0,0.5,0.5,203584,Troy Daniels,-2.3,0.5,0.5,0.0,0,CHA,1610612766,0.0,1,0.25
204,28.0,1.4,0.0,0.3,5,"201951,1610612754",0,0.9,0.4,0.0,0.0,2.6,0.9,0.333,0.9,0.6,0.667,7,4,10.5,0.1,1.1,0.7,201951,Ty Lawson,-5.3,2.3,1.0,0.4,0,IND,1610612754,0.9,3,0.429
205,30.0,0.0,0.0,0.0,5,"201946,1610612766",0,0.0,0.0,0.0,0.0,0.0,0.0,0.0,0.0,0.0,0.0,2,1,2.8,0.0,0.0,0.0,201946,Tyler Hansbrough,-1.5,0.0,0.0,0.0,0,CHA,1610612766,0.0,1,0.5
206,24.0,1.6,0.0,0.0,5,"204020,1610612748",0,1.0,1.2,0.6,0.5,2.2,1.0,0.455,2.2,1.6,0.727,5,2,12.1,0.4,1.6,1.2,204020,Tyler Johnson,2.2,4.2,1.4,0.2,0,MIA,1610612748,0.4,3,0.6
207,26.0,0.7,0.7,0.0,5,"203092,1610612738",0,3.7,0.0,0.0,0.0,5.0,2.3,0.467,2.0,1.3,0.667,3,3,12.7,1.3,0.3,2.3,203092,Tyler Zeller,4.0,6.0,5.0,0.0,0,BOS,1610612738,0.7,0,0.0
208,36.0,0.4,0.1,0.1,5,"2617,1610612748",0,2.2,0.0,0.0,0.0,1.7,0.9,0.533,0.8,0.6,0.714,9,5,9.4,1.2,1.4,1.3,2617,Udonis Haslem,-2.1,2.3,3.4,0.0,0,MIA,1610612748,0.8,4,0.444
209,39.0,1.3,0.3,2.3,5,"1713,1610612763",0,2.5,2.5,1.8,0.7,8.3,3.8,0.455,2.0,2.0,1.0,4,4,22.7,1.3,2.3,2.3,1713,Vince Carter,-11.8,11.3,3.8,0.5,0,MEM,1610612763,0.8,0,0.0
210,28.0,0.3,0.7,0.0,5,"202325,1610612746",0,2.2,1.5,0.5,0.333,2.3,0.8,0.357,0.5,0.5,1.0,6,4,12.8,0.8,1.0,0.3,202325,Wesley Johnson,4.0,2.7,3.0,0.2,0,LAC,1610612746,0.3,2,0.333
211,29.0,1.2,0.0,0.8,5,"202083,1610612742",0,2.8,7.0,2.0,0.286,12.0,4.0,0.333,3.8,3.0,0.789,5,4,34.7,0.8,2.8,3.4,202083,Wesley Matthews,-21.2,13.0,3.6,1.2,0,DAL,1610612742,0.8,1,0.2
212,24.0,2.5,0.8,0.0,5,"204098,1610612763",0,2.0,2.0,0.3,0.125,7.0,2.3,0.321,0.5,0.0,0.0,4,4,22.3,0.3,2.0,1.3,204098,Xavier Munford,-11.8,4.8,2.3,1.5,0,MEM,1610612763,1.3,0,0.0
213,34.0,1.8,0.0,3.8,5,"2216,1610612763",2,5.0,0.0,0.0,0.0,15.5,5.8,0.371,1.8,1.5,0.857,4,4,29.9,3.8,2.5,3.5,2216,Zach Randolph,-14.3,13.0,8.8,0.3,0,MEM,1610612763,1.8,0,0.0
214,32.0,3.2,0.2,0.4,5,"2585,1610612742",0,3.4,0.0,0.0,0.0,4.8,1.8,0.375,3.4,3.0,0.882,5,4,22.4,2.0,2.6,2.8,2585,Zaza Pachulia,-14.4,6.6,5.4,0.6,0,DAL,1610612742,0.4,1,0.2
