,AGE,AST_PCT,AST_RATIO,AST_TO,CFID,CFPARAMS,DEF_RATING,DREB_PCT,EFG_PCT,FGA,FGA_PG,FGM,FGM_PG,FG_PCT,GP,L,MIN,NET_RATING,OFF_RATING,OREB_PCT,PACE,PIE,PLAYER_ID,PLAYER_NAME,REB_PCT,TEAM_ABBREVIATION,TEAM_ID,TM_TOV_PCT,TS_PCT,USG_PCT,W,W_PCT
0,31.0,0.21,18.0,1.4,5,"201166,1610612741",106.1,0.083,0.479,72,9.0,29,3.6,0.403,8,4,19.3,1.6,107.7,0.038,98.5,0.08,201166,Aaron Brooks,0.06,CHI,1610612741,12.9,0.51,0.253,4,0.5
1,20.0,0.063,5.6,0.33,5,"203932,1610612753",83.1,0.269,0.385,13,6.5,5,2.5,0.385,2,0,15.4,11.6,94.8,0.036,101.59,0.121,203932,Aaron Gordon,0.148,ORL,1610612753,16.8,0.432,0.233,2,1.0
2,21.0,0.119,16.7,1.25,5,"1626151,1610612766",93.8,0.092,0.5,20,3.3,7,1.2,0.35,6,1,12.8,-5.5,88.3,0.0,96.69,0.05,1626151,Aaron Harrison,0.048,CHA,1610612766,13.4,0.503,0.146,5,0.833
3,23.0,0.167,33.3,0.0,5,"203519,1610612765",105.6,0.0,0.5,2,2.0,1,1.0,0.5,1,1,9.7,-17.0,88.6,0.0,94.81,0.073,203519,Adonis Thomas,0.0,DET,1610612765,0.0,0.5,0.079,0,0.0
4,25.0,0.023,3.5,0.2,5,"203940,1610612750",111.9,0.185,0.35,20,3.3,7,1.2,0.35,6,4,12.0,-16.4,95.5,0.058,99.73,-0.018,203940,Adreian Payne,0.114,MIN,1610612750,17.5,0.398,0.162,2,0.333
5,30.0,0.197,16.9,1.4,5,"201143,1610612737",86.8,0.224,0.537,54,9.0,26,4.3,0.481,6,2,23.5,11.0,97.8,0.039,101.01,0.177,201143,Al Horford,0.142,ATL,1610612737,12.1,0.586,0.223,4,0.667
6,31.0,0.051,4.8,0.57,5,"2744,1610612766",90.3,0.204,0.415,65,10.8,27,4.5,0.415,6,0,24.1,13.3,103.5,0.029,101.23,0.102,2744,Al Jefferson,0.12,CHA,1610612766,8.4,0.462,0.244,6,1.0
7,25.0,0.093,9.8,0.5,5,"202329,1610612757",97.7,0.157,0.484,32,10.7,14,4.7,0.438,3,1,30.8,3.4,101.2,0.057,101.09,0.085,202329,Al-Farouq Aminu,0.106,POR,1610612757,19.6,0.528,0.211,2,0.667
8,24.0,0.182,19.7,1.69,5,"202692,1610612762",99.7,0.177,0.475,60,8.6,28,4.0,0.467,7,4,27.5,4.3,104.1,0.029,98.41,0.123,202692,Alec Burks,0.104,UTA,1610612762,11.6,0.547,0.206,3,0.429
9,23.0,0.073,7.1,0.5,5,"203458,1610612756",90.4,0.213,0.513,39,7.8,20,4.0,0.513,5,1,19.8,3.5,93.9,0.076,100.03,0.174,203458,Alex Len,0.15,PHX,1610612756,14.2,0.576,0.227,4,0.8
10,28.0,0.125,5.1,0.33,5,"1627293,1610612763",90.3,0.2,0.154,13,4.3,2,0.7,0.154,3,1,9.3,-27.6,62.7,0.316,87.25,0.0,1627293,Alex Stepheson,0.265,MEM,1610612763,15.3,0.224,0.266,2,0.667
11,28.0,0.0,0.0,0.0,5,"201582,1610612740",60.1,0.182,0.5,2,2.0,1,1.0,0.5,1,0,8.2,30.5,90.6,0.154,103.19,0.25,201582,Alexis Ajinca,0.167,NOP,1610612740,0.0,0.5,0.084,1,1.0
12,24.0,0.133,16.3,2.67,5,"203459,1610612757",93.6,0.066,0.571,70,10.0,34,4.9,0.486,7,4,28.4,5.7,99.2,0.012,100.66,0.099,203459,Allen Crabbe,0.04,POR,1610612757,6.1,0.584,0.181,3,0.429
13,29.0,0.099,15.8,1.4,5,"202087,1610612740",105.0,0.149,0.241,27,4.5,6,1.0,0.222,6,4,21.2,-11.7,93.3,0.014,105.04,0.028,202087,Alonzo Gee,0.075,NOP,1610612740,11.3,0.356,0.124,2,0.333
14,33.0,0.026,3.4,0.33,5,"2405,1610612748",94.9,0.222,0.333,21,4.2,7,1.4,0.333,5,2,12.8,5.3,100.2,0.082,98.73,0.097,2405,Amar'e Stoudemire,0.155,MIA,1610612748,10.2,0.472,0.2,3,0.6
15,29.0,0.078,8.1,0.56,5,"101161,1610612738",85.2,0.214,0.64,43,7.2,26,4.3,0.605,6,1,18.2,8.8,94.0,0.065,104.28,0.181,101161,Amir Johnson,0.141,BOS,1610612738,14.6,0.638,0.218,5,0.833
16,33.0,0.361,22.3,1.18,5,"2760,1610612744",93.3,0.275,0.655,29,4.8,19,3.2,0.655,6,6,15.7,-14.7,78.6,0.067,99.66,0.226,2760,Anderson Varejao,0.166,GSW,1610612744,18.9,0.686,0.211,0,0.0
17,22.0,0.048,4.4,0.55,5,"203083,1610612765",97.0,0.302,0.532,109,13.6,58,7.3,0.532,8,5,28.7,5.1,102.2,0.163,97.15,0.164,203083,Andre Drummond,0.232,DET,1610612765,8.1,0.524,0.246,3,0.375
18,32.0,0.141,20.0,1.13,5,"2738,1610612744",100.6,0.095,0.521,24,4.0,11,1.8,0.458,6,3,15.4,6.1,106.7,0.011,104.64,0.073,2738,Andre Iguodala,0.052,GSW,1610612744,17.8,0.536,0.163,3,0.5
19,40.0,0.29,39.5,2.25,5,"1889,1610612759",106.9,0.217,0.75,8,2.7,6,2.0,0.75,3,2,16.4,2.4,109.3,0.053,90.1,0.144,1889,Andre Miller,0.115,SAS,1610612759,17.6,0.717,0.133,1,0.333
20,24.0,0.053,20.2,1.67,5,"203460,1610612760",89.2,0.16,0.367,15,2.5,5,0.8,0.333,6,1,20.2,9.9,99.1,0.044,100.16,0.049,203460,Andre Roberson,0.107,OKC,1610612760,12.1,0.418,0.07,5,0.833
21,31.0,0.167,36.2,2.25,5,"101106,1610612744",102.3,0.203,0.727,11,2.8,8,2.0,0.727,4,2,17.7,16.5,118.8,0.021,107.41,0.097,101106,Andrew Bogut,0.131,GSW,1610612744,16.1,0.715,0.098,2,0.5
22,26.0,0.111,8.7,1.0,5,"203094,1610612753",95.8,0.217,0.586,35,5.8,18,3.0,0.514,6,2,11.4,7.1,102.9,0.082,95.06,0.163,203094,Andrew Nicholson,0.154,ORL,1610612753,8.7,0.591,0.279,4,0.667
23,21.0,0.173,11.5,1.08,5,"203952,1610612750",107.8,0.087,0.45,70,10.0,27,3.9,0.386,7,5,23.7,-16.6,91.2,0.06,97.12,0.105,203952,Andrew Wiggins,0.072,MIN,1610612750,10.6,0.534,0.275,2,0.286
24,23.0,0.071,9.5,1.0,5,"203461,1610612761",95.9,0.257,0.411,28,4.7,9,1.5,0.321,6,2,14.4,1.9,97.8,0.062,96.09,0.106,203461,Anthony Bennett,0.165,TOR,1610612761,9.5,0.483,0.202,4,0.667
25,23.0,0.012,4.5,0.5,5,"1626148,1610612747",103.1,0.025,0.632,19,2.7,9,1.3,0.474,7,4,18.5,-7.3,95.8,0.017,100.98,0.02,1626148,Anthony Brown,0.021,LAL,1610612747,8.9,0.643,0.071,3,0.429
26,23.0,0.123,6.6,0.91,5,"203076,1610612740",97.4,0.251,0.481,107,17.8,48,8.0,0.449,6,3,29.1,6.7,104.2,0.088,102.72,0.21,203076,Anthony Davis,0.173,NOP,1610612740,7.3,0.545,0.347,3,0.5
27,30.0,0.0,0.0,0.0,5,"201627,1610612760",92.5,0.067,0.5,48,8.0,18,3.0,0.375,6,1,19.7,17.0,109.5,0.01,97.56,0.05,201627,Anthony Morrow,0.041,OKC,1610612760,9.2,0.507,0.2,5,0.833
28,31.0,0.103,18.7,2.5,5,"201229,1610612765",99.2,0.149,0.472,36,4.5,12,1.5,0.333,8,5,17.8,6.1,105.3,0.033,98.54,0.083,201229,Anthony Tolliver,0.094,DET,1610612765,7.5,0.519,0.135,3,0.375
29,21.0,0.175,21.7,1.83,5,"203462,1610612756",97.8,0.043,0.484,31,5.2,14,2.3,0.452,6,2,15.8,-2.0,95.8,0.032,105.98,0.088,203462,Archie Goodwin,0.037,PHX,1610612756,11.8,0.505,0.169,4,0.667
30,29.0,0.029,4.6,0.5,5,"203382,1610612765",100.0,0.178,0.5,16,4.0,8,2.0,0.5,4,2,14.1,9.6,109.6,0.095,97.74,0.072,203382,Aron Baynes,0.138,DET,1610612765,9.2,0.536,0.168,2,0.5
31,30.0,0.04,5.4,0.5,5,"201167,1610612752",97.1,0.179,0.633,15,5.0,8,2.7,0.533,3,2,13.1,2.8,99.9,0.0,98.89,0.115,201167,Arron Afflalo,0.085,NYK,1610612752,10.8,0.648,0.194,1,0.333
32,26.0,0.0,0.0,0.0,5,"203529,1610612745",123.1,0.294,0.0,1,0.5,0,0.0,0.0,2,1,7.7,-50.4,72.8,0.111,109.51,0.026,203529,Arsalan Kazemi,0.2,HOU,1610612745,0.0,0.362,0.066,1,0.5
33,28.0,0.119,12.6,1.0,5,"201948,1610612739",122.1,0.408,0.464,28,4.7,10,1.7,0.357,6,5,11.9,-21.0,101.0,0.017,99.78,0.078,201948,Austin Daye,0.196,CLE,1610612739,12.6,0.504,0.218,1,0.167
34,23.0,0.113,10.1,0.86,5,"203085,1610612746",97.0,0.043,0.513,40,8.0,18,3.6,0.45,5,2,21.1,-8.4,88.7,0.01,104.48,0.065,203085,Austin Rivers,0.026,LAC,1610612746,11.8,0.542,0.216,3,0.6
35,25.0,0.135,15.2,2.5,5,"202340,1610612738",93.5,0.131,0.578,51,8.5,24,4.0,0.471,6,1,19.2,12.2,105.7,0.019,103.34,0.133,202340,Avery Bradley,0.08,BOS,1610612738,6.1,0.588,0.202,5,0.833
36,23.0,0.067,33.3,0.0,5,"1626253,1610612743",96.3,0.067,0.0,2,1.0,0,0.0,0.0,2,1,10.7,3.0,99.3,0.053,94.82,-0.039,1626253,Axel Toupane,0.059,DEN,1610612743,0.0,0.0,0.044,1,0.5
37,33.0,0.286,22.2,0.67,5,"2732,1610612744",86.2,0.091,0.25,4,2.0,1,0.5,0.25,2,1,8.3,-16.5,69.8,0.0,103.7,-0.074,2732,Ben Gordon,0.036,GSW,1610612744,33.3,0.25,0.171,1,0.5
38,23.0,0.078,11.4,2.0,5,"203463,1610612758",96.5,0.055,0.333,36,6.0,10,1.7,0.278,6,1,20.9,2.1,98.6,0.008,99.17,0.031,203463,Ben McLemore,0.029,SAC,1610612758,5.7,0.425,0.158,5,0.833
39,33.0,0.268,20.3,1.1,5,"2757,1610612748",79.3,0.103,0.222,27,5.4,5,1.0,0.185,5,1,15.2,-1.5,77.8,0.0,104.28,0.051,2757,Beno Udrih,0.054,MIA,1610612748,18.5,0.377,0.238,4,0.8
40,23.0,0.07,9.5,0.83,5,"202687,1610612761",87.2,0.283,0.367,30,4.3,11,1.6,0.367,7,2,20.6,2.1,89.3,0.126,93.72,0.101,202687,Bismack Biyombo,0.205,TOR,1610612761,11.3,0.442,0.152,5,0.714
41,27.0,0.264,16.1,1.35,5,"201933,1610612746",96.5,0.25,0.478,92,15.3,44,7.3,0.478,6,3,26.4,2.4,98.9,0.046,107.34,0.145,201933,Blake Griffin,0.143,LAC,1610612746,11.9,0.502,0.317,3,0.5
42,31.0,0.273,25.1,1.29,5,"1627322,1610612740",113.3,0.048,0.263,19,4.8,5,1.3,0.263,4,3,13.8,-25.9,87.5,0.019,103.9,-0.039,1627322,Bo McCalebb,0.032,NOP,1610612740,19.5,0.277,0.206,1,0.25
43,27.0,0.069,6.3,0.2,5,"1626246,1610612759",91.4,0.22,0.474,19,3.8,9,1.8,0.474,5,3,11.6,-7.4,84.0,0.123,99.05,0.108,1626246,Boban Marjanovic,0.168,SAS,1610612759,31.4,0.503,0.222,2,0.4
44,21.0,0.068,7.6,0.7,5,"1626171,1610612741",107.4,0.276,0.478,68,9.7,30,4.3,0.441,7,4,21.7,-1.1,106.3,0.139,101.0,0.123,1626171,Bobby Portis,0.208,CHI,1610612741,10.9,0.52,0.229,3,0.429
45,27.0,0.109,13.1,0.88,5,"202711,1610612751",110.6,0.103,0.394,33,8.3,11,2.8,0.333,4,3,26.0,-7.4,103.2,0.023,100.01,0.048,202711,Bojan Bogdanovic,0.06,BKN,1610612751,15.0,0.457,0.192,1,0.25
46,34.0,0.125,23.3,1.5,5,"2564,1610612759",94.3,0.156,0.571,7,2.3,3,1.0,0.429,3,1,11.4,14.6,109.0,0.077,97.89,0.094,2564,Boris Diaw,0.121,SAS,1610612759,15.5,0.635,0.134,2,0.667
47,22.0,0.138,13.2,0.76,5,"203078,1610612764",103.9,0.1,0.644,66,11.0,38,6.3,0.576,6,2,22.9,9.7,113.6,0.039,104.56,0.114,203078,Bradley Beal,0.073,WAS,1610612764,17.2,0.656,0.261,4,0.667
48,28.0,0.064,7.2,0.6,5,"201148,1610612763",76.5,0.245,0.548,31,6.2,17,3.4,0.548,5,1,19.5,13.8,90.4,0.087,100.19,0.197,201148,Brandan Wright,0.167,MEM,1610612763,12.0,0.565,0.172,4,0.8
49,23.0,0.0,0.0,0.0,5,"1626183,1610612746",67.8,0.167,0.429,7,3.5,3,1.5,0.429,2,1,6.1,8.6,76.4,0.0,98.15,0.178,1626183,Branden Dawson,0.08,LAC,1610612746,0.0,0.429,0.251,1,0.5
50,21.0,0.128,17.8,1.0,5,"1626165,1610612742",85.9,0.225,0.105,19,2.7,2,0.3,0.105,7,7,12.1,-14.2,71.6,0.0,102.35,0.012,1626165,Brandon Ashley,0.107,DAL,1610612742,17.8,0.185,0.144,0,0.0
51,31.0,0.08,8.7,0.57,5,"101138,1610612747",95.2,0.122,0.379,29,5.8,11,2.2,0.379,5,4,19.5,-3.5,91.7,0.072,102.24,0.079,101138,Brandon Bass,0.096,LAL,1610612747,15.3,0.461,0.184,1,0.2
52,24.0,0.235,21.7,1.21,5,"202688,1610612756",99.5,0.118,0.484,62,10.3,24,4.0,0.387,6,2,25.6,-3.4,96.1,0.014,103.17,0.095,202688,Brandon Knight,0.065,PHX,1610612756,18.0,0.494,0.227,4,0.667
53,30.0,0.062,9.7,0.63,5,"201575,1610612744",108.5,0.118,0.456,34,4.9,13,1.9,0.382,7,4,18.5,-12.1,96.4,0.008,106.96,0.042,201575,Brandon Rush,0.063,GSW,1610612744,15.6,0.495,0.146,3,0.429
54,30.0,0.288,23.8,1.91,5,"203148,1610612757",86.5,0.075,0.49,50,7.1,22,3.1,0.44,7,1,19.6,11.1,97.5,0.025,96.55,0.154,203148,Brian Roberts,0.053,POR,1610612757,12.5,0.561,0.225,6,0.857
55,28.0,0.103,6.9,1.2,5,"201572,1610612751",95.5,0.183,0.447,57,11.4,25,5.0,0.439,5,3,26.4,-3.4,92.0,0.043,100.55,0.18,201572,Brook Lopez,0.11,BKN,1610612751,5.7,0.55,0.264,2,0.4
56,20.0,0.038,6.4,0.22,5,"203998,1610612761",85.1,0.12,0.278,18,3.0,4,0.7,0.222,6,2,14.1,1.7,86.8,0.016,98.2,-0.043,203998,Bruno Caboclo,0.072,TOR,1610612761,28.8,0.347,0.158,4,0.667
57,23.0,0.056,3.9,0.33,5,"203955,1610612763",124.5,0.063,0.211,19,9.5,4,2.0,0.211,2,2,17.2,-46.2,78.3,0.075,96.01,-0.005,203955,Bryce Cotton,0.069,MEM,1610612763,11.7,0.3,0.288,0,0.0
58,23.0,0.164,15.7,2.0,5,"1626214,1610612740",111.7,0.09,0.566,38,5.4,19,2.7,0.5,7,4,18.2,-20.8,90.9,0.014,102.09,0.103,1626214,Bryce Dejean-Jones,0.046,NOP,1610612740,7.9,0.638,0.179,3,0.429
59,24.0,0.083,25.3,3.0,5,"203927,1610612754",94.4,0.169,0.429,7,1.4,3,0.6,0.429,5,1,9.5,27.7,122.1,0.068,99.57,0.109,203927,CJ Fair,0.126,IND,1610612754,8.4,0.508,0.081,4,0.8
60,24.0,0.238,18.1,2.07,5,"203468,1610612757",97.1,0.065,0.487,118,16.9,49,7.0,0.415,7,4,31.0,6.8,103.9,0.02,101.29,0.105,203468,CJ McCollum,0.043,POR,1610612757,8.8,0.512,0.277,3,0.429
61,29.0,0.042,4.3,1.0,5,"101139,1610612754",96.6,0.087,0.417,60,10.0,20,3.3,0.333,6,2,18.4,14.2,110.7,0.009,101.65,0.054,101139,CJ Miles,0.047,IND,1610612754,4.3,0.45,0.262,4,0.667
62,32.0,0.287,36.8,3.1,5,"201228,1610612753",95.2,0.114,0.303,38,6.3,10,1.7,0.263,6,1,25.9,5.9,101.1,0.026,98.43,0.075,201228,CJ Watson,0.068,ORL,1610612753,11.9,0.347,0.144,5,0.833
63,25.0,0.056,6.3,0.25,5,"203912,1610612746",82.2,0.067,0.455,11,2.2,4,0.8,0.364,5,3,6.2,2.4,84.6,0.0,104.21,0.018,203912,CJ Wilcox,0.031,LAC,1610612746,25.0,0.455,0.204,2,0.4
64,25.0,0.019,3.2,0.25,5,"203946,1610612741",115.5,0.203,0.396,24,6.0,9,2.3,0.375,4,2,18.6,-6.9,108.7,0.113,103.92,0.056,203946,Cameron Bairstow,0.159,CHI,1610612741,12.6,0.45,0.164,2,0.5
65,21.0,0.279,21.1,1.33,5,"1626166,1610612760",96.4,0.139,0.574,34,5.7,16,2.7,0.471,6,1,13.0,6.4,102.8,0.042,97.85,0.135,1626166,Cameron Payne,0.091,OKC,1610612760,15.9,0.573,0.253,5,0.833
66,32.0,0.125,9.2,0.89,5,"2546,1610612752",97.4,0.083,0.493,68,13.6,32,6.4,0.471,5,1,24.3,-0.6,96.8,0.048,101.73,0.119,2546,Carmelo Anthony,0.065,NYK,1610612752,10.3,0.513,0.272,4,0.8
67,36.0,0.061,8.7,0.5,5,"2406,1610612758",92.3,0.14,0.219,16,4.0,3,0.8,0.188,4,1,13.6,0.6,92.9,0.0,102.44,-0.026,2406,Caron Butler,0.07,SAC,1610612758,17.5,0.237,0.159,3,0.75
68,33.0,0.111,15.1,1.0,5,"101112,1610612739",100.7,0.15,0.55,40,5.7,18,2.6,0.45,7,1,18.1,3.8,104.5,0.043,95.76,0.076,101112,Channing Frye,0.094,CLE,1610612739,15.1,0.575,0.177,6,0.857
69,33.0,0.167,42.9,3.0,5,"101236,1610612745",77.1,0.28,0.333,3,0.8,1,0.3,0.333,4,3,6.7,-0.9,76.2,0.1,101.0,0.129,101236,Charles Hayes,0.182,HOU,1610612745,14.3,0.333,0.064,1,0.25
70,31.0,0.094,7.8,0.71,5,"101111,1610612742",98.2,0.233,0.49,49,8.2,20,3.3,0.408,6,6,17.2,-6.1,92.2,0.043,105.69,0.102,101111,Charlie Villanueva,0.133,DAL,1610612742,10.9,0.509,0.233,0,0.0
71,26.0,0.25,17.4,0.0,5,"203586,1610612749",109.7,0.273,0.333,3,3.0,1,1.0,0.333,1,1,8.9,-15.1,94.7,0.0,104.76,0.118,203586,Charlie Westbrook,0.136,MIL,1610612749,0.0,0.42,0.238,0,0.0
72,28.0,0.049,6.9,1.0,5,"201978,1610612756",88.4,0.101,0.5,24,6.0,10,2.5,0.417,4,1,18.7,2.1,90.4,0.013,96.12,0.084,201978,Chase Budinger,0.057,PHX,1610612756,6.9,0.523,0.163,3,0.75
73,37.0,0.072,15.1,0.0,5,"2365,1610612763",94.7,0.211,0.404,26,3.7,10,1.4,0.385,7,4,15.4,3.9,98.6,0.109,97.68,0.126,2365,Chris Andersen,0.162,MEM,1610612763,0.0,0.443,0.115,3,0.429
74,26.0,0.132,21.7,2.5,5,"203569,1610612744",101.0,0.045,0.406,16,2.7,5,0.8,0.313,6,4,11.0,-19.3,81.7,0.0,105.61,-0.003,203569,Chris Babb,0.02,GSW,1610612744,8.7,0.406,0.11,2,0.333
75,32.0,0.143,11.8,1.3,5,"2547,1610612748",102.9,0.183,0.467,75,10.7,32,4.6,0.427,7,3,25.7,-12.2,90.7,0.031,100.59,0.148,2547,Chris Bosh,0.111,MIA,1610612748,9.1,0.55,0.244,4,0.571
76,32.0,0.075,9.3,0.0,5,"203142,1610612749",96.4,0.145,0.5,24,8.0,9,3.0,0.375,3,2,24.2,-2.7,93.7,0.014,103.83,0.126,203142,Chris Copeland,0.082,MIL,1610612749,0.0,0.581,0.168,1,0.333
77,32.0,0.128,9.9,0.5,5,"202808,1610612751",104.8,0.175,0.515,34,6.8,14,2.8,0.412,5,3,13.0,1.8,106.6,0.078,100.57,0.051,202808,Chris Daniels,0.13,BKN,1610612751,19.9,0.524,0.304,2,0.4
78,29.0,0.079,12.4,1.0,5,"201604,1610612740",111.9,0.04,0.452,21,4.2,9,1.8,0.429,5,3,19.7,-12.8,99.2,0.0,103.72,0.077,201604,Chris Douglas-Roberts,0.021,NOP,1610612740,12.4,0.579,0.154,2,0.4
79,30.0,0.125,22.0,1.5,5,"202419,1610612739",134.3,0.194,0.5,6,1.5,3,0.8,0.5,4,4,9.2,-31.8,102.5,0.027,103.39,0.026,202419,Chris Johnson,0.103,CLE,1610612739,14.7,0.521,0.121,0,0.0
80,26.0,0.0,0.0,0.0,5,"203187,1610612762",113.4,0.114,0.406,16,3.2,6,1.2,0.375,5,4,10.9,-35.5,77.9,0.017,94.42,0.011,203187,Chris Johnson,0.058,UTA,1610612762,19.6,0.395,0.162,1,0.2
81,34.0,0.231,14.3,1.0,5,"2549,1610612757",103.6,0.208,0.267,15,7.5,4,2.0,0.267,2,1,11.2,-11.1,92.5,0.083,104.17,0.0,2549,Chris Kaman,0.146,POR,1610612757,14.3,0.267,0.329,1,0.5
82,31.0,0.513,39.1,2.93,5,"101108,1610612746",97.2,0.118,0.456,45,9.0,18,3.6,0.4,5,2,23.5,0.3,97.4,0.026,107.03,0.129,101108,Chris Paul,0.069,LAC,1610612746,13.4,0.512,0.229,3,0.6
83,21.0,0.0,0.0,0.0,5,"1626217,1610612745",70.4,0.4,0.5,16,5.3,8,2.7,0.5,3,1,8.3,13.2,83.7,0.129,108.07,0.302,1626217,Chris Walker,0.262,HOU,1610612745,19.2,0.504,0.302,2,0.667
84,20.0,0.033,2.8,0.5,5,"1626174,1610612755",82.9,0.284,0.466,29,5.8,13,2.6,0.448,5,3,12.6,8.8,91.8,0.069,109.3,0.147,1626174,Christian Wood,0.173,PHI,1610612755,5.6,0.47,0.231,2,0.4
85,25.0,0.095,13.1,1.0,5,"203921,1610612752",87.3,0.118,0.543,35,5.8,17,2.8,0.486,6,2,20.2,12.0,99.3,0.019,102.61,0.085,203921,Cleanthony Early,0.073,NYK,1610612752,13.1,0.584,0.171,4,0.667
86,22.0,0.063,9.9,0.55,5,"203991,1610612745",94.3,0.281,0.571,35,5.8,20,3.3,0.571,6,3,23.9,14.1,108.4,0.121,102.78,0.118,203991,Clint Capela,0.198,HOU,1610612745,18.2,0.577,0.154,3,0.5
87,23.0,0.109,18.6,1.5,5,"203469,1610612766",94.1,0.209,0.667,33,4.1,20,2.5,0.606,8,1,22.1,3.2,97.4,0.042,101.93,0.117,203469,Cody Zeller,0.129,CHA,1610612766,12.4,0.664,0.132,7,0.875
88,27.0,0.091,11.4,0.33,5,"202332,1610612746",96.5,0.261,0.333,3,0.8,1,0.3,0.333,4,3,6.0,-24.7,71.7,0.083,96.8,0.053,202332,Cole Aldrich,0.17,LAC,1610612746,34.2,0.525,0.148,1,0.25
89,30.0,0.122,10.3,0.91,5,"201147,1610612745",110.4,0.135,0.5,62,10.3,28,4.7,0.452,6,4,22.8,-4.7,105.7,0.016,104.64,0.115,201147,Corey Brewer,0.07,HOU,1610612745,11.3,0.565,0.262,2,0.333
90,24.0,0.167,20.0,0.5,5,"1626186,1610612748",90.7,0.143,1.5,2,1.0,2,1.0,1.0,2,0,7.0,11.7,102.5,0.0,105.11,0.179,1626186,Corey Hawkins,0.069,MIA,1610612748,40.0,1.5,0.113,2,1.0
91,23.0,0.176,25.0,1.0,5,"1626258,1610612738",101.7,0.194,0.167,6,1.5,1,0.3,0.167,4,1,6.9,-9.7,92.0,0.0,103.28,-0.02,1626258,Corey Walden,0.105,BOS,1610612738,25.0,0.167,0.146,3,0.75
92,27.0,0.375,40.0,3.0,5,"1626290,1610612740",117.1,0.038,0.286,7,2.3,2,0.7,0.286,3,1,7.2,-14.0,103.1,0.0,111.41,0.033,1626290,Corey Webster,0.021,NOP,1610612740,13.3,0.286,0.182,2,0.667
93,25.0,0.083,8.8,0.0,5,"203928,1610612756",77.3,0.259,0.444,9,1.8,4,0.8,0.444,5,2,5.0,0.1,77.4,0.0,102.44,0.203,203928,Cory Jefferson,0.143,PHX,1610612756,0.0,0.484,0.191,3,0.6
94,24.0,0.333,24.6,2.56,5,"202709,1610612761",86.1,0.072,0.528,54,7.7,27,3.9,0.5,7,2,21.2,4.5,90.6,0.024,93.96,0.173,202709,Cory Joseph,0.048,TOR,1610612761,9.6,0.561,0.215,5,0.714
95,23.0,0.0,0.0,0.0,5,"1626262,1610612738",0.0,0.0,0.0,0,0.0,0,0.0,0.0,1,0,0.2,0.0,0.0,0.0,0.0,0.0,1626262,Coty Clarke,0.0,BOS,1610612738,0.0,0.0,0.0,1,1.0
96,30.0,0.138,13.5,2.0,5,"201584,1610612766",84.9,0.093,0.614,44,8.8,22,4.4,0.5,5,0,23.5,14.0,98.9,0.021,95.64,0.146,201584,Courtney Lee,0.059,CHA,1610612766,6.8,0.648,0.201,5,1.0
97,23.0,0.107,15.1,0.75,5,"1626245,1610612741",113.1,0.146,0.625,12,2.4,7,1.4,0.583,5,2,8.8,-16.9,96.2,0.2,106.34,0.107,1626245,Cristiano Felicio,0.176,CHI,1610612741,20.1,0.621,0.144,3,0.6
98,20.0,0.311,28.0,2.56,5,"1626156,1610612747",106.5,0.113,0.443,44,6.3,17,2.4,0.386,7,4,17.0,-3.5,103.0,0.032,102.18,0.097,1626156,D'Angelo Russell,0.071,LAL,1610612747,11.0,0.478,0.208,3,0.429
99,28.0,0.323,32.9,2.0,5,"201571,1610612743",93.0,0.054,0.293,29,5.8,8,1.6,0.276,5,1,18.9,0.0,93.0,0.025,99.23,0.028,201571,D.J. Augustin,0.041,DEN,1610612743,16.5,0.325,0.192,4,0.8
100,25.0,0.05,7.1,0.5,5,"203474,1610612739",115.0,0.067,0.591,11,2.8,6,1.5,0.545,4,3,7.3,-8.2,106.9,0.04,107.51,0.079,203474,DJ Stephens,0.055,CLE,1610612739,14.3,0.591,0.177,1,0.25
101,28.0,0.091,5.1,1.0,5,"201969,1610612752",94.9,0.091,0.219,16,4.0,3,0.8,0.188,4,2,5.8,-11.7,83.2,0.071,101.06,-0.048,201969,DaJuan Summers,0.08,NYK,1610612752,5.1,0.282,0.339,2,0.5
102,35.0,0.089,14.8,0.83,5,"2563,1610612739",93.6,0.077,0.611,18,4.5,10,2.5,0.556,4,3,24.5,2.0,95.6,0.025,101.88,0.059,2563,Dahntay Jones,0.051,CLE,1610612739,17.7,0.657,0.13,1,0.25
103,25.0,0.318,16.1,1.42,5,"203081,1610612757",102.3,0.101,0.452,105,21.0,42,8.4,0.4,5,3,31.3,0.8,103.1,0.021,104.68,0.149,203081,Damian Lillard,0.061,POR,1610612757,11.4,0.536,0.37,2,0.4
104,21.0,0.031,4.2,0.5,5,"203996,1610612749",120.2,0.271,0.5,17,5.7,8,2.7,0.471,3,2,18.3,-28.6,91.5,0.037,102.41,0.091,203996,Damien Inglis,0.147,MIL,1610612749,8.3,0.549,0.178,1,0.333
105,36.0,0.152,26.7,2.5,5,"2863,1610612766",101.7,0.082,0.6,10,3.3,6,2.0,0.6,3,1,17.1,-1.9,99.8,0.0,93.2,0.075,2863,Damien Wilkins,0.043,CHA,1610612766,10.7,0.638,0.126,2,0.667
106,30.0,0.077,15.9,1.5,5,"204014,1610612750",103.3,0.032,0.54,25,3.6,10,1.4,0.4,7,5,17.6,4.6,108.0,0.0,96.43,0.021,204014,Damjan Rudez,0.016,MIN,1610612750,10.6,0.543,0.12,2,0.286
107,27.0,0.139,13.4,0.92,5,"201568,1610612743",91.1,0.169,0.5,50,10.0,23,4.6,0.46,5,2,25.5,6.7,97.8,0.017,100.88,0.152,201568,Danilo Gallinari,0.096,DEN,1610612743,14.7,0.578,0.237,3,0.6
108,29.0,0.066,9.6,1.0,5,"201980,1610612759",96.1,0.167,0.6,30,5.0,14,2.3,0.467,6,4,16.6,7.2,103.4,0.032,96.99,0.12,201980,Danny Green,0.098,SAS,1610612759,9.6,0.641,0.17,2,0.333
109,29.0,0.054,12.9,0.88,5,"201967,1610612740",100.7,0.169,0.329,35,5.0,10,1.4,0.286,7,4,28.5,1.1,101.9,0.043,101.75,0.03,201967,Dante Cunningham,0.107,NOP,1610612740,14.7,0.381,0.102,3,0.429
110,23.0,0.0,0.0,0.0,5,"1626276,1610612752",130.6,0.0,0.0,2,0.7,0,0.0,0.0,3,2,2.4,-36.5,94.1,0.0,101.32,-0.127,1626276,Darion Atkins,0.0,NYK,1610612752,0.0,0.0,0.134,1,0.333
111,28.0,0.056,5.6,0.5,5,"201589,1610612743",118.6,0.24,0.385,13,6.5,4,2.0,0.308,2,2,17.4,-28.2,90.4,0.0,93.18,0.048,201589,Darrell Arthur,0.103,DEN,1610612743,11.3,0.44,0.228,0,0.0
112,28.0,0.355,28.3,2.06,5,"201954,1610612758",95.3,0.107,0.602,54,9.0,29,4.8,0.537,6,1,26.5,8.6,103.9,0.034,102.2,0.199,201954,Darren Collison,0.073,SAC,1610612758,13.7,0.68,0.223,5,0.833
113,23.0,0.133,15.7,0.67,5,"1626199,1610612765",97.8,0.0,0.5,6,2.0,2,0.7,0.333,3,0,7.5,17.8,115.6,0.0,95.94,0.048,1626199,Darrun Hilliard,0.0,DET,1610612765,23.5,0.644,0.237,3,1.0
114,33.0,0.179,17.3,1.09,5,"101135,1610612742",91.1,0.261,0.372,43,8.6,16,3.2,0.372,5,1,20.0,13.6,104.7,0.065,102.88,0.108,101135,David Lee,0.172,DAL,1610612742,15.8,0.419,0.242,4,0.8
115,25.0,0.8,26.9,1.33,5,"204065,1610612758",104.2,0.267,0.143,7,2.3,1,0.3,0.143,3,0,5.2,-43.0,61.1,0.071,98.44,0.075,204065,David Stockton,0.172,SAC,1610612758,20.2,0.254,0.302,3,1.0
116,35.0,0.133,16.1,0.89,5,"2561,1610612759",104.0,0.2,0.467,30,5.0,14,2.3,0.467,6,4,17.3,-6.8,97.2,0.071,98.48,0.071,2561,David West,0.131,SAS,1610612759,18.1,0.506,0.183,2,0.333
117,27.0,0.025,6.4,0.43,5,"201599,1610612746",93.2,0.37,0.679,28,4.7,19,3.2,0.679,6,3,25.9,10.7,103.8,0.049,107.0,0.135,201599,DeAndre Jordan,0.204,LAC,1610612746,15.0,0.652,0.119,3,0.5
118,27.0,0.038,3.1,0.0,5,"201971,1610612764",102.9,0.294,0.607,28,9.3,17,5.7,0.607,3,0,16.4,-0.2,102.7,0.175,112.21,0.23,201971,DeJuan Blair,0.231,WAS,1610612764,0.0,0.627,0.245,3,1.0
119,26.0,0.196,18.2,1.8,5,"201942,1610612761",94.4,0.127,0.288,59,9.8,17,2.8,0.288,6,2,24.8,7.8,102.2,0.039,93.81,0.06,201942,DeMar DeRozan,0.083,TOR,1610612761,10.1,0.402,0.246,4,0.667
120,25.0,0.057,2.8,0.18,5,"202326,1610612758",87.8,0.252,0.399,69,13.8,27,5.4,0.391,5,1,23.8,5.6,93.4,0.076,102.79,0.159,202326,DeMarcus Cousins,0.161,SAC,1610612758,15.8,0.506,0.37,4,0.8
121,29.0,0.081,9.3,1.6,5,"201960,1610612761",98.7,0.142,0.492,64,9.1,26,3.7,0.406,7,2,24.4,7.9,106.6,0.055,93.67,0.107,201960,DeMarre Carroll,0.099,TOR,1610612761,5.8,0.543,0.205,5,0.714
122,26.0,0.0,0.0,0.0,5,"203199,1610612737",83.0,0.0,0.429,7,1.8,3,0.8,0.429,4,1,4.6,6.0,89.0,0.071,99.4,0.083,203199,DeQuan Jones,0.032,ATL,1610612737,9.4,0.571,0.288,3,0.75
123,24.0,0.184,18.3,0.88,5,"1626153,1610612761",111.5,0.175,0.455,22,3.1,9,1.3,0.409,7,2,10.3,-20.1,91.4,0.033,92.26,0.067,1626153,Delon Wright,0.102,TOR,1610612761,20.9,0.45,0.198,5,0.714
124,22.0,0.35,18.0,1.4,5,"203471,1610612737",93.6,0.113,0.378,45,7.5,15,2.5,0.333,6,2,17.3,-8.7,84.9,0.029,98.52,0.094,203471,Dennis Schroder,0.071,ATL,1610612737,12.9,0.465,0.274,4,0.667
125,23.0,0.2,15.4,6.0,5,"1626269,1610612745",86.6,0.13,0.407,27,6.8,9,2.3,0.333,4,2,11.5,15.8,102.4,0.038,111.49,0.174,1626269,Denzel Livingston,0.081,HOU,1610612745,2.6,0.471,0.266,2,0.5
126,32.0,0.333,37.2,4.0,5,"101114,1610612742",114.9,0.063,0.25,4,4.0,1,1.0,0.25,1,1,15.5,-0.2,114.7,0.077,98.27,0.09,101114,Deron Williams,0.069,DAL,1610612742,9.3,0.521,0.208,0,0.0
127,24.0,0.076,6.6,1.0,5,"202324,1610612762",86.5,0.159,0.393,56,11.2,22,4.4,0.393,5,3,25.9,7.2,93.7,0.116,97.66,0.122,202324,Derrick Favors,0.137,UTA,1610612762,6.6,0.431,0.245,2,0.4
128,27.0,0.143,13.4,0.0,5,"201565,1610612741",97.0,0.0,0.667,6,6.0,4,4.0,0.667,1,0,10.3,19.9,117.0,0.0,104.03,0.121,201565,Derrick Rose,0.0,CHI,1610612741,0.0,0.621,0.279,1,1.0
129,25.0,0.094,6.5,0.4,5,"202682,1610612752",91.3,0.161,0.65,60,10.0,34,5.7,0.567,6,2,21.2,8.6,99.9,0.026,101.62,0.198,202682,Derrick Williams,0.095,NYK,1610612752,16.1,0.675,0.294,4,0.667
130,24.0,0.111,6.4,0.33,5,"203472,1610612759",108.2,0.038,0.222,9,4.5,2,1.0,0.222,2,2,14.7,-48.3,59.9,0.034,105.42,-0.016,203472,Deshaun Thomas,0.036,SAS,1610612759,19.2,0.387,0.218,0,0.0
131,19.0,0.088,7.3,0.42,5,"1626164,1610612756",86.0,0.063,0.447,47,7.8,18,3.0,0.383,6,2,17.6,-1.8,84.2,0.037,106.74,0.063,1626164,Devin Booker,0.051,PHX,1610612756,17.4,0.492,0.243,4,0.667
132,33.0,0.2,20.3,1.71,5,"2734,1610612742",95.1,0.088,0.459,37,6.2,15,2.5,0.405,6,6,17.0,3.9,99.0,0.019,102.34,0.08,2734,Devin Harris,0.053,DAL,1610612742,11.8,0.487,0.2,0,0.0
133,28.0,0.0,0.0,0.0,5,"202464,1610612743",116.0,0.118,0.333,6,1.5,2,0.5,0.333,4,2,3.3,-19.5,96.6,0.056,98.3,0.043,202464,Devin Sweetney,0.086,DEN,1610612743,0.0,0.363,0.222,2,0.5
134,23.0,0.181,17.8,1.36,5,"203906,1610612753",99.9,0.096,0.441,51,7.3,19,2.7,0.373,7,2,19.0,1.5,101.4,0.074,97.82,0.097,203906,Devyn Marble,0.084,ORL,1610612753,13.0,0.496,0.216,5,0.714
135,26.0,0.029,5.1,0.25,5,"203473,1610612753",92.2,0.265,0.391,23,3.3,9,1.3,0.391,7,2,15.5,7.5,99.6,0.147,93.22,0.082,203473,Dewayne Dedmon,0.207,ORL,1610612753,20.4,0.463,0.159,5,0.714
136,24.0,0.0,0.0,0.0,5,"1626190,1610612760",114.2,0.333,0.0,1,1.0,0,0.0,0.0,1,0,4.6,-48.8,65.4,0.0,81.27,0.133,1626190,Dez Wells,0.111,OKC,1610612760,0.0,0.266,0.195,1,1.0
137,24.0,0.2,16.5,1.14,5,"203079,1610612760",101.6,0.148,0.569,58,9.7,29,4.8,0.5,6,1,20.9,10.7,112.3,0.033,100.7,0.122,203079,Dion Waiters,0.097,OKC,1610612760,14.4,0.58,0.279,5,0.833
138,29.0,0.122,11.7,0.56,5,"202091,1610612739",110.9,0.106,0.375,24,6.0,8,2.0,0.333,4,3,19.9,-28.9,82.1,0.04,98.94,0.055,202091,Dionte Christmas,0.071,CLE,1610612739,21.0,0.468,0.209,1,0.25
139,38.0,0.077,8.8,0.0,5,"1717,1610612742",104.5,0.221,0.569,29,9.7,14,4.7,0.483,3,3,22.7,0.1,104.5,0.0,97.73,0.132,1717,Dirk Nowitzki,0.126,DAL,1610612742,0.0,0.609,0.219,0,0.0
140,28.0,0.35,39.3,4.67,5,"202388,1610612751",99.9,0.094,0.375,12,4.0,4,1.3,0.333,3,2,21.5,1.7,101.6,0.0,99.37,0.158,202388,Donald Sloan,0.049,BKN,1610612751,8.4,0.591,0.146,1,0.333
141,24.0,0.055,8.9,2.25,5,"203926,1610612741",107.5,0.159,0.506,83,10.4,33,4.1,0.398,8,4,28.4,-1.6,105.8,0.013,101.34,0.079,203926,Doug McDermott,0.084,CHI,1610612741,3.9,0.527,0.165,4,0.5
142,26.0,0.165,20.0,1.64,5,"203110,1610612744",105.3,0.276,0.378,49,7.0,17,2.4,0.347,7,4,21.1,9.5,114.8,0.027,107.41,0.084,203110,Draymond Green,0.17,GSW,1610612744,12.2,0.452,0.209,3,0.429
143,34.0,0.0,0.0,0.0,5,"2400,1610612764",96.0,0.229,0.563,40,6.7,17,2.8,0.425,6,2,17.6,13.1,109.1,0.029,100.56,0.074,2400,Drew Gooden,0.133,WAS,1610612764,6.6,0.569,0.178,4,0.667
144,24.0,0.0,0.0,0.0,5,"1626251,1610612758",121.3,0.0,0.75,2,2.0,1,1.0,0.5,1,0,8.5,-29.5,91.8,0.143,105.41,0.019,1626251,Duje Dukan,0.067,SAC,1610612758,0.0,0.75,0.102,1,1.0
145,30.0,0.0,0.0,0.0,5,"2730,1610612745",93.5,0.318,0.25,8,8.0,2,2.0,0.25,1,1,23.3,9.9,103.4,0.16,105.99,0.061,2730,Dwight Howard,0.234,HOU,1610612745,0.0,0.256,0.173,0,0.0
146,24.0,0.179,16.5,3.5,5,"203939,1610612742",93.1,0.276,0.318,22,7.3,7,2.3,0.318,3,3,22.9,2.7,95.8,0.104,101.47,0.162,203939,Dwight Powell,0.196,DAL,1610612742,4.7,0.493,0.221,0,0.0
147,34.0,0.228,16.3,1.29,5,"2548,1610612748",98.9,0.123,0.373,67,9.6,24,3.4,0.358,7,3,22.4,-11.2,87.7,0.027,100.01,0.095,2548,Dwyane Wade,0.076,MIA,1610612748,12.7,0.453,0.266,4,0.571
148,27.0,0.179,18.6,1.75,5,"202734,1610612741",110.7,0.073,0.538,78,9.8,38,4.8,0.487,8,4,25.0,-11.4,99.3,0.03,99.56,0.077,202734,E'Twaun Moore,0.051,CHI,1610612741,10.6,0.542,0.194,4,0.5
149,34.0,0.125,16.7,1.0,5,"2853,1610612737",103.7,0.364,0.563,8,2.0,4,1.0,0.5,4,1,7.1,-10.8,93.0,0.0,100.56,0.111,2853,Earl Barron,0.157,ATL,1610612737,16.7,0.563,0.158,3,0.75
150,27.0,0.07,13.0,1.17,5,"202334,1610612757",96.3,0.229,0.441,34,4.9,15,2.1,0.441,7,4,22.4,2.2,98.5,0.115,98.2,0.124,202334,Ed Davis,0.176,POR,1610612757,11.1,0.5,0.131,3,0.429
151,28.0,0.5,50.0,1.0,5,"1626293,1610612737",147.8,0.0,0.0,0,0.0,0,0.0,0.0,1,0,2.2,-24.9,123.0,0.0,132.49,0.0,1626293,Edgar Sosa,0.0,ATL,1610612737,50.0,0.0,0.205,1,1.0
152,22.0,0.3,30.4,2.0,5,"203901,1610612753",97.9,0.127,0.381,21,7.0,8,2.7,0.381,3,2,21.2,-4.7,93.3,0.017,97.56,0.054,203901,Elfrid Payton,0.074,ORL,1610612753,15.2,0.373,0.204,1,0.333
153,28.0,0.07,12.6,1.0,5,"202407,1610612762",87.9,0.134,0.395,19,2.7,7,1.0,0.368,7,4,16.5,13.1,101.0,0.02,98.26,0.079,202407,Elijah Millsap,0.08,UTA,1610612762,12.6,0.575,0.138,3,0.429
154,27.0,0.0,0.0,0.0,5,"202343,1610612763",94.6,0.192,0.5,10,5.0,4,2.0,0.4,2,1,13.0,-13.6,80.9,0.0,100.9,0.057,202343,Elliot Williams,0.089,MEM,1610612763,21.6,0.506,0.222,1,0.5
155,20.0,0.3,20.3,1.13,5,"1626144,1610612743",97.7,0.089,0.411,73,14.6,27,5.4,0.37,5,2,29.1,0.0,97.7,0.015,102.49,0.076,1626144,Emmanuel Mudiay,0.054,DEN,1610612743,18.1,0.458,0.308,3,0.6
156,24.0,0.063,7.4,0.44,5,"202683,1610612760",91.8,0.258,0.706,34,8.5,24,6.0,0.706,4,0,23.0,26.6,118.3,0.176,101.55,0.2,202683,Enes Kanter,0.223,OKC,1610612760,16.7,0.755,0.234,4,1.0
157,26.0,0.318,23.9,2.33,5,"202339,1610612756",88.2,0.127,0.484,32,10.7,14,4.7,0.438,3,0,24.9,9.5,97.7,0.043,99.59,0.151,202339,Eric Bledsoe,0.086,PHX,1610612756,10.2,0.492,0.253,3,1.0
158,27.0,0.118,11.4,2.67,5,"201569,1610612740",94.7,0.071,0.426,47,9.4,16,3.2,0.34,5,3,24.6,8.3,103.0,0.016,101.99,0.097,201569,Eric Gordon,0.044,NOP,1610612740,4.3,0.523,0.213,2,0.4
159,24.0,0.067,8.2,0.0,5,"203961,1610612758",95.6,0.3,0.778,9,4.5,7,3.5,0.778,2,1,15.6,-1.9,93.7,0.188,98.63,0.237,203961,Eric Moreland,0.242,SAC,1610612758,0.0,0.67,0.155,1,0.5
160,25.0,0.182,19.4,2.5,5,"203475,1610612762",105.1,0.071,0.412,34,6.8,12,2.4,0.353,5,3,18.4,-5.1,100.1,0.023,99.41,0.073,203475,Erick Green,0.047,UTA,1610612762,7.8,0.453,0.196,2,0.4
161,29.0,0.108,9.8,0.56,5,"101141,1610612753",100.4,0.157,0.467,61,10.2,25,4.2,0.41,6,5,26.0,-9.7,90.7,0.058,96.31,0.069,101141,Ersan Ilyasova,0.108,ORL,1610612753,17.4,0.476,0.239,1,0.167
162,23.0,0.141,14.9,2.0,5,"203095,1610612753",89.5,0.075,0.445,64,9.1,23,3.3,0.359,7,1,24.4,5.0,94.5,0.011,98.69,0.067,203095,Evan Fournier,0.042,ORL,1610612753,7.5,0.481,0.205,6,0.857
163,27.0,0.297,27.6,2.11,5,"202323,1610612738",94.0,0.156,0.473,37,7.4,17,3.4,0.459,5,1,20.9,6.1,100.1,0.02,99.54,0.162,202323,Evan Turner,0.09,BOS,1610612738,13.1,0.525,0.202,4,0.8
164,26.0,0.13,16.7,0.91,5,"203105,1610612744",104.0,0.229,0.444,27,3.9,12,1.7,0.444,7,4,16.2,-0.8,103.2,0.106,105.49,0.08,203105,Festus Ezeli,0.167,GSW,1610612744,18.4,0.527,0.183,3,0.429
165,23.0,0.108,10.8,0.9,5,"1626163,1610612766",90.4,0.214,0.412,57,7.1,20,2.5,0.351,8,1,19.7,7.5,97.9,0.063,97.36,0.112,1626163,Frank Kaminsky,0.142,CHA,1610612766,12.0,0.465,0.215,7,0.875
166,24.0,0.143,22.3,1.11,5,"203128,1610612755",102.4,0.226,0.471,17,2.8,8,1.3,0.471,6,4,18.4,-6.1,96.3,0.148,107.87,0.094,203128,Furkan Aldemir,0.182,PHI,1610612755,20.1,0.562,0.127,2,0.333
167,30.0,0.22,31.2,9.0,5,"202066,1610612764",98.2,0.18,0.278,18,6.0,4,1.3,0.222,3,2,18.2,3.4,101.6,0.047,102.61,0.061,202066,Garrett Temple,0.105,WAS,1610612764,3.5,0.318,0.155,1,0.333
168,21.0,0.06,9.3,1.17,5,"203914,1610612743",88.3,0.06,0.517,58,9.7,26,4.3,0.448,6,2,28.0,18.4,106.7,0.045,101.95,0.088,203914,Gary Harris,0.052,DEN,1610612743,8.0,0.553,0.167,4,0.667
169,31.0,0.071,7.4,0.75,5,"202390,1610612764",92.0,0.055,0.531,65,9.3,30,4.3,0.462,7,3,21.9,8.9,100.9,0.007,102.61,0.079,202390,Gary Neal,0.032,WAS,1610612764,9.9,0.532,0.208,4,0.571
170,30.0,0.247,27.7,2.75,5,"201588,1610612754",98.9,0.154,0.5,41,6.8,18,3.0,0.439,6,2,23.1,7.7,106.6,0.029,99.55,0.141,201588,George Hill,0.09,IND,1610612754,10.1,0.577,0.18,4,0.667
171,30.0,0.1,5.8,0.73,5,"101123,1610612748",94.5,0.17,0.554,102,12.8,49,6.1,0.48,8,4,21.8,6.4,100.9,0.038,99.68,0.198,101123,Gerald Green,0.107,MIA,1610612748,8.0,0.603,0.318,4,0.5
172,21.0,0.05,6.0,0.36,5,"203507,1610612749",100.6,0.168,0.5,41,8.2,19,3.8,0.463,5,4,25.2,4.7,105.3,0.087,97.58,0.107,203507,Giannis Antetokounmpo,0.133,MIL,1610612749,16.5,0.562,0.218,1,0.2
173,22.0,0.091,13.0,1.0,5,"203922,1610612754",94.0,0.09,0.628,39,6.5,21,3.5,0.538,6,1,23.6,14.2,108.2,0.081,98.8,0.113,203922,Glenn Robinson,0.086,IND,1610612754,13.0,0.68,0.168,5,0.833
174,30.0,0.268,27.0,1.69,5,"201609,1610612748",107.8,0.11,0.395,43,7.2,16,2.7,0.372,6,2,23.7,-17.1,90.7,0.008,100.19,0.055,201609,Goran Dragic,0.061,MIA,1610612748,15.9,0.43,0.191,4,0.667
175,26.0,0.116,11.1,1.0,5,"202330,1610612762",92.1,0.123,0.508,59,9.8,25,4.2,0.424,6,3,25.8,4.8,96.9,0.021,99.95,0.113,202330,Gordon Hayward,0.072,UTA,1610612762,11.1,0.554,0.228,3,0.5
176,26.0,0.1,10.2,1.0,5,"203476,1610612750",109.9,0.18,0.586,58,8.3,33,4.7,0.569,7,5,25.3,-5.8,104.2,0.071,97.06,0.133,203476,Gorgui Dieng,0.121,MIN,1610612750,10.2,0.637,0.199,2,0.286
177,26.0,0.133,10.4,0.83,5,"202328,1610612749",98.7,0.264,0.467,60,10.0,28,4.7,0.467,6,4,23.7,-3.6,95.1,0.122,99.35,0.168,202328,Greg Monroe,0.191,MIL,1610612749,12.5,0.513,0.264,2,0.333
178,30.0,0.111,33.3,0.0,5,"201880,1610612753",108.6,0.176,0.0,2,1.0,0,0.0,0.0,2,0,8.3,-41.0,67.6,0.0,103.08,-0.085,201880,Greg Stiemsma,0.094,ORL,1610612753,0.0,0.0,0.052,2,1.0
179,23.0,0.063,6.3,0.22,5,"204222,1610612748",91.2,0.203,0.262,21,5.3,5,1.3,0.238,4,3,16.1,-10.3,80.9,0.077,98.58,0.003,204222,Greg Whittington,0.142,MIA,1610612748,28.1,0.262,0.202,1,0.25
180,29.0,0.281,27.3,2.0,5,"202349,1610612749",109.2,0.142,0.447,38,6.3,14,2.3,0.368,6,4,19.0,-15.7,93.5,0.019,98.28,0.083,202349,Greivis Vasquez,0.083,MIL,1610612749,13.7,0.45,0.185,2,0.333
181,24.0,0.122,19.0,2.25,5,"203084,1610612744",99.9,0.121,0.617,30,6.0,15,3.0,0.5,5,3,20.2,10.4,110.3,0.074,108.19,0.116,203084,Harrison Barnes,0.099,GSW,1610612744,8.4,0.654,0.158,2,0.4
182,27.0,0.029,2.4,0.17,5,"202355,1610612748",96.3,0.215,0.519,27,9.0,14,4.7,0.519,3,1,25.1,-11.8,84.5,0.158,102.82,0.091,202355,Hassan Whiteside,0.187,MIA,1610612748,14.3,0.458,0.236,2,0.667
183,26.0,0.053,6.5,0.33,5,"203156,1610612751",73.4,0.222,0.4,10,1.7,4,0.7,0.4,6,2,4.7,25.3,98.7,0.036,108.69,0.022,203156,Henry Sims,0.127,BKN,1610612751,19.6,0.442,0.202,4,0.667
184,25.0,0.035,4.4,0.3,5,"203138,1610612755",101.5,0.17,0.549,51,8.5,22,3.7,0.431,6,4,27.2,-11.2,90.3,0.006,106.96,0.085,203138,Hollis Thompson,0.082,PHI,1610612755,14.6,0.578,0.164,2,0.333
185,25.0,0.213,16.4,1.11,5,"203546,1610612744",100.4,0.068,0.449,39,5.6,15,2.1,0.385,7,4,13.1,-13.2,87.2,0.02,105.58,0.048,203546,Ian Clark,0.043,GSW,1610612744,14.7,0.487,0.222,3,0.429
186,29.0,0.091,14.1,1.4,5,"101133,1610612754",95.3,0.226,0.613,31,5.2,19,3.2,0.613,6,2,20.7,13.1,108.4,0.092,99.37,0.122,101133,Ian Mahinmi,0.158,IND,1610612754,10.1,0.598,0.15,4,0.667
187,25.0,0.284,23.1,2.33,5,"203477,1610612755",96.4,0.099,0.491,55,11.0,22,4.4,0.4,5,3,28.0,-5.9,90.4,0.0,105.48,0.13,203477,Isaiah Canaan,0.047,PHI,1610612755,9.9,0.535,0.202,2,0.4
188,27.0,0.38,25.1,2.25,5,"202738,1610612738",80.8,0.064,0.467,61,12.2,25,5.0,0.41,5,1,23.5,14.6,95.5,0.023,108.28,0.158,202738,Isaiah Thomas,0.045,BOS,1610612738,11.2,0.511,0.275,4,0.8
189,27.0,0.513,39.2,4.0,5,"202397,1610612755",104.5,0.091,0.174,23,4.6,4,0.8,0.174,5,2,11.5,-10.4,94.1,0.0,106.98,0.036,202397,Ish Smith,0.04,PHI,1610612755,9.8,0.211,0.226,3,0.6
190,24.0,0.0,0.0,0.0,5,"1626266,1610612762",159.6,0.0,0.0,0,0.0,0,0.0,0.0,1,1,1.7,-133.8,25.8,0.0,83.78,0.667,1626266,J.J. O'Brien,0.0,UTA,1610612762,0.0,0.0,0.0,0,0.0
191,30.0,0.283,22.5,2.17,5,"2747,1610612739",88.9,0.075,0.645,38,9.5,20,5.0,0.526,4,3,21.6,8.1,97.0,0.013,99.23,0.162,2747,J.R. Smith,0.044,CLE,1610612739,10.4,0.656,0.235,1,0.25
192,27.0,0.04,4.9,0.25,5,"201581,1610612764",118.6,0.243,0.167,12,3.0,2,0.5,0.167,4,2,10.5,-32.3,86.3,0.029,102.35,-0.015,201581,JJ Hickson,0.139,WAS,1610612764,19.5,0.29,0.212,2,0.5
193,32.0,0.034,4.0,0.25,5,"200755,1610612746",90.5,0.071,0.642,53,8.8,27,4.5,0.509,6,3,21.8,9.4,99.8,0.0,108.2,0.094,200755,JJ Redick,0.033,LAC,1610612746,16.2,0.676,0.226,3,0.5
194,22.0,0.0,0.0,0.0,5,"1626160,1610612755",87.4,0.0,0.429,14,2.8,6,1.2,0.429,5,4,10.4,8.5,95.9,0.032,111.82,-0.006,1626160,JP Tokoto,0.018,PHI,1610612755,19.4,0.481,0.147,1,0.2
195,23.0,0.085,8.7,0.45,5,"203960,1610612743",90.0,0.104,0.383,30,5.0,11,1.8,0.367,6,4,18.9,-5.9,84.1,0.069,107.27,0.029,203960,JaKarr Sampson,0.086,DEN,1610612743,19.2,0.483,0.191,2,0.333
196,26.0,0.096,11.6,0.63,5,"203210,1610612763",75.8,0.239,0.554,28,4.7,15,2.5,0.536,6,1,14.1,25.3,101.0,0.111,102.4,0.169,203210,JaMychal Green,0.181,MEM,1610612763,18.5,0.579,0.198,5,0.833
197,23.0,0.106,10.9,0.63,5,"203913,1610612747",96.7,0.076,0.417,24,4.0,9,1.5,0.375,6,3,14.3,1.8,98.5,0.027,101.69,0.064,203913,Jabari Brown,0.055,LAL,1610612747,17.5,0.549,0.209,3,0.5
198,25.0,0.091,6.9,0.33,5,"204022,1610612739",104.9,0.324,0.429,7,1.8,3,0.8,0.429,4,2,7.7,-19.2,85.7,0.205,99.91,0.186,204022,Jack Cooley,0.26,CLE,1610612739,20.7,0.523,0.172,2,0.5
199,25.0,0.159,26.4,4.67,5,"203109,1610612738",89.6,0.174,0.635,26,4.3,14,2.3,0.538,6,1,19.7,17.6,107.2,0.028,106.0,0.14,203109,Jae Crowder,0.105,BOS,1610612738,5.6,0.692,0.136,5,0.833
200,20.0,0.098,4.8,0.22,5,"1626143,1610612755",91.6,0.14,0.386,57,11.4,22,4.4,0.386,5,3,20.9,-12.0,79.6,0.065,103.83,0.029,1626143,Jahlil Okafor,0.102,PHI,1610612755,21.7,0.427,0.32,2,0.4
201,29.0,0.0,0.0,0.0,5,"202815,1610612741",159.6,0.0,0.0,0,0.0,0,0.0,0.0,1,0,1.4,-159.6,0.0,0.0,65.73,0.0,202815,Jake Anderson,0.0,CHI,1610612741,0.0,0.0,0.0,1,1.0
202,23.0,0.0,0.0,0.0,5,"1626294,1610612764",94.6,0.222,0.667,6,2.0,4,1.3,0.667,3,1,6.9,-10.8,83.8,0.036,102.68,0.128,1626294,Jaleel Roberts,0.109,WAS,1610612764,0.0,0.61,0.17,2,0.667
203,36.0,0.125,10.2,0.5,5,"2037,1610612746",106.3,0.023,0.5,34,6.8,16,3.2,0.471,5,3,20.5,-22.4,83.9,0.011,107.69,0.077,2037,Jamal Crawford,0.017,LAC,1610612746,20.5,0.579,0.222,2,0.4
204,34.0,0.5,37.4,2.67,5,"2749,1610612743",82.4,0.097,0.539,38,7.6,17,3.4,0.447,5,1,19.9,26.0,108.4,0.045,104.71,0.145,2749,Jameer Nelson,0.073,DEN,1610612743,14.0,0.566,0.218,4,0.8
205,27.0,0.104,23.6,2.0,5,"202341,1610612758",98.3,0.074,0.429,21,4.2,7,1.4,0.333,5,1,19.3,20.2,118.5,0.012,98.17,0.037,202341,James Anderson,0.045,SAC,1610612758,11.8,0.434,0.119,4,0.8
206,25.0,0.035,4.3,0.67,5,"203516,1610612740",82.2,0.141,0.514,36,6.0,17,2.8,0.472,6,3,15.1,31.1,113.3,0.061,99.93,0.12,203516,James Ennis,0.098,NOP,1610612740,6.4,0.539,0.199,3,0.5
207,26.0,0.318,19.4,1.93,5,"201935,1610612745",103.4,0.161,0.453,86,14.3,33,5.5,0.384,6,4,23.7,4.4,107.9,0.02,100.88,0.125,201935,James Harden,0.083,HOU,1610612745,10.1,0.511,0.326,2,0.333
208,29.0,0.087,15.4,1.0,5,"201949,1610612761",103.9,0.2,0.722,9,3.0,6,2.0,0.667,3,1,10.0,16.8,120.7,0.056,91.79,0.097,201949,James Johnson,0.132,TOR,1610612761,15.4,0.722,0.175,2,0.667
209,35.0,0.088,11.9,1.4,5,"2592,1610612739",92.8,0.085,0.453,43,6.1,14,2.0,0.326,7,6,19.8,2.2,95.0,0.008,99.58,0.065,2592,James Jones,0.049,CLE,1610612739,8.5,0.511,0.17,1,0.143
210,23.0,0.056,7.0,0.5,5,"203949,1610612744",99.0,0.198,0.636,22,3.1,14,2.0,0.636,7,4,13.2,-8.1,90.9,0.073,105.93,0.097,203949,James Michael McAdoo,0.132,GSW,1610612744,14.0,0.546,0.178,3,0.429
211,20.0,0.047,7.1,0.75,5,"203923,1610612738",91.7,0.095,0.391,32,4.6,9,1.3,0.281,7,1,13.7,1.6,93.2,0.01,103.73,0.03,203923,James Young,0.052,BOS,1610612738,9.4,0.436,0.171,6,0.857
212,25.0,0.172,25.2,2.75,5,"203966,1610612742",97.8,0.098,0.231,26,3.7,5,0.7,0.192,7,7,17.5,-23.8,74.0,0.0,103.18,0.036,203966,Jamil Wilson,0.044,DAL,1610612742,9.2,0.297,0.114,0,0.0
213,25.0,0.253,20.9,2.18,5,"203099,1610612749",100.7,0.078,0.397,58,8.3,21,3.0,0.362,7,6,25.3,-7.5,93.3,0.026,101.21,0.107,203099,Jared Cunningham,0.052,MIL,1610612749,9.6,0.544,0.222,1,0.143
214,30.0,0.125,15.5,1.0,5,"201162,1610612764",115.3,0.125,0.313,8,4.0,2,1.0,0.25,2,2,13.4,-34.3,81.0,0.034,99.38,-0.037,201162,Jared Dudley,0.075,WAS,1610612764,15.5,0.338,0.194,0,0.0
215,24.0,0.219,15.6,1.17,5,"203096,1610612738",87.0,0.297,0.398,54,7.7,21,3.0,0.389,7,1,15.7,11.0,98.0,0.13,102.38,0.135,203096,Jared Sullinger,0.215,BOS,1610612738,13.4,0.424,0.275,6,0.857
216,24.0,0.231,16.1,0.0,5,"204067,1610612764",96.4,0.026,0.269,13,4.3,3,1.0,0.231,3,1,10.7,-19.1,77.3,0.028,100.72,0.082,204067,Jarell Eddie,0.027,WAS,1610612764,0.0,0.416,0.204,2,0.667
217,22.0,0.079,6.3,0.5,5,"203950,1610612748",95.8,0.268,0.424,33,5.5,14,2.3,0.424,6,1,15.4,-17.5,78.3,0.082,91.99,0.104,203950,Jarnell Stokes,0.168,MIA,1610612748,12.7,0.47,0.203,5,0.833
218,24.0,0.0,0.0,0.0,5,"204189,1610612764",113.5,0.033,0.364,11,1.8,4,0.7,0.364,6,2,4.7,-14.5,99.0,0.053,118.51,0.044,204189,Jaron Johnson,0.044,WAS,1610612764,7.0,0.455,0.183,4,0.667
219,32.0,0.25,15.2,0.82,5,"101127,1610612751",97.7,0.086,0.433,30,7.5,12,3.0,0.4,4,3,20.0,-3.6,94.1,0.012,102.64,0.108,101127,Jarrett Jack,0.049,BKN,1610612751,18.6,0.586,0.266,1,0.25
220,27.0,0.1,10.6,0.67,5,"202820,1610612742",83.4,0.15,0.385,13,2.6,5,1.0,0.385,5,5,9.6,-11.5,71.9,0.058,99.5,0.047,202820,Jarrid Famous,0.098,DAL,1610612742,15.9,0.36,0.163,0,0.0
221,30.0,0.143,19.5,2.75,5,"201160,1610612753",105.3,0.141,0.405,37,5.3,15,2.1,0.405,7,1,17.2,2.6,107.9,0.073,96.95,0.079,201160,Jason Smith,0.105,ORL,1610612753,7.1,0.459,0.163,6,0.857
222,38.0,0.16,26.3,1.6,5,"1891,1610612745",98.5,0.089,0.382,17,4.3,5,1.3,0.294,4,1,14.4,10.2,108.7,0.043,105.61,0.039,1891,Jason Terry,0.068,HOU,1610612745,16.4,0.401,0.159,3,0.75
223,29.0,0.073,7.0,0.43,5,"201574,1610612761",97.6,0.267,0.321,28,4.7,9,1.5,0.321,6,4,13.0,-13.9,83.7,0.159,104.56,0.063,201574,Jason Thompson,0.209,TOR,1610612761,16.3,0.35,0.209,2,0.333
224,26.0,0.0,0.0,0.0,5,"1626279,1610612766",90.3,0.222,0.0,1,0.3,0,0.0,0.0,4,1,4.6,9.4,99.8,0.071,97.12,0.018,1626279,Jason Washburn,0.156,CHA,1610612766,75.0,0.0,0.102,3,0.75
225,30.0,0.027,4.7,0.2,5,"202399,1610612740",106.0,0.288,0.625,8,2.0,5,1.3,0.625,4,3,17.7,-22.7,83.3,0.042,108.5,0.104,202399,Jeff Adrien,0.167,NOP,1610612740,23.3,0.711,0.121,1,0.25
226,29.0,0.159,18.8,1.75,5,"201145,1610612746",85.4,0.155,0.475,40,6.7,16,2.7,0.4,6,1,24.1,12.4,97.7,0.008,98.25,0.127,201145,Jeff Green,0.09,LAC,1610612746,10.8,0.554,0.187,5,0.833
227,28.0,0.282,25.0,2.0,5,"201952,1610612737",92.3,0.081,0.466,44,8.8,18,3.6,0.409,5,2,24.7,4.3,96.6,0.0,99.97,0.103,201952,Jeff Teague,0.045,ATL,1610612737,12.5,0.538,0.225,3,0.6
228,26.0,0.078,18.1,4.0,5,"203481,1610612762",104.8,0.188,0.818,11,1.6,9,1.3,0.818,7,4,11.4,14.1,118.8,0.091,96.7,0.168,203481,Jeff Withey,0.144,UTA,1610612762,4.5,0.874,0.105,3,0.429
229,22.0,0.063,6.9,0.83,5,"203924,1610612755",101.1,0.203,0.448,48,8.0,19,3.2,0.396,6,4,24.5,-11.0,90.1,0.033,104.63,0.09,203924,Jerami Grant,0.112,PHI,1610612755,8.3,0.507,0.189,2,0.333
230,28.0,0.059,11.4,1.25,5,"202379,1610612742",97.0,0.184,0.394,33,4.7,12,1.7,0.364,7,7,19.4,3.5,100.6,0.03,101.76,0.064,202379,Jeremy Evans,0.107,DAL,1610612742,9.1,0.417,0.121,0,0.0
231,24.0,0.159,16.3,1.57,5,"203087,1610612766",95.5,0.167,0.443,44,7.3,17,2.8,0.386,6,0,20.1,12.5,108.1,0.048,98.36,0.1,203087,Jeremy Lamb,0.112,CHA,1610612766,10.4,0.517,0.211,6,1.0
232,27.0,0.274,22.8,2.09,5,"202391,1610612766",84.9,0.139,0.642,53,8.8,30,5.0,0.566,6,0,25.2,22.4,107.3,0.023,99.94,0.175,202391,Jeremy Lin,0.088,CHA,1610612766,10.9,0.686,0.234,6,1.0
233,25.0,0.0,0.0,0.0,5,"202719,1610612745",104.2,0.259,0.5,8,4.0,4,2.0,0.5,2,1,14.5,-19.9,84.3,0.033,96.73,-0.008,202719,Jeremy Tyler,0.14,HOU,1610612745,18.4,0.45,0.155,1,0.5
234,23.0,0.247,27.7,2.2,5,"1626170,1610612752",83.9,0.105,0.35,40,6.7,14,2.3,0.35,6,2,23.2,12.6,96.6,0.008,101.57,0.083,1626170,Jerian Grant,0.062,NYK,1610612752,12.6,0.421,0.182,4,0.667
235,27.0,0.262,27.6,2.13,5,"201573,1610612749",110.3,0.102,0.5,30,6.0,13,2.6,0.433,5,3,19.7,-6.9,103.4,0.023,102.4,0.098,201573,Jerryd Bayless,0.063,MIL,1610612749,13.0,0.587,0.191,2,0.4
236,27.0,0.182,13.3,0.67,5,"202690,1610612752",110.6,0.174,0.2,10,5.0,2,1.0,0.2,2,2,13.2,-39.8,70.8,0.08,106.91,-0.013,202690,Jimmer Fredette,0.125,NYK,1610612752,20.0,0.2,0.207,0,0.0
237,26.0,0.262,23.3,4.25,5,"202710,1610612741",102.5,0.118,0.344,90,11.3,30,3.8,0.333,8,4,27.4,-1.3,101.2,0.045,96.37,0.099,202710,Jimmy Butler,0.079,CHI,1610612741,5.5,0.415,0.223,4,0.5
238,31.0,0.194,19.4,1.08,5,"201149,1610612741",107.7,0.236,0.314,35,5.8,11,1.8,0.314,6,3,21.0,-16.5,91.2,0.171,97.97,0.068,201149,Joakim Noah,0.2,CHI,1610612741,18.0,0.399,0.191,3,0.5
239,28.0,0.124,16.0,4.0,5,"201975,1610612765",105.8,0.036,0.509,53,7.6,23,3.3,0.434,7,5,22.0,-6.0,99.9,0.0,99.53,0.09,201975,Jodie Meeks,0.018,DET,1610612765,4.0,0.558,0.178,2,0.286
240,24.0,0.076,9.4,0.67,5,"203925,1610612739",104.3,0.07,0.4,45,6.4,15,2.1,0.333,7,6,19.0,-5.9,98.4,0.027,100.12,0.014,203925,Joe Harris,0.049,CLE,1610612739,14.2,0.423,0.193,1,0.143
241,28.0,0.127,14.6,0.88,5,"204060,1610612762",92.6,0.136,0.609,32,5.3,15,2.5,0.469,6,3,17.8,8.2,100.8,0.013,98.09,0.114,204060,Joe Ingles,0.082,UTA,1610612762,16.7,0.608,0.177,3,0.5
242,34.0,0.22,24.1,1.86,5,"2207,1610612748",100.8,0.09,0.365,26,6.5,9,2.3,0.346,4,3,26.6,-4.8,96.0,0.009,101.78,0.088,2207,Joe Johnson,0.048,MIA,1610612748,13.0,0.516,0.162,1,0.25
243,24.0,0.299,23.8,1.67,5,"1626202,1610612754",100.0,0.073,0.402,46,7.7,17,2.8,0.37,6,2,20.0,-2.9,97.0,0.016,99.16,0.085,1626202,Joe Young,0.044,IND,1610612754,14.3,0.479,0.23,4,0.667
244,33.0,0.044,18.0,3.0,5,"201202,1610612765",105.7,0.096,0.4,10,2.0,4,0.8,0.4,5,3,18.3,1.3,107.0,0.103,98.53,0.045,201202,Joel Anthony,0.099,DET,1610612765,6.0,0.435,0.065,2,0.4
245,24.0,0.037,4.1,0.33,5,"203530,1610612743",93.5,0.247,0.62,54,9.0,32,5.3,0.593,6,2,25.2,2.0,95.4,0.113,102.27,0.179,203530,Joffrey Lauvergne,0.182,DEN,1610612743,12.3,0.655,0.195,4,0.667
246,25.0,0.068,8.0,0.44,5,"203089,1610612749",103.8,0.247,0.71,31,5.2,22,3.7,0.71,6,4,14.3,9.3,113.1,0.203,101.78,0.187,203089,John Henson,0.229,MIL,1610612749,17.9,0.727,0.226,2,0.333
247,25.0,0.143,7.6,0.55,5,"203098,1610612756",100.8,0.124,0.545,100,14.3,48,6.9,0.48,7,7,28.5,-18.2,82.7,0.015,101.33,0.163,203098,John Jenkins,0.068,PHX,1610612756,13.8,0.605,0.294,0,0.0
248,33.0,0.143,14.3,0.5,5,"101249,1610612748",99.3,0.143,0.0,4,4.0,0,0.0,0.0,1,1,15.8,-41.6,57.7,0.0,91.65,-0.1,101249,John Lucas III,0.067,MIA,1610612748,28.6,0.0,0.175,0,0.0
249,25.0,0.495,39.8,2.32,5,"202322,1610612764",99.4,0.106,0.449,49,8.2,20,3.3,0.408,6,3,22.6,9.7,109.2,0.027,105.69,0.123,202322,John Wall,0.071,WAS,1610612764,17.2,0.499,0.235,3,0.5
250,23.0,0.043,7.1,0.38,5,"203948,1610612749",109.4,0.154,0.464,28,4.7,13,2.2,0.464,6,4,16.1,-2.0,107.4,0.098,99.85,0.026,203948,Johnny O'Bryant,0.127,MIL,1610612749,19.0,0.499,0.177,2,0.333
251,24.0,0.0,0.0,0.0,5,"1626281,1610612749",115.4,0.0,0.0,0,0.0,0,0.0,0.0,1,1,5.8,-20.9,94.5,0.0,102.85,0.0,1626281,Jon Horford,0.0,MIL,1610612749,0.0,0.0,0.0,0,0.0
252,27.0,0.143,16.3,1.8,5,"202720,1610612756",90.5,0.28,0.667,33,5.5,19,3.2,0.576,6,2,17.0,12.1,102.7,0.096,101.85,0.212,202720,Jon Leuer,0.194,PHX,1610612756,9.0,0.689,0.192,4,0.667
253,29.0,0.014,2.0,0.1,5,"201973,1610612738",85.1,0.127,0.452,31,4.4,13,1.9,0.419,7,1,16.1,10.6,95.7,0.094,104.66,0.056,201973,Jonas Jerebko,0.112,BOS,1610612738,20.2,0.52,0.179,6,0.857
254,24.0,0.013,1.4,0.08,5,"202685,1610612761",99.9,0.291,0.56,50,7.1,28,4.0,0.56,7,2,20.2,5.1,105.0,0.094,94.43,0.141,202685,Jonas Valanciunas,0.192,TOR,1610612761,17.9,0.604,0.228,5,0.714
255,23.0,0.0,0.0,0.0,5,"1626182,1610612747",96.0,0.308,0.25,4,2.0,1,0.5,0.25,2,1,7.5,-0.9,95.1,0.143,85.09,0.275,1626182,Jonathan Holmes,0.222,LAL,1610612747,0.0,0.41,0.156,1,0.5
256,26.0,0.14,16.5,0.64,5,"203613,1610612759",100.5,0.091,0.2,20,3.3,4,0.7,0.2,6,4,14.2,-13.9,86.5,0.029,98.34,-0.012,203613,Jonathon Simmons,0.062,SAS,1610612759,25.9,0.328,0.189,2,0.333
257,21.0,0.2,10.1,0.0,5,"203919,1610612763",131.4,0.143,0.5,8,8.0,4,4.0,0.5,1,1,17.2,-47.0,84.4,0.125,91.04,0.094,203919,Jordan Adams,0.133,MEM,1610612763,0.0,0.507,0.221,0,0.0
258,26.0,0.0,0.0,0.0,5,"203947,1610612765",86.5,0.1,1.0,1,0.5,1,0.5,1.0,2,0,3.1,42.4,128.9,0.0,97.48,0.25,203947,Jordan Bachynski,0.077,DET,1610612765,26.6,1.087,0.323,2,1.0
259,24.0,0.165,14.1,1.31,5,"203903,1610612747",110.4,0.128,0.494,84,10.5,38,4.8,0.452,8,5,22.2,-5.7,104.7,0.058,95.58,0.112,203903,Jordan Clarkson,0.09,LAL,1610612747,10.8,0.53,0.252,3,0.375
260,27.0,0.227,19.0,2.5,5,"202348,1610612741",128.4,0.226,0.361,18,3.6,5,1.0,0.278,5,3,7.3,-32.8,95.6,0.048,97.77,0.078,202348,Jordan Crawford,0.123,CHI,1610612741,7.6,0.414,0.224,2,0.4
261,28.0,0.065,8.2,0.75,5,"201941,1610612754",99.6,0.203,0.5,26,5.2,13,2.6,0.5,5,1,14.2,5.3,104.9,0.076,99.54,0.118,201941,Jordan Hill,0.145,IND,1610612754,11.0,0.525,0.206,4,0.8
262,25.0,0.136,12.5,0.79,5,"203895,1610612739",102.1,0.11,0.315,54,7.7,16,2.3,0.296,7,5,19.9,-11.1,91.0,0.022,106.11,0.024,203895,Jordan McRae,0.065,CLE,1610612739,15.9,0.398,0.232,2,0.286
263,21.0,0.056,4.9,0.67,5,"1626175,1610612738",90.6,0.139,0.563,32,4.6,18,2.6,0.563,7,1,9.7,7.4,97.9,0.155,102.67,0.18,1626175,Jordan Mickey,0.147,BOS,1610612738,7.4,0.563,0.236,6,0.857
264,23.0,0.045,9.1,0.0,5,"1626296,1610612753",113.9,0.034,0.15,10,2.0,1,0.2,0.1,5,2,6.1,-13.9,100.1,0.0,96.78,-0.051,1626296,Jordan Sibert,0.017,ORL,1610612753,0.0,0.15,0.149,3,0.6
265,27.0,0.423,38.1,3.67,5,"203268,1610612766",114.7,0.064,0.357,14,3.5,5,1.3,0.357,4,3,11.7,-20.8,93.9,0.0,100.21,0.059,203268,Jorge Gutierrez,0.032,CHA,1610612766,10.4,0.403,0.172,1,0.25
266,34.0,0.26,31.6,2.11,5,"101181,1610612752",93.9,0.149,0.552,29,5.8,13,2.6,0.448,5,1,22.4,-0.9,93.0,0.017,102.6,0.13,101181,Jose Calderon,0.082,NYK,1610612752,15.0,0.608,0.151,4,0.8
267,32.0,0.403,35.0,4.14,5,"200826,1610612742",97.2,0.068,0.333,39,6.5,12,2.0,0.308,6,6,18.0,5.8,103.0,0.009,103.15,0.092,200826,Jose Juan Barea,0.038,DAL,1610612742,8.4,0.437,0.21,0,0.0
268,27.0,0.121,13.4,1.0,5,"202725,1610612764",99.9,0.187,0.619,21,3.0,10,1.4,0.476,7,3,7.3,-2.8,97.1,0.053,108.64,0.118,202725,Josh Harrellson,0.114,WAS,1610612764,13.4,0.617,0.212,4,0.571
269,24.0,0.048,10.0,0.0,5,"203962,1610612760",85.9,0.107,0.167,9,2.3,1,0.3,0.111,4,1,9.0,5.9,91.8,0.026,96.06,-0.006,203962,Josh Huestis,0.061,OKC,1610612760,0.0,0.167,0.113,3,0.75
270,29.0,0.292,40.4,2.8,5,"201177,1610612748",88.0,0.087,0.5,13,2.6,5,1.0,0.385,5,3,14.8,15.1,103.1,0.015,96.23,0.094,201177,Josh McRoberts,0.052,MIA,1610612748,14.4,0.575,0.126,2,0.4
271,33.0,0.182,25.0,0.67,5,"2694,1610612749",103.7,0.107,0.0,3,0.8,0,0.0,0.0,4,3,5.7,-39.6,64.1,0.0,105.78,-0.134,2694,Josh Powell,0.056,MIL,1610612749,37.5,0.0,0.111,1,0.25
272,22.0,0.075,9.4,1.33,5,"1626196,1610612748",95.6,0.118,0.323,31,5.2,9,1.5,0.29,6,4,16.2,-6.4,89.2,0.037,96.61,0.074,1626196,Josh Richardson,0.073,MIA,1610612748,7.1,0.395,0.168,2,0.333
273,30.0,0.148,9.9,0.73,5,"2746,1610612745",106.0,0.222,0.481,52,8.7,22,3.7,0.423,6,3,19.2,-17.9,88.1,0.037,104.89,0.099,2746,Josh Smith,0.126,HOU,1610612745,13.6,0.507,0.28,3,0.5
274,24.0,0.101,12.1,0.54,5,"1626288,1610612745",105.7,0.204,0.611,36,5.1,22,3.1,0.611,7,4,15.8,-6.7,99.0,0.164,104.6,0.07,1626288,Joshua Smith,0.183,HOU,1610612745,22.5,0.596,0.181,3,0.429
275,26.0,0.281,21.9,1.6,5,"201950,1610612740",89.8,0.155,0.538,40,5.7,18,2.6,0.45,7,4,12.9,22.5,112.3,0.045,104.12,0.172,201950,Jrue Holiday,0.102,NOP,1610612740,13.7,0.585,0.262,3,0.429
276,21.0,0.202,15.1,0.9,5,"203944,1610612747",109.6,0.231,0.493,75,9.4,37,4.6,0.493,8,5,21.3,-8.5,101.2,0.072,97.14,0.126,203944,Julius Randle,0.146,LAL,1610612747,16.7,0.532,0.266,3,0.375
277,27.0,0.0,0.0,0.0,5,"202933,1610612760",114.2,0.333,0.0,0,0.0,0,0.0,0.0,1,0,4.3,-48.8,65.4,0.0,86.29,0.0,202933,Julyan Stone,0.111,OKC,1610612760,0.0,0.0,0.0,1,1.0
278,22.0,0.079,7.3,0.44,5,"1626147,1610612742",100.6,0.102,0.379,66,9.4,23,3.3,0.348,7,7,24.4,-20.3,80.3,0.022,103.12,0.028,1626147,Justin Anderson,0.061,DAL,1610612742,16.7,0.406,0.223,0,0.0
279,26.0,0.081,11.0,1.5,5,"202712,1610612765",94.0,0.27,0.593,43,7.2,21,3.5,0.488,6,4,19.1,9.5,103.4,0.045,103.52,0.109,202712,Justin Harper,0.158,DET,1610612765,7.3,0.603,0.184,2,0.333
280,27.0,0.146,15.8,1.0,5,"203200,1610612741",104.3,0.114,0.3,25,5.0,6,1.2,0.24,5,1,18.3,-16.7,87.6,0.022,101.36,0.059,203200,Justin Holiday,0.064,CHI,1610612741,15.8,0.413,0.174,4,0.8
281,20.0,0.189,25.9,2.0,5,"1626159,1610612748",89.8,0.15,0.297,37,6.2,10,1.7,0.27,6,4,28.6,9.6,99.3,0.044,96.44,0.075,1626159,Justise Winslow,0.099,MIA,1610612748,13.0,0.403,0.149,2,0.333
282,24.0,0.2,26.6,1.0,5,"1626219,1610612744",90.6,0.059,0.0,0,0.0,0,0.0,0.0,1,0,9.8,-17.1,73.5,0.0,104.39,0.0,1626219,Juwan Staten,0.034,GSW,1610612744,26.6,0.568,0.123,1,1.0
283,23.0,0.126,11.7,1.0,5,"203909,1610612745",103.8,0.182,0.377,57,7.1,19,2.4,0.333,8,5,18.4,-9.7,94.0,0.068,107.86,0.109,203909,KJ McDaniels,0.123,HOU,1610612745,11.7,0.497,0.22,3,0.375
284,23.0,0.0,0.0,0.0,5,"1627292,1610612754",120.2,0.0,0.0,2,2.0,0,0.0,0.0,1,0,3.6,60.5,180.7,0.0,98.82,-0.175,1627292,Kadeem Jack,0.0,IND,1610612754,0.0,0.0,0.262,1,1.0
285,20.0,0.071,6.0,0.45,5,"1626157,1610612750",108.2,0.311,0.526,57,8.1,30,4.3,0.526,7,5,23.0,-17.9,90.3,0.092,96.9,0.167,1626157,Karl-Anthony Towns,0.19,MIN,1610612750,13.1,0.603,0.228,2,0.286
286,24.0,0.16,11.1,0.92,5,"202695,1610612759",96.6,0.183,0.486,72,12.0,30,5.0,0.417,6,4,23.4,7.3,103.9,0.037,98.21,0.137,202695,Kawhi Leonard,0.107,SAS,1610612759,12.0,0.554,0.303,2,0.333
287,22.0,0.0,0.0,0.0,5,"1626208,1610612759",85.8,0.1,0.0,4,1.3,0,0.0,0.0,3,2,6.3,2.7,88.5,0.0,102.81,-0.067,1626208,Keifer Sykes,0.056,SAS,1610612759,0.0,0.0,0.092,1,0.333
288,24.0,0.034,6.0,0.17,5,"203951,1610612753",89.0,0.073,0.125,8,1.6,1,0.2,0.125,5,2,8.7,3.6,92.6,0.0,99.57,-0.07,203951,Keith Appling,0.033,ORL,1610612753,35.8,0.307,0.146,3,0.6
289,27.0,0.097,8.7,1.0,5,"202728,1610612748",93.2,0.259,0.455,22,4.4,10,2.0,0.455,5,2,11.8,11.3,104.5,0.194,97.95,0.173,202728,Keith Benson,0.224,MIA,1610612748,8.7,0.507,0.218,3,0.6
290,25.0,0.104,14.2,1.33,5,"203482,1610612738",84.9,0.206,0.5,39,6.5,18,3.0,0.462,6,1,17.7,23.3,108.1,0.084,107.26,0.102,203482,Kelly Olynyk,0.149,BOS,1610612738,10.6,0.506,0.183,5,0.833
291,20.0,0.045,6.7,1.0,5,"1626162,1610612764",107.4,0.095,0.295,39,6.5,11,1.8,0.282,6,3,20.9,-2.9,104.5,0.032,104.2,0.039,1626162,Kelly Oubre,0.062,WAS,1610612764,6.7,0.429,0.19,3,0.5
292,26.0,0.284,19.2,1.77,5,"202689,1610612766",89.1,0.056,0.507,69,9.9,31,4.4,0.449,7,1,22.5,10.1,99.2,0.006,100.8,0.121,202689,Kemba Walker,0.031,CHA,1610612766,10.9,0.563,0.27,6,0.857
293,31.0,0.038,8.2,0.33,5,"2570,1610612740",88.7,0.195,0.391,23,3.3,9,1.3,0.391,7,4,16.4,13.4,102.1,0.096,100.88,0.055,2570,Kendrick Perkins,0.149,NOP,1610612740,24.5,0.444,0.128,3,0.429
294,26.0,0.043,4.6,0.38,5,"202702,1610612743",88.5,0.238,0.477,44,7.3,21,3.5,0.477,6,2,20.2,6.6,95.2,0.101,101.43,0.134,202702,Kenneth Faried,0.173,DEN,1610612743,12.3,0.508,0.212,4,0.667
295,26.0,0.079,9.7,0.63,5,"203145,1610612737",88.5,0.145,0.629,31,6.2,17,3.4,0.548,5,2,22.2,6.8,95.3,0.0,101.75,0.124,203145,Kent Bazemore,0.083,ATL,1610612737,15.5,0.676,0.187,3,0.6
296,23.0,0.104,14.2,1.1,5,"203484,1610612765",94.7,0.134,0.577,52,7.4,24,3.4,0.462,7,5,23.8,7.5,102.2,0.007,96.45,0.11,203484,Kentavious Caldwell-Pope,0.073,DET,1610612765,12.9,0.594,0.177,2,0.286
297,27.0,0.165,14.9,1.0,5,"201142,1610612760",92.9,0.187,0.661,59,11.8,35,7.0,0.593,5,0,24.8,24.4,117.2,0.0,100.29,0.184,201142,Kevin Durant,0.11,OKC,1610612760,14.9,0.681,0.28,5,1.0
298,40.0,0.275,36.7,3.67,5,"708,1610612750",103.7,0.238,0.375,16,2.7,6,1.0,0.375,6,4,12.9,-23.8,80.0,0.0,96.1,0.095,708,Kevin Garnett,0.119,MIN,1610612750,10.0,0.375,0.12,2,0.333
299,27.0,0.143,12.6,1.5,5,"201567,1610612739",99.0,0.25,0.389,18,9.0,6,3.0,0.333,2,1,17.4,4.6,103.6,0.061,96.76,0.099,201567,Kevin Love,0.14,CLE,1610612739,8.4,0.424,0.28,1,0.5
300,33.0,0.239,16.9,2.75,5,"2755,1610612759",126.3,0.075,0.39,41,8.2,15,3.0,0.366,5,4,16.0,-9.5,116.8,0.013,102.14,0.088,2755,Kevin Martin,0.038,SAS,1610612759,6.1,0.508,0.283,1,0.2
301,26.0,0.088,8.1,0.75,5,"202338,1610612752",73.6,0.088,0.333,30,7.5,10,2.5,0.333,4,2,14.0,20.0,93.6,0.103,97.87,0.0,202338,Kevin Seraphin,0.096,NYK,1610612752,10.8,0.333,0.274,2,0.5
302,24.0,0.069,8.3,0.75,5,"203114,1610612749",98.7,0.111,0.585,53,8.8,29,4.8,0.547,6,4,24.0,4.1,102.9,0.0,101.41,0.095,203114,Khris Middleton,0.062,MIL,1610612749,11.1,0.626,0.199,2,0.333
303,35.0,0.155,21.0,1.5,5,"2550,1610612737",109.3,0.053,0.5,27,4.5,11,1.8,0.407,6,3,17.7,-9.0,100.3,0.027,97.05,0.041,2550,Kirk Hinrich,0.039,ATL,1610612737,14.0,0.502,0.14,3,0.5
304,26.0,0.149,13.8,1.27,5,"202691,1610612744",102.8,0.103,0.573,62,10.3,31,5.2,0.5,6,3,24.2,8.9,111.8,0.0,109.59,0.122,202691,Klay Thompson,0.058,GSW,1610612744,10.8,0.634,0.254,3,0.5
305,29.0,0.0,0.0,0.0,5,"1626285,1610612750",40.7,0.1,0.0,2,0.7,0,0.0,0.0,3,3,2.7,58.0,98.7,0.0,87.51,-0.909,1626285,Kleon Penn,0.059,MIN,1610612750,33.3,0.0,0.197,0,0.0
306,37.0,0.135,10.5,1.17,5,"977,1610612747",101.4,0.038,0.543,47,9.4,21,4.2,0.447,5,4,18.1,6.7,108.1,0.056,91.26,0.136,977,Kobe Bryant,0.047,LAL,1610612747,9.0,0.606,0.31,1,0.2
307,27.0,0.027,4.9,0.5,5,"201585,1610612758",92.1,0.156,0.613,31,6.2,19,3.8,0.613,5,0,24.1,7.6,99.7,0.106,102.65,0.12,201585,Kosta Koufos,0.132,SAC,1610612758,9.9,0.608,0.136,5,1.0
308,31.0,0.04,6.7,0.71,5,"2743,1610612737",100.2,0.267,0.463,54,7.7,20,2.9,0.37,7,3,24.7,8.8,109.0,0.078,102.81,0.102,2743,Kris Humphries,0.18,ATL,1610612737,9.4,0.537,0.172,4,0.571
309,20.0,0.167,17.7,1.5,5,"204001,1610612752",106.9,0.235,0.414,35,8.8,13,3.3,0.371,4,2,19.4,3.7,110.5,0.114,99.14,0.087,204001,Kristaps Porzingis,0.174,NYK,1610612752,11.8,0.418,0.235,2,0.5
310,22.0,0.203,26.4,2.67,5,"203937,1610612759",93.5,0.183,0.453,32,5.3,14,2.3,0.438,6,4,21.0,-1.4,92.1,0.0,97.47,0.078,203937,Kyle Anderson,0.086,SAS,1610612759,9.9,0.479,0.163,2,0.333
311,25.0,0.0,0.0,0.0,5,"1626271,1610612756",69.9,0.0,0.0,0,0.0,0,0.0,0.0,1,0,5.7,38.8,108.7,0.0,108.78,0.0,1626271,Kyle Casey,0.0,PHX,1610612756,0.0,0.0,0.0,1,1.0
312,35.0,0.053,8.0,1.0,5,"2594,1610612737",88.8,0.14,0.472,36,6.0,13,2.2,0.361,6,2,21.1,10.5,99.3,0.009,100.2,0.096,2594,Kyle Korver,0.081,ATL,1610612737,8.0,0.569,0.17,4,0.667
313,30.0,0.379,22.3,3.57,5,"200768,1610612761",95.5,0.078,0.631,65,13.0,34,6.8,0.523,5,0,26.2,17.1,112.6,0.052,96.21,0.25,200768,Kyle Lowry,0.065,TOR,1610612761,6.3,0.688,0.294,5,1.0
314,26.0,0.175,18.3,1.67,5,"203124,1610612752",90.9,0.336,0.561,33,6.6,18,3.6,0.545,5,1,19.9,6.0,96.9,0.068,101.27,0.228,203124,Kyle O'Quinn,0.215,NYK,1610612752,11.0,0.62,0.199,4,0.8
315,28.0,0.033,5.5,0.25,5,"202713,1610612760",95.9,0.071,0.417,12,2.4,4,0.8,0.333,5,1,10.4,-11.5,84.4,0.0,102.49,-0.011,202713,Kyle Singler,0.038,OKC,1610612760,21.8,0.488,0.145,4,0.8
316,30.0,0.043,4.3,0.5,5,"200746,1610612759",101.7,0.189,0.453,53,10.6,24,4.8,0.453,5,3,25.3,-0.2,101.4,0.06,97.4,0.094,200746,LaMarcus Aldridge,0.122,SAS,1610612759,8.6,0.509,0.24,2,0.4
317,24.0,0.203,26.4,2.8,5,"203934,1610612737",91.1,0.096,0.5,30,5.0,12,2.0,0.4,6,2,17.2,9.3,100.4,0.022,100.75,0.111,203934,Lamar Patterson,0.06,ATL,1610612737,9.4,0.559,0.166,4,0.667
318,25.0,0.21,28.0,2.83,5,"202362,1610612763",101.9,0.11,0.347,36,6.0,12,2.0,0.333,6,3,22.3,-14.8,87.1,0.03,103.71,0.04,202362,Lance Stephenson,0.066,MEM,1610612763,9.9,0.371,0.141,3,0.5
319,28.0,0.143,21.8,1.14,5,"202498,1610612752",85.2,0.132,0.184,19,3.2,3,0.5,0.158,6,2,14.3,0.1,85.2,0.021,100.4,0.041,202498,Lance Thomas,0.076,NYK,1610612752,19.1,0.277,0.144,4,0.667
320,24.0,0.183,31.7,20.0,5,"204038,1610612752",92.3,0.131,0.59,39,6.5,18,3.0,0.462,6,2,27.0,7.3,99.6,0.034,101.3,0.138,204038,Langston Galloway,0.085,NYK,1610612752,1.6,0.594,0.118,4,0.667
321,23.0,0.133,18.6,2.0,5,"1626204,1610612747",114.7,0.236,0.75,12,2.4,8,1.6,0.667,5,2,11.0,-9.2,105.5,0.098,96.2,0.16,1626204,Larry Nance Jr.,0.17,LAL,1610612747,9.3,0.709,0.145,3,0.6
322,27.0,0.058,8.2,1.0,5,"202730,1610612754",102.9,0.246,0.4,40,5.7,16,2.3,0.4,7,2,18.1,-9.4,93.6,0.105,95.07,0.11,202730,Lavoy Allen,0.169,IND,1610612754,8.2,0.416,0.157,5,0.714
323,25.0,0.217,21.5,2.0,5,"1626272,1610612763",87.0,0.071,0.5,28,4.7,11,1.8,0.393,6,1,14.3,11.7,98.7,0.039,91.39,0.139,1626272,Lazeric Jones,0.056,MEM,1610612763,10.7,0.555,0.19,5,0.833
324,31.0,0.348,18.7,1.33,5,"2544,1610612739",89.7,0.163,0.375,28,14.0,9,4.5,0.321,2,2,24.1,-2.2,87.5,0.0,95.48,0.088,2544,LeBron James,0.082,CLE,1610612739,14.0,0.381,0.345,0,0.0
325,33.0,0.156,11.4,2.33,5,"2571,1610612744",100.4,0.141,0.576,46,6.6,25,3.6,0.543,7,4,12.3,3.9,104.3,0.024,103.32,0.19,2571,Leandro Barbosa,0.077,GSW,1610612744,4.9,0.614,0.267,3,0.429
326,23.0,0.0,0.0,0.0,5,"1626260,1610612738",200.0,0.0,1.0,1,0.5,1,0.5,1.0,2,1,0.3,8.3,208.3,1.0,92.46,1.0,1626260,Levi Randolph,1.0,BOS,1610612738,0.0,1.042,0.59,1,0.5
327,25.0,0.276,20.6,1.0,5,"203485,1610612765",97.5,0.083,0.429,21,4.2,9,1.8,0.429,5,4,13.1,-4.4,93.1,0.0,98.69,0.066,203485,Lorenzo Brown,0.039,DET,1610612765,20.6,0.461,0.216,1,0.2
328,33.0,0.08,8.1,1.0,5,"200811,1610612752",84.7,0.279,0.5,18,6.0,9,3.0,0.5,3,1,13.5,12.5,97.2,0.088,101.16,0.192,200811,Lou Amundson,0.195,NYK,1610612752,8.1,0.533,0.251,2,0.667
329,29.0,0.211,13.6,1.23,5,"101150,1610612747",104.3,0.122,0.449,69,11.5,27,4.5,0.391,6,5,25.0,-2.5,101.8,0.014,100.38,0.137,101150,Lou Williams,0.065,LAL,1610612747,11.0,0.569,0.289,1,0.167
330,29.0,0.154,10.2,0.67,5,"201601,1610612746",85.1,0.25,0.333,12,3.0,4,1.0,0.333,4,2,8.4,-21.5,63.5,0.056,105.4,0.177,201601,Luc Mbah a Moute,0.147,LAC,1610612746,15.3,0.444,0.225,2,0.5
331,23.0,0.667,28.6,0.67,5,"1626242,1610612757",60.1,0.0,0.5,2,1.0,1,0.5,0.5,2,2,3.8,-7.2,52.9,0.0,106.7,0.0,1626242,Luis Montero,0.0,POR,1610612757,42.9,0.5,0.278,0,0.0
332,36.0,0.033,3.4,0.33,5,"2449,1610612761",91.6,0.31,0.544,45,7.5,24,4.0,0.533,6,1,17.8,14.0,105.6,0.078,96.52,0.163,2449,Luis Scola,0.192,TOR,1610612761,10.3,0.567,0.231,5,0.833
333,27.0,0.156,20.6,7.0,5,"202337,1610612740",105.8,0.133,0.545,22,7.3,9,3.0,0.409,3,1,24.7,-7.5,98.2,0.0,104.8,0.11,202337,Luke Babbitt,0.061,NOP,1610612740,2.9,0.578,0.147,2,0.667
334,31.0,0.085,12.2,1.4,5,"2736,1610612748",107.6,0.144,0.475,40,6.7,17,2.8,0.425,6,2,22.9,-19.2,88.4,0.016,101.88,0.093,2736,Luol Deng,0.081,MIA,1610612748,8.7,0.53,0.162,4,0.667
335,23.0,0.0,0.0,0.0,5,"1626259,1610612738",0.0,0.0,0.0,0,0.0,0,0.0,0.0,1,0,0.2,0.0,0.0,0.0,0.0,0.0,1626259,Malcolm Miller,0.0,BOS,1610612738,0.0,0.0,0.0,1,1.0
336,38.0,0.348,34.3,2.67,5,"1938,1610612759",91.8,0.125,0.917,18,3.6,14,2.8,0.778,5,3,15.6,13.7,105.6,0.014,97.15,0.204,1938,Manu Ginobili,0.066,SAS,1610612759,12.9,0.894,0.179,2,0.4
337,31.0,0.134,11.3,0.75,5,"201188,1610612763",83.0,0.223,0.42,50,10.0,21,4.2,0.42,5,0,27.2,9.1,92.1,0.059,95.94,0.127,201188,Marc Gasol,0.142,MEM,1610612763,15.1,0.497,0.236,5,1.0
338,33.0,0.563,39.2,2.0,5,"1626273,1610612747",101.1,0.053,0.444,18,6.0,8,2.7,0.444,3,1,17.8,0.2,101.3,0.02,106.36,0.089,1626273,Marcelo Huertas,0.037,LAL,1610612747,19.6,0.477,0.219,2,0.667
339,32.0,0.103,12.5,1.33,5,"101162,1610612764",103.3,0.213,0.656,64,9.1,42,6.0,0.656,7,3,24.9,10.5,113.8,0.067,104.52,0.164,101162,Marcin Gortat,0.148,WAS,1610612764,9.4,0.713,0.202,4,0.571
340,30.0,0.17,13.7,1.25,5,"201158,1610612758",93.4,0.051,0.534,73,12.2,33,5.5,0.452,6,1,27.7,4.5,98.0,0.007,100.46,0.111,201158,Marco Belinelli,0.03,SAC,1610612758,10.9,0.568,0.249,5,0.833
341,30.0,0.095,14.4,2.0,5,"202068,1610612749",103.1,0.133,0.5,10,2.5,4,1.0,0.4,4,3,10.5,-21.1,82.0,0.023,100.78,0.051,202068,Marcus Landry,0.079,MIL,1610612749,7.2,0.46,0.128,1,0.25
342,26.0,0.092,10.7,1.38,5,"202694,1610612765",98.5,0.206,0.547,75,9.4,37,4.6,0.493,8,5,23.6,14.0,112.5,0.043,96.1,0.124,202694,Marcus Morris,0.123,DET,1610612765,7.8,0.591,0.215,3,0.375
343,28.0,0.0,0.0,0.0,5,"204136,1610612741",225.4,0.0,0.0,0,0.0,0,0.0,0.0,2,0,1.6,-145.4,80.0,0.5,73.79,-0.028,204136,Marcus Simmons,0.25,CHI,1610612741,100.0,0.0,0.143,2,1.0
344,22.0,0.239,32.9,2.75,5,"203935,1610612738",87.1,0.068,0.531,32,6.4,15,3.0,0.469,5,0,24.2,19.0,106.1,0.042,105.25,0.113,203935,Marcus Smart,0.055,BOS,1610612738,12.0,0.597,0.147,5,1.0
345,29.0,0.132,11.1,2.5,5,"201977,1610612764",103.3,0.122,0.396,72,12.0,23,3.8,0.319,6,4,22.7,-3.4,99.9,0.05,100.85,0.071,201977,Marcus Thornton,0.083,WAS,1610612764,4.4,0.415,0.241,2,0.333
346,30.0,0.339,31.8,1.46,5,"201596,1610612763",88.4,0.086,0.457,23,4.6,9,1.8,0.391,5,3,19.0,5.7,94.1,0.01,102.61,0.06,201596,Mario Chalmers,0.044,MEM,1610612763,21.7,0.503,0.178,2,0.4
347,21.0,0.119,12.1,0.8,5,"1626209,1610612753",103.9,0.113,0.523,66,8.3,29,3.6,0.439,8,2,21.8,-2.9,101.0,0.051,95.67,0.087,1626209,Mario Hezonja,0.081,ORL,1610612753,15.1,0.554,0.223,6,0.75
348,26.0,0.182,14.0,1.08,5,"202693,1610612764",105.7,0.144,0.5,64,10.7,28,4.7,0.438,6,2,23.0,-7.4,98.3,0.052,101.45,0.109,202693,Markieff Morris,0.1,WAS,1610612764,13.0,0.543,0.268,4,0.667
349,28.0,0.138,10.2,0.89,5,"201578,1610612744",98.1,0.269,0.391,55,7.9,21,3.0,0.382,7,4,15.4,-4.9,93.2,0.072,106.97,0.118,201578,Marreese Speights,0.167,GSW,1610612744,11.5,0.455,0.264,3,0.429
350,25.0,0.0,0.0,0.0,5,"1626289,1610612758",123.0,0.0,0.0,1,1.0,0,0.0,0.0,1,0,2.5,-93.9,29.1,0.0,137.23,-0.222,1626289,Marshall Henderson,0.0,SAC,1610612758,0.0,0.0,0.145,1,1.0
351,30.0,0.098,15.7,1.8,5,"101107,1610612766",84.4,0.177,0.461,38,5.4,14,2.0,0.368,7,0,21.4,19.3,103.7,0.035,99.4,0.099,101107,Marvin Williams,0.11,CHA,1610612766,8.7,0.497,0.144,7,1.0
352,26.0,0.113,17.7,0.73,5,"203486,1610612757",102.3,0.231,0.69,29,4.1,20,2.9,0.69,7,4,21.3,-1.7,100.6,0.057,104.96,0.081,203486,Mason Plumlee,0.141,POR,1610612757,24.2,0.624,0.143,3,0.429
353,36.0,0.14,16.3,1.0,5,"2440,1610612763",76.7,0.172,0.267,30,6.0,7,1.4,0.233,5,0,17.4,25.0,101.7,0.025,101.85,0.045,2440,Matt Barnes,0.107,MEM,1610612763,16.3,0.333,0.2,5,1.0
354,36.0,0.0,0.0,0.0,5,"2588,1610612759",81.6,0.091,0.0,3,1.5,0,0.0,0.0,2,2,6.1,-43.4,38.2,0.0,109.17,-0.08,2588,Matt Bonner,0.034,SAS,1610612759,0.0,0.0,0.101,0,0.0
355,28.0,0.167,25.0,0.0,5,"202394,1610612743",123.9,0.0,0.333,3,1.5,1,0.5,0.333,2,0,4.6,-32.3,91.6,0.0,111.67,-0.033,202394,Matt Janning,0.0,DEN,1610612743,0.0,0.333,0.133,2,1.0
356,25.0,0.324,28.6,3.0,5,"203521,1610612739",106.3,0.086,0.52,51,8.5,22,3.7,0.431,6,5,23.5,-13.0,93.3,0.024,97.69,0.106,203521,Matthew Dellavedova,0.055,CLE,1610612739,9.5,0.53,0.19,1,0.167
357,23.0,0.038,5.6,0.33,5,"203090,1610612757",101.3,0.172,0.586,35,7.0,18,3.6,0.514,5,3,24.3,3.1,104.3,0.049,99.89,0.104,203090,Maurice Harkless,0.114,POR,1610612757,16.8,0.601,0.182,2,0.4
358,24.0,0.045,5.3,0.25,5,"1626254,1610612742",95.7,0.072,0.32,25,6.3,7,1.8,0.28,4,4,22.8,-23.8,71.9,0.0,100.05,-0.021,1626254,Maurice Ndour,0.034,DAL,1610612742,21.3,0.344,0.177,0,0.0
359,25.0,0.05,5.9,0.5,5,"203929,1610612753",101.9,0.156,0.5,13,3.3,6,1.5,0.462,4,1,8.0,-1.9,99.9,0.118,105.01,0.056,203929,Melvin Ejim,0.136,ORL,1610612753,11.8,0.504,0.189,3,0.75
360,36.0,0.167,20.1,1.6,5,"1897,1610612747",105.2,0.133,0.295,22,3.7,6,1.0,0.273,6,3,13.7,-2.3,102.9,0.014,100.05,0.035,1897,Metta World Peace,0.078,LAL,1610612747,12.6,0.41,0.169,3,0.5
361,24.0,0.095,12.3,0.71,5,"203086,1610612757",98.6,0.254,0.608,51,7.3,24,3.4,0.471,7,4,24.7,-2.8,95.8,0.012,104.7,0.126,203086,Meyers Leonard,0.138,POR,1610612757,17.2,0.639,0.174,3,0.429
362,24.0,0.233,23.6,1.21,5,"203487,1610612749",94.9,0.13,0.474,38,7.6,17,3.4,0.447,5,3,22.4,4.2,99.1,0.061,100.14,0.119,203487,Michael Carter-Williams,0.099,MIL,1610612749,19.4,0.511,0.208,2,0.4
363,22.0,0.107,16.9,1.0,5,"1626187,1610612747",100.6,0.17,0.35,10,2.5,3,0.8,0.3,4,1,12.9,1.5,102.1,0.0,95.16,0.027,1626187,Michael Frazier,0.091,LAL,1610612747,16.9,0.34,0.132,3,0.75
364,23.0,0.0,0.0,0.0,5,"1626261,1610612763",111.9,0.0,0.0,0,0.0,0,0.0,0.0,1,0,8.0,-18.0,94.0,0.0,96.52,-0.154,1626261,Michael Holyfield,0.0,MEM,1610612763,100.0,0.0,0.063,1,1.0
365,22.0,0.167,20.0,0.0,5,"203077,1610612766",113.6,0.0,0.5,4,4.0,2,2.0,0.5,1,0,12.6,-26.3,87.3,0.083,93.27,0.074,203077,Michael Kidd-Gilchrist,0.048,CHA,1610612766,0.0,0.5,0.153,1,1.0
366,24.0,0.0,0.0,0.0,5,"1626252,1610612761",60.0,0.4,0.0,1,1.0,0,0.0,0.0,1,0,4.6,7.8,67.8,0.0,105.63,0.095,1626252,Michale Kyser,0.222,TOR,1610612761,0.0,0.0,0.088,1,1.0
367,28.0,0.299,29.4,1.82,5,"201144,1610612763",89.6,0.167,0.367,30,6.0,10,2.0,0.333,5,0,23.8,2.9,92.5,0.0,94.01,0.115,201144,Mike Conley,0.082,MEM,1610612763,16.2,0.499,0.19,5,1.0
368,36.0,0.206,36.8,3.5,5,"2034,1610612743",99.7,0.231,0.45,10,3.3,3,1.0,0.3,3,1,14.7,7.8,107.4,0.0,104.37,0.052,2034,Mike Miller,0.115,DEN,1610612743,10.5,0.45,0.117,2,0.667
369,24.0,0.036,5.3,0.2,5,"203488,1610612737",103.0,0.165,0.46,25,4.2,10,1.7,0.4,6,3,16.8,-11.1,91.9,0.086,98.22,0.043,203488,Mike Muscala,0.126,ATL,1610612737,26.4,0.464,0.16,3,0.5
370,27.0,0.148,12.3,1.0,5,"203118,1610612737",95.1,0.277,0.554,46,7.7,25,4.2,0.543,6,2,19.0,-1.5,93.6,0.05,99.45,0.162,203118,Mike Scott,0.169,ATL,1610612737,12.3,0.57,0.223,4,0.667
371,27.0,0.0,0.0,0.0,5,"203101,1610612749",112.5,0.184,0.333,6,2.0,2,0.7,0.333,3,3,10.1,-10.8,101.7,0.12,107.15,0.172,203101,Miles Plumlee,0.159,MIL,1610612749,14.6,0.683,0.188,0,0.0
372,30.0,0.101,11.7,1.0,5,"203141,1610612756",93.2,0.181,0.44,50,8.3,16,2.7,0.32,6,2,18.4,5.1,98.3,0.042,108.91,0.073,203141,Mirza Teletovic,0.107,PHX,1610612756,11.7,0.475,0.209,4,0.667
373,24.0,0.143,16.6,1.5,5,"203956,1610612760",96.1,0.295,0.565,23,5.8,12,3.0,0.522,4,1,15.1,13.2,109.3,0.047,101.66,0.153,203956,Mitch McGary,0.192,OKC,1610612760,11.1,0.556,0.216,3,0.75
374,33.0,0.239,21.2,1.23,5,"2590,1610612739",91.3,0.134,0.417,42,8.4,15,3.0,0.357,5,5,22.4,8.3,99.6,0.021,99.89,0.084,2590,Mo Williams,0.082,CLE,1610612739,17.2,0.474,0.243,0,0.0
375,30.0,0.172,21.2,2.14,5,"101145,1610612754",99.6,0.059,0.524,42,7.0,21,3.5,0.5,6,2,22.5,10.2,109.8,0.0,100.89,0.099,101145,Monta Ellis,0.029,IND,1610612754,9.9,0.566,0.178,4,0.667
376,22.0,0.079,14.6,0.78,5,"1626149,1610612745",102.9,0.121,0.64,25,4.2,16,2.7,0.64,6,4,21.6,8.1,111.0,0.071,105.53,0.054,1626149,Montrezl Harrell,0.095,HOU,1610612745,18.7,0.655,0.129,2,0.333
377,20.0,0.088,9.3,1.25,5,"1626167,1610612754",92.2,0.225,0.395,38,6.3,15,2.5,0.395,6,1,17.0,2.9,95.1,0.095,97.52,0.133,1626167,Myles Turner,0.159,IND,1610612754,7.4,0.433,0.209,5,0.833
378,32.0,0.345,18.6,1.25,5,"101126,1610612740",107.0,0.048,0.47,33,8.3,13,3.3,0.394,4,3,20.6,-22.6,84.4,0.0,101.37,0.06,101126,Nate Robinson,0.024,NOP,1610612740,14.9,0.491,0.235,1,0.25
379,28.0,0.101,12.2,0.5,5,"202357,1610612750",105.0,0.248,0.608,37,5.3,17,2.4,0.459,7,5,20.4,2.3,107.3,0.083,96.95,0.092,202357,Nemanja Bjelica,0.158,MIN,1610612750,24.5,0.64,0.184,2,0.286
380,33.0,0.067,7.5,0.0,5,"2403,1610612764",80.8,0.157,0.591,22,7.3,13,4.3,0.591,3,1,15.1,33.0,113.9,0.049,103.62,0.19,2403,Nene,0.109,WAS,1610612764,0.0,0.588,0.23,2,0.667
381,22.0,0.174,14.2,0.92,5,"203457,1610612755",99.7,0.281,0.455,44,8.8,20,4.0,0.455,5,4,27.1,-14.8,84.8,0.051,108.01,0.161,203457,Nerlens Noel,0.163,PHI,1610612755,15.4,0.513,0.216,1,0.2
382,35.0,0.131,29.6,2.67,5,"2555,1610612760",92.8,0.167,0.375,16,3.2,6,1.2,0.375,5,1,17.3,2.0,94.8,0.059,98.14,0.065,2555,Nick Collison,0.116,OKC,1610612760,11.1,0.375,0.096,4,0.8
383,23.0,0.154,20.6,1.0,5,"203910,1610612743",99.1,0.112,0.232,28,4.7,5,0.8,0.179,6,2,17.7,-12.7,86.3,0.009,99.17,-0.037,203910,Nick Johnson,0.061,DEN,1610612743,20.6,0.229,0.159,4,0.667
384,27.0,0.118,22.5,0.0,5,"1626305,1610612739",106.8,0.1,0.5,6,2.0,3,1.0,0.5,3,3,9.8,-16.0,90.7,0.043,106.24,0.081,1626305,Nick Minnerath,0.075,CLE,1610612739,0.0,0.581,0.101,0,0.0
385,25.0,0.0,0.0,0.0,5,"1626287,1610612750",54.6,0.0,0.6,5,1.3,3,0.8,0.6,4,4,3.3,28.7,83.3,0.0,91.4,0.229,1626287,Nick Wiggins,0.0,MIN,1610612750,0.0,0.643,0.216,0,0.0
386,31.0,0.063,7.8,2.33,5,"201156,1610612747",107.1,0.071,0.5,74,9.3,28,3.5,0.378,8,5,21.2,3.5,110.6,0.025,98.07,0.065,201156,Nick Young,0.048,LAL,1610612747,3.4,0.523,0.209,3,0.375
387,27.0,0.195,15.7,1.23,5,"201587,1610612766",91.4,0.219,0.449,59,9.8,23,3.8,0.39,6,0,24.4,11.3,102.7,0.022,101.85,0.138,201587,Nicolas Batum,0.125,CHA,1610612766,12.8,0.537,0.259,6,1.0
388,21.0,0.047,5.8,0.4,5,"203999,1610612743",91.5,0.154,0.744,45,6.4,33,4.7,0.733,7,3,21.8,6.8,98.3,0.103,101.7,0.165,203999,Nikola Jokic,0.128,DEN,1610612743,14.4,0.738,0.18,4,0.571
389,25.0,0.156,12.1,0.74,5,"202703,1610612741",99.6,0.266,0.558,69,8.6,31,3.9,0.449,8,4,22.6,-3.3,96.2,0.038,98.07,0.152,202703,Nikola Mirotic,0.143,CHI,1610612741,16.4,0.623,0.249,4,0.5
390,25.0,0.131,8.9,0.92,5,"202696,1610612753",85.8,0.229,0.489,90,12.9,44,6.3,0.489,7,1,23.9,11.6,97.4,0.09,98.68,0.17,202696,Nikola Vucevic,0.16,ORL,1610612753,9.7,0.517,0.299,6,0.857
391,23.0,0.074,17.5,1.0,5,"1626295,1610612753",98.8,0.212,0.429,7,1.4,3,0.6,0.429,5,2,8.4,-5.9,92.9,0.161,99.92,0.071,1626295,Nnanna Egwu,0.18,ORL,1610612753,17.5,0.403,0.086,3,0.6
392,20.0,0.027,5.2,0.5,5,"203943,1610612757",94.8,0.203,0.442,43,6.1,19,2.7,0.442,7,4,22.6,11.4,106.1,0.177,96.96,0.086,203943,Noah Vonleh,0.19,POR,1610612757,10.4,0.462,0.149,3,0.429
393,23.0,0.128,10.6,1.2,5,"1626181,1610612761",101.5,0.038,0.39,41,6.8,16,2.7,0.39,6,2,16.3,-11.7,89.8,0.0,95.79,0.054,1626181,Norman Powell,0.018,TOR,1610612761,8.8,0.436,0.229,4,0.667
394,27.0,0.24,21.6,6.0,5,"202708,1610612740",89.1,0.159,0.263,19,9.5,4,2.0,0.211,2,1,19.0,5.7,94.8,0.0,101.69,0.064,202708,Norris Cole,0.08,NOP,1610612740,3.6,0.337,0.231,1,0.5
395,28.0,0.263,30.7,2.5,5,"201564,1610612749",94.7,0.121,0.471,34,5.7,14,2.3,0.412,6,4,16.5,14.9,109.6,0.013,103.87,0.107,201564,O.J. Mayo,0.073,MIL,1610612749,12.3,0.499,0.185,2,0.333
396,30.0,0.0,0.0,0.0,5,"200762,1610612743",130.6,0.0,0.286,7,7.0,2,2.0,0.286,1,0,7.4,-31.1,99.5,0.083,100.83,0.077,200762,Oleksiy Pecherov,0.043,DEN,1610612743,0.0,0.381,0.436,1,1.0
397,27.0,0.0,0.0,0.0,5,"204179,1610612757",102.7,0.158,0.375,12,3.0,4,1.0,0.333,4,3,5.9,-23.5,79.2,0.029,110.33,0.055,204179,Omari Johnson,0.075,POR,1610612757,7.7,0.375,0.193,1,0.25
398,29.0,0.0,0.0,0.0,5,"201600,1610612740",115.6,0.231,1.0,1,1.0,1,1.0,1.0,1,0,10.6,-13.6,102.0,0.071,110.21,0.106,201600,Omer Asik,0.148,NOP,1610612740,0.0,0.798,0.066,1,1.0
399,28.0,0.085,7.9,0.4,5,"201956,1610612758",95.5,0.263,0.471,35,7.0,15,3.0,0.429,5,1,15.9,-7.8,87.7,0.0,108.13,0.095,201956,Omri Casspi,0.13,SAC,1610612758,19.7,0.49,0.241,4,0.8
400,23.0,0.143,20.0,2.25,5,"203490,1610612764",94.7,0.116,0.648,54,7.7,32,4.6,0.593,7,3,24.8,16.0,110.7,0.027,104.79,0.147,203490,Otto Porter,0.076,WAS,1610612764,8.9,0.702,0.171,4,0.571
401,23.0,0.038,5.2,1.0,5,"203798,1610612763",97.5,0.1,0.406,32,6.4,10,2.0,0.313,5,1,19.6,-0.1,97.4,0.01,98.5,0.017,203798,PJ Hairston,0.053,MEM,1610612763,5.2,0.447,0.172,4,0.8
402,31.0,0.099,22.1,1.75,5,"200782,1610612756",99.7,0.18,0.278,18,3.0,4,0.7,0.222,6,2,18.5,-9.6,90.2,0.032,100.98,0.068,200782,PJ Tucker,0.108,PHX,1610612756,12.6,0.363,0.096,4,0.667
403,39.0,0.298,38.6,2.43,5,"203143,1610612746",97.1,0.09,0.4,20,3.3,6,1.0,0.3,6,3,14.8,-7.8,89.3,0.065,99.93,0.062,203143,Pablo Prigioni,0.077,LAC,1610612746,15.9,0.4,0.138,3,0.5
404,23.0,0.12,19.9,2.0,5,"1626192,1610612757",96.2,0.198,0.412,34,4.9,11,1.6,0.324,7,4,18.5,-5.6,90.6,0.016,100.3,0.068,1626192,Pat Connaughton,0.105,POR,1610612757,9.9,0.439,0.13,3,0.429
405,27.0,0.25,29.1,2.89,5,"201976,1610612745",104.4,0.116,0.47,50,7.1,17,2.4,0.34,7,5,24.0,-7.7,96.7,0.04,102.54,0.083,201976,Patrick Beverley,0.075,HOU,1610612745,10.1,0.496,0.152,2,0.286
406,27.0,0.067,12.2,0.83,5,"202335,1610612761",93.8,0.093,0.328,29,4.1,8,1.1,0.276,7,2,19.3,0.0,93.8,0.033,96.69,0.036,202335,Patrick Patterson,0.063,TOR,1610612761,14.7,0.351,0.117,5,0.714
407,27.0,0.211,22.1,3.0,5,"201988,1610612759",97.2,0.09,0.514,37,7.4,17,3.4,0.459,5,3,17.6,10.2,107.3,0.012,99.84,0.1,201988,Patty Mills,0.05,SAS,1610612759,7.4,0.535,0.214,2,0.4
408,35.0,0.159,17.3,1.57,5,"2200,1610612741",104.7,0.268,0.474,38,7.6,16,3.2,0.421,5,2,22.8,1.7,106.4,0.037,94.46,0.123,2200,Pau Gasol,0.154,CHI,1610612741,11.0,0.528,0.215,3,0.6
409,26.0,0.121,8.0,0.85,5,"202331,1610612754",100.1,0.229,0.516,95,13.6,41,5.9,0.432,7,2,24.4,8.7,108.8,0.051,99.83,0.169,202331,Paul George,0.14,IND,1610612754,9.4,0.573,0.328,5,0.714
410,31.0,0.161,13.8,0.91,5,"200794,1610612737",84.9,0.265,0.468,47,9.4,20,4.0,0.426,5,2,24.4,8.1,93.0,0.037,100.9,0.158,200794,Paul Millsap,0.163,ATL,1610612737,15.2,0.506,0.233,3,0.6
411,38.0,0.119,15.7,1.17,5,"1718,1610612746",90.4,0.138,0.518,28,4.7,11,1.8,0.393,6,3,15.7,4.6,95.0,0.013,106.6,0.093,1718,Paul Pierce,0.08,LAC,1610612746,13.5,0.571,0.177,3,0.5
412,24.0,0.071,11.8,0.67,5,"203103,1610612738",81.7,0.195,0.417,12,2.4,4,0.8,0.333,5,0,8.3,10.9,92.6,0.0,104.58,0.023,203103,Perry Jones,0.101,BOS,1610612738,17.6,0.417,0.155,5,1.0
413,25.0,0.2,21.8,2.0,5,"203515,1610612756",116.7,0.061,0.318,22,5.5,6,1.5,0.273,4,3,16.5,-26.4,90.3,0.053,97.93,0.002,203515,Phil Pressey,0.056,PHX,1610612756,10.9,0.386,0.176,1,0.25
414,24.0,0.368,25.2,1.4,5,"203510,1610612755",96.1,0.106,0.071,14,4.7,1,0.3,0.071,3,3,14.3,-29.3,66.8,0.058,108.02,-0.005,203510,Pierre Jackson,0.081,PHI,1610612755,18.0,0.19,0.195,0,0.0
415,25.0,0.154,30.8,4.0,5,"203112,1610612758",91.2,0.095,0.25,8,4.0,2,1.0,0.25,2,0,20.2,4.6,95.8,0.032,96.11,0.034,203112,Quincy Acy,0.068,SAC,1610612758,7.7,0.25,0.108,2,1.0
416,23.0,0.05,10.0,0.5,5,"203113,1610612751",83.8,0.304,0.429,7,1.8,3,0.8,0.429,4,3,7.4,18.6,102.4,0.043,104.27,0.067,203113,Quincy Miller,0.174,BKN,1610612751,20.0,0.429,0.126,1,0.25
417,23.0,0.302,30.3,1.86,5,"1626188,1610612739",120.2,0.135,0.409,22,3.7,8,1.3,0.364,6,6,12.9,-23.4,96.8,0.016,99.25,0.03,1626188,Quinn Cook,0.071,CLE,1610612739,16.3,0.437,0.178,0,0.0
418,22.0,0.2,27.1,2.13,5,"1626154,1610612738",92.8,0.098,0.389,36,5.1,11,1.6,0.306,7,1,18.9,-1.9,90.9,0.0,102.55,0.074,1626154,RJ Hunter,0.05,BOS,1610612738,12.7,0.41,0.15,6,0.857
419,30.0,0.356,40.6,2.38,5,"200765,1610612758",96.8,0.151,0.536,28,4.7,14,2.3,0.5,6,1,23.0,2.5,99.3,0.024,99.28,0.133,200765,Rajon Rondo,0.085,SAC,1610612758,17.0,0.525,0.145,5,0.833
420,24.0,0.054,12.5,0.0,5,"1626176,1610612754",88.8,0.119,0.6,10,1.7,6,1.0,0.6,6,1,8.4,36.4,125.3,0.098,96.46,0.104,1626176,Rakeem Christmas,0.111,IND,1610612754,0.0,0.645,0.126,5,0.833
421,30.0,0.412,42.9,4.2,5,"201196,1610612764",98.6,0.104,0.456,34,4.9,15,2.1,0.441,7,3,20.2,9.6,108.2,0.039,101.38,0.163,201196,Ramon Sessions,0.072,WAS,1610612764,10.2,0.588,0.17,4,0.571
422,32.0,0.067,11.1,0.67,5,"200751,1610612760",90.3,0.053,0.5,13,4.3,5,1.7,0.385,3,1,18.3,-3.8,86.5,0.02,103.64,0.026,200751,Randy Foye,0.037,OKC,1610612760,16.7,0.5,0.125,2,0.667
423,19.0,0.07,8.0,0.75,5,"1626173,1610612749",104.4,0.063,0.491,57,9.5,24,4.0,0.421,6,4,23.2,-4.8,99.5,0.0,103.86,0.037,1626173,Rashad Vaughn,0.033,MIL,1610612749,10.6,0.489,0.213,2,0.333
424,37.0,0.071,12.3,3.0,5,"2446,1610612759",84.9,0.179,0.4,20,4.0,7,1.4,0.35,5,3,11.3,28.0,112.9,0.085,97.42,0.059,2446,Rasual Butler,0.136,SAS,1610612759,4.1,0.416,0.175,2,0.4
425,24.0,0.281,30.1,3.6,5,"203526,1610612762",89.0,0.064,0.414,35,5.0,12,1.7,0.343,7,4,17.0,10.1,99.2,0.053,93.99,0.089,203526,Raul Neto,0.059,UTA,1610612762,8.4,0.435,0.169,3,0.429
426,25.0,0.118,9.0,0.44,5,"203492,1610612763",92.5,0.077,0.483,29,4.8,12,2.0,0.414,6,4,13.4,-14.5,78.0,0.026,97.02,0.035,203492,Ray McCallum,0.049,MEM,1610612763,20.4,0.481,0.23,2,0.333
427,32.0,0.4,28.4,1.69,5,"101109,1610612742",102.5,0.024,0.536,42,8.4,22,4.4,0.524,5,5,20.7,-10.5,92.0,0.03,99.9,0.093,101109,Raymond Felton,0.027,DAL,1610612742,16.8,0.542,0.234,0,0.0
428,25.0,0.136,20.6,5.5,5,"203493,1610612765",97.0,0.1,0.788,40,6.7,25,4.2,0.625,6,3,19.3,29.2,126.2,0.034,96.93,0.146,203493,Reggie Bullock,0.069,DET,1610612765,3.7,0.791,0.161,3,0.5
429,26.0,0.422,29.2,2.26,5,"202704,1610612765",100.2,0.113,0.453,75,12.5,30,5.0,0.4,6,4,29.3,-3.3,96.9,0.036,95.82,0.15,202704,Reggie Jackson,0.073,DET,1610612765,12.9,0.535,0.26,2,0.333
430,29.0,0.091,12.9,1.5,5,"202130,1610612759",103.6,0.19,0.594,16,2.7,7,1.2,0.438,6,4,10.8,-19.5,84.0,0.0,96.99,0.145,202130,Reggie Williams,0.092,SAS,1610612759,8.6,0.632,0.139,2,0.333
431,36.0,0.058,6.4,0.44,5,"2210,1610612739",100.0,0.208,0.619,42,7.0,21,3.5,0.5,6,5,22.8,-6.1,93.9,0.008,98.66,0.132,2210,Richard Jefferson,0.11,CLE,1610612739,14.3,0.671,0.193,1,0.167
432,22.0,0.067,8.5,0.4,5,"1626158,1610612755",97.7,0.158,0.429,28,4.0,10,1.4,0.357,7,5,14.6,-8.2,89.6,0.077,107.55,-0.005,1626158,Richaun Holmes,0.116,PHI,1610612755,21.3,0.426,0.172,2,0.286
433,25.0,0.31,30.3,1.44,5,"201937,1610612750",102.6,0.034,0.441,17,5.7,7,2.3,0.412,3,2,24.9,-10.6,92.0,0.047,97.92,0.052,201937,Ricky Rubio,0.041,MIN,1610612750,20.9,0.501,0.187,1,0.333
434,25.0,0.163,14.1,0.84,5,"203496,1610612755",95.0,0.163,0.479,70,10.0,26,3.7,0.371,7,5,24.2,0.7,95.6,0.071,108.56,0.111,203496,Robert Covington,0.115,PHI,1610612755,16.7,0.533,0.23,2,0.286
435,27.0,0.074,12.7,1.0,5,"203135,1610612747",89.6,0.176,0.4,10,2.5,4,1.0,0.4,4,2,11.0,3.4,93.0,0.025,104.79,0.066,203135,Robert Sacre,0.11,LAL,1610612747,12.7,0.468,0.141,2,0.5
436,22.0,0.065,14.4,1.0,5,"1626193,1610612747",110.7,0.182,0.556,9,2.3,5,1.3,0.556,4,1,13.5,-5.6,105.1,0.042,92.95,0.042,1626193,Robert Upshaw,0.117,LAL,1610612747,14.4,0.506,0.102,3,0.75
437,28.0,0.048,6.6,0.5,5,"201577,1610612752",94.4,0.098,0.419,31,6.2,13,2.6,0.419,5,1,18.2,5.6,100.0,0.115,103.87,0.057,201577,Robin Lopez,0.106,NYK,1610612752,13.3,0.469,0.188,4,0.8
438,23.0,0.152,11.8,1.2,5,"203918,1610612762",96.0,0.119,0.471,69,9.9,29,4.1,0.42,7,4,23.2,2.5,98.5,0.007,98.91,0.11,203918,Rodney Hood,0.063,UTA,1610612762,9.8,0.54,0.25,3,0.429
439,30.0,0.234,26.7,5.0,5,"201155,1610612754",97.4,0.148,0.348,33,5.5,11,1.8,0.333,6,2,18.1,-7.4,90.0,0.015,96.22,0.091,201155,Rodney Stuckey,0.076,IND,1610612754,5.3,0.405,0.163,4,0.667
440,24.0,0.0,0.0,0.0,5,"204040,1610612761",94.1,0.227,1.0,3,1.0,3,1.0,1.0,3,1,7.6,-4.8,89.3,0.125,96.25,0.178,204040,Ronald Roberts,0.174,TOR,1610612761,16.1,0.962,0.117,2,0.667
441,21.0,0.115,26.0,2.33,5,"1626178,1610612751",88.1,0.132,0.313,16,3.2,5,1.0,0.313,5,3,16.9,11.1,99.2,0.016,96.79,0.054,1626178,Rondae Hollis-Jefferson,0.08,BKN,1610612751,11.2,0.355,0.11,2,0.4
442,33.0,0.19,22.3,1.6,5,"101179,1610612756",83.4,0.118,0.523,22,7.3,10,3.3,0.455,3,1,21.5,14.9,98.3,0.0,106.46,0.094,101179,Ronnie Price,0.068,PHX,1610612756,13.9,0.524,0.183,2,0.667
443,29.0,0.123,20.3,2.33,5,"201579,1610612747",111.6,0.301,0.439,41,5.1,18,2.3,0.439,8,5,21.8,-10.6,101.0,0.143,97.34,0.123,201579,Roy Hibbert,0.217,LAL,1610612747,8.7,0.491,0.135,3,0.375
444,29.0,0.114,9.4,0.75,5,"200752,1610612758",97.3,0.281,0.554,65,13.0,31,6.2,0.477,5,1,27.3,9.7,107.0,0.07,99.6,0.185,200752,Rudy Gay,0.173,SAC,1610612758,12.6,0.606,0.268,4,0.8
445,24.0,0.093,15.1,0.89,5,"203497,1610612762",95.1,0.271,0.6,25,4.2,15,2.5,0.6,6,3,23.2,3.5,98.5,0.051,96.95,0.105,203497,Rudy Gobert,0.166,UTA,1610612762,17.0,0.556,0.147,3,0.5
446,25.0,0.224,16.3,0.68,5,"203893,1610612763",85.5,0.134,0.355,38,7.6,13,2.6,0.342,5,1,21.7,7.5,93.0,0.03,94.3,0.112,203893,Russ Smith,0.085,MEM,1610612763,23.8,0.482,0.271,4,0.8
447,27.0,0.483,32.2,3.23,5,"201566,1610612760",93.6,0.155,0.538,65,13.0,33,6.6,0.508,5,0,25.1,23.7,117.3,0.096,101.21,0.21,201566,Russell Westbrook,0.131,OKC,1610612760,10.0,0.576,0.299,5,1.0
448,28.0,0.034,3.0,0.27,5,"201583,1610612740",109.9,0.184,0.455,78,11.1,29,4.1,0.372,7,4,24.2,-11.5,98.4,0.098,101.82,0.101,201583,Ryan Anderson,0.139,NOP,1610612740,11.0,0.5,0.237,3,0.429
449,23.0,0.366,38.7,3.75,5,"1626207,1610612751",101.3,0.154,0.361,18,4.5,6,1.5,0.333,4,3,13.9,1.7,103.0,0.0,106.45,0.113,1626207,Ryan Boatright,0.073,BKN,1610612751,10.3,0.43,0.18,1,0.25
450,31.0,0.061,8.7,0.43,5,"200797,1610612763",88.6,0.167,0.833,18,2.6,15,2.1,0.833,7,1,11.5,18.9,107.5,0.102,97.52,0.154,200797,Ryan Hollins,0.141,MEM,1610612763,20.2,0.772,0.174,6,0.857
451,25.0,0.057,8.0,1.33,5,"203527,1610612747",100.7,0.246,0.529,34,4.9,16,2.3,0.471,7,4,15.8,10.1,110.8,0.031,103.76,0.135,203527,Ryan Kelly,0.147,LAL,1610612747,6.0,0.601,0.18,3,0.429
452,30.0,0.093,13.1,1.33,5,"1626257,1610612742",101.8,0.261,0.333,21,4.2,7,1.4,0.333,5,5,15.4,-20.3,81.5,0.112,101.12,0.102,1626257,Salah Mejri,0.177,DAL,1610612742,9.8,0.381,0.144,0,0.0
453,22.0,0.076,11.6,1.75,5,"1626155,1610612745",100.2,0.058,0.4,45,5.6,15,1.9,0.333,8,5,18.5,-6.3,93.8,0.072,106.72,0.042,1626155,Sam Dekker,0.066,HOU,1610612745,6.6,0.405,0.134,3,0.375
454,23.0,0.0,0.0,0.0,5,"1626280,1610612766",77.4,0.029,0.333,6,1.2,2,0.4,0.333,5,1,6.1,8.5,85.9,0.0,95.14,0.0,1626280,Sam Thompson,0.016,CHA,1610612766,0.0,0.333,0.092,4,0.8
455,25.0,0.077,10.6,0.17,5,"1627258,1610612763",84.5,0.174,0.5,2,0.4,1,0.2,0.5,5,1,4.8,-3.2,81.3,0.048,92.67,-0.024,1627258,Sampson Carter,0.114,MEM,1610612763,63.6,0.41,0.154,4,0.8
456,36.0,0.0,0.0,0.0,5,"2223,1610612742",99.1,0.21,0.533,15,3.8,8,2.0,0.533,4,4,12.8,-20.1,79.1,0.1,101.97,0.123,2223,Samuel Dalembert,0.161,DAL,1610612742,23.5,0.551,0.183,0,0.0
457,31.0,0.048,11.0,0.38,5,"201619,1610612739",95.7,0.216,0.455,11,1.8,5,0.8,0.455,6,6,18.0,-4.7,91.1,0.05,97.02,0.03,201619,Sasha Kaun,0.141,CLE,1610612739,29.3,0.491,0.103,0,0.0
458,32.0,0.157,19.6,2.2,5,"2756,1610612752",95.4,0.172,0.473,37,7.4,15,3.0,0.405,5,1,20.3,7.6,103.0,0.048,100.9,0.107,2756,Sasha Vujacic,0.106,NYK,1610612752,8.9,0.524,0.186,4,0.8
459,23.0,0.163,13.5,1.17,5,"203959,1610612755",99.5,0.096,0.622,37,7.4,18,3.6,0.486,5,4,17.6,-10.6,88.9,0.011,108.03,0.154,203959,Scottie Wilbekin,0.048,PHI,1610612755,11.6,0.645,0.205,1,0.2
460,26.0,0.071,3.5,0.5,5,"203930,1610612751",109.0,0.07,0.457,46,9.2,18,3.6,0.391,5,3,14.2,-18.2,90.8,0.011,108.9,0.094,203930,Sean Kilpatrick,0.035,BKN,1610612751,7.0,0.507,0.303,2,0.4
461,26.0,0.022,3.6,0.29,5,"201586,1610612760",87.2,0.2,0.605,43,8.6,24,4.8,0.558,5,0,25.2,23.8,111.0,0.053,99.82,0.138,201586,Serge Ibaka,0.141,OKC,1610612760,12.6,0.634,0.186,5,1.0
462,22.0,0.143,18.3,1.25,5,"203508,1610612751",114.9,0.04,0.529,17,5.7,7,2.3,0.412,3,3,18.1,-13.3,101.6,0.059,104.89,0.059,203508,Sergey Karasev,0.05,BKN,1610612751,14.6,0.546,0.168,0,0.0
463,25.0,0.133,13.1,1.0,5,"203552,1610612758",89.6,0.107,0.3,10,3.3,3,1.0,0.3,3,0,9.6,6.4,96.0,0.0,97.91,0.012,203552,Seth Curry,0.055,SAC,1610612758,13.1,0.353,0.21,3,1.0
464,23.0,0.149,12.2,2.5,5,"203498,1610612750",105.2,0.083,0.444,54,7.7,21,3.0,0.389,7,5,17.6,2.7,107.9,0.061,98.1,0.101,203498,Shabazz Muhammad,0.071,MIN,1610612750,4.9,0.532,0.257,2,0.286
465,24.0,0.292,25.4,2.38,5,"203894,1610612753",94.3,0.154,0.643,42,7.0,21,3.5,0.5,6,2,18.4,13.3,107.6,0.0,93.56,0.199,203894,Shabazz Napier,0.071,ORL,1610612753,10.7,0.692,0.229,4,0.667
466,23.0,0.243,21.8,1.21,5,"203499,1610612751",91.4,0.124,0.453,43,8.6,17,3.4,0.395,5,3,24.6,4.2,95.6,0.019,99.45,0.079,203499,Shane Larkin,0.073,BKN,1610612751,18.0,0.49,0.221,2,0.4
467,23.0,0.222,33.3,1.0,5,"1626263,1610612761",86.3,0.25,0.5,2,1.0,1,0.5,0.5,2,2,7.8,6.1,92.4,0.0,106.31,0.114,1626263,Shannon Scott,0.143,TOR,1610612761,33.3,0.5,0.109,0,0.0
468,30.0,0.235,34.7,4.0,5,"2733,1610612744",102.9,0.078,0.609,23,3.8,14,2.3,0.609,6,3,16.9,-2.0,100.9,0.013,105.94,0.117,2733,Shaun Livingston,0.047,GSW,1610612744,8.7,0.652,0.129,3,0.5
469,25.0,0.086,10.7,0.75,5,"203963,1610612754",107.1,0.18,0.5,17,2.4,8,1.1,0.471,7,2,7.9,10.0,117.1,0.096,96.9,0.058,203963,Shayne Whittington,0.142,IND,1610612754,14.3,0.549,0.194,5,0.714
470,26.0,0.365,27.3,1.9,5,"202714,1610612762",93.7,0.048,0.434,38,6.3,15,2.5,0.395,6,2,15.7,0.0,93.7,0.013,100.66,0.095,202714,Shelvin Mack,0.03,UTA,1610612762,14.4,0.468,0.239,4,0.667
471,25.0,0.0,0.0,0.0,5,"203524,1610612754",112.5,0.132,0.433,15,5.0,6,2.0,0.4,3,2,13.8,-24.3,88.2,0.053,103.32,0.093,203524,Solomon Hill,0.084,IND,1610612754,5.6,0.477,0.174,1,0.333
472,29.0,0.23,37.9,5.75,5,"201603,1610612755",98.9,0.097,0.516,32,5.3,15,2.5,0.469,6,2,21.9,8.0,107.0,0.009,103.95,0.095,201603,Sonny Weems,0.057,PHI,1610612755,6.6,0.533,0.12,4,0.667
473,23.0,0.3,36.3,2.06,5,"203915,1610612765",98.6,0.146,0.439,33,4.1,14,1.8,0.424,8,5,20.2,8.5,107.1,0.016,99.19,0.106,203915,Spencer Dinwiddie,0.084,DET,1610612765,17.6,0.574,0.161,3,0.375
474,28.0,0.157,18.6,2.75,5,"201150,1610612766",92.3,0.288,0.429,42,7.0,16,2.7,0.381,6,0,18.9,11.3,103.6,0.032,96.4,0.125,201150,Spencer Hawes,0.172,CHA,1610612766,6.8,0.441,0.199,6,1.0
475,20.0,0.123,12.3,1.06,5,"1626169,1610612765",99.8,0.136,0.451,92,11.5,37,4.6,0.402,8,5,27.4,4.3,104.1,0.04,99.9,0.099,1626169,Stanley Johnson,0.088,DET,1610612765,11.6,0.515,0.235,3,0.375
476,31.0,0.0,0.0,0.0,5,"202513,1610612741",159.6,0.0,0.0,0,0.0,0,0.0,0.0,1,0,1.4,-159.6,0.0,0.0,65.73,-1.333,202513,Stefhon Hannah,0.0,CHI,1610612741,100.0,0.0,0.333,1,1.0
477,28.0,0.434,26.6,2.0,5,"201939,1610612744",102.3,0.069,0.706,68,11.3,38,6.3,0.559,6,3,23.3,12.0,114.4,0.042,109.02,0.188,201939,Stephen Curry,0.057,GSW,1610612744,13.3,0.739,0.294,3,0.5
478,36.0,0.522,60.0,6.0,5,"2581,1610612765",94.9,0.25,0.167,6,6.0,1,1.0,0.167,1,0,24.0,33.7,128.6,0.0,93.28,0.1,2581,Steve Blake,0.125,DET,1610612765,10.0,0.167,0.151,1,1.0
479,33.0,0.038,6.7,0.0,5,"200779,1610612749",115.1,0.122,0.607,14,2.3,6,1.0,0.429,6,1,7.0,-2.5,112.5,0.0,99.36,0.105,200779,Steve Novak,0.062,MIL,1610612749,0.0,0.607,0.142,5,0.833
480,22.0,0.081,12.4,0.54,5,"203500,1610612760",93.1,0.174,0.704,27,5.4,19,3.8,0.704,5,1,25.5,8.9,101.9,0.168,99.23,0.125,203500,Steven Adams,0.171,OKC,1610612760,23.1,0.704,0.168,4,0.8
481,24.0,0.343,37.1,2.4,5,"204456,1610612755",95.5,0.179,0.518,28,5.6,14,2.8,0.5,5,3,22.1,0.3,95.8,0.009,108.76,0.138,204456,TJ McConnell,0.093,PHI,1610612755,15.5,0.506,0.147,2,0.4
482,22.0,0.126,11.7,1.33,5,"203933,1610612756",94.3,0.102,0.48,76,12.7,36,6.0,0.474,6,2,25.3,6.2,100.5,0.101,105.4,0.111,203933,TJ Warren,0.101,PHX,1610612756,8.8,0.504,0.241,4,0.667
483,31.0,0.111,13.4,2.5,5,"201959,1610612741",98.5,0.187,0.68,25,6.3,17,4.3,0.68,4,2,17.8,10.4,108.8,0.113,96.41,0.204,201959,Taj Gibson,0.151,CHI,1610612741,5.4,0.71,0.19,2,0.5
484,25.0,0.0,0.0,0.0,5,"204075,1610612760",93.6,0.087,1.0,3,0.8,3,0.8,1.0,4,1,5.9,3.5,97.1,0.148,91.91,0.174,204075,Talib Zanna,0.12,OKC,1610612760,0.0,1.031,0.076,3,0.75
485,24.0,0.0,0.0,0.0,5,"204028,1610612747",97.8,0.175,0.733,15,5.0,11,3.7,0.733,3,1,14.4,26.2,124.0,0.175,99.2,0.107,204028,Tarik Black,0.175,LAL,1610612747,14.9,0.64,0.196,2,0.667
486,36.0,0.065,12.1,1.0,5,"2419,1610612750",110.0,0.096,0.722,18,3.0,10,1.7,0.556,6,4,14.4,-18.6,91.4,0.014,96.17,0.085,2419,Tayshaun Prince,0.048,MIN,1610612750,12.1,0.715,0.119,2,0.333
487,23.0,0.2,50.0,2.0,5,"1626189,1610612737",98.4,0.053,1.25,2,0.7,2,0.7,1.0,3,0,7.2,39.3,137.7,0.0,104.67,0.05,1626189,Terran Petteway,0.033,ATL,1610612737,25.0,1.25,0.085,3,1.0
488,24.0,0.124,11.6,0.92,5,"203093,1610612745",109.7,0.198,0.438,64,10.7,26,4.3,0.406,6,5,23.7,-10.4,99.3,0.099,105.91,0.091,203093,Terrence Jones,0.14,HOU,1610612745,12.7,0.462,0.236,1,0.167
489,25.0,0.121,15.2,1.0,5,"203082,1610612761",87.2,0.102,0.371,35,5.8,10,1.7,0.286,6,1,20.1,7.2,94.4,0.048,97.98,0.054,203082,Terrence Ross,0.074,TOR,1610612761,15.2,0.394,0.159,5,0.833
490,26.0,0.0,0.0,0.0,5,"202358,1610612756",121.5,0.0,0.0,3,1.5,0,0.0,0.0,2,0,4.1,-28.2,93.3,0.2,90.41,-0.02,202358,Terrico White,0.125,PHX,1610612756,0.0,0.0,0.143,2,1.0
491,22.0,0.222,23.8,2.8,5,"1626179,1610612738",83.2,0.115,0.6,35,7.0,17,3.4,0.486,5,0,18.6,18.8,102.0,0.012,102.9,0.18,1626179,Terry Rozier,0.064,BOS,1610612738,8.5,0.615,0.198,5,1.0
492,32.0,0.154,14.0,0.67,5,"200757,1610612737",83.5,0.111,0.467,15,3.8,6,1.5,0.4,4,2,14.5,1.2,84.7,0.0,99.62,0.11,200757,Thabo Sefolosha,0.06,ATL,1610612737,21.0,0.54,0.19,2,0.5
493,28.0,0.058,4.2,0.27,5,"201152,1610612751",96.5,0.259,0.52,50,10.0,26,5.2,0.52,5,3,25.4,-8.0,88.5,0.068,99.66,0.154,201152,Thaddeus Young,0.163,BKN,1610612751,15.6,0.557,0.241,2,0.4
494,23.0,0.2,66.7,0.0,5,"203648,1610612752",121.9,0.286,0.0,1,0.3,0,0.0,0.0,3,2,4.4,-38.1,83.8,0.0,105.07,0.116,203648,Thanasis Antetokounmpo,0.16,NYK,1610612752,0.0,0.0,0.034,1,0.333
495,25.0,0.026,2.3,0.17,5,"203080,1610612751",112.1,0.333,0.485,33,8.3,16,4.0,0.485,4,3,21.5,-17.7,94.3,0.239,96.96,0.144,203080,Thomas Robinson,0.284,BKN,1610612751,14.1,0.505,0.214,1,0.25
496,31.0,0.135,16.0,1.25,5,"201168,1610612737",91.8,0.2,0.294,17,3.4,5,1.0,0.294,5,1,15.9,-16.1,75.7,0.08,101.08,0.09,201168,Tiago Splitter,0.14,ATL,1610612737,12.8,0.404,0.145,4,0.8
497,26.0,0.0,0.0,0.0,5,"202353,1610612762",97.8,0.25,0.333,12,2.0,4,0.7,0.333,6,3,10.2,-18.7,79.1,0.088,97.14,0.039,202353,Tibor Pleiss,0.165,UTA,1610612762,29.1,0.478,0.149,3,0.5
498,40.0,0.1,13.2,1.67,5,"1495,1610612759",95.0,0.262,0.643,28,5.6,18,3.6,0.643,5,3,17.9,10.6,105.6,0.073,95.04,0.155,1495,Tim Duncan,0.169,SAS,1610612759,7.9,0.638,0.165,2,0.4
499,25.0,0.324,35.8,1.83,5,"204025,1610612740",88.7,0.113,0.667,12,3.0,6,1.5,0.5,4,2,14.7,2.4,91.0,0.038,102.04,0.129,204025,Tim Frazier,0.075,NOP,1610612740,19.5,0.727,0.138,2,0.5
500,24.0,0.082,9.8,1.2,5,"203501,1610612737",95.5,0.104,0.337,46,6.6,12,1.7,0.261,7,3,19.4,-7.6,88.0,0.015,99.52,0.033,203501,Tim Hardaway Jr.,0.06,ATL,1610612737,8.2,0.39,0.182,4,0.571
501,29.0,0.07,8.5,0.71,5,"202389,1610612739",101.8,0.267,0.537,41,8.2,22,4.4,0.537,5,4,25.0,-4.0,97.8,0.087,95.91,0.12,202389,Timofey Mozgov,0.176,CLE,1610612739,11.9,0.546,0.203,1,0.2
502,23.0,0.109,12.8,1.2,5,"202699,1610612765",98.0,0.227,0.6,65,9.3,37,5.3,0.569,7,2,26.0,3.9,101.9,0.043,98.5,0.163,202699,Tobias Harris,0.137,DET,1610612765,10.7,0.642,0.204,5,0.714
503,30.0,0.211,19.0,2.0,5,"201962,1610612740",101.5,0.109,0.396,24,4.8,9,1.8,0.375,5,1,11.6,13.6,115.1,0.039,99.41,0.162,201962,Toney Douglas,0.078,NOP,1610612740,9.5,0.547,0.255,4,0.8
504,34.0,0.094,9.8,1.0,5,"2754,1610612763",78.9,0.113,0.636,22,5.5,13,3.3,0.591,4,0,19.1,4.5,83.4,0.071,97.36,0.129,2754,Tony Allen,0.091,MEM,1610612763,9.8,0.609,0.162,4,1.0
505,34.0,0.322,30.6,2.71,5,"2225,1610612759",100.8,0.116,0.367,30,7.5,11,2.8,0.367,4,3,23.1,1.6,102.4,0.012,96.82,0.098,2225,Tony Parker,0.064,SAS,1610612759,11.3,0.47,0.21,1,0.25
506,24.0,0.101,13.5,2.0,5,"203503,1610612741",99.7,0.126,0.425,67,9.6,24,3.4,0.358,7,3,28.7,-0.5,99.1,0.015,101.05,0.064,203503,Tony Snell,0.071,CHI,1610612741,6.7,0.444,0.163,4,0.571
507,26.0,0.042,6.0,0.17,5,"203315,1610612764",126.3,0.12,0.714,7,1.8,5,1.3,0.714,4,1,7.5,-21.2,105.1,0.029,116.57,0.025,203315,Toure Murry,0.068,WAS,1610612764,36.1,0.726,0.195,3,0.75
508,23.0,0.333,25.0,2.0,5,"1626275,1610612752",98.2,0.059,0.4,5,2.5,2,1.0,0.4,2,2,7.1,-20.3,77.9,0.0,100.02,0.028,1626275,Travis Trice II,0.033,NYK,1610612752,12.5,0.4,0.197,0,0.0
509,31.0,0.471,42.4,2.67,5,"201645,1610612748",85.6,0.034,0.429,7,3.5,3,1.5,0.429,2,1,13.8,16.3,101.9,0.0,100.47,0.067,201645,Tre Kelley,0.021,MIA,1610612748,15.9,0.444,0.179,1,0.5
510,22.0,0.143,10.1,0.0,5,"1626203,1610612762",135.7,0.067,0.0,8,4.0,0,0.0,0.0,2,2,9.1,-81.6,54.1,0.036,94.24,-0.165,1626203,Treveon Graham,0.047,UTA,1610612762,0.0,0.056,0.185,0,0.0
511,30.0,0.123,14.3,2.17,5,"2772,1610612745",98.4,0.148,0.607,70,11.7,36,6.0,0.514,6,4,26.5,11.7,110.0,0.02,103.65,0.158,2772,Trevor Ariza,0.08,HOU,1610612745,6.6,0.62,0.2,2,0.333
512,28.0,0.103,13.0,0.78,5,"202344,1610612762",103.7,0.194,0.435,31,4.4,13,1.9,0.419,7,4,16.6,-6.9,96.8,0.078,96.09,0.081,202344,Trevor Booker,0.137,UTA,1610612762,16.7,0.473,0.183,3,0.429
513,23.0,0.2,14.8,1.36,5,"203504,1610612762",102.2,0.102,0.574,68,11.3,34,5.7,0.5,6,3,24.6,-0.2,102.0,0.016,97.64,0.165,203504,Trey Burke,0.06,UTA,1610612762,10.9,0.613,0.262,3,0.5
514,20.0,0.133,13.0,1.5,5,"1626168,1610612762",91.8,0.146,0.424,33,5.5,14,2.3,0.424,6,3,15.5,0.8,92.6,0.035,96.59,0.091,1626168,Trey Lyles,0.091,UTA,1610612762,8.7,0.443,0.193,3,0.5
515,24.0,0.03,3.8,1.0,5,"203584,1610612766",84.1,0.157,0.5,22,7.3,9,3.0,0.409,3,1,20.4,16.6,100.7,0.0,99.33,0.104,203584,Troy Daniels,0.082,CHA,1610612766,3.8,0.537,0.186,2,0.667
516,28.0,0.203,24.7,2.5,5,"201951,1610612754",107.9,0.13,0.6,35,7.0,18,3.6,0.514,5,4,22.6,-3.3,104.7,0.017,100.76,0.114,201951,Ty Lawson,0.066,IND,1610612754,9.9,0.64,0.166,1,0.2
517,30.0,0.022,2.8,0.2,5,"201946,1610612766",83.5,0.273,0.432,22,5.5,9,2.3,0.409,4,1,22.5,7.1,90.6,0.14,96.0,0.13,201946,Tyler Hansbrough,0.208,CHA,1610612766,14.1,0.526,0.17,3,0.75
518,24.0,0.118,13.0,1.5,5,"204020,1610612748",81.4,0.107,0.602,49,6.1,26,3.3,0.531,8,4,16.8,29.5,110.8,0.031,99.12,0.153,204020,Tyler Johnson,0.071,MIA,1610612748,8.7,0.636,0.189,4,0.5
519,26.0,0.088,9.9,1.5,5,"203092,1610612738",100.1,0.146,0.533,45,6.4,24,3.4,0.533,7,1,15.1,11.0,111.1,0.102,102.03,0.113,203092,Tyler Zeller,0.124,BOS,1610612738,6.6,0.582,0.22,6,0.857
520,26.0,0.2,13.0,0.71,5,"201936,1610612740",104.0,0.208,0.64,25,12.5,15,7.5,0.6,2,1,24.1,7.0,110.9,0.028,102.07,0.162,201936,Tyreke Evans,0.131,NOP,1610612740,18.3,0.665,0.306,1,0.5
521,33.0,0.048,10.8,0.67,5,"2199,1610612756",104.9,0.212,0.6,10,2.5,6,1.5,0.6,4,1,15.5,-7.1,97.8,0.125,97.58,0.09,2199,Tyson Chandler,0.167,PHX,1610612756,16.2,0.592,0.117,3,0.75
522,20.0,0.344,36.9,3.5,5,"1626145,1610612750",113.3,0.119,0.481,26,4.3,10,1.7,0.385,6,4,16.3,-9.2,104.1,0.012,101.05,0.098,1626145,Tyus Jones,0.06,MIN,1610612750,10.5,0.567,0.162,2,0.333
523,36.0,0.1,22.4,2.0,5,"2617,1610612748",96.6,0.246,0.545,11,2.2,6,1.2,0.545,5,2,12.8,3.7,100.2,0.02,97.77,0.047,2617,Udonis Haslem,0.139,MIA,1610612748,11.2,0.505,0.102,3,0.6
524,24.0,0.186,20.8,2.33,5,"203506,1610612753",90.2,0.141,0.548,63,7.9,30,3.8,0.476,8,2,24.2,6.0,96.2,0.033,97.51,0.134,203506,Victor Oladipo,0.087,ORL,1610612753,8.9,0.571,0.188,6,0.75
525,39.0,0.114,10.2,0.8,5,"1713,1610612763",81.4,0.039,0.379,29,5.8,9,1.8,0.31,5,1,15.2,-3.5,78.0,0.014,99.75,-0.043,1713,Vince Carter,0.026,MEM,1610612763,12.7,0.379,0.202,4,0.8
526,21.0,0.0,0.0,0.0,5,"1626205,1610612758",123.0,0.0,0.0,0,0.0,0,0.0,0.0,1,0,2.5,-93.9,29.1,0.0,137.23,0.0,1626205,Vincent Hunter,0.0,SAC,1610612758,0.0,0.0,0.0,1,1.0
527,24.0,0.035,4.0,0.25,5,"204002,1610612737",89.6,0.232,0.531,32,5.3,17,2.8,0.531,6,2,17.1,12.6,102.2,0.145,100.97,0.106,204002,Walter Tavares,0.191,ATL,1610612737,16.0,0.551,0.204,4,0.667
528,28.0,0.091,9.4,0.83,5,"201961,1610612751",93.7,0.069,0.487,38,7.6,14,2.8,0.368,5,3,22.2,-7.5,86.2,0.019,99.9,0.057,201961,Wayne Ellington,0.044,BKN,1610612751,11.3,0.512,0.193,2,0.4
529,28.0,0.061,14.1,1.25,5,"202325,1610612746",97.4,0.126,0.538,26,4.3,12,2.0,0.462,6,3,18.8,4.9,102.3,0.009,104.23,0.052,202325,Wesley Johnson,0.064,LAC,1610612746,11.3,0.53,0.118,3,0.5
530,29.0,0.2,25.0,0.0,5,"202083,1610612742",114.9,0.188,0.583,6,6.0,3,3.0,0.5,1,1,15.5,-0.2,114.7,0.0,98.27,0.138,202083,Wesley Matthews,0.103,DAL,1610612742,0.0,0.583,0.185,0,0.0
531,23.0,0.0,0.0,0.0,5,"1626201,1610612752",134.3,0.167,1.0,1,0.5,1,0.5,1.0,2,2,3.6,-64.5,69.8,0.0,104.67,0.065,1626201,Wesley Saunders,0.071,NYK,1610612752,0.0,1.0,0.06,0,0.0
532,25.0,0.107,13.3,1.33,5,"203115,1610612743",97.8,0.186,0.466,59,8.4,25,3.6,0.424,7,3,25.4,5.3,103.1,0.047,99.85,0.132,203115,Will Barton,0.118,DEN,1610612743,10.0,0.521,0.19,4,0.571
533,23.0,0.294,30.0,1.88,5,"1626270,1610612745",96.8,0.111,0.368,19,3.2,6,1.0,0.316,6,3,12.5,0.5,97.2,0.034,111.96,0.051,1626270,Will Cummings,0.069,HOU,1610612745,16.0,0.464,0.178,3,0.5
534,22.0,0.022,5.5,1.0,5,"1626161,1610612758",98.2,0.154,0.538,26,4.3,14,2.3,0.538,6,1,23.5,7.8,106.0,0.148,96.17,0.084,1626161,Willie Cauley-Stein,0.151,SAC,1610612758,5.5,0.537,0.11,5,0.833
535,26.0,0.0,0.0,0.0,5,"203186,1610612751",33.7,0.333,0.0,2,2.0,0,0.0,0.0,1,1,5.1,50.0,83.6,0.0,106.89,0.143,203186,Willie Reed,0.167,BKN,1610612751,0.0,0.0,0.17,0,0.0
536,29.0,0.161,20.7,7.0,5,"201163,1610612743",96.1,0.236,0.443,44,8.8,17,3.4,0.386,5,2,26.6,4.9,101.0,0.079,100.55,0.138,201163,Wilson Chandler,0.156,DEN,1610612743,3.0,0.466,0.169,3,0.6
537,33.0,0.075,13.4,1.33,5,"200821,1610612763",89.3,0.097,0.295,22,3.7,5,0.8,0.227,6,1,16.0,-3.9,85.4,0.012,91.92,0.025,200821,Yakhouba Diawara,0.056,MEM,1610612763,10.0,0.306,0.12,5,0.833
538,24.0,0.067,7.8,1.0,5,"1626304,1610612759",97.7,0.172,0.333,6,2.0,2,0.7,0.333,3,3,10.0,-16.6,81.1,0.038,103.53,0.045,1626304,Youssou Ndoye,0.109,SAS,1610612759,7.8,0.461,0.173,0,0.0
539,21.0,0.236,22.2,1.5,5,"203897,1610612750",106.7,0.146,0.279,52,7.4,13,1.9,0.25,7,5,23.4,-13.0,93.7,0.013,96.19,0.05,203897,Zach LaVine,0.072,MIN,1610612750,14.8,0.345,0.204,2,0.286
540,34.0,0.145,13.5,0.89,5,"2216,1610612763",86.5,0.167,0.5,38,7.6,19,3.8,0.5,5,0,22.7,5.2,91.7,0.054,91.98,0.107,2216,Zach Randolph,0.113,MEM,1610612763,15.2,0.519,0.217,5,1.0
541,32.0,0.075,8.9,0.63,5,"2585,1610612742",99.3,0.241,0.429,35,5.8,15,2.5,0.429,6,6,19.4,-7.2,92.1,0.126,103.19,0.125,2585,Zaza Pachulia,0.185,DAL,1610612742,14.3,0.548,0.187,0,0.0
