,AGE,AST_PCT,AST_RATIO,AST_TO,CFID,CFPARAMS,DEF_RATING,DREB_PCT,EFG_PCT,FGA,FGA_PG,FGM,FGM_PG,FG_PCT,GP,L,MIN,NET_RATING,OFF_RATING,OREB_PCT,PACE,PIE,PLAYER_ID,PLAYER_NAME,REB_PCT,TEAM_ABBREVIATION,TEAM_ID,TM_TOV_PCT,TS_PCT,USG_PCT,W,W_PCT
0,30.0,0.182,40.0,0.0,5,"201143,1610612737",176.0,0.333,1.167,3,3.0,3,3.0,1.0,1,1,9.4,-32.4,143.6,0.0,129.37,0.132,201143,Al Horford,0.136,ATL,1610612737,0.0,1.167,0.108,0,0.0
1,22.0,0.0,0.0,0.0,5,"203083,1610612765",146.3,0.4,0.727,11,11.0,8,8.0,0.727,1,1,18.2,-21.7,124.6,0.25,141.97,0.155,203083,Andre Drummond,0.325,DET,1610612765,8.3,0.727,0.197,0,0.0
2,23.0,0.0,0.0,0.0,5,"203076,1610612740",116.6,0.158,0.923,13,13.0,12,12.0,0.923,1,0,15.2,19.1,135.7,0.176,138.37,0.225,203076,Anthony Davis,0.167,NOP,1610612740,0.0,0.923,0.277,1,1.0
3,32.0,0.0,0.0,0.0,5,"2546,1610612752",124.5,0.1,0.591,11,11.0,6,6.0,0.545,1,1,22.9,-9.0,115.5,0.125,155.22,0.045,2546,Carmelo Anthony,0.111,NYK,1610612752,15.4,0.591,0.162,0,0.0
4,31.0,0.667,59.3,4.0,5,"101108,1610612746",121.8,0.174,1.0,7,7.0,5,5.0,0.714,1,0,19.0,12.2,134.0,0.0,135.29,0.189,101108,Chris Paul,0.089,LAC,1610612746,14.8,1.0,0.183,1,1.0
5,26.0,0.118,10.8,2.0,5,"201942,1610612761",134.6,0.0,0.6,15,15.0,9,9.0,0.6,1,1,18.9,-24.0,110.6,0.042,132.62,0.099,201942,DeMar DeRozan,0.022,TOR,1610612761,5.4,0.583,0.286,0,0.0
6,25.0,0.067,16.7,0.0,5,"202326,1610612758",133.3,0.231,1.1,5,5.0,5,5.0,1.0,1,0,11.6,21.3,154.5,0.083,131.92,0.136,202326,DeMarcus Cousins,0.16,SAC,1610612758,0.0,1.1,0.139,1,1.0
7,26.0,0.0,0.0,0.0,5,"203110,1610612744",128.2,0.286,0.333,6,6.0,2,2.0,0.333,1,0,12.1,34.7,162.9,0.083,134.03,0.042,203110,Draymond Green,0.192,GSW,1610612744,14.3,0.333,0.184,1,1.0
8,34.0,0.176,37.5,2.0,5,"2548,1610612748",124.5,0.1,0.571,7,7.0,4,4.0,0.571,1,1,22.9,-9.0,115.5,0.042,155.22,0.067,2548,Dwyane Wade,0.074,MIA,1610612748,18.8,0.571,0.124,0,0.0
9,27.0,0.043,7.7,1.0,5,"202738,1610612738",138.6,0.0,0.409,11,11.0,4,4.0,0.364,1,1,19.0,-31.6,107.0,0.115,144.13,0.024,202738,Isaiah Thomas,0.06,BOS,1610612738,7.7,0.409,0.188,0,0.0
10,26.0,0.12,16.7,3.0,5,"201935,1610612745",121.6,0.167,0.821,14,14.0,8,8.0,0.571,1,0,20.9,15.7,137.3,0.0,135.52,0.137,201935,James Harden,0.083,HOU,1610612745,5.6,0.821,0.227,1,1.0
11,25.0,0.143,15.8,1.5,5,"202322,1610612764",126.4,0.115,0.786,14,14.0,10,10.0,0.714,1,1,19.5,3.7,130.2,0.0,133.43,0.153,202322,John Wall,0.061,WAS,1610612764,10.5,0.786,0.261,0,0.0
12,24.0,0.077,15.0,1.5,5,"202695,1610612759",115.3,0.094,0.567,15,15.0,8,8.0,0.533,1,0,25.8,14.7,129.9,0.088,157.1,0.078,202695,Kawhi Leonard,0.091,SAS,1610612759,10.0,0.567,0.181,1,1.0
13,27.0,0.241,28.0,0.0,5,"201142,1610612760",107.7,0.115,0.639,18,18.0,11,11.0,0.611,1,0,23.1,14.6,122.3,0.063,161.15,0.154,201142,Kevin Durant,0.086,OKC,1610612760,0.0,0.639,0.21,1,1.0
14,26.0,0.067,15.4,0.0,5,"202691,1610612744",121.6,0.042,0.409,11,11.0,3,3.0,0.273,1,0,20.9,15.7,137.3,0.042,135.52,0.033,202691,Klay Thompson,0.042,GSW,1610612744,0.0,0.409,0.167,1,1.0
15,37.0,0.163,35.2,7.0,5,"977,1610612747",115.3,0.156,0.409,11,11.0,4,4.0,0.364,1,0,26.0,13.1,128.4,0.029,157.01,0.06,977,Kobe Bryant,0.091,LAL,1610612747,5.0,0.421,0.136,1,1.0
16,30.0,0.256,34.5,1.67,5,"200768,1610612761",137.4,0.152,0.538,13,13.0,5,5.0,0.385,1,1,28.5,-28.7,108.7,0.0,157.18,0.062,200768,Kyle Lowry,0.075,TOR,1610612761,20.7,0.538,0.186,0,0.0
17,30.0,0.05,11.1,0.0,5,"200746,1610612759",120.7,0.167,0.25,8,8.0,2,2.0,0.25,1,0,14.1,10.1,130.8,0.063,137.24,0.031,200746,LaMarcus Aldridge,0.118,SAS,1610612759,0.0,0.25,0.182,1,1.0
18,31.0,0.259,29.2,1.75,5,"2544,1610612739",134.6,0.154,0.5,13,13.0,6,6.0,0.462,1,1,20.2,-17.9,116.7,0.0,157.75,0.068,2544,LeBron James,0.078,CLE,1610612739,16.7,0.5,0.233,0,0.0
19,35.0,0.059,9.3,1.0,5,"2200,1610612741",121.4,0.375,0.429,7,7.0,3,3.0,0.429,1,1,14.5,-11.0,110.4,0.056,136.82,0.095,2200,Pau Gasol,0.206,CHI,1610612741,9.3,0.514,0.213,0,0.0
20,26.0,0.034,3.3,0.33,5,"202331,1610612754",119.5,0.135,0.788,26,26.0,16,16.0,0.615,1,1,26.8,-6.7,112.8,0.0,159.59,0.161,202331,Paul George,0.077,IND,1610612754,10.0,0.788,0.295,0,0.0
21,31.0,0.034,14.3,0.0,5,"200794,1610612737",149.1,0.091,0.25,6,6.0,1,1.0,0.167,1,1,19.1,-22.7,126.4,0.038,141.94,0.009,200794,Paul Millsap,0.062,ATL,1610612737,0.0,0.25,0.093,0,0.0
22,27.0,0.179,16.1,1.67,5,"201566,1610612760",107.9,0.192,0.674,23,23.0,12,12.0,0.522,1,0,22.3,17.6,125.5,0.097,162.14,0.173,201566,Russell Westbrook,0.14,OKC,1610612760,9.7,0.674,0.31,1,1.0
23,28.0,0.14,23.1,3.0,5,"201939,1610612744",113.8,0.118,0.722,18,18.0,10,10.0,0.556,1,0,29.0,19.3,133.1,0.027,155.58,0.117,201939,Stephen Curry,0.07,GSW,1610612744,7.7,0.722,0.193,1,1.0
