,AGE,BLK,CFID,CFPARAMS,DEF_RATING,DEF_WS,DREB,DREB_PCT,GP,L,MIN,OPP_PTS_2ND_CHANCE,OPP_PTS_FB,OPP_PTS_OFF_TOV,OPP_PTS_PAINT,PCT_BLK,PCT_DREB,PCT_STL,PLAYER_ID,PLAYER_NAME,STL,TEAM_ABBREVIATION,TEAM_ID,W,W_PCT
0,31.0,0.004,5,"201166,1610612741",103.5,0.0,0.032,0.078,69,33,0.441,0.114,0.126,0.144,0.379,0.089,0.101,0.226,201166,Aaron Brooks,0.012,CHI,1610612741,36,0.522
1,20.0,0.013,5,"203932,1610612753",104.2,0.0,0.083,0.21,78,46,0.438,0.096,0.122,0.143,0.402,0.252,0.273,0.186,203932,Aaron Gordon,0.014,ORL,1610612753,32,0.41
2,21.0,0.0,5,"1626151,1610612766",98.7,0.001,0.054,0.133,21,6,0.455,0.097,0.229,0.195,0.429,0.0,0.164,0.316,1626151,Aaron Harrison,0.029,CHA,1610612766,15,0.714
3,25.0,0.01,5,"203940,1610612750",111.5,0.0,0.085,0.22,52,34,0.454,0.141,0.152,0.193,0.499,0.234,0.294,0.203,203940,Adreian Payne,0.015,MIN,1610612750,18,0.346
4,30.0,0.021,5,"201143,1610612737",98.2,0.001,0.076,0.18,82,34,0.447,0.121,0.106,0.14,0.372,0.383,0.241,0.144,201143,Al Horford,0.012,ATL,1610612737,48,0.585
5,31.0,0.017,5,"2744,1610612766",99.7,0.001,0.102,0.244,47,14,0.457,0.108,0.111,0.117,0.399,0.306,0.302,0.166,2744,Al Jefferson,0.013,CHA,1610612766,33,0.702
6,25.0,0.01,5,"202329,1610612757",106.2,0.0,0.075,0.185,82,38,0.435,0.114,0.099,0.152,0.399,0.23,0.245,0.202,202329,Al-Farouq Aminu,0.013,POR,1610612757,44,0.537
7,33.0,0.002,5,"101187,1610612764",98.2,0.001,0.06,0.149,13,5,0.447,0.086,0.088,0.102,0.288,0.067,0.187,0.125,101187,Alan Anderson,0.009,WAS,1610612764,8,0.615
8,23.0,0.028,5,"1626210,1610612756",109.8,0.0,0.133,0.387,10,7,0.378,0.105,0.155,0.111,0.422,0.5,0.48,0.286,1626210,Alan Williams,0.022,PHX,1610612756,3,0.3
9,24.0,0.002,5,"202692,1610612762",102.7,0.001,0.052,0.139,31,18,0.448,0.098,0.122,0.133,0.346,0.045,0.182,0.133,202692,Alec Burks,0.01,UTA,1610612762,13,0.419
10,23.0,0.014,5,"203458,1610612756",105.2,0.0,0.097,0.248,78,55,0.425,0.115,0.146,0.182,0.376,0.392,0.319,0.138,203458,Alex Len,0.009,PHX,1610612756,23,0.295
11,28.0,0.026,5,"1627293,1610612763",95.2,0.001,0.047,0.122,8,6,0.38,0.089,0.205,0.105,0.316,0.625,0.158,0.067,1627293,Alex Stepheson,0.005,MEM,1610612763,2,0.25
12,28.0,0.019,5,"201582,1610612740",102.6,0.001,0.101,0.257,59,39,0.447,0.087,0.096,0.129,0.355,0.545,0.328,0.13,201582,Alexis Ajinca,0.01,NOP,1610612740,20,0.339
13,24.0,0.003,5,"203459,1610612757",106.1,0.0,0.039,0.097,81,38,0.433,0.115,0.101,0.144,0.359,0.08,0.128,0.213,203459,Allen Crabbe,0.013,POR,1610612757,43,0.531
14,29.0,0.004,5,"202087,1610612740",104.1,0.0,0.05,0.126,73,46,0.444,0.12,0.106,0.134,0.416,0.087,0.16,0.227,202087,Alonzo Gee,0.017,NOP,1610612740,27,0.37
15,33.0,0.025,5,"2405,1610612748",102.4,0.001,0.095,0.229,52,22,0.461,0.104,0.13,0.146,0.41,0.5,0.29,0.161,2405,Amar'e Stoudemire,0.011,MIA,1610612748,30,0.577
16,29.0,0.02,5,"101161,1610612738",101.3,0.001,0.078,0.194,79,34,0.431,0.127,0.09,0.135,0.381,0.472,0.261,0.151,101161,Amir Johnson,0.012,BOS,1610612738,45,0.57
17,33.0,0.009,5,"2760,1610612744",102.6,0.0,0.091,0.23,53,12,0.433,0.121,0.106,0.154,0.351,0.25,0.301,0.198,2760,Anderson Varejao,0.014,GSW,1610612744,41,0.774
18,22.0,0.018,5,"203083,1610612765",102.3,0.001,0.131,0.343,81,38,0.434,0.094,0.093,0.127,0.403,0.549,0.436,0.293,203083,Andre Drummond,0.019,DET,1610612765,43,0.531
19,32.0,0.005,5,"2738,1610612744",99.2,0.001,0.052,0.127,65,6,0.429,0.126,0.127,0.153,0.404,0.09,0.171,0.222,2738,Andre Iguodala,0.018,GSW,1610612744,59,0.908
20,40.0,0.0,5,"1889,1610612759",105.9,0.0,0.04,0.101,39,19,0.477,0.121,0.13,0.173,0.374,0.0,0.136,0.239,1889,Andre Miller,0.017,SAS,1610612759,20,0.513
21,24.0,0.012,5,"203460,1610612760",100.8,0.001,0.048,0.113,70,22,0.433,0.126,0.106,0.153,0.397,0.186,0.147,0.209,203460,Andre Roberson,0.015,OKC,1610612760,48,0.686
22,30.0,0.006,5,"200745,1610612751",111.2,0.0,0.049,0.135,46,35,0.449,0.097,0.111,0.169,0.45,0.153,0.18,0.057,200745,Andrea Bargnani,0.003,BKN,1610612751,11,0.239
23,31.0,0.034,5,"101106,1610612744",97.2,0.001,0.112,0.252,70,8,0.438,0.117,0.122,0.147,0.371,0.567,0.324,0.145,101106,Andrew Bogut,0.01,GSW,1610612744,62,0.886
24,27.0,0.017,5,"202726,1610612745",94.4,0.001,0.008,0.015,8,3,0.42,0.27,0.11,0.262,0.405,0.154,0.027,0.5,202726,Andrew Goudelock,0.051,HOU,1610612745,5,0.625
25,26.0,0.012,5,"203094,1610612753",98.6,0.001,0.092,0.216,56,34,0.453,0.122,0.099,0.132,0.372,0.232,0.282,0.082,203094,Andrew Nicholson,0.006,ORL,1610612753,22,0.393
26,21.0,0.007,5,"203952,1610612750",106.6,0.0,0.029,0.074,81,52,0.444,0.12,0.125,0.155,0.425,0.158,0.1,0.161,203952,Andrew Wiggins,0.012,MIN,1610612750,29,0.358
27,23.0,0.0,5,"203461,1610612761",114.3,0.0,0.087,0.293,19,7,0.43,0.031,0.148,0.179,0.367,0.0,0.327,0.238,203461,Anthony Bennett,0.026,TOR,1610612761,12,0.632
28,23.0,0.004,5,"1626148,1610612747",103.1,0.0,0.045,0.116,29,25,0.438,0.107,0.142,0.13,0.417,0.093,0.151,0.161,1626148,Anthony Brown,0.01,LAL,1610612747,4,0.138
29,23.0,0.026,5,"203076,1610612740",107.3,0.0,0.102,0.262,61,37,0.443,0.104,0.113,0.134,0.396,0.568,0.332,0.226,203076,Anthony Davis,0.016,NOP,1610612740,24,0.393
30,30.0,0.002,5,"201627,1610612760",105.7,0.0,0.024,0.06,68,22,0.432,0.126,0.123,0.163,0.426,0.053,0.08,0.167,201627,Anthony Morrow,0.01,OKC,1610612760,46,0.676
31,31.0,0.005,5,"201229,1610612765",102.4,0.001,0.063,0.159,72,36,0.442,0.095,0.093,0.114,0.398,0.144,0.198,0.142,201229,Anthony Tolliver,0.009,DET,1610612765,36,0.5
32,21.0,0.005,5,"203462,1610612756",111.6,0.0,0.044,0.114,57,43,0.423,0.118,0.167,0.188,0.406,0.153,0.15,0.175,203462,Archie Goodwin,0.01,PHX,1610612756,14,0.246
33,29.0,0.019,5,"203382,1610612765",105.6,0.0,0.087,0.223,81,38,0.44,0.099,0.098,0.14,0.389,0.584,0.278,0.132,203382,Aron Baynes,0.008,DET,1610612765,43,0.531
34,30.0,0.002,5,"201167,1610612752",106.3,0.0,0.047,0.109,71,44,0.458,0.123,0.122,0.139,0.42,0.035,0.142,0.11,201167,Arron Afflalo,0.005,NYK,1610612752,27,0.38
35,23.0,0.003,5,"203085,1610612746",103.3,0.001,0.034,0.08,67,25,0.456,0.159,0.126,0.162,0.407,0.049,0.113,0.181,203085,Austin Rivers,0.015,LAC,1610612746,42,0.627
36,25.0,0.003,5,"202340,1610612738",102.9,0.0,0.029,0.073,76,31,0.428,0.137,0.095,0.13,0.382,0.083,0.1,0.238,202340,Avery Bradley,0.02,BOS,1610612738,45,0.592
37,23.0,0.009,5,"1626253,1610612743",109.7,0.0,0.034,0.087,21,12,0.457,0.133,0.121,0.169,0.449,0.167,0.114,0.171,1626253,Axel Toupane,0.01,DEN,1610612743,9,0.429
38,23.0,0.003,5,"203463,1610612758",105.4,0.0,0.033,0.083,68,40,0.42,0.108,0.133,0.176,0.369,0.063,0.11,0.199,203463,Ben McLemore,0.015,SAC,1610612758,28,0.412
39,33.0,0.001,5,"2757,1610612748",102.1,0.001,0.042,0.101,44,18,0.468,0.1,0.083,0.145,0.37,0.011,0.125,0.151,2757,Beno Udrih,0.009,MIA,1610612748,26,0.591
40,23.0,0.034,5,"202687,1610612761",100.6,0.001,0.121,0.281,82,26,0.461,0.11,0.099,0.138,0.367,0.586,0.364,0.073,202687,Bismack Biyombo,0.005,TOR,1610612761,56,0.683
41,27.0,0.006,5,"201933,1610612746",100.0,0.001,0.092,0.221,35,13,0.443,0.111,0.1,0.13,0.372,0.145,0.291,0.164,201933,Blake Griffin,0.011,LAC,1610612746,22,0.629
42,27.0,0.021,5,"1626246,1610612759",103.0,0.001,0.11,0.275,54,7,0.46,0.097,0.145,0.162,0.373,0.442,0.355,0.15,1626246,Boban Marjanovic,0.011,SAS,1610612759,47,0.87
43,21.0,0.009,5,"1626171,1610612741",108.6,0.0,0.086,0.21,62,33,0.44,0.12,0.125,0.145,0.406,0.206,0.275,0.21,1626171,Bobby Portis,0.01,CHI,1610612741,29,0.468
44,27.0,0.001,5,"202711,1610612751",109.4,0.0,0.046,0.118,79,58,0.446,0.109,0.148,0.179,0.463,0.027,0.159,0.092,202711,Bojan Bogdanovic,0.006,BKN,1610612751,21,0.266
45,34.0,0.007,5,"2564,1610612759",96.6,0.001,0.057,0.139,76,12,0.453,0.103,0.104,0.139,0.412,0.132,0.175,0.113,2564,Boris Diaw,0.008,SAS,1610612759,64,0.842
46,22.0,0.003,5,"203078,1610612764",105.2,0.0,0.037,0.099,55,27,0.433,0.104,0.116,0.147,0.372,0.079,0.128,0.179,203078,Bradley Beal,0.014,WAS,1610612764,28,0.509
47,28.0,0.032,5,"201148,1610612763",113.1,0.0,0.062,0.148,12,6,0.456,0.131,0.131,0.185,0.383,0.652,0.204,0.156,201148,Brandan Wright,0.011,MEM,1610612763,6,0.5
48,23.0,0.017,5,"1626183,1610612746",122.6,-0.001,0.034,0.067,6,1,0.489,0.203,0.372,0.237,0.711,0.333,0.105,0.0,1626183,Branden Dawson,0.0,LAC,1610612746,5,0.833
49,31.0,0.018,5,"101138,1610612747",106.9,0.0,0.059,0.153,66,50,0.438,0.126,0.132,0.141,0.443,0.491,0.205,0.156,101138,Brandon Bass,0.011,LAL,1610612747,16,0.242
50,26.0,0.003,5,"201943,1610612753",103.3,0.0,0.04,0.103,48,28,0.434,0.092,0.111,0.134,0.38,0.081,0.128,0.2,201943,Brandon Jennings,0.014,ORL,1610612753,20,0.417
51,24.0,0.005,5,"202688,1610612756",107.5,0.0,0.038,0.099,52,36,0.426,0.113,0.151,0.175,0.387,0.129,0.128,0.202,202688,Brandon Knight,0.014,PHX,1610612756,16,0.308
52,30.0,0.01,5,"201575,1610612744",108.7,0.0,0.067,0.154,72,9,0.442,0.148,0.146,0.168,0.439,0.163,0.205,0.128,201575,Brandon Rush,0.008,GSW,1610612744,63,0.875
53,30.0,0.002,5,"203148,1610612757",105.4,0.0,0.033,0.086,51,25,0.442,0.097,0.113,0.13,0.346,0.071,0.108,0.156,203148,Brian Roberts,0.009,POR,1610612757,26,0.51
54,23.0,0.007,5,"1627362,1610612748",118.8,0.0,0.04,0.127,7,4,0.399,0.097,0.149,0.147,0.369,0.188,0.163,0.36,1627362,Briante Weber,0.021,MIA,1610612748,3,0.429
55,28.0,0.023,5,"201572,1610612751",106.3,0.0,0.068,0.167,73,52,0.449,0.105,0.134,0.166,0.421,0.663,0.216,0.151,201572,Brook Lopez,0.011,BKN,1610612751,21,0.288
56,20.0,0.01,5,"203998,1610612761",94.7,0.001,0.01,0.024,6,0,0.437,0.133,0.113,0.133,0.451,0.125,0.028,0.25,203998,Bruno Caboclo,0.02,TOR,1610612761,6,1.0
57,23.0,0.0,5,"203955,1610612763",135.0,-0.001,0.0,0.0,8,7,0.461,0.202,0.119,0.226,0.548,0.0,0.0,0.429,203955,Bryce Cotton,0.036,MEM,1610612763,1,0.125
58,23.0,0.003,5,"1626214,1610612740",106.4,0.0,0.063,0.175,14,6,0.439,0.079,0.102,0.117,0.429,0.083,0.215,0.244,1626214,Bryce Dejean-Jones,0.016,NOP,1610612740,8,0.571
59,24.0,0.004,5,"203468,1610612757",104.8,0.0,0.033,0.084,80,36,0.435,0.108,0.1,0.143,0.366,0.082,0.109,0.233,203468,CJ McCollum,0.015,POR,1610612757,44,0.55
60,29.0,0.009,5,"101139,1610612754",102.8,0.001,0.044,0.112,64,30,0.434,0.124,0.114,0.152,0.387,0.197,0.151,0.19,101139,CJ Miles,0.016,IND,1610612754,34,0.531
61,32.0,0.003,5,"201228,1610612753",107.3,0.0,0.038,0.094,33,19,0.439,0.115,0.109,0.148,0.439,0.068,0.126,0.176,201228,CJ Watson,0.013,ORL,1610612753,14,0.424
62,25.0,0.005,5,"203912,1610612746",97.2,0.001,0.03,0.063,23,8,0.455,0.155,0.144,0.134,0.42,0.125,0.086,0.323,203912,CJ Wilcox,0.027,LAC,1610612746,15,0.652
63,25.0,0.012,5,"203946,1610612741",98.3,0.001,0.1,0.235,18,14,0.426,0.112,0.154,0.145,0.249,0.231,0.304,0.154,203946,Cameron Bairstow,0.008,CHI,1610612741,4,0.222
64,21.0,0.004,5,"1626166,1610612760",107.1,0.0,0.047,0.121,57,13,0.431,0.123,0.135,0.161,0.393,0.083,0.159,0.321,1626166,Cameron Payne,0.022,OKC,1610612760,44,0.772
65,32.0,0.007,5,"201171,1610612755",112.3,0.0,0.074,0.202,36,31,0.436,0.136,0.142,0.159,0.44,0.15,0.267,0.138,201171,Carl Landry,0.009,PHI,1610612755,5,0.139
66,32.0,0.007,5,"2546,1610612752",105.8,0.0,0.081,0.195,72,40,0.449,0.118,0.123,0.142,0.402,0.127,0.256,0.212,2546,Carmelo Anthony,0.011,NYK,1610612752,32,0.444
67,36.0,0.002,5,"2406,1610612758",105.6,0.0,0.041,0.115,17,15,0.426,0.119,0.133,0.172,0.393,0.091,0.155,0.265,2406,Caron Butler,0.022,SAC,1610612758,2,0.118
68,27.0,0.005,5,"202718,1610612742",104.2,0.0,0.066,0.158,61,32,0.464,0.126,0.156,0.139,0.408,0.175,0.209,0.185,202718,Chandler Parsons,0.012,DAL,1610612742,29,0.475
69,33.0,0.011,5,"101112,1610612739",102.1,0.001,0.076,0.192,70,35,0.46,0.102,0.112,0.148,0.367,0.28,0.25,0.142,101112,Channing Frye,0.011,CLE,1610612739,35,0.5
70,33.0,0.0,5,"101236,1610612745",91.0,0.001,0.152,0.286,2,1,0.454,0.19,0.171,0.248,0.571,0.0,0.4,0.0,101236,Charles Hayes,0.0,HOU,1610612745,1,0.5
71,31.0,0.01,5,"101111,1610612742",106.6,0.0,0.085,0.213,62,33,0.441,0.105,0.146,0.127,0.395,0.268,0.276,0.205,101111,Charlie Villanueva,0.012,DAL,1610612742,29,0.468
72,28.0,0.005,5,"201978,1610612756",102.8,0.0,0.049,0.129,66,37,0.43,0.121,0.121,0.153,0.407,0.119,0.165,0.196,201978,Chase Budinger,0.015,PHX,1610612756,29,0.439
73,37.0,0.015,5,"2365,1610612763",112.1,0.0,0.07,0.191,27,16,0.455,0.125,0.131,0.132,0.38,0.406,0.274,0.183,2365,Chris Andersen,0.017,MEM,1610612763,11,0.407
74,32.0,0.009,5,"2547,1610612748",100.3,0.001,0.09,0.211,53,24,0.468,0.127,0.093,0.146,0.374,0.16,0.271,0.149,2547,Chris Bosh,0.009,MIA,1610612748,29,0.547
75,32.0,0.0,5,"203142,1610612749",119.4,0.0,0.027,0.073,24,14,0.46,0.13,0.112,0.198,0.396,0.0,0.108,0.1,203142,Chris Copeland,0.006,MIL,1610612749,10,0.417
76,26.0,0.011,5,"203187,1610612762",97.7,0.001,0.057,0.134,70,32,0.466,0.115,0.098,0.151,0.366,0.198,0.169,0.219,203187,Chris Johnson,0.017,UTA,1610612762,38,0.543
77,34.0,0.004,5,"2549,1610612757",106.6,0.0,0.069,0.17,16,5,0.455,0.094,0.098,0.175,0.326,0.111,0.213,0.143,2549,Chris Kaman,0.004,POR,1610612757,11,0.688
78,21.0,0.014,5,"1626191,1610612751",116.3,0.0,0.051,0.145,24,17,0.433,0.141,0.137,0.195,0.485,0.3,0.208,0.373,1626191,Chris McCullough,0.033,BKN,1610612751,7,0.292
79,31.0,0.002,5,"101108,1610612746",99.8,0.001,0.05,0.119,74,24,0.448,0.111,0.104,0.122,0.371,0.048,0.157,0.359,101108,Chris Paul,0.028,LAC,1610612746,50,0.676
80,20.0,0.02,5,"1626174,1610612755",108.9,0.0,0.073,0.192,17,17,0.422,0.186,0.175,0.148,0.431,0.412,0.275,0.179,1626174,Christian Wood,0.015,PHI,1610612755,0,0.0
81,25.0,0.009,5,"203921,1610612752",95.7,0.001,0.064,0.146,17,11,0.449,0.111,0.111,0.123,0.368,0.143,0.196,0.182,203921,Cleanthony Early,0.006,NYK,1610612752,6,0.353
82,20.0,0.028,5,"1626146,1610612757",108.5,0.0,0.055,0.118,8,5,0.494,0.165,0.11,0.138,0.33,0.5,0.154,0.167,1626146,Cliff Alexander,0.014,POR,1610612757,3,0.375
83,22.0,0.027,5,"203991,1610612745",103.1,0.0,0.087,0.225,77,38,0.424,0.123,0.12,0.167,0.38,0.517,0.309,0.187,203991,Clint Capela,0.017,HOU,1610612745,39,0.506
84,23.0,0.016,5,"203469,1610612766",103.2,0.001,0.08,0.201,73,31,0.45,0.104,0.111,0.134,0.359,0.312,0.251,0.207,203469,Cody Zeller,0.014,CHA,1610612766,42,0.575
85,27.0,0.04,5,"202332,1610612746",99.8,0.001,0.117,0.284,60,19,0.465,0.152,0.122,0.154,0.405,0.654,0.402,0.257,202332,Cole Aldrich,0.027,LAC,1610612746,41,0.683
86,30.0,0.005,5,"201147,1610612745",104.3,0.0,0.04,0.102,82,41,0.426,0.138,0.123,0.176,0.388,0.106,0.14,0.238,201147,Corey Brewer,0.021,HOU,1610612745,41,0.5
87,25.0,0.008,5,"203928,1610612756",107.3,0.0,0.085,0.196,8,6,0.424,0.102,0.212,0.178,0.44,0.25,0.286,0.0,203928,Cory Jefferson,0.0,PHX,1610612756,2,0.25
88,24.0,0.004,5,"202709,1610612761",100.2,0.001,0.038,0.092,80,26,0.456,0.11,0.098,0.119,0.363,0.082,0.121,0.193,202709,Cory Joseph,0.014,TOR,1610612761,54,0.675
89,23.0,0.0,5,"1626262,1610612738",128.7,-0.001,0.073,0.333,3,3,0.422,0.0,0.145,0.145,0.436,0.0,0.333,0.0,1626262,Coty Clarke,0.0,BOS,1610612738,0,0.0
90,30.0,0.006,5,"201584,1610612766",103.3,0.0,0.035,0.087,79,30,0.459,0.111,0.141,0.134,0.391,0.125,0.114,0.209,201584,Courtney Lee,0.017,CHA,1610612766,49,0.62
91,23.0,0.018,5,"1626245,1610612741",101.4,0.001,0.098,0.252,31,17,0.435,0.102,0.117,0.147,0.35,0.406,0.317,0.12,1626245,Cristiano Felicio,0.008,CHI,1610612741,14,0.452
92,20.0,0.003,5,"1626156,1610612747",110.3,0.0,0.044,0.113,80,63,0.44,0.13,0.17,0.161,0.446,0.066,0.152,0.273,1626156,D'Angelo Russell,0.018,LAL,1610612747,17,0.213
93,28.0,0.001,5,"201571,1610612743",105.8,0.0,0.032,0.081,62,27,0.44,0.124,0.127,0.167,0.422,0.035,0.107,0.245,201571,D.J. Augustin,0.014,DEN,1610612743,35,0.565
94,35.0,0.022,5,"2563,1610612739",110.4,0.0,0.045,0.114,1,1,0.474,0.168,0.078,0.157,0.268,0.333,0.143,0.333,2563,Dahntay Jones,0.011,CLE,1610612739,0,0.0
95,25.0,0.005,5,"203081,1610612757",107.3,0.0,0.041,0.105,75,35,0.432,0.112,0.104,0.148,0.394,0.107,0.138,0.173,203081,Damian Lillard,0.01,POR,1610612757,40,0.533
96,21.0,0.009,5,"203996,1610612749",98.9,0.001,0.089,0.195,20,15,0.478,0.113,0.067,0.208,0.471,0.136,0.266,0.194,203996,Damien Inglis,0.018,MIL,1610612749,5,0.25
97,30.0,0.002,5,"204014,1610612750",107.7,0.0,0.024,0.065,33,24,0.446,0.108,0.132,0.194,0.405,0.045,0.086,0.071,204014,Damjan Rudez,0.005,MIN,1610612750,9,0.273
98,27.0,0.004,5,"201568,1610612743",106.9,0.0,0.054,0.143,53,31,0.433,0.103,0.118,0.147,0.39,0.111,0.182,0.143,201568,Danilo Gallinari,0.01,DEN,1610612743,22,0.415
99,29.0,0.014,5,"201980,1610612759",95.3,0.001,0.056,0.134,79,14,0.456,0.099,0.106,0.117,0.362,0.229,0.167,0.222,201980,Danny Green,0.017,SAS,1610612759,65,0.823
100,29.0,0.007,5,"201967,1610612740",109.1,0.0,0.041,0.108,80,52,0.447,0.088,0.099,0.141,0.407,0.231,0.134,0.132,201967,Dante Cunningham,0.01,NOP,1610612740,28,0.35
101,28.0,0.014,5,"201589,1610612743",103.5,0.0,0.06,0.151,70,44,0.44,0.121,0.125,0.157,0.362,0.327,0.201,0.218,201589,Darrell Arthur,0.015,DEN,1610612743,26,0.371
102,28.0,0.001,5,"201954,1610612758",107.2,0.0,0.027,0.07,74,45,0.427,0.121,0.122,0.145,0.386,0.02,0.094,0.182,201954,Darren Collison,0.015,SAC,1610612758,29,0.392
103,23.0,0.001,5,"1626199,1610612765",102.4,0.001,0.047,0.115,38,21,0.452,0.117,0.089,0.132,0.366,0.024,0.145,0.164,1626199,Darrun Hilliard,0.011,DET,1610612765,17,0.447
104,33.0,0.014,5,"101135,1610612742",102.3,0.001,0.099,0.247,55,28,0.44,0.12,0.127,0.164,0.373,0.378,0.322,0.133,101135,David Lee,0.011,DAL,1610612742,27,0.491
105,35.0,0.018,5,"2561,1610612759",95.2,0.001,0.077,0.187,78,15,0.457,0.103,0.11,0.126,0.377,0.362,0.237,0.17,2561,David West,0.014,SAS,1610612759,63,0.808
106,27.0,0.031,5,"201599,1610612746",100.3,0.001,0.138,0.321,77,26,0.452,0.12,0.111,0.126,0.376,0.596,0.425,0.118,201599,DeAndre Jordan,0.009,LAC,1610612746,51,0.662
107,27.0,0.004,5,"201971,1610612764",109.4,0.0,0.072,0.203,29,17,0.423,0.095,0.097,0.12,0.404,0.154,0.28,0.235,201971,DeJuan Blair,0.016,WAS,1610612764,12,0.414
108,26.0,0.003,5,"201942,1610612761",104.1,0.0,0.046,0.116,78,25,0.453,0.111,0.108,0.139,0.384,0.07,0.147,0.184,201942,DeMar DeRozan,0.013,TOR,1610612761,53,0.679
109,25.0,0.017,5,"202326,1610612758",104.4,0.0,0.111,0.274,65,36,0.423,0.115,0.128,0.162,0.373,0.43,0.357,0.233,202326,DeMarcus Cousins,0.019,SAC,1610612758,29,0.446
110,29.0,0.003,5,"201960,1610612761",101.9,0.001,0.051,0.134,26,10,0.44,0.088,0.119,0.139,0.349,0.09,0.168,0.308,201960,DeMarre Carroll,0.025,TOR,1610612761,16,0.615
111,24.0,0.006,5,"1626153,1610612761",100.6,0.001,0.059,0.136,27,8,0.464,0.126,0.085,0.14,0.372,0.125,0.17,0.222,1626153,Delon Wright,0.016,TOR,1610612761,19,0.704
112,22.0,0.003,5,"203471,1610612737",95.7,0.001,0.05,0.123,80,33,0.455,0.121,0.098,0.142,0.364,0.047,0.165,0.226,203471,Dennis Schroder,0.02,ATL,1610612737,47,0.588
113,32.0,0.003,5,"101114,1610612742",104.0,0.0,0.037,0.088,65,34,0.459,0.124,0.14,0.146,0.389,0.096,0.115,0.206,101114,Deron Williams,0.013,DAL,1610612742,31,0.477
114,24.0,0.021,5,"202324,1610612762",103.3,0.001,0.078,0.2,62,32,0.461,0.098,0.121,0.15,0.378,0.46,0.256,0.234,202324,Derrick Favors,0.017,UTA,1610612762,30,0.484
115,27.0,0.003,5,"201565,1610612741",105.8,0.0,0.037,0.086,66,34,0.436,0.136,0.125,0.143,0.422,0.054,0.118,0.176,201565,Derrick Rose,0.009,CHI,1610612741,32,0.485
116,25.0,0.003,5,"202682,1610612752",106.3,0.0,0.079,0.191,80,48,0.455,0.121,0.126,0.138,0.427,0.065,0.256,0.159,202682,Derrick Williams,0.009,NYK,1610612752,32,0.4
117,19.0,0.004,5,"1626164,1610612756",108.5,0.0,0.032,0.083,76,56,0.428,0.124,0.156,0.184,0.392,0.119,0.109,0.142,1626164,Devin Booker,0.009,PHX,1610612756,20,0.263
118,33.0,0.005,5,"2734,1610612742",102.9,0.001,0.042,0.102,64,29,0.447,0.128,0.153,0.145,0.372,0.118,0.137,0.294,2734,Devin Harris,0.021,DAL,1610612742,35,0.547
119,23.0,0.002,5,"203906,1610612753",101.2,0.001,0.056,0.134,28,16,0.435,0.122,0.091,0.093,0.384,0.034,0.176,0.325,203906,Devyn Marble,0.023,ORL,1610612753,12,0.429
120,26.0,0.029,5,"203473,1610612753",103.8,0.0,0.101,0.25,58,37,0.443,0.12,0.107,0.171,0.425,0.489,0.343,0.18,203473,Dewayne Dedmon,0.014,ORL,1610612753,21,0.362
121,24.0,0.003,5,"203079,1610612760",105.4,0.0,0.033,0.082,78,25,0.423,0.124,0.119,0.161,0.403,0.062,0.11,0.243,203079,Dion Waiters,0.016,OKC,1610612760,53,0.679
122,38.0,0.01,5,"1717,1610612742",104.1,0.0,0.084,0.202,75,37,0.457,0.126,0.147,0.134,0.362,0.281,0.267,0.164,1717,Dirk Nowitzki,0.01,DAL,1610612742,38,0.507
123,28.0,0.001,5,"202388,1610612751",108.3,0.0,0.054,0.131,61,48,0.456,0.119,0.133,0.152,0.464,0.038,0.173,0.165,202388,Donald Sloan,0.011,BKN,1610612751,13,0.213
124,25.0,0.004,5,"202700,1610612745",101.2,0.001,0.057,0.14,37,18,0.436,0.138,0.167,0.188,0.438,0.094,0.191,0.153,202700,Donatas Motiejunas,0.014,HOU,1610612745,19,0.514
125,24.0,0.001,5,"203926,1610612741",104.8,0.0,0.037,0.09,81,40,0.432,0.123,0.13,0.152,0.389,0.031,0.118,0.065,203926,Doug McDermott,0.003,CHI,1610612741,41,0.506
126,26.0,0.017,5,"203110,1610612744",97.5,0.001,0.097,0.222,81,8,0.428,0.116,0.127,0.143,0.386,0.315,0.288,0.229,203110,Draymond Green,0.018,GSW,1610612744,73,0.901
127,34.0,0.016,5,"2400,1610612764",109.9,0.0,0.081,0.234,30,12,0.436,0.136,0.157,0.131,0.417,0.314,0.315,0.148,2400,Drew Gooden,0.011,WAS,1610612764,18,0.6
128,24.0,0.0,5,"1626251,1610612758",104.0,0.0,0.032,0.08,1,1,0.388,0.144,0.192,0.096,0.481,0.0,0.118,0.2,1626251,Duje Dukan,0.016,SAC,1610612758,0,0.0
129,30.0,0.022,5,"2730,1610612745",105.1,0.0,0.114,0.293,71,37,0.436,0.128,0.124,0.184,0.387,0.502,0.399,0.146,2730,Dwight Howard,0.013,HOU,1610612745,34,0.479
130,24.0,0.011,5,"203939,1610612742",100.8,0.001,0.086,0.214,69,34,0.453,0.117,0.148,0.146,0.399,0.348,0.279,0.224,203939,Dwight Powell,0.016,DAL,1610612742,35,0.507
131,34.0,0.008,5,"2548,1610612748",103.9,0.0,0.044,0.108,74,31,0.455,0.125,0.116,0.158,0.418,0.125,0.14,0.259,2548,Dwyane Wade,0.016,MIA,1610612748,43,0.581
132,27.0,0.006,5,"202734,1610612741",104.6,0.0,0.04,0.092,59,30,0.442,0.136,0.135,0.152,0.418,0.119,0.125,0.239,202734,E'Twaun Moore,0.013,CHI,1610612741,29,0.492
133,27.0,0.019,5,"202334,1610612757",103.2,0.0,0.098,0.239,81,38,0.438,0.116,0.105,0.14,0.343,0.424,0.312,0.242,202334,Ed Davis,0.015,POR,1610612757,43,0.531
134,22.0,0.004,5,"203901,1610612753",104.4,0.0,0.037,0.096,73,41,0.435,0.102,0.124,0.145,0.401,0.093,0.124,0.234,203901,Elfrid Payton,0.018,ORL,1610612753,32,0.438
135,28.0,0.008,5,"202407,1610612762",96.0,0.001,0.075,0.179,20,11,0.45,0.115,0.107,0.128,0.297,0.125,0.225,0.259,202407,Elijah Millsap,0.018,UTA,1610612762,9,0.45
136,27.0,0.0,5,"202343,1610612763",100.2,0.001,0.032,0.079,5,1,0.484,0.075,0.096,0.107,0.321,0.0,0.1,0.0,202343,Elliot Williams,0.0,MEM,1610612763,4,0.8
137,37.0,0.016,5,"1882,1610612755",97.3,0.001,0.108,0.245,17,15,0.449,0.124,0.13,0.132,0.407,0.4,0.321,0.257,1882,Elton Brand,0.018,PHI,1610612755,2,0.118
138,20.0,0.007,5,"1626144,1610612743",107.1,0.0,0.042,0.107,68,39,0.431,0.102,0.12,0.151,0.383,0.159,0.136,0.193,1626144,Emmanuel Mudiay,0.014,DEN,1610612743,29,0.426
139,24.0,0.008,5,"202683,1610612760",106.5,0.0,0.103,0.256,82,27,0.426,0.122,0.114,0.166,0.412,0.2,0.338,0.11,202683,Enes Kanter,0.006,OKC,1610612760,55,0.671
140,26.0,0.008,5,"202339,1610612756",103.5,0.0,0.043,0.112,31,19,0.426,0.114,0.137,0.16,0.386,0.209,0.146,0.318,202339,Eric Bledsoe,0.025,PHX,1610612756,12,0.387
141,27.0,0.004,5,"201569,1610612740",105.1,0.0,0.027,0.067,45,31,0.447,0.112,0.119,0.143,0.383,0.089,0.086,0.186,201569,Eric Gordon,0.013,NOP,1610612740,14,0.311
142,24.0,0.036,5,"203961,1610612758",103.4,0.0,0.072,0.157,8,7,0.426,0.233,0.161,0.125,0.34,0.571,0.222,0.0,203961,Eric Moreland,0.0,SAC,1610612758,1,0.125
143,25.0,0.0,5,"203475,1610612762",117.1,0.0,0.033,0.115,9,3,0.457,0.065,0.108,0.152,0.412,0.0,0.136,0.143,203475,Erick Green,0.011,UTA,1610612762,6,0.667
144,29.0,0.008,5,"101141,1610612753",106.4,0.0,0.059,0.167,74,39,0.428,0.1,0.112,0.148,0.422,0.239,0.214,0.171,101141,Ersan Ilyasova,0.012,ORL,1610612753,35,0.473
145,23.0,0.0,5,"203095,1610612753",106.8,0.0,0.033,0.085,79,46,0.446,0.106,0.129,0.154,0.408,0.008,0.113,0.206,203095,Evan Fournier,0.017,ORL,1610612753,33,0.418
146,27.0,0.005,5,"202323,1610612738",100.0,0.001,0.065,0.165,81,34,0.425,0.112,0.093,0.141,0.382,0.151,0.219,0.19,202323,Evan Turner,0.015,BOS,1610612738,47,0.58
147,26.0,0.028,5,"203105,1610612744",96.6,0.001,0.092,0.224,46,4,0.427,0.095,0.13,0.156,0.404,0.521,0.287,0.125,203105,Festus Ezeli,0.01,GSW,1610612744,42,0.913
148,23.0,0.011,5,"1626163,1610612766",101.2,0.001,0.07,0.171,81,34,0.449,0.106,0.121,0.133,0.366,0.238,0.212,0.159,1626163,Frank Kaminsky,0.01,CHA,1610612766,47,0.58
149,30.0,0.004,5,"202066,1610612764",101.0,0.001,0.04,0.103,80,40,0.444,0.103,0.106,0.134,0.364,0.106,0.131,0.192,202066,Garrett Temple,0.016,WAS,1610612764,40,0.5
150,21.0,0.003,5,"203914,1610612743",108.6,0.0,0.029,0.077,76,45,0.432,0.105,0.116,0.151,0.399,0.078,0.101,0.238,203914,Gary Harris,0.017,DEN,1610612743,31,0.408
151,31.0,0.001,5,"202390,1610612764",110.2,0.0,0.04,0.108,40,22,0.451,0.12,0.123,0.15,0.408,0.019,0.142,0.145,202390,Gary Neal,0.011,WAS,1610612764,18,0.45
152,30.0,0.003,5,"201588,1610612754",100.3,0.001,0.042,0.105,74,33,0.446,0.114,0.101,0.143,0.37,0.071,0.138,0.177,201588,George Hill,0.015,IND,1610612754,41,0.554
153,30.0,0.006,5,"101123,1610612748",102.2,0.001,0.041,0.096,69,29,0.459,0.123,0.085,0.143,0.389,0.104,0.123,0.191,101123,Gerald Green,0.011,MIA,1610612748,40,0.58
154,28.0,0.006,5,"201945,1610612757",104.4,0.0,0.056,0.137,72,33,0.44,0.116,0.1,0.147,0.348,0.13,0.178,0.201,201945,Gerald Henderson,0.012,POR,1610612757,39,0.542
155,21.0,0.018,5,"203507,1610612749",106.5,0.0,0.079,0.202,80,48,0.449,0.134,0.118,0.158,0.408,0.321,0.275,0.193,203507,Giannis Antetokounmpo,0.015,MIL,1610612749,32,0.4
156,22.0,0.008,5,"203922,1610612754",103.1,0.0,0.048,0.118,45,21,0.44,0.1,0.141,0.149,0.393,0.164,0.154,0.2,203922,Glenn Robinson,0.015,IND,1610612754,24,0.533
157,30.0,0.003,5,"201609,1610612748",101.4,0.001,0.042,0.101,72,28,0.448,0.128,0.104,0.139,0.401,0.052,0.132,0.211,201609,Goran Dragic,0.013,MIA,1610612748,44,0.611
158,26.0,0.004,5,"202330,1610612762",102.8,0.001,0.053,0.135,80,42,0.458,0.109,0.115,0.151,0.378,0.084,0.174,0.207,202330,Gordon Hayward,0.015,UTA,1610612762,38,0.475
159,26.0,0.02,5,"203476,1610612750",105.8,0.0,0.087,0.222,82,53,0.452,0.121,0.122,0.161,0.42,0.419,0.299,0.24,203476,Gorgui Dieng,0.019,MIN,1610612750,29,0.354
160,26.0,0.013,5,"202328,1610612749",107.5,0.0,0.093,0.239,79,47,0.45,0.134,0.125,0.159,0.418,0.283,0.327,0.173,202328,Greg Monroe,0.014,MIL,1610612749,32,0.405
161,25.0,0.002,5,"202962,1610612750",113.7,0.0,0.069,0.186,18,10,0.444,0.086,0.155,0.197,0.486,0.333,0.231,0.182,202962,Greg Smith,0.009,MIN,1610612750,8,0.444
162,29.0,0.0,5,"202349,1610612749",107.6,0.0,0.042,0.105,23,14,0.458,0.121,0.131,0.191,0.438,0.0,0.148,0.147,202349,Greivis Vasquez,0.01,MIL,1610612749,9,0.391
163,24.0,0.002,5,"203084,1610612744",101.6,0.001,0.053,0.127,66,7,0.435,0.119,0.12,0.136,0.407,0.041,0.167,0.116,203084,Harrison Barnes,0.009,GSW,1610612744,59,0.894
164,27.0,0.057,5,"202355,1610612748",101.7,0.001,0.134,0.316,73,31,0.453,0.134,0.095,0.146,0.402,0.745,0.414,0.161,202355,Hassan Whiteside,0.009,MIA,1610612748,42,0.575
165,26.0,0.023,5,"203156,1610612751",112.4,0.0,0.085,0.23,14,12,0.437,0.125,0.146,0.174,0.535,0.538,0.317,0.167,203156,Henry Sims,0.015,BKN,1610612751,2,0.143
166,25.0,0.005,5,"203138,1610612755",106.8,0.0,0.044,0.113,77,67,0.435,0.144,0.151,0.184,0.416,0.095,0.156,0.098,203138,Hollis Thompson,0.007,PHI,1610612755,10,0.13
167,25.0,0.01,5,"203546,1610612744",110.0,0.0,0.043,0.101,66,7,0.447,0.145,0.172,0.186,0.445,0.183,0.137,0.2,203546,Ian Clark,0.013,GSW,1610612744,59,0.894
168,29.0,0.018,5,"101133,1610612754",98.2,0.001,0.09,0.221,71,30,0.444,0.103,0.104,0.146,0.36,0.426,0.283,0.172,101133,Ian Mahinmi,0.016,IND,1610612754,41,0.577
169,26.0,0.007,5,"202697,1610612739",100.7,0.001,0.059,0.143,54,15,0.455,0.103,0.106,0.143,0.37,0.165,0.183,0.273,202697,Iman Shumpert,0.019,CLE,1610612739,39,0.722
170,25.0,0.003,5,"203477,1610612755",107.8,0.0,0.034,0.09,77,67,0.437,0.136,0.153,0.174,0.417,0.048,0.121,0.172,203477,Isaiah Canaan,0.012,PHI,1610612755,10,0.13
171,27.0,0.001,5,"202738,1610612738",102.6,0.001,0.031,0.08,82,34,0.421,0.128,0.092,0.127,0.379,0.039,0.108,0.183,202738,Isaiah Thomas,0.015,BOS,1610612738,48,0.585
172,27.0,0.005,5,"202397,1610612755",108.0,0.0,0.051,0.127,77,61,0.437,0.136,0.138,0.161,0.419,0.094,0.174,0.24,202397,Ish Smith,0.017,PHI,1610612755,16,0.208
173,24.0,0.0,5,"1626266,1610612762",125.0,-0.001,0.077,0.25,2,0,0.482,0.308,0.308,0.308,0.308,0.0,0.333,0.5,1626266,J.J. O'Brien,0.077,UTA,1610612762,2,1.0
174,30.0,0.004,5,"2747,1610612739",104.4,0.0,0.033,0.084,77,24,0.448,0.107,0.109,0.142,0.396,0.12,0.107,0.25,2747,J.R. Smith,0.015,CLE,1610612739,53,0.688
175,27.0,0.014,5,"201581,1610612764",104.0,0.0,0.092,0.226,35,18,0.43,0.129,0.132,0.146,0.38,0.378,0.294,0.224,201581,JJ Hickson,0.015,WAS,1610612764,17,0.486
176,32.0,0.001,5,"200755,1610612746",99.4,0.001,0.028,0.065,75,25,0.448,0.112,0.104,0.117,0.377,0.022,0.085,0.122,200755,JJ Redick,0.009,LAC,1610612746,50,0.667
177,23.0,0.013,5,"203960,1610612743",105.2,0.0,0.055,0.134,73,55,0.441,0.119,0.135,0.17,0.403,0.208,0.176,0.127,203960,JaKarr Sampson,0.009,DEN,1610612743,18,0.247
178,26.0,0.01,5,"203210,1610612763",105.0,0.0,0.071,0.197,78,39,0.437,0.097,0.127,0.144,0.336,0.25,0.254,0.155,203210,JaMychal Green,0.014,MEM,1610612763,39,0.5
179,28.0,0.032,5,"201580,1610612742",104.4,0.0,0.099,0.231,34,19,0.459,0.154,0.145,0.129,0.38,0.703,0.324,0.1,201580,JaVale McGee,0.006,DAL,1610612742,15,0.441
180,21.0,0.005,5,"203953,1610612749",106.5,0.0,0.051,0.127,76,44,0.449,0.136,0.126,0.165,0.421,0.105,0.175,0.168,203953,Jabari Parker,0.013,MIL,1610612749,32,0.421
181,25.0,0.006,5,"203109,1610612738",101.4,0.001,0.056,0.141,73,30,0.424,0.137,0.086,0.118,0.378,0.162,0.191,0.266,203109,Jae Crowder,0.023,BOS,1610612738,43,0.589
182,20.0,0.017,5,"1626143,1610612755",108.7,0.0,0.07,0.178,53,47,0.446,0.128,0.165,0.203,0.42,0.295,0.238,0.094,1626143,Jahlil Okafor,0.006,PHI,1610612755,6,0.113
183,36.0,0.003,5,"2037,1610612746",103.1,0.0,0.026,0.066,79,28,0.446,0.138,0.118,0.147,0.377,0.046,0.092,0.127,2037,Jamal Crawford,0.011,LAC,1610612746,51,0.646
184,34.0,0.002,5,"2749,1610612743",108.3,0.0,0.041,0.109,39,27,0.443,0.105,0.108,0.141,0.37,0.064,0.14,0.174,2749,Jameer Nelson,0.011,DEN,1610612743,12,0.308
185,27.0,0.008,5,"202341,1610612758",104.4,0.0,0.043,0.104,51,32,0.424,0.149,0.135,0.165,0.382,0.165,0.143,0.158,202341,James Anderson,0.012,SAC,1610612758,19,0.373
186,25.0,0.007,5,"203516,1610612740",111.5,0.0,0.029,0.078,22,11,0.447,0.129,0.094,0.19,0.392,0.278,0.102,0.308,203516,James Ennis,0.022,NOP,1610612740,11,0.5
187,26.0,0.007,5,"201935,1610612745",106.0,0.0,0.06,0.157,82,41,0.431,0.128,0.132,0.173,0.393,0.152,0.214,0.215,201935,James Harden,0.019,HOU,1610612745,41,0.5
188,29.0,0.016,5,"201949,1610612761",105.0,0.0,0.048,0.121,57,22,0.458,0.107,0.107,0.133,0.41,0.33,0.157,0.192,201949,James Johnson,0.014,TOR,1610612761,35,0.614
189,35.0,0.01,5,"2592,1610612739",100.9,0.001,0.041,0.099,48,15,0.453,0.122,0.085,0.139,0.371,0.182,0.129,0.172,2592,James Jones,0.011,CLE,1610612739,33,0.688
190,23.0,0.013,5,"203949,1610612744",115.4,0.0,0.046,0.131,41,4,0.431,0.115,0.173,0.206,0.412,0.364,0.166,0.263,203949,James Michael McAdoo,0.016,GSW,1610612744,37,0.902
191,20.0,0.002,5,"203923,1610612738",106.5,0.0,0.049,0.129,29,17,0.443,0.082,0.109,0.111,0.396,0.053,0.165,0.2,203923,James Young,0.013,BOS,1610612738,12,0.414
192,25.0,0.002,5,"203099,1610612749",103.2,0.001,0.039,0.102,44,13,0.463,0.109,0.087,0.206,0.392,0.074,0.135,0.219,203099,Jared Cunningham,0.016,MIL,1610612749,31,0.705
193,30.0,0.004,5,"201162,1610612764",103.0,0.001,0.049,0.128,81,41,0.443,0.107,0.105,0.14,0.38,0.116,0.166,0.192,201162,Jared Dudley,0.016,WAS,1610612764,40,0.494
194,24.0,0.01,5,"203096,1610612738",101.3,0.001,0.106,0.271,81,34,0.425,0.132,0.091,0.126,0.378,0.297,0.361,0.197,203096,Jared Sullinger,0.017,BOS,1610612738,47,0.58
195,24.0,0.003,5,"204067,1610612764",105.5,0.0,0.061,0.15,26,13,0.425,0.113,0.139,0.153,0.353,0.083,0.189,0.227,204067,Jarell Eddie,0.014,WAS,1610612764,13,0.5
196,22.0,0.008,5,"1626185,1610612763",107.0,0.0,0.053,0.15,27,17,0.425,0.1,0.134,0.15,0.329,0.179,0.194,0.123,1626185,Jarell Martin,0.009,MEM,1610612763,10,0.37
197,22.0,0.0,5,"203950,1610612748",80.6,0.002,0.072,0.176,7,6,0.446,0.0,0.216,0.168,0.288,0.0,0.176,1.0,203950,Jarnell Stokes,0.024,MIA,1610612748,1,0.143
198,32.0,0.003,5,"101127,1610612751",107.1,0.0,0.054,0.138,32,22,0.436,0.105,0.136,0.165,0.404,0.089,0.179,0.198,101127,Jarrett Jack,0.014,BKN,1610612751,10,0.313
199,30.0,0.025,5,"201160,1610612753",104.0,0.0,0.063,0.163,76,43,0.448,0.098,0.114,0.141,0.392,0.492,0.21,0.168,201160,Jason Smith,0.013,ORL,1610612753,33,0.434
200,38.0,0.003,5,"1891,1610612745",106.9,0.0,0.022,0.058,72,35,0.428,0.126,0.126,0.175,0.393,0.074,0.08,0.183,1891,Jason Terry,0.016,HOU,1610612745,37,0.514
201,29.0,0.019,5,"201574,1610612761",104.6,0.0,0.098,0.234,47,9,0.451,0.122,0.148,0.131,0.413,0.351,0.301,0.158,201574,Jason Thompson,0.011,TOR,1610612761,38,0.809
202,29.0,0.013,5,"201965,1610612746",115.5,0.0,0.081,0.17,17,6,0.479,0.22,0.157,0.166,0.512,0.333,0.25,0.0,201965,Jeff Ayres,0.0,LAC,1610612746,11,0.647
203,29.0,0.008,5,"201145,1610612746",103.6,0.0,0.053,0.132,80,32,0.461,0.124,0.121,0.135,0.374,0.169,0.177,0.144,201145,Jeff Green,0.012,LAC,1610612746,48,0.6
204,28.0,0.005,5,"201952,1610612737",100.9,0.001,0.035,0.083,79,32,0.442,0.126,0.12,0.149,0.39,0.081,0.113,0.228,201952,Jeff Teague,0.019,ATL,1610612737,47,0.595
205,26.0,0.038,5,"203481,1610612762",97.6,0.001,0.083,0.209,51,26,0.467,0.109,0.09,0.125,0.364,0.697,0.271,0.189,203481,Jeff Withey,0.015,UTA,1610612762,25,0.49
206,22.0,0.027,5,"203924,1610612755",105.7,0.0,0.056,0.139,77,68,0.444,0.137,0.149,0.189,0.418,0.431,0.188,0.159,203924,Jerami Grant,0.012,PHI,1610612755,9,0.117
207,28.0,0.016,5,"202379,1610612742",102.4,0.001,0.077,0.167,30,14,0.452,0.115,0.126,0.187,0.349,0.346,0.209,0.188,202379,Jeremy Evans,0.011,DAL,1610612742,16,0.533
208,24.0,0.011,5,"203087,1610612766",95.7,0.001,0.076,0.18,66,26,0.448,0.104,0.109,0.124,0.331,0.196,0.227,0.226,203087,Jeremy Lamb,0.015,CHA,1610612766,40,0.606
209,27.0,0.009,5,"202391,1610612766",100.4,0.001,0.046,0.111,78,31,0.448,0.107,0.12,0.134,0.362,0.177,0.14,0.2,202391,Jeremy Lin,0.013,CHA,1610612766,47,0.603
210,23.0,0.004,5,"1626170,1610612752",103.7,0.0,0.043,0.105,76,47,0.45,0.125,0.101,0.143,0.403,0.07,0.142,0.286,1626170,Jerian Grant,0.018,NYK,1610612752,29,0.382
211,27.0,0.003,5,"201573,1610612749",107.8,0.0,0.036,0.092,52,31,0.457,0.134,0.128,0.173,0.417,0.065,0.128,0.191,201573,Jerryd Bayless,0.014,MIL,1610612749,21,0.404
212,27.0,0.0,5,"202690,1610612752",118.2,0.0,0.0,0.0,6,5,0.461,0.131,0.0,0.158,0.578,0.0,0.0,0.5,202690,Jimmer Fredette,0.026,NYK,1610612752,1,0.167
213,26.0,0.008,5,"202710,1610612741",103.3,0.0,0.05,0.116,67,30,0.441,0.134,0.122,0.138,0.399,0.136,0.158,0.326,202710,Jimmy Butler,0.02,CHI,1610612741,37,0.552
214,31.0,0.02,5,"201149,1610612741",99.3,0.001,0.114,0.266,29,14,0.431,0.124,0.107,0.144,0.354,0.387,0.339,0.231,201149,Joakim Noah,0.012,CHI,1610612741,15,0.517
215,28.0,0.0,5,"201975,1610612765",88.0,0.001,0.043,0.103,3,0,0.464,0.107,0.075,0.16,0.406,0.0,0.118,0.0,201975,Jodie Meeks,0.0,DET,1610612765,3,1.0
216,24.0,0.0,5,"203925,1610612739",151.2,-0.002,0.085,0.375,5,0,0.428,0.142,0.198,0.283,0.793,0.0,0.6,0.0,203925,Joe Harris,0.0,CLE,1610612739,5,1.0
217,28.0,0.001,5,"204060,1610612762",101.8,0.001,0.048,0.124,81,41,0.454,0.105,0.106,0.159,0.372,0.034,0.16,0.289,204060,Joe Ingles,0.02,UTA,1610612762,40,0.494
218,34.0,0.001,5,"2207,1610612748",106.3,0.0,0.041,0.101,81,50,0.451,0.117,0.128,0.156,0.425,0.017,0.131,0.15,2207,Joe Johnson,0.01,MIA,1610612748,31,0.383
219,24.0,0.0,5,"1626202,1610612754",103.3,0.0,0.05,0.123,41,22,0.433,0.118,0.112,0.135,0.413,0.0,0.16,0.273,1626202,Joe Young,0.017,IND,1610612754,19,0.463
220,33.0,0.057,5,"201202,1610612765",102.8,0.001,0.062,0.151,19,7,0.456,0.129,0.043,0.148,0.353,0.857,0.191,0.222,201202,Joel Anthony,0.01,DET,1610612765,12,0.632
221,24.0,0.006,5,"203530,1610612743",109.8,0.0,0.091,0.232,59,35,0.447,0.126,0.138,0.17,0.449,0.17,0.305,0.098,203530,Joffrey Lauvergne,0.006,DEN,1610612743,24,0.407
222,25.0,0.051,5,"203089,1610612749",102.4,0.001,0.063,0.152,57,35,0.453,0.124,0.115,0.183,0.379,0.645,0.207,0.132,203089,John Henson,0.008,MIL,1610612749,22,0.386
223,25.0,0.001,5,"203098,1610612756",106.4,0.0,0.043,0.102,43,25,0.423,0.122,0.164,0.159,0.439,0.024,0.133,0.14,203098,John Jenkins,0.007,PHX,1610612756,18,0.419
224,25.0,0.009,5,"202322,1610612764",103.3,0.0,0.053,0.138,77,40,0.435,0.109,0.11,0.142,0.366,0.244,0.178,0.292,202322,John Wall,0.023,WAS,1610612764,37,0.481
225,23.0,0.004,5,"203948,1610612749",106.2,0.0,0.06,0.15,66,39,0.462,0.122,0.115,0.168,0.427,0.096,0.203,0.137,203948,Johnny O'Bryant,0.01,MIL,1610612749,27,0.409
226,27.0,0.01,5,"202720,1610612756",104.4,0.0,0.101,0.259,67,45,0.426,0.111,0.139,0.174,0.393,0.27,0.337,0.18,202720,Jon Leuer,0.013,PHX,1610612756,22,0.328
227,29.0,0.009,5,"201973,1610612738",98.5,0.001,0.077,0.199,78,31,0.43,0.121,0.104,0.141,0.383,0.235,0.266,0.097,201973,Jonas Jerebko,0.007,BOS,1610612738,47,0.603
228,24.0,0.023,5,"202685,1610612761",106.1,0.0,0.105,0.273,60,20,0.451,0.104,0.111,0.135,0.392,0.488,0.346,0.1,202685,Jonas Valanciunas,0.007,TOR,1610612761,40,0.667
229,26.0,0.003,5,"203613,1610612759",101.2,0.001,0.045,0.109,55,8,0.46,0.121,0.128,0.158,0.436,0.057,0.142,0.2,203613,Jonathon Simmons,0.014,SAS,1610612759,47,0.855
230,21.0,0.0,5,"203919,1610612763",95.5,0.001,0.056,0.182,2,2,0.411,0.056,0.14,0.14,0.336,0.0,0.222,0.429,203919,Jordan Adams,0.084,MEM,1610612763,0,0.0
231,24.0,0.001,5,"203903,1610612747",111.5,0.0,0.038,0.096,79,62,0.439,0.135,0.156,0.149,0.448,0.033,0.129,0.236,203903,Jordan Clarkson,0.015,LAL,1610612747,17,0.215
232,29.0,0.003,5,"200770,1610612763",112.7,0.0,0.031,0.097,12,10,0.433,0.11,0.162,0.14,0.407,0.111,0.138,0.242,200770,Jordan Farmar,0.022,MEM,1610612763,2,0.167
233,25.0,0.004,5,"202706,1610612740",115.3,0.0,0.073,0.194,11,7,0.444,0.124,0.117,0.155,0.386,0.188,0.26,0.2,202706,Jordan Hamilton,0.012,NOP,1610612740,4,0.364
234,28.0,0.011,5,"201941,1610612754",101.3,0.001,0.086,0.209,73,33,0.443,0.13,0.123,0.153,0.387,0.261,0.278,0.159,201941,Jordan Hill,0.011,IND,1610612754,40,0.548
235,25.0,0.002,5,"203895,1610612739",96.7,0.001,0.038,0.082,22,12,0.471,0.142,0.079,0.134,0.327,0.04,0.11,0.12,203895,Jordan McRae,0.007,CLE,1610612739,10,0.455
236,21.0,0.083,5,"1626175,1610612738",89.0,0.001,0.053,0.143,16,7,0.433,0.068,0.144,0.129,0.424,0.846,0.189,0.0,1626175,Jordan Mickey,0.0,BOS,1610612738,9,0.563
237,27.0,0.0,5,"203268,1610612766",103.2,0.001,0.05,0.103,12,3,0.449,0.128,0.177,0.177,0.439,0.0,0.125,0.429,203268,Jorge Gutierrez,0.021,CHA,1610612766,9,0.75
238,34.0,0.002,5,"101181,1610612752",106.3,0.0,0.046,0.109,72,43,0.454,0.116,0.133,0.154,0.408,0.026,0.143,0.296,101181,Jose Calderon,0.014,NYK,1610612752,29,0.403
239,32.0,0.001,5,"200826,1610612742",107.7,0.0,0.034,0.085,74,36,0.452,0.136,0.161,0.134,0.378,0.015,0.114,0.12,200826,Jose Juan Barea,0.007,DAL,1610612742,38,0.514
240,24.0,0.016,5,"203962,1610612760",107.7,0.0,0.063,0.157,5,3,0.433,0.11,0.102,0.142,0.378,0.333,0.211,0.25,203962,Josh Huestis,0.008,OKC,1610612760,2,0.4
241,29.0,0.005,5,"201177,1610612748",101.9,0.001,0.065,0.157,42,15,0.467,0.119,0.093,0.14,0.379,0.1,0.2,0.217,201177,Josh McRoberts,0.014,MIA,1610612748,27,0.643
242,22.0,0.01,5,"1626196,1610612748",101.4,0.001,0.035,0.085,52,23,0.454,0.125,0.1,0.16,0.38,0.169,0.111,0.22,1626196,Josh Richardson,0.015,MIA,1610612748,29,0.558
243,30.0,0.023,5,"2746,1610612745",102.1,0.001,0.07,0.177,55,24,0.436,0.122,0.126,0.168,0.383,0.409,0.24,0.189,2746,Josh Smith,0.017,HOU,1610612745,31,0.564
244,26.0,0.005,5,"201950,1610612740",105.9,0.0,0.04,0.106,65,38,0.439,0.103,0.095,0.127,0.374,0.133,0.133,0.272,201950,Jrue Holiday,0.021,NOP,1610612740,27,0.415
245,21.0,0.006,5,"203944,1610612747",113.0,0.0,0.126,0.327,81,64,0.439,0.132,0.178,0.158,0.451,0.151,0.435,0.163,203944,Julius Randle,0.01,LAL,1610612747,17,0.21
246,22.0,0.017,5,"1626147,1610612742",99.8,0.001,0.079,0.188,55,27,0.449,0.106,0.152,0.13,0.347,0.352,0.235,0.213,1626147,Justin Anderson,0.013,DAL,1610612742,28,0.509
247,26.0,0.0,5,"202712,1610612765",141.7,-0.002,0.014,0.038,5,1,0.482,0.096,0.165,0.233,0.439,0.0,0.048,1.0,202712,Justin Harper,0.014,DET,1610612765,4,0.8
248,27.0,0.011,5,"203200,1610612741",104.9,0.0,0.045,0.111,53,25,0.447,0.113,0.14,0.168,0.395,0.253,0.147,0.258,203200,Justin Holiday,0.019,CHI,1610612741,28,0.528
249,20.0,0.005,5,"1626159,1610612748",99.0,0.001,0.066,0.158,78,32,0.456,0.113,0.091,0.15,0.379,0.088,0.201,0.199,1626159,Justise Winslow,0.014,MIA,1610612748,46,0.59
250,21.0,0.035,5,"203994,1610612743",105.1,0.0,0.088,0.227,32,18,0.437,0.126,0.122,0.139,0.394,0.512,0.289,0.296,203994,Jusuf Nurkic,0.019,DEN,1610612743,14,0.438
251,23.0,0.011,5,"203909,1610612745",93.8,0.001,0.048,0.104,37,20,0.432,0.132,0.108,0.134,0.323,0.176,0.144,0.14,203909,KJ McDaniels,0.013,HOU,1610612745,17,0.459
252,20.0,0.023,5,"1626157,1610612750",108.1,0.0,0.107,0.271,82,53,0.445,0.126,0.127,0.157,0.423,0.515,0.367,0.132,1626157,Karl-Anthony Towns,0.01,MIN,1610612750,29,0.354
253,24.0,0.014,5,"202695,1610612759",94.9,0.001,0.076,0.182,72,12,0.457,0.095,0.119,0.116,0.373,0.227,0.227,0.305,202695,Kawhi Leonard,0.025,SAS,1610612759,60,0.833
254,24.0,0.0,5,"203951,1610612753",81.4,0.002,0.017,0.042,5,5,0.455,0.017,0.102,0.152,0.305,0.0,0.048,0.25,203951,Keith Appling,0.017,ORL,1610612753,0,0.0
255,25.0,0.01,5,"203482,1610612738",97.7,0.001,0.063,0.158,69,29,0.421,0.122,0.095,0.119,0.362,0.3,0.213,0.202,203482,Kelly Olynyk,0.016,BOS,1610612738,40,0.58
256,20.0,0.005,5,"1626162,1610612764",103.9,0.0,0.07,0.177,63,32,0.436,0.119,0.146,0.12,0.367,0.135,0.231,0.212,1626162,Kelly Oubre,0.014,WAS,1610612764,31,0.492
257,26.0,0.006,5,"202689,1610612766",102.2,0.001,0.047,0.116,81,34,0.451,0.109,0.106,0.124,0.376,0.123,0.146,0.286,202689,Kemba Walker,0.02,CHA,1610612766,47,0.58
258,24.0,0.002,5,"203088,1610612755",112.3,0.0,0.028,0.076,30,27,0.434,0.15,0.152,0.186,0.406,0.042,0.107,0.203,203088,Kendall Marshall,0.017,PHI,1610612755,3,0.1
259,31.0,0.009,5,"2570,1610612740",110.8,0.0,0.086,0.225,37,24,0.451,0.113,0.125,0.166,0.405,0.314,0.282,0.151,2570,Kendrick Perkins,0.009,NOP,1610612740,13,0.351
260,26.0,0.015,5,"202702,1610612743",109.1,0.0,0.088,0.232,67,41,0.43,0.098,0.117,0.152,0.395,0.337,0.295,0.124,202702,Kenneth Faried,0.008,DEN,1610612743,26,0.388
261,26.0,0.008,5,"203145,1610612737",99.5,0.001,0.075,0.176,75,31,0.446,0.133,0.12,0.148,0.381,0.138,0.24,0.249,203145,Kent Bazemore,0.021,ATL,1610612737,44,0.587
262,23.0,0.003,5,"203484,1610612765",102.6,0.001,0.033,0.085,76,35,0.43,0.098,0.087,0.126,0.402,0.085,0.109,0.263,203484,Kentavious Caldwell-Pope,0.017,DET,1610612765,41,0.539
263,27.0,0.014,5,"201142,1610612760",102.2,0.001,0.09,0.209,72,20,0.424,0.128,0.119,0.153,0.398,0.249,0.276,0.177,201142,Kevin Durant,0.011,OKC,1610612760,52,0.722
264,40.0,0.008,5,"708,1610612750",96.4,0.001,0.113,0.262,38,24,0.464,0.117,0.079,0.112,0.391,0.169,0.335,0.283,708,Kevin Garnett,0.023,MIN,1610612750,14,0.368
265,27.0,0.008,5,"201567,1610612739",102.6,0.001,0.114,0.287,77,24,0.452,0.104,0.115,0.146,0.394,0.229,0.363,0.176,201567,Kevin Love,0.011,CLE,1610612739,53,0.688
266,33.0,0.001,5,"2755,1610612759",106.8,0.0,0.039,0.102,55,31,0.444,0.118,0.133,0.168,0.399,0.026,0.132,0.156,2755,Kevin Martin,0.011,SAS,1610612759,24,0.436
267,26.0,0.031,5,"202338,1610612752",102.9,0.001,0.082,0.194,48,33,0.455,0.121,0.117,0.162,0.381,0.643,0.26,0.127,202338,Kevin Seraphin,0.007,NYK,1610612752,15,0.313
268,20.0,0.0,5,"1626172,1610612744",151.6,-0.002,0.116,0.375,5,1,0.398,0.135,0.309,0.232,0.425,0.0,0.6,0.0,1626172,Kevon Looney,0.0,GSW,1610612744,4,0.8
269,24.0,0.003,5,"203114,1610612749",104.7,0.0,0.04,0.103,79,46,0.447,0.135,0.118,0.155,0.406,0.056,0.141,0.253,203114,Khris Middleton,0.021,MIL,1610612749,33,0.418
270,35.0,0.001,5,"2550,1610612737",98.7,0.001,0.044,0.107,46,20,0.444,0.133,0.102,0.142,0.38,0.03,0.142,0.158,2550,Kirk Hinrich,0.011,ATL,1610612737,26,0.565
271,26.0,0.008,5,"202691,1610612744",99.7,0.001,0.044,0.1,80,9,0.433,0.122,0.127,0.151,0.407,0.143,0.132,0.131,202691,Klay Thompson,0.01,GSW,1610612744,71,0.888
272,37.0,0.003,5,"977,1610612747",114.1,0.0,0.048,0.123,66,53,0.435,0.145,0.173,0.155,0.456,0.087,0.168,0.221,977,Kobe Bryant,0.014,LAL,1610612747,13,0.197
273,27.0,0.02,5,"201585,1610612758",108.0,0.0,0.073,0.19,78,46,0.427,0.11,0.131,0.169,0.377,0.511,0.251,0.154,201585,Kosta Koufos,0.012,SAC,1610612758,32,0.41
274,25.0,0.008,5,"203123,1610612743",98.7,0.001,0.05,0.125,26,18,0.459,0.125,0.114,0.181,0.356,0.172,0.162,0.25,203123,Kostas Papanikolaou,0.02,DEN,1610612743,8,0.308
275,31.0,0.012,5,"2743,1610612737",105.9,0.0,0.084,0.216,53,24,0.434,0.11,0.133,0.14,0.401,0.225,0.28,0.121,2743,Kris Humphries,0.008,ATL,1610612737,29,0.547
276,20.0,0.03,5,"204001,1610612752",104.1,0.0,0.087,0.206,72,44,0.451,0.114,0.107,0.139,0.392,0.519,0.269,0.218,204001,Kristaps Porzingis,0.012,NYK,1610612752,28,0.389
277,22.0,0.011,5,"203937,1610612759",97.7,0.001,0.082,0.201,78,14,0.468,0.108,0.116,0.131,0.399,0.197,0.261,0.269,203937,Kyle Anderson,0.023,SAS,1610612759,64,0.821
278,35.0,0.006,5,"2594,1610612737",98.1,0.001,0.045,0.108,80,34,0.44,0.119,0.112,0.143,0.372,0.113,0.145,0.137,2594,Kyle Korver,0.011,ATL,1610612737,46,0.575
279,30.0,0.005,5,"200768,1610612761",102.6,0.001,0.049,0.124,77,23,0.452,0.11,0.098,0.135,0.372,0.103,0.16,0.326,200768,Kyle Lowry,0.025,TOR,1610612761,54,0.701
280,26.0,0.029,5,"203124,1610612752",104.3,0.0,0.103,0.237,65,39,0.452,0.138,0.129,0.144,0.39,0.583,0.323,0.215,203124,Kyle O'Quinn,0.012,NYK,1610612752,26,0.4
281,28.0,0.004,5,"202713,1610612760",104.0,0.0,0.039,0.099,68,25,0.42,0.117,0.126,0.17,0.401,0.091,0.129,0.205,202713,Kyle Singler,0.013,OKC,1610612760,43,0.632
282,24.0,0.005,5,"202681,1610612739",104.7,0.0,0.03,0.078,53,16,0.449,0.103,0.118,0.134,0.419,0.131,0.1,0.242,202681,Kyrie Irving,0.015,CLE,1610612739,37,0.698
283,30.0,0.016,5,"200746,1610612759",97.1,0.001,0.093,0.222,74,13,0.46,0.099,0.117,0.118,0.379,0.273,0.279,0.101,200746,LaMarcus Aldridge,0.008,SAS,1610612759,61,0.824
284,24.0,0.002,5,"203934,1610612737",103.2,0.0,0.051,0.141,35,12,0.441,0.092,0.123,0.127,0.4,0.063,0.178,0.12,203934,Lamar Patterson,0.01,ATL,1610612737,23,0.657
285,25.0,0.003,5,"202362,1610612763",105.9,0.0,0.059,0.152,69,33,0.442,0.119,0.125,0.152,0.379,0.058,0.206,0.184,202362,Lance Stephenson,0.014,MEM,1610612763,36,0.522
286,28.0,0.002,5,"202498,1610612752",103.2,0.001,0.034,0.079,59,34,0.459,0.125,0.126,0.166,0.432,0.049,0.106,0.133,202498,Lance Thomas,0.008,NYK,1610612752,25,0.424
287,24.0,0.005,5,"204038,1610612752",103.2,0.001,0.054,0.131,82,50,0.45,0.118,0.11,0.137,0.391,0.102,0.172,0.287,204038,Langston Galloway,0.017,NYK,1610612752,32,0.39
288,23.0,0.008,5,"1626204,1610612747",105.9,0.0,0.074,0.184,63,49,0.442,0.119,0.128,0.15,0.41,0.202,0.247,0.263,1626204,Larry Nance Jr.,0.019,LAL,1610612747,14,0.222
289,27.0,0.012,5,"202730,1610612754",98.2,0.001,0.073,0.18,79,36,0.444,0.116,0.113,0.146,0.353,0.292,0.236,0.095,202730,Lavoy Allen,0.007,IND,1610612754,43,0.544
290,31.0,0.008,5,"2544,1610612739",101.4,0.001,0.075,0.187,76,20,0.448,0.104,0.106,0.142,0.377,0.224,0.238,0.267,2544,LeBron James,0.017,CLE,1610612739,56,0.737
291,33.0,0.004,5,"2571,1610612744",103.9,0.0,0.035,0.09,68,8,0.429,0.125,0.129,0.138,0.392,0.071,0.117,0.221,2571,Leandro Barbosa,0.017,GSW,1610612744,60,0.882
292,25.0,0.007,5,"203485,1610612765",118.7,0.0,0.051,0.149,8,7,0.443,0.058,0.168,0.255,0.393,0.333,0.194,0.429,203485,Lorenzo Brown,0.022,DET,1610612765,1,0.125
293,33.0,0.015,5,"200811,1610612752",100.2,0.001,0.057,0.137,29,18,0.447,0.116,0.105,0.116,0.324,0.226,0.181,0.167,200811,Lou Amundson,0.013,NYK,1610612752,11,0.379
294,29.0,0.004,5,"101150,1610612747",110.4,0.0,0.032,0.08,67,53,0.438,0.138,0.149,0.151,0.443,0.106,0.107,0.219,101150,Lou Williams,0.014,LAL,1610612747,14,0.209
295,29.0,0.007,5,"201601,1610612746",97.5,0.001,0.041,0.09,75,26,0.466,0.114,0.11,0.127,0.378,0.167,0.118,0.205,201601,Luc Mbah a Moute,0.016,LAC,1610612746,49,0.653
296,23.0,0.024,5,"203512,1610612761",103.5,0.001,0.057,0.136,29,12,0.457,0.138,0.081,0.079,0.407,0.48,0.176,0.267,203512,Lucas Nogueira,0.024,TOR,1610612761,17,0.586
297,23.0,0.0,5,"1626242,1610612757",122.2,0.0,0.043,0.118,12,6,0.451,0.14,0.086,0.215,0.193,0.0,0.174,0.0,1626242,Luis Montero,0.0,POR,1610612757,6,0.5
298,36.0,0.007,5,"2449,1610612761",106.7,0.0,0.076,0.199,76,26,0.45,0.104,0.117,0.154,0.397,0.168,0.252,0.171,2449,Luis Scola,0.013,TOR,1610612761,50,0.658
299,27.0,0.004,5,"202337,1610612740",108.8,0.0,0.063,0.166,47,31,0.436,0.097,0.125,0.143,0.393,0.117,0.211,0.083,202337,Luke Babbitt,0.006,NOP,1610612740,16,0.34
300,31.0,0.005,5,"2736,1610612748",102.8,0.001,0.063,0.155,74,29,0.45,0.115,0.114,0.141,0.411,0.086,0.199,0.216,2736,Luol Deng,0.014,MIA,1610612748,45,0.608
301,38.0,0.004,5,"1938,1610612759",93.9,0.001,0.048,0.115,58,11,0.449,0.104,0.108,0.139,0.383,0.097,0.147,0.333,1938,Manu Ginobili,0.026,SAS,1610612759,47,0.81
302,31.0,0.018,5,"201188,1610612763",102.9,0.001,0.078,0.202,52,22,0.459,0.109,0.144,0.141,0.355,0.44,0.266,0.154,201188,Marc Gasol,0.013,MEM,1610612763,30,0.577
303,33.0,0.004,5,"1626273,1610612747",101.5,0.001,0.037,0.093,53,45,0.445,0.113,0.139,0.139,0.391,0.109,0.119,0.182,1626273,Marcelo Huertas,0.013,LAL,1610612747,8,0.151
304,32.0,0.018,5,"101162,1610612764",103.0,0.0,0.1,0.252,75,40,0.434,0.111,0.114,0.145,0.363,0.462,0.324,0.124,101162,Marcin Gortat,0.009,WAS,1610612764,35,0.467
305,30.0,0.001,5,"201158,1610612758",106.7,0.0,0.027,0.071,68,41,0.428,0.117,0.128,0.162,0.407,0.016,0.096,0.124,201158,Marco Belinelli,0.009,SAC,1610612758,27,0.397
306,26.0,0.004,5,"202694,1610612765",103.1,0.0,0.048,0.126,80,38,0.437,0.094,0.097,0.129,0.405,0.119,0.159,0.152,202694,Marcus Morris,0.01,DET,1610612765,42,0.525
307,22.0,0.005,5,"203935,1610612738",100.2,0.001,0.045,0.117,61,25,0.42,0.126,0.093,0.129,0.367,0.129,0.155,0.275,203935,Marcus Smart,0.023,BOS,1610612738,36,0.59
308,29.0,0.002,5,"201977,1610612764",104.8,0.0,0.043,0.112,61,29,0.424,0.132,0.145,0.157,0.416,0.038,0.152,0.194,201977,Marcus Thornton,0.018,WAS,1610612764,32,0.525
309,30.0,0.004,5,"201596,1610612763",100.8,0.001,0.043,0.111,61,23,0.447,0.123,0.124,0.144,0.34,0.106,0.149,0.332,201596,Mario Chalmers,0.029,MEM,1610612763,38,0.623
310,21.0,0.005,5,"1626209,1610612753",103.6,0.0,0.047,0.121,79,46,0.444,0.096,0.106,0.137,0.405,0.113,0.156,0.17,1626209,Mario Hezonja,0.012,ORL,1610612753,33,0.418
311,24.0,0.007,5,"203900,1610612751",113.7,0.0,0.044,0.12,62,50,0.441,0.127,0.12,0.174,0.44,0.163,0.167,0.245,203900,Markel Brown,0.017,BKN,1610612751,12,0.194
312,26.0,0.009,5,"202693,1610612764",104.8,0.0,0.074,0.195,64,42,0.432,0.1,0.133,0.163,0.361,0.268,0.247,0.216,202693,Markieff Morris,0.015,WAS,1610612764,22,0.344
313,28.0,0.018,5,"201578,1610612744",105.1,0.0,0.086,0.205,72,8,0.44,0.142,0.135,0.147,0.435,0.333,0.279,0.143,201578,Marreese Speights,0.01,GSW,1610612744,64,0.889
314,30.0,0.015,5,"101107,1610612766",102.6,0.001,0.076,0.187,81,34,0.452,0.106,0.109,0.126,0.375,0.281,0.236,0.165,101107,Marvin Williams,0.011,CHA,1610612766,47,0.58
315,26.0,0.018,5,"203486,1610612757",107.0,0.0,0.09,0.223,82,38,0.44,0.11,0.098,0.159,0.403,0.419,0.293,0.234,203486,Mason Plumlee,0.014,POR,1610612757,44,0.537
316,36.0,0.012,5,"2440,1610612763",107.4,0.0,0.068,0.179,76,38,0.444,0.108,0.14,0.133,0.353,0.273,0.238,0.206,2440,Matt Barnes,0.016,MEM,1610612763,38,0.5
317,36.0,0.002,5,"2588,1610612759",98.8,0.001,0.057,0.133,30,5,0.487,0.123,0.156,0.159,0.393,0.053,0.169,0.194,2588,Matt Bonner,0.014,SAS,1610612759,25,0.833
318,25.0,0.002,5,"203521,1610612739",99.7,0.001,0.031,0.076,76,22,0.453,0.101,0.093,0.141,0.35,0.063,0.097,0.164,203521,Matthew Dellavedova,0.011,CLE,1610612739,54,0.711
319,23.0,0.01,5,"203090,1610612757",104.7,0.0,0.053,0.133,78,38,0.433,0.123,0.098,0.148,0.361,0.241,0.177,0.211,203090,Maurice Harkless,0.015,POR,1610612757,40,0.513
320,36.0,0.008,5,"1897,1610612747",102.5,0.001,0.053,0.125,35,29,0.448,0.106,0.134,0.146,0.381,0.212,0.166,0.268,1897,Metta World Peace,0.017,LAL,1610612747,6,0.171
321,24.0,0.006,5,"203086,1610612757",106.4,0.0,0.087,0.213,61,28,0.441,0.107,0.1,0.149,0.336,0.191,0.273,0.054,203086,Meyers Leonard,0.003,POR,1610612757,33,0.541
322,27.0,0.01,5,"201563,1610612745",109.6,0.0,0.08,0.198,20,10,0.42,0.145,0.123,0.179,0.373,0.18,0.284,0.183,201563,Michael Beasley,0.013,HOU,1610612745,10,0.5
323,24.0,0.011,5,"203487,1610612749",105.3,0.0,0.061,0.154,54,33,0.445,0.128,0.12,0.168,0.38,0.199,0.21,0.28,203487,Michael Carter-Williams,0.022,MIL,1610612749,21,0.389
324,22.0,0.007,5,"203077,1610612766",95.0,0.001,0.072,0.16,7,2,0.449,0.068,0.138,0.118,0.368,0.125,0.183,0.143,203077,Michael Kidd-Gilchrist,0.007,CHA,1610612766,5,0.714
325,28.0,0.004,5,"201144,1610612763",103.4,0.0,0.036,0.093,56,23,0.462,0.11,0.134,0.126,0.363,0.098,0.123,0.215,201144,Mike Conley,0.018,MEM,1610612763,33,0.589
326,35.0,0.006,5,"2399,1610612741",111.2,0.0,0.047,0.116,31,18,0.441,0.13,0.116,0.14,0.418,0.118,0.157,0.157,2399,Mike Dunleavy,0.009,CHI,1610612741,13,0.419
327,36.0,0.005,5,"2034,1610612743",110.4,0.0,0.055,0.14,47,26,0.435,0.126,0.103,0.143,0.387,0.103,0.19,0.232,2034,Mike Miller,0.015,DEN,1610612743,21,0.447
328,24.0,0.022,5,"203488,1610612737",102.0,0.001,0.064,0.157,60,26,0.456,0.111,0.108,0.16,0.414,0.403,0.21,0.114,203488,Mike Muscala,0.01,ATL,1610612737,34,0.567
329,27.0,0.007,5,"203118,1610612737",95.3,0.001,0.06,0.144,75,29,0.452,0.103,0.097,0.151,0.359,0.148,0.19,0.116,203118,Mike Scott,0.01,ATL,1610612737,46,0.613
330,27.0,0.026,5,"203101,1610612749",103.1,0.001,0.071,0.174,61,38,0.449,0.122,0.115,0.164,0.414,0.446,0.239,0.144,203101,Miles Plumlee,0.011,MIL,1610612749,23,0.377
331,30.0,0.005,5,"203141,1610612756",108.9,0.0,0.062,0.164,79,56,0.422,0.115,0.162,0.173,0.417,0.149,0.215,0.123,203141,Mirza Teletovic,0.008,PHX,1610612756,23,0.291
332,24.0,0.012,5,"203956,1610612760",122.8,-0.001,0.085,0.222,20,3,0.438,0.169,0.236,0.223,0.423,0.4,0.304,0.077,203956,Mitch McGary,0.006,OKC,1610612760,17,0.85
333,33.0,0.003,5,"2590,1610612739",103.0,0.001,0.04,0.099,41,14,0.45,0.1,0.112,0.17,0.373,0.083,0.126,0.147,2590,Mo Williams,0.008,CLE,1610612739,27,0.659
334,30.0,0.006,5,"101145,1610612754",100.1,0.001,0.037,0.091,81,37,0.437,0.119,0.117,0.152,0.375,0.137,0.12,0.27,101145,Monta Ellis,0.024,IND,1610612754,44,0.543
335,22.0,0.012,5,"1626149,1610612745",102.7,0.001,0.045,0.108,39,22,0.429,0.111,0.147,0.175,0.385,0.262,0.146,0.153,1626149,Montrezl Harrell,0.012,HOU,1610612745,17,0.436
336,20.0,0.028,5,"1626167,1610612754",100.6,0.001,0.086,0.207,60,28,0.443,0.124,0.107,0.142,0.395,0.528,0.275,0.096,1626167,Myles Turner,0.008,IND,1610612754,32,0.533
337,32.0,0.0,5,"101126,1610612740",115.4,0.0,0.0,0.0,2,2,0.432,0.13,0.093,0.204,0.482,0.0,0.0,0.5,101126,Nate Robinson,0.019,NOP,1610612740,0,0.0
338,38.0,0.0,5,"1737,1610612760",84.9,0.002,0.07,0.158,5,0,0.452,0.046,0.232,0.279,0.279,0.0,0.158,0.0,1737,Nazr Mohammed,0.0,OKC,1610612760,5,1.0
339,28.0,0.009,5,"202357,1610612750",107.3,0.0,0.067,0.178,60,40,0.444,0.106,0.114,0.183,0.4,0.239,0.233,0.157,202357,Nemanja Bjelica,0.011,MIN,1610612750,20,0.333
340,33.0,0.011,5,"2403,1610612764",101.4,0.001,0.085,0.227,57,29,0.45,0.097,0.112,0.144,0.385,0.321,0.287,0.23,2403,Nene,0.022,WAS,1610612764,28,0.491
341,22.0,0.022,5,"203457,1610612755",105.6,0.0,0.087,0.22,67,57,0.44,0.134,0.159,0.196,0.411,0.403,0.302,0.326,203457,Nerlens Noel,0.026,PHI,1610612755,10,0.149
342,35.0,0.01,5,"2555,1610612760",100.4,0.001,0.064,0.161,59,20,0.432,0.108,0.124,0.164,0.386,0.281,0.201,0.172,2555,Nick Collison,0.009,OKC,1610612760,39,0.661
343,31.0,0.003,5,"201156,1610612747",108.5,0.0,0.036,0.092,54,41,0.446,0.133,0.137,0.151,0.442,0.079,0.124,0.146,201156,Nick Young,0.01,LAL,1610612747,13,0.241
344,27.0,0.008,5,"201587,1610612766",102.1,0.001,0.069,0.166,70,29,0.452,0.111,0.118,0.136,0.39,0.156,0.209,0.178,201587,Nicolas Batum,0.012,CHA,1610612766,41,0.586
345,22.0,0.005,5,"203917,1610612755",107.4,0.0,0.038,0.101,73,65,0.434,0.127,0.153,0.178,0.414,0.087,0.135,0.147,203917,Nik Stauskas,0.011,PHI,1610612755,8,0.11
346,21.0,0.013,5,"203999,1610612743",102.9,0.0,0.096,0.248,80,49,0.437,0.09,0.108,0.141,0.352,0.318,0.311,0.27,203999,Nikola Jokic,0.02,DEN,1610612743,31,0.388
347,25.0,0.012,5,"202703,1610612741",104.4,0.0,0.081,0.197,66,29,0.44,0.122,0.121,0.147,0.436,0.234,0.264,0.256,202703,Nikola Mirotic,0.016,CHI,1610612741,37,0.561
348,30.0,0.0,5,"201593,1610612750",115.0,0.0,0.043,0.118,12,10,0.479,0.165,0.153,0.196,0.453,0.0,0.154,0.048,201593,Nikola Pekovic,0.003,MIN,1610612750,2,0.167
349,25.0,0.015,5,"202696,1610612753",105.5,0.0,0.087,0.223,65,37,0.441,0.097,0.123,0.143,0.38,0.372,0.286,0.155,202696,Nikola Vucevic,0.011,ORL,1610612753,28,0.431
350,20.0,0.01,5,"203943,1610612757",105.4,0.0,0.081,0.202,78,37,0.443,0.099,0.1,0.152,0.384,0.228,0.266,0.153,203943,Noah Vonleh,0.01,POR,1610612757,41,0.526
351,23.0,0.006,5,"1626181,1610612761",104.1,0.0,0.06,0.142,49,17,0.455,0.104,0.121,0.133,0.384,0.114,0.182,0.244,1626181,Norman Powell,0.018,TOR,1610612761,32,0.653
352,27.0,0.002,5,"202708,1610612740",107.8,0.0,0.052,0.137,45,25,0.44,0.108,0.101,0.123,0.427,0.041,0.178,0.2,202708,Norris Cole,0.014,NOP,1610612740,20,0.444
353,28.0,0.003,5,"201564,1610612749",102.3,0.001,0.038,0.094,41,24,0.449,0.135,0.126,0.159,0.396,0.056,0.126,0.267,201564,O.J. Mayo,0.02,MIL,1610612749,17,0.415
354,29.0,0.009,5,"201600,1610612740",107.9,0.0,0.111,0.28,68,39,0.444,0.087,0.112,0.132,0.385,0.271,0.343,0.119,201600,Omer Asik,0.008,NOP,1610612740,29,0.426
355,28.0,0.004,5,"201956,1610612758",105.0,0.0,0.079,0.196,69,42,0.423,0.123,0.125,0.163,0.381,0.109,0.261,0.165,201956,Omri Casspi,0.013,SAC,1610612758,27,0.391
356,27.0,0.012,5,"203111,1610612740",109.5,0.0,0.045,0.141,7,6,0.415,0.053,0.171,0.143,0.432,0.231,0.169,0.188,203111,Orlando Johnson,0.012,NOP,1610612740,1,0.143
357,23.0,0.006,5,"203490,1610612764",103.2,0.0,0.056,0.148,75,39,0.433,0.105,0.117,0.156,0.37,0.173,0.189,0.251,203490,Otto Porter,0.02,WAS,1610612764,36,0.48
358,23.0,0.004,5,"203798,1610612763",107.5,0.0,0.051,0.136,66,35,0.453,0.112,0.117,0.133,0.379,0.081,0.173,0.144,203798,PJ Hairston,0.011,MEM,1610612763,31,0.47
359,31.0,0.003,5,"200782,1610612756",106.5,0.0,0.058,0.152,82,59,0.427,0.111,0.152,0.19,0.369,0.108,0.196,0.262,200782,PJ Tucker,0.018,PHX,1610612756,23,0.28
360,39.0,0.001,5,"203143,1610612746",101.0,0.001,0.043,0.103,59,22,0.461,0.166,0.135,0.143,0.425,0.01,0.145,0.308,203143,Pablo Prigioni,0.03,LAC,1610612746,37,0.627
361,23.0,0.0,5,"1626192,1610612757",97.1,0.001,0.064,0.144,34,17,0.44,0.101,0.074,0.12,0.221,0.0,0.196,0.118,1626192,Pat Connaughton,0.006,POR,1610612757,17,0.5
362,27.0,0.006,5,"201976,1610612745",104.6,0.0,0.038,0.097,71,36,0.436,0.13,0.125,0.17,0.387,0.118,0.132,0.215,201976,Patrick Beverley,0.02,HOU,1610612745,35,0.493
363,27.0,0.007,5,"202335,1610612761",100.6,0.001,0.06,0.146,79,25,0.46,0.119,0.095,0.122,0.364,0.136,0.191,0.17,202335,Patrick Patterson,0.012,TOR,1610612761,54,0.684
364,27.0,0.002,5,"201988,1610612759",96.8,0.001,0.035,0.087,81,15,0.45,0.105,0.103,0.133,0.394,0.033,0.112,0.206,201988,Patty Mills,0.016,SAS,1610612759,66,0.815
365,35.0,0.028,5,"2200,1610612741",103.5,0.0,0.122,0.277,72,36,0.438,0.14,0.126,0.145,0.407,0.488,0.376,0.153,2200,Pau Gasol,0.008,CHI,1610612741,36,0.5
366,26.0,0.004,5,"202331,1610612754",100.0,0.001,0.075,0.187,81,37,0.437,0.117,0.109,0.148,0.372,0.109,0.248,0.271,202331,Paul George,0.024,IND,1610612754,44,0.543
367,31.0,0.023,5,"200794,1610612737",100.1,0.001,0.089,0.213,81,33,0.442,0.129,0.117,0.146,0.388,0.389,0.289,0.29,200794,Paul Millsap,0.025,ATL,1610612737,48,0.593
368,38.0,0.006,5,"1718,1610612746",103.3,0.001,0.065,0.151,68,24,0.459,0.127,0.13,0.128,0.391,0.134,0.206,0.163,1718,Paul Pierce,0.012,LAC,1610612746,44,0.647
369,25.0,0.006,5,"203515,1610612756",103.2,0.0,0.041,0.109,23,20,0.414,0.117,0.153,0.161,0.424,0.133,0.145,0.281,203515,Phil Pressey,0.026,PHX,1610612756,3,0.13
370,25.0,0.012,5,"203112,1610612758",106.3,0.0,0.06,0.154,59,38,0.424,0.124,0.138,0.174,0.372,0.289,0.21,0.163,203112,Quincy Acy,0.014,SAC,1610612758,21,0.356
371,22.0,0.006,5,"1626154,1610612738",95.6,0.001,0.048,0.131,36,15,0.434,0.084,0.141,0.153,0.403,0.125,0.164,0.237,1626154,RJ Hunter,0.019,BOS,1610612738,21,0.583
372,30.0,0.002,5,"200765,1610612758",106.8,0.0,0.059,0.15,72,43,0.421,0.119,0.135,0.173,0.384,0.042,0.201,0.298,200765,Rajon Rondo,0.023,SAC,1610612758,29,0.403
373,24.0,0.0,5,"1626176,1610612754",202.0,-0.005,0.0,0.0,1,0,0.469,0.231,0.154,0.769,0.615,0.0,0.0,0.0,1626176,Rakeem Christmas,0.0,IND,1610612754,1,1.0
374,30.0,0.001,5,"201196,1610612764",103.9,0.0,0.047,0.123,82,41,0.441,0.101,0.114,0.133,0.394,0.039,0.16,0.152,201196,Ramon Sessions,0.012,WAS,1610612764,41,0.5
375,32.0,0.008,5,"200751,1610612760",102.5,0.001,0.035,0.086,81,44,0.438,0.113,0.126,0.165,0.39,0.171,0.114,0.155,200751,Randy Foye,0.01,OKC,1610612760,37,0.457
376,19.0,0.007,5,"1626173,1610612749",106.3,0.0,0.034,0.086,70,40,0.444,0.116,0.136,0.175,0.412,0.124,0.115,0.176,1626173,Rashad Vaughn,0.013,MIL,1610612749,30,0.429
377,37.0,0.025,5,"2446,1610612759",97.6,0.001,0.058,0.13,46,5,0.469,0.103,0.124,0.135,0.424,0.377,0.163,0.191,2446,Rasual Butler,0.014,SAS,1610612759,41,0.891
378,24.0,0.001,5,"203526,1610612762",99.7,0.001,0.033,0.08,81,41,0.473,0.109,0.112,0.155,0.387,0.012,0.102,0.267,203526,Raul Neto,0.02,UTA,1610612762,40,0.494
379,25.0,0.007,5,"203492,1610612763",101.8,0.001,0.037,0.096,41,11,0.451,0.106,0.116,0.135,0.367,0.143,0.122,0.141,203492,Ray McCallum,0.011,MEM,1610612763,30,0.732
380,32.0,0.003,5,"101109,1610612742",105.0,0.0,0.046,0.111,80,40,0.459,0.132,0.159,0.144,0.388,0.089,0.146,0.221,101109,Raymond Felton,0.014,DAL,1610612742,40,0.5
381,25.0,0.002,5,"203493,1610612765",109.9,0.0,0.056,0.151,37,15,0.446,0.098,0.094,0.144,0.393,0.061,0.186,0.196,203493,Reggie Bullock,0.01,DET,1610612765,22,0.595
382,26.0,0.002,5,"202704,1610612765",104.1,0.0,0.035,0.092,79,36,0.432,0.097,0.094,0.128,0.411,0.063,0.117,0.165,202704,Reggie Jackson,0.011,DET,1610612765,43,0.544
383,36.0,0.005,5,"2210,1610612739",102.7,0.001,0.039,0.096,74,23,0.459,0.106,0.092,0.154,0.378,0.144,0.122,0.191,2210,Richard Jefferson,0.011,CLE,1610612739,51,0.689
384,22.0,0.024,5,"1626158,1610612755",105.1,0.0,0.045,0.121,51,44,0.43,0.129,0.146,0.182,0.382,0.44,0.159,0.162,1626158,Richaun Holmes,0.012,PHI,1610612755,7,0.137
385,25.0,0.002,5,"201937,1610612750",105.7,0.0,0.055,0.139,76,48,0.446,0.126,0.116,0.149,0.416,0.04,0.188,0.391,201937,Ricky Rubio,0.031,MIN,1610612750,28,0.368
386,25.0,0.009,5,"203496,1610612755",105.1,0.0,0.081,0.211,67,57,0.434,0.124,0.132,0.166,0.387,0.177,0.279,0.284,203496,Robert Covington,0.024,PHI,1610612755,10,0.149
387,27.0,0.013,5,"203135,1610612747",104.5,0.0,0.053,0.138,25,23,0.426,0.113,0.161,0.15,0.407,0.455,0.178,0.08,203135,Robert Sacre,0.005,LAL,1610612747,2,0.08
388,28.0,0.026,5,"201577,1610612752",105.1,0.0,0.068,0.161,82,50,0.452,0.113,0.125,0.151,0.412,0.459,0.21,0.068,201577,Robin Lopez,0.003,NYK,1610612752,32,0.39
389,23.0,0.003,5,"203918,1610612762",102.9,0.001,0.042,0.107,79,40,0.468,0.108,0.112,0.152,0.382,0.06,0.138,0.192,203918,Rodney Hood,0.013,UTA,1610612762,39,0.494
390,30.0,0.003,5,"201155,1610612754",100.2,0.001,0.048,0.116,58,25,0.449,0.127,0.108,0.157,0.391,0.065,0.152,0.199,201155,Rodney Stuckey,0.015,IND,1610612754,33,0.569
391,21.0,0.011,5,"1626178,1610612751",101.4,0.001,0.081,0.199,29,22,0.435,0.112,0.134,0.156,0.386,0.239,0.256,0.317,1626178,Rondae Hollis-Jefferson,0.028,BKN,1610612751,7,0.241
392,33.0,0.005,5,"101179,1610612756",100.9,0.001,0.026,0.068,62,42,0.426,0.095,0.139,0.165,0.36,0.146,0.086,0.349,101179,Ronnie Price,0.026,PHX,1610612756,20,0.323
393,29.0,0.026,5,"201579,1610612747",112.6,0.0,0.063,0.154,81,64,0.444,0.144,0.181,0.159,0.447,0.625,0.211,0.122,201579,Roy Hibbert,0.008,LAL,1610612747,17,0.21
394,29.0,0.009,5,"200752,1610612758",106.4,0.0,0.063,0.16,70,41,0.426,0.115,0.136,0.164,0.392,0.226,0.211,0.231,200752,Rudy Gay,0.018,SAC,1610612758,29,0.414
395,24.0,0.033,5,"203497,1610612762",100.0,0.001,0.111,0.273,61,28,0.466,0.115,0.107,0.154,0.36,0.616,0.351,0.148,203497,Rudy Gobert,0.011,UTA,1610612762,33,0.541
396,25.0,0.007,5,"203893,1610612763",114.9,0.0,0.055,0.143,15,9,0.455,0.082,0.179,0.289,0.357,0.2,0.19,0.357,203893,Russ Smith,0.034,MEM,1610612763,6,0.4
397,27.0,0.003,5,"201566,1610612760",102.2,0.001,0.074,0.178,80,25,0.423,0.124,0.111,0.149,0.398,0.052,0.234,0.376,201566,Russell Westbrook,0.025,OKC,1610612760,55,0.688
398,28.0,0.005,5,"201583,1610612740",106.9,0.0,0.057,0.153,66,42,0.434,0.108,0.103,0.133,0.405,0.129,0.196,0.117,201583,Ryan Anderson,0.008,NOP,1610612740,24,0.364
399,31.0,0.02,5,"200797,1610612763",113.0,0.0,0.049,0.143,37,19,0.442,0.098,0.118,0.16,0.348,0.553,0.191,0.077,200797,Ryan Hollins,0.006,MEM,1610612763,18,0.486
400,25.0,0.009,5,"203527,1610612747",99.0,0.001,0.092,0.229,36,33,0.433,0.133,0.107,0.12,0.422,0.213,0.305,0.167,203527,Ryan Kelly,0.012,LAL,1610612747,3,0.083
401,30.0,0.042,5,"1626257,1610612742",102.5,0.001,0.096,0.211,34,18,0.464,0.117,0.156,0.131,0.315,0.706,0.28,0.143,1626257,Salah Mejri,0.009,DAL,1610612742,16,0.471
402,22.0,0.0,5,"1626155,1610612745",124.0,-0.001,0.069,0.2,3,2,0.427,0.0,0.0,0.0,0.556,0.0,0.25,1.0,1626155,Sam Dekker,0.069,HOU,1610612745,1,0.333
403,31.0,0.023,5,"201619,1610612739",94.7,0.001,0.065,0.154,25,7,0.445,0.145,0.093,0.149,0.308,0.385,0.2,0.2,201619,Sasha Kaun,0.019,CLE,1610612739,18,0.72
404,32.0,0.002,5,"2756,1610612752",104.1,0.0,0.06,0.151,61,39,0.441,0.109,0.125,0.134,0.376,0.048,0.199,0.266,2756,Sasha Vujacic,0.017,NYK,1610612752,22,0.361
405,26.0,0.001,5,"203930,1610612751",116.5,0.0,0.031,0.083,31,24,0.43,0.132,0.135,0.161,0.45,0.031,0.113,0.124,203930,Sean Kilpatrick,0.008,BKN,1610612751,7,0.226
406,26.0,0.025,5,"201586,1610612760",102.5,0.001,0.067,0.16,78,24,0.426,0.128,0.11,0.144,0.394,0.416,0.211,0.099,201586,Serge Ibaka,0.006,OKC,1610612760,54,0.692
407,22.0,0.002,5,"203508,1610612751",105.9,0.0,0.056,0.15,40,31,0.444,0.112,0.136,0.169,0.476,0.065,0.202,0.087,203508,Sergey Karasev,0.007,BKN,1610612751,9,0.225
408,25.0,0.002,5,"203552,1610612758",107.7,0.0,0.032,0.081,44,27,0.429,0.13,0.146,0.152,0.367,0.05,0.111,0.175,203552,Seth Curry,0.014,SAC,1610612758,17,0.386
409,23.0,0.002,5,"203498,1610612750",108.8,0.0,0.045,0.117,82,53,0.449,0.124,0.129,0.182,0.442,0.051,0.156,0.094,203498,Shabazz Muhammad,0.006,MIN,1610612750,29,0.354
410,24.0,0.001,5,"203894,1610612753",104.8,0.0,0.035,0.087,55,32,0.454,0.104,0.126,0.149,0.388,0.013,0.113,0.295,203894,Shabazz Napier,0.017,ORL,1610612753,23,0.418
411,23.0,0.003,5,"203499,1610612751",109.5,0.0,0.038,0.104,78,58,0.441,0.104,0.128,0.178,0.451,0.075,0.138,0.314,203499,Shane Larkin,0.024,BKN,1610612751,20,0.256
412,30.0,0.008,5,"2733,1610612744",101.2,0.001,0.037,0.089,78,9,0.441,0.132,0.114,0.139,0.416,0.154,0.119,0.217,2733,Shaun Livingston,0.017,GSW,1610612744,69,0.885
413,25.0,0.011,5,"203963,1610612754",95.2,0.001,0.076,0.194,7,3,0.44,0.076,0.097,0.184,0.281,0.333,0.233,0.143,203963,Shayne Whittington,0.011,IND,1610612754,4,0.571
414,26.0,0.001,5,"202714,1610612762",100.8,0.001,0.05,0.125,52,25,0.46,0.101,0.105,0.177,0.381,0.029,0.157,0.19,202714,Shelvin Mack,0.015,UTA,1610612762,27,0.519
415,25.0,0.006,5,"203524,1610612754",100.3,0.001,0.064,0.156,59,28,0.437,0.128,0.108,0.137,0.381,0.125,0.206,0.222,203524,Solomon Hill,0.019,IND,1610612754,31,0.525
416,29.0,0.001,5,"201603,1610612755",107.2,0.0,0.038,0.109,43,37,0.417,0.101,0.146,0.164,0.37,0.029,0.141,0.096,201603,Sonny Weems,0.008,PHI,1610612755,6,0.14
417,23.0,0.0,5,"203915,1610612765",99.8,0.001,0.037,0.094,12,7,0.449,0.079,0.096,0.127,0.355,0.0,0.115,0.115,203915,Spencer Dinwiddie,0.008,DET,1610612765,5,0.417
418,28.0,0.012,5,"201150,1610612766",98.9,0.001,0.084,0.201,57,27,0.45,0.103,0.126,0.145,0.343,0.252,0.252,0.15,201150,Spencer Hawes,0.01,CHA,1610612766,30,0.526
419,20.0,0.003,5,"1626169,1610612765",104.1,0.0,0.064,0.164,73,36,0.436,0.094,0.097,0.14,0.382,0.079,0.205,0.251,1626169,Stanley Johnson,0.014,DET,1610612765,37,0.507
420,28.0,0.002,5,"201939,1610612744",98.3,0.001,0.057,0.131,79,8,0.424,0.116,0.127,0.144,0.386,0.043,0.171,0.348,201939,Stephen Curry,0.027,GSW,1610612744,71,0.899
421,36.0,0.002,5,"2581,1610612765",103.7,0.0,0.036,0.092,58,24,0.443,0.1,0.094,0.135,0.385,0.068,0.116,0.175,2581,Steve Blake,0.011,DET,1610612765,34,0.586
422,33.0,0.0,5,"200779,1610612749",102.1,0.001,0.046,0.102,10,2,0.41,0.139,0.167,0.185,0.334,0.0,0.139,0.0,200779,Steve Novak,0.0,MIL,1610612749,8,0.8
423,22.0,0.019,5,"203500,1610612760",99.0,0.001,0.067,0.158,80,26,0.428,0.117,0.115,0.142,0.38,0.306,0.207,0.127,203500,Steven Adams,0.009,OKC,1610612760,54,0.675
424,24.0,0.003,5,"204456,1610612755",106.8,0.0,0.057,0.154,81,71,0.442,0.124,0.163,0.182,0.419,0.051,0.206,0.328,204456,TJ McConnell,0.026,PHI,1610612755,10,0.123
425,22.0,0.006,5,"203933,1610612756",107.7,0.0,0.036,0.1,47,33,0.423,0.107,0.155,0.184,0.404,0.167,0.129,0.19,203933,TJ Warren,0.015,PHX,1610612756,14,0.298
426,31.0,0.018,5,"201959,1610612741",104.4,0.0,0.069,0.155,73,36,0.446,0.137,0.133,0.148,0.399,0.32,0.211,0.208,201959,Taj Gibson,0.011,CHI,1610612741,37,0.507
427,24.0,0.016,5,"204028,1610612747",101.4,0.001,0.101,0.257,39,33,0.443,0.106,0.115,0.141,0.373,0.621,0.325,0.167,204028,Tarik Black,0.013,LAL,1610612747,6,0.154
428,36.0,0.004,5,"2419,1610612750",103.5,0.0,0.036,0.089,77,50,0.461,0.129,0.11,0.148,0.435,0.1,0.119,0.149,2419,Tayshaun Prince,0.011,MIN,1610612750,27,0.351
429,24.0,0.016,5,"203093,1610612745",112.1,0.0,0.062,0.166,50,26,0.435,0.138,0.129,0.162,0.428,0.312,0.23,0.114,203093,Terrence Jones,0.01,HOU,1610612745,24,0.48
430,25.0,0.007,5,"203082,1610612761",100.6,0.001,0.043,0.104,73,20,0.458,0.108,0.089,0.133,0.37,0.113,0.136,0.205,203082,Terrence Ross,0.014,TOR,1610612761,53,0.726
431,22.0,0.001,5,"1626179,1610612738",100.6,0.001,0.053,0.134,39,15,0.423,0.094,0.159,0.119,0.413,0.037,0.181,0.103,1626179,Terry Rozier,0.008,BOS,1610612738,24,0.615
432,32.0,0.01,5,"200757,1610612737",97.9,0.001,0.073,0.171,75,33,0.454,0.119,0.105,0.154,0.39,0.177,0.228,0.239,200757,Thabo Sefolosha,0.022,ATL,1610612737,42,0.56
433,28.0,0.007,5,"201152,1610612751",107.4,0.0,0.09,0.227,73,52,0.45,0.106,0.138,0.168,0.449,0.218,0.294,0.302,201152,Thaddeus Young,0.021,BKN,1610612751,21,0.288
434,23.0,0.0,5,"203648,1610612752",134.8,-0.002,0.072,0.125,2,1,0.45,0.144,0.0,0.144,0.144,0.0,0.167,0.0,203648,Thanasis Antetokounmpo,0.0,NYK,1610612752,1,0.5
435,25.0,0.017,5,"203080,1610612751",110.7,0.0,0.105,0.293,71,55,0.432,0.131,0.126,0.177,0.429,0.396,0.4,0.238,203080,Thomas Robinson,0.018,BKN,1610612751,16,0.225
436,31.0,0.009,5,"201168,1610612737",94.2,0.001,0.058,0.145,36,15,0.446,0.109,0.121,0.159,0.336,0.19,0.189,0.154,201168,Tiago Splitter,0.015,ATL,1610612737,21,0.583
437,26.0,0.012,5,"202353,1610612762",107.7,0.0,0.053,0.134,12,5,0.478,0.141,0.111,0.223,0.375,0.5,0.176,0.083,202353,Tibor Pleiss,0.006,UTA,1610612762,7,0.583
438,40.0,0.023,5,"1495,1610612759",93.8,0.001,0.098,0.234,61,11,0.455,0.095,0.114,0.12,0.344,0.361,0.289,0.175,1495,Tim Duncan,0.014,SAS,1610612759,50,0.82
439,25.0,0.001,5,"204025,1610612740",104.7,0.0,0.051,0.126,51,26,0.448,0.115,0.093,0.149,0.356,0.042,0.161,0.3,204025,Tim Frazier,0.02,NOP,1610612740,25,0.49
440,24.0,0.004,5,"203501,1610612737",98.0,0.001,0.041,0.097,51,22,0.453,0.108,0.084,0.15,0.358,0.07,0.126,0.147,203501,Tim Hardaway Jr.,0.011,ATL,1610612737,29,0.569
441,29.0,0.02,5,"202389,1610612739",103.7,0.0,0.079,0.187,76,24,0.462,0.107,0.118,0.158,0.378,0.496,0.24,0.135,202389,Timofey Mozgov,0.008,CLE,1610612739,52,0.684
442,23.0,0.007,5,"202699,1610612765",103.7,0.0,0.073,0.184,76,39,0.444,0.1,0.11,0.141,0.38,0.187,0.234,0.168,202699,Tobias Harris,0.011,DET,1610612765,37,0.487
443,30.0,0.002,5,"201962,1610612740",109.7,0.0,0.041,0.111,61,39,0.439,0.098,0.116,0.136,0.399,0.058,0.138,0.33,201962,Toney Douglas,0.024,NOP,1610612740,22,0.361
444,34.0,0.005,5,"2754,1610612763",104.1,0.0,0.054,0.143,64,30,0.452,0.11,0.134,0.145,0.381,0.136,0.192,0.336,2754,Tony Allen,0.031,MEM,1610612763,34,0.531
445,34.0,0.003,5,"2225,1610612759",96.8,0.001,0.037,0.089,72,13,0.462,0.096,0.124,0.118,0.379,0.041,0.111,0.156,2225,Tony Parker,0.013,SAS,1610612759,59,0.819
446,24.0,0.006,5,"203503,1610612741",97.0,0.001,0.061,0.132,64,31,0.439,0.128,0.106,0.133,0.388,0.107,0.174,0.104,203503,Tony Snell,0.005,CHI,1610612741,33,0.516
447,23.0,0.0,5,"203100,1610612752",108.9,0.0,0.055,0.141,8,8,0.419,0.133,0.177,0.244,0.412,0.0,0.184,0.136,203100,Tony Wroten,0.009,NYK,1610612752,0,0.0
448,30.0,0.004,5,"2772,1610612745",107.0,0.0,0.045,0.119,81,41,0.433,0.128,0.13,0.179,0.401,0.09,0.164,0.264,2772,Trevor Ariza,0.024,HOU,1610612745,40,0.494
449,28.0,0.011,5,"202344,1610612762",100.2,0.001,0.08,0.202,79,40,0.455,0.104,0.112,0.161,0.377,0.227,0.26,0.209,202344,Trevor Booker,0.016,UTA,1610612762,39,0.494
450,23.0,0.002,5,"203504,1610612762",102.9,0.001,0.031,0.08,64,33,0.45,0.116,0.108,0.146,0.367,0.044,0.107,0.165,203504,Trey Burke,0.012,UTA,1610612762,31,0.484
451,20.0,0.006,5,"1626168,1610612762",103.0,0.001,0.082,0.203,80,42,0.471,0.117,0.116,0.148,0.404,0.14,0.26,0.135,1626168,Trey Lyles,0.009,UTA,1610612762,38,0.475
452,25.0,0.01,5,"202684,1610612739",101.7,0.001,0.093,0.233,82,25,0.448,0.098,0.093,0.138,0.382,0.29,0.293,0.121,202684,Tristan Thompson,0.007,CLE,1610612739,57,0.695
453,24.0,0.003,5,"203584,1610612766",104.2,0.0,0.047,0.119,43,18,0.447,0.115,0.134,0.149,0.394,0.086,0.146,0.151,203584,Troy Daniels,0.01,CHA,1610612766,25,0.581
454,28.0,0.002,5,"201951,1610612754",105.7,0.0,0.028,0.072,66,35,0.427,0.134,0.126,0.168,0.428,0.045,0.098,0.204,201951,Ty Lawson,0.016,IND,1610612754,31,0.47
455,21.0,0.001,5,"203898,1610612749",104.2,0.0,0.043,0.108,46,29,0.456,0.126,0.109,0.162,0.431,0.014,0.147,0.231,203898,Tyler Ennis,0.017,MIL,1610612749,17,0.37
456,30.0,0.009,5,"201946,1610612766",107.3,0.0,0.064,0.174,44,16,0.448,0.088,0.118,0.152,0.395,0.28,0.22,0.25,201946,Tyler Hansbrough,0.016,CHA,1610612766,28,0.636
457,24.0,0.008,5,"204020,1610612748",98.4,0.001,0.044,0.104,36,17,0.465,0.122,0.089,0.154,0.395,0.14,0.134,0.226,204020,Tyler Johnson,0.013,MIA,1610612748,19,0.528
458,26.0,0.013,5,"203092,1610612738",101.9,0.001,0.07,0.168,60,22,0.426,0.13,0.112,0.148,0.384,0.31,0.221,0.089,203092,Tyler Zeller,0.006,BOS,1610612738,38,0.633
459,26.0,0.005,5,"201936,1610612740",105.4,0.0,0.065,0.159,25,14,0.455,0.112,0.091,0.137,0.372,0.098,0.203,0.271,201936,Tyreke Evans,0.019,NOP,1610612740,11,0.44
460,33.0,0.012,5,"2199,1610612756",108.1,0.0,0.107,0.272,66,48,0.43,0.103,0.168,0.193,0.359,0.404,0.349,0.145,2199,Tyson Chandler,0.01,PHX,1610612756,18,0.273
461,20.0,0.002,5,"1626145,1610612750",110.3,0.0,0.031,0.083,37,24,0.443,0.115,0.158,0.182,0.459,0.07,0.111,0.337,1626145,Tyus Jones,0.024,MIN,1610612750,13,0.351
462,36.0,0.004,5,"2617,1610612748",100.7,0.001,0.123,0.301,37,12,0.49,0.136,0.072,0.149,0.378,0.118,0.369,0.135,2617,Udonis Haslem,0.009,MIA,1610612748,25,0.676
463,24.0,0.01,5,"203506,1610612753",104.5,0.0,0.055,0.135,72,40,0.44,0.111,0.12,0.152,0.397,0.208,0.18,0.305,203506,Victor Oladipo,0.021,ORL,1610612753,32,0.444
464,39.0,0.007,5,"1713,1610612763",106.0,0.0,0.05,0.132,60,27,0.439,0.11,0.132,0.14,0.3,0.193,0.177,0.199,1713,Vince Carter,0.017,MEM,1610612763,33,0.55
465,24.0,0.037,5,"204002,1610612737",112.9,0.0,0.085,0.222,11,4,0.442,0.091,0.122,0.262,0.402,0.857,0.275,0.083,204002,Walter Tavares,0.006,ATL,1610612737,7,0.636
466,28.0,0.001,5,"201961,1610612751",106.9,0.0,0.043,0.107,76,58,0.448,0.114,0.134,0.161,0.452,0.039,0.14,0.193,201961,Wayne Ellington,0.013,BKN,1610612751,18,0.237
467,28.0,0.015,5,"202325,1610612746",100.4,0.001,0.056,0.137,80,29,0.445,0.133,0.119,0.138,0.384,0.249,0.191,0.257,202325,Wesley Johnson,0.024,LAC,1610612746,51,0.638
468,29.0,0.003,5,"202083,1610612742",105.7,0.0,0.037,0.089,78,38,0.463,0.129,0.143,0.127,0.39,0.098,0.115,0.215,202083,Wesley Matthews,0.014,DAL,1610612742,40,0.513
469,25.0,0.007,5,"203115,1610612743",105.8,0.0,0.078,0.202,82,49,0.439,0.115,0.113,0.153,0.401,0.171,0.262,0.219,203115,Will Barton,0.013,DEN,1610612743,33,0.402
470,22.0,0.02,5,"1626161,1610612758",108.1,0.0,0.066,0.166,66,40,0.428,0.129,0.141,0.165,0.386,0.482,0.228,0.18,1626161,Willie Cauley-Stein,0.014,SAC,1610612758,26,0.394
471,26.0,0.031,5,"203186,1610612751",105.8,0.0,0.076,0.206,39,31,0.443,0.094,0.155,0.197,0.414,0.769,0.268,0.103,203186,Willie Reed,0.006,BKN,1610612751,8,0.205
472,24.0,0.005,5,"204098,1610612763",112.3,0.0,0.049,0.144,14,11,0.428,0.089,0.142,0.128,0.301,0.167,0.19,0.277,204098,Xavier Munford,0.023,MEM,1610612763,3,0.214
473,21.0,0.003,5,"203897,1610612750",109.5,0.0,0.039,0.1,82,53,0.445,0.118,0.128,0.185,0.439,0.084,0.135,0.184,203897,Zach LaVine,0.013,MIN,1610612750,29,0.354
474,34.0,0.003,5,"2216,1610612763",105.8,0.0,0.078,0.21,68,31,0.45,0.118,0.14,0.139,0.377,0.083,0.282,0.127,2216,Zach Randolph,0.01,MEM,1610612763,37,0.544
475,32.0,0.005,5,"2585,1610612742",103.2,0.001,0.108,0.262,76,36,0.464,0.119,0.151,0.134,0.394,0.18,0.339,0.237,2585,Zaza Pachulia,0.015,DAL,1610612742,40,0.526
