,AGE,CFID,CFPARAMS,GP,L,MIN,PCT_AST,PCT_BLK,PCT_BLKA,PCT_DREB,PCT_FG3A,PCT_FG3M,PCT_FGA,PCT_FGM,PCT_FTA,PCT_FTM,PCT_OREB,PCT_PF,PCT_PFD,PCT_PTS,PCT_REB,PCT_STL,PCT_TOV,PLAYER_ID,PLAYER_NAME,TEAM_ABBREVIATION,TEAM_ID,USG_PCT,W,W_PCT
0,31.0,5,"201166,1610612741",69,33,1108.0,0.352,0.089,0.277,0.101,0.309,0.289,0.234,0.217,0.143,0.144,0.082,0.28,0.184,0.213,0.096,0.226,0.265,201166,Aaron Brooks,CHI,1610612741,0.231,36,0.522
1,20.0,5,"203932,1610612753",78,46,1863.0,0.139,0.252,0.167,0.273,0.173,0.157,0.173,0.181,0.229,0.203,0.356,0.187,0.196,0.183,0.294,0.186,0.123,203932,Aaron Gordon,ORL,1610612753,0.171,32,0.41
2,21.0,5,"1626151,1610612766",21,6,93.0,0.05,0.0,0.0,0.164,0.233,0.143,0.137,0.076,0.169,0.116,0.364,0.238,0.163,0.092,0.192,0.316,0.114,1626151,Aaron Harrison,CHA,1610612766,0.138,15,0.714
3,25.0,5,"203940,1610612750",52,34,486.0,0.128,0.234,0.178,0.294,0.193,0.155,0.183,0.146,0.106,0.089,0.198,0.362,0.156,0.135,0.27,0.203,0.213,203940,Adreian Payne,MIN,1610612750,0.18,18,0.346
4,30.0,5,"201143,1610612737",82,34,2631.0,0.183,0.383,0.13,0.241,0.159,0.155,0.225,0.249,0.128,0.127,0.344,0.159,0.126,0.222,0.26,0.144,0.136,201143,Al Horford,ATL,1610612737,0.206,48,0.585
5,31.0,5,"2744,1610612766",47,14,1096.0,0.147,0.306,0.283,0.302,0.0,0.0,0.261,0.285,0.228,0.198,0.306,0.31,0.184,0.246,0.303,0.166,0.135,2744,Al Jefferson,CHA,1610612766,0.245,33,0.702
6,25.0,5,"202329,1610612757",82,38,2341.0,0.129,0.23,0.128,0.245,0.248,0.23,0.172,0.158,0.137,0.133,0.175,0.162,0.148,0.162,0.227,0.202,0.169,202329,Al-Farouq Aminu,POR,1610612757,0.169,44,0.537
7,33.0,5,"101187,1610612764",13,5,192.0,0.167,0.067,0.15,0.187,0.381,0.387,0.182,0.144,0.109,0.113,0.04,0.263,0.102,0.155,0.165,0.125,0.043,101187,Alan Anderson,WAS,1610612764,0.157,8,0.615
8,23.0,5,"1626210,1610612756",10,7,68.0,0.139,0.5,0.5,0.48,0.0,0.0,0.174,0.161,0.304,0.281,0.519,0.469,0.333,0.173,0.494,0.286,0.273,1626210,Alan Williams,PHX,1610612756,0.201,3,0.3
9,24.0,5,"202692,1610612762",31,18,797.0,0.232,0.045,0.287,0.182,0.226,0.267,0.246,0.233,0.337,0.341,0.086,0.193,0.302,0.256,0.157,0.133,0.215,202692,Alec Burks,UTA,1610612762,0.251,13,0.419
10,23.0,5,"203458,1610612756",78,55,1821.0,0.125,0.392,0.279,0.319,0.008,0.003,0.193,0.191,0.284,0.269,0.378,0.286,0.231,0.189,0.334,0.138,0.212,203458,Alex Len,PHX,1610612756,0.204,23,0.295
11,28.0,5,"1627293,1610612763",8,6,72.0,0.08,0.625,0.316,0.158,0.0,0.0,0.186,0.191,0.24,0.114,0.5,0.414,0.222,0.158,0.295,0.067,0.0,1627293,Alex Stepheson,MEM,1610612763,0.17,2,0.25
12,28.0,5,"201582,1610612740",59,39,861.0,0.077,0.545,0.156,0.328,0.003,0.0,0.206,0.222,0.187,0.201,0.436,0.342,0.206,0.202,0.352,0.13,0.217,201582,Alexis Ajinca,NOP,1610612740,0.206,20,0.339
13,24.0,5,"203459,1610612757",81,38,2105.0,0.106,0.08,0.066,0.128,0.228,0.251,0.18,0.184,0.108,0.123,0.053,0.193,0.094,0.18,0.109,0.213,0.101,203459,Allen Crabbe,POR,1610612757,0.163,43,0.531
14,29.0,5,"202087,1610612740",73,46,1632.0,0.102,0.087,0.13,0.16,0.08,0.066,0.088,0.104,0.089,0.077,0.19,0.241,0.081,0.097,0.166,0.227,0.119,202087,Alonzo Gee,NOP,1610612740,0.092,27,0.37
15,33.0,5,"2405,1610612748",52,22,762.0,0.077,0.5,0.392,0.29,0.0,0.0,0.17,0.199,0.235,0.223,0.445,0.33,0.267,0.191,0.323,0.161,0.205,2405,Amar'e Stoudemire,MIA,1610612748,0.18,30,0.577
16,29.0,5,"101161,1610612738",79,34,1800.0,0.145,0.472,0.139,0.261,0.044,0.031,0.128,0.166,0.151,0.11,0.411,0.274,0.156,0.146,0.3,0.151,0.195,101161,Amir Johnson,BOS,1610612738,0.137,45,0.57
17,33.0,5,"2760,1610612744",53,12,496.0,0.146,0.25,0.114,0.301,0.003,0.0,0.139,0.134,0.229,0.218,0.311,0.33,0.29,0.132,0.304,0.198,0.143,2760,Anderson Varejao,GSW,1610612744,0.147,41,0.774
18,22.0,5,"203083,1610612765",81,38,2666.0,0.064,0.549,0.288,0.436,0.004,0.004,0.221,0.258,0.408,0.232,0.544,0.241,0.337,0.232,0.466,0.293,0.214,203083,Andre Drummond,DET,1610612765,0.24,43,0.531
19,32.0,5,"2738,1610612744",65,6,1732.0,0.22,0.09,0.068,0.171,0.149,0.124,0.119,0.117,0.092,0.075,0.132,0.134,0.115,0.111,0.161,0.222,0.147,2738,Andre Iguodala,GSW,1610612744,0.12,59,0.908
20,40.0,5,"1889,1610612759",39,19,461.0,0.416,0.0,0.224,0.136,0.06,0.038,0.143,0.158,0.152,0.142,0.128,0.236,0.147,0.149,0.134,0.239,0.274,1889,Andre Miller,SAS,1610612759,0.162,20,0.513
21,24.0,5,"203460,1610612760",70,22,1553.0,0.061,0.186,0.137,0.147,0.146,0.142,0.1,0.101,0.071,0.056,0.196,0.221,0.07,0.096,0.16,0.209,0.071,203460,Andre Roberson,OKC,1610612760,0.093,48,0.686
22,30.0,5,"200745,1610612751",46,35,634.0,0.063,0.153,0.2,0.18,0.071,0.042,0.249,0.266,0.231,0.239,0.212,0.249,0.195,0.248,0.188,0.057,0.143,200745,Andrea Bargnani,BKN,1610612751,0.234,11,0.239
23,31.0,5,"101106,1610612744",70,8,1451.0,0.178,0.567,0.065,0.324,0.001,0.002,0.106,0.135,0.105,0.066,0.442,0.373,0.145,0.111,0.347,0.145,0.176,101106,Andrew Bogut,GSW,1610612744,0.116,62,0.886
24,27.0,5,"202726,1610612745",8,3,50.0,0.235,0.154,0.0,0.027,0.45,0.2,0.247,0.209,0.095,0.125,0.083,0.19,0.111,0.191,0.041,0.5,0.368,202726,Andrew Goudelock,HOU,1610612745,0.243,5,0.625
25,26.0,5,"203094,1610612753",56,34,823.0,0.073,0.232,0.131,0.282,0.277,0.293,0.217,0.227,0.203,0.217,0.227,0.191,0.204,0.231,0.271,0.082,0.167,203094,Andrew Nicholson,ORL,1610612753,0.209,22,0.393
26,21.0,5,"203952,1610612750",81,52,2845.0,0.116,0.158,0.294,0.1,0.21,0.186,0.268,0.262,0.343,0.331,0.175,0.144,0.306,0.273,0.118,0.161,0.211,203952,Andrew Wiggins,MIN,1610612750,0.269,29,0.358
27,23.0,5,"203461,1610612761",19,7,84.0,0.0,0.0,0.222,0.327,0.298,0.188,0.18,0.14,0.2,0.22,0.214,0.258,0.139,0.164,0.288,0.238,0.167,203461,Anthony Bennett,TOR,1610612761,0.181,12,0.632
28,23.0,5,"1626148,1610612747",29,25,599.0,0.08,0.093,0.133,0.151,0.243,0.225,0.119,0.089,0.063,0.069,0.063,0.157,0.073,0.095,0.128,0.161,0.088,1626148,Anthony Brown,LAL,1610612747,0.11,4,0.138
29,23.0,5,"203076,1610612740",61,37,2164.0,0.116,0.568,0.255,0.332,0.105,0.101,0.297,0.325,0.419,0.408,0.319,0.16,0.397,0.323,0.329,0.226,0.201,203076,Anthony Davis,NOP,1610612740,0.296,24,0.393
30,30.0,5,"201627,1610612760",68,22,926.0,0.055,0.053,0.086,0.08,0.4,0.389,0.202,0.173,0.092,0.087,0.046,0.15,0.082,0.18,0.072,0.167,0.054,201627,Anthony Morrow,OKC,1610612760,0.171,46,0.676
31,31.0,5,"201229,1610612765",72,36,1341.0,0.095,0.144,0.111,0.198,0.337,0.356,0.139,0.125,0.072,0.068,0.119,0.159,0.095,0.139,0.178,0.142,0.08,201229,Anthony Tolliver,DET,1610612765,0.126,36,0.5
32,21.0,5,"203462,1610612756",57,43,1114.0,0.24,0.153,0.331,0.15,0.178,0.125,0.217,0.206,0.301,0.267,0.1,0.159,0.289,0.212,0.137,0.175,0.249,203462,Archie Goodwin,PHX,1610612756,0.231,14,0.246
33,29.0,5,"203382,1610612765",81,38,1233.0,0.098,0.584,0.25,0.278,0.003,0.0,0.176,0.21,0.284,0.285,0.504,0.3,0.292,0.202,0.332,0.132,0.184,203382,Aron Baynes,DET,1610612765,0.187,43,0.531
34,30.0,5,"201167,1610612752",71,44,2371.0,0.147,0.035,0.229,0.142,0.231,0.249,0.195,0.193,0.133,0.138,0.047,0.158,0.144,0.188,0.121,0.11,0.128,201167,Arron Afflalo,NYK,1610612752,0.181,27,0.38
35,23.0,5,"203085,1610612746",67,25,1464.0,0.166,0.049,0.333,0.113,0.226,0.218,0.21,0.209,0.154,0.147,0.085,0.197,0.15,0.199,0.107,0.181,0.145,203085,Austin Rivers,LAC,1610612746,0.195,42,0.627
36,25.0,5,"202340,1610612738",76,31,2536.0,0.119,0.083,0.15,0.1,0.295,0.297,0.217,0.215,0.1,0.1,0.08,0.142,0.09,0.203,0.095,0.238,0.161,202340,Avery Bradley,BOS,1610612738,0.2,45,0.592
37,23.0,5,"1626253,1610612743",21,12,305.0,0.099,0.167,0.038,0.114,0.252,0.217,0.137,0.101,0.12,0.12,0.154,0.26,0.099,0.115,0.122,0.171,0.064,1626253,Axel Toupane,DEN,1610612743,0.125,9,0.429
38,23.0,5,"203463,1610612758",68,40,1443.0,0.107,0.063,0.147,0.11,0.273,0.258,0.175,0.157,0.136,0.139,0.109,0.231,0.133,0.162,0.11,0.199,0.194,203463,Ben McLemore,SAC,1610612758,0.174,28,0.412
39,33.0,5,"2757,1610612748",44,18,708.0,0.367,0.011,0.117,0.125,0.152,0.16,0.168,0.159,0.065,0.078,0.068,0.181,0.136,0.146,0.114,0.151,0.266,2757,Beno Udrih,MIA,1610612748,0.172,26,0.591
40,23.0,5,"202687,1610612761",82,26,1808.0,0.045,0.586,0.234,0.364,0.001,0.0,0.096,0.121,0.223,0.181,0.473,0.31,0.223,0.123,0.389,0.073,0.15,202687,Bismack Biyombo,TOR,1610612761,0.117,56,0.683
41,27.0,5,"201933,1610612746",35,13,1170.0,0.281,0.145,0.194,0.291,0.034,0.03,0.301,0.314,0.264,0.291,0.22,0.186,0.295,0.288,0.275,0.164,0.265,201933,Blake Griffin,LAC,1610612746,0.292,22,0.629
42,27.0,5,"1626246,1610612759",54,7,508.0,0.093,0.442,0.283,0.355,0.0,0.0,0.21,0.264,0.383,0.38,0.608,0.27,0.337,0.275,0.421,0.15,0.199,1626246,Boban Marjanovic,SAS,1610612759,0.229,47,0.87
43,21.0,5,"1626171,1610612741",62,33,1102.0,0.109,0.206,0.178,0.275,0.102,0.09,0.214,0.214,0.159,0.145,0.452,0.218,0.171,0.194,0.321,0.21,0.193,1626171,Bobby Portis,CHI,1610612741,0.207,29,0.468
44,27.0,5,"202711,1610612751",79,58,2115.0,0.102,0.027,0.315,0.159,0.402,0.443,0.203,0.194,0.149,0.163,0.079,0.146,0.144,0.206,0.139,0.092,0.172,202711,Bojan Bogdanovic,BKN,1610612751,0.194,21,0.266
45,34.0,5,"2564,1610612759",76,12,1386.0,0.242,0.132,0.15,0.175,0.108,0.103,0.159,0.173,0.135,0.128,0.229,0.192,0.156,0.161,0.186,0.113,0.235,2564,Boris Diaw,SAS,1610612759,0.168,64,0.842
46,22.0,5,"203078,1610612764",55,27,1708.0,0.189,0.079,0.186,0.128,0.321,0.334,0.263,0.253,0.22,0.228,0.122,0.16,0.193,0.256,0.127,0.179,0.202,203078,Bradley Beal,WAS,1610612764,0.25,28,0.509
47,28.0,5,"201148,1610612763",12,6,212.0,0.065,0.652,0.071,0.204,0.0,0.0,0.149,0.226,0.216,0.163,0.326,0.212,0.269,0.197,0.232,0.156,0.147,201148,Brandan Wright,MEM,1610612763,0.156,6,0.5
48,23.0,5,"1626183,1610612746",6,1,29.0,0.0,0.333,1.0,0.105,0.0,0.0,0.116,0.095,0.143,0.143,0.5,0.25,0.143,0.093,0.174,0.0,0.0,1626183,Branden Dawson,LAC,1610612746,0.092,5,0.833
49,31.0,5,"101138,1610612747",66,50,1342.0,0.144,0.491,0.208,0.205,0.003,0.0,0.135,0.172,0.19,0.202,0.347,0.22,0.205,0.164,0.241,0.156,0.114,101138,Brandon Bass,LAL,1610612747,0.138,16,0.242
50,26.0,5,"201943,1610612753",48,28,867.0,0.438,0.081,0.116,0.128,0.297,0.291,0.194,0.164,0.178,0.173,0.081,0.147,0.174,0.178,0.117,0.2,0.237,201943,Brandon Jennings,ORL,1610612753,0.198,20,0.417
51,24.0,5,"202688,1610612756",52,36,1870.0,0.325,0.129,0.175,0.128,0.34,0.326,0.265,0.248,0.226,0.252,0.082,0.147,0.255,0.256,0.116,0.202,0.268,202688,Brandon Knight,PHX,1610612756,0.263,16,0.308
52,30.0,5,"201575,1610612744",72,9,1055.0,0.093,0.163,0.09,0.205,0.231,0.242,0.139,0.123,0.063,0.055,0.114,0.128,0.047,0.127,0.187,0.128,0.102,201575,Brandon Rush,GSW,1610612744,0.128,63,0.875
53,30.0,5,"203148,1610612757",51,25,470.0,0.295,0.071,0.125,0.108,0.169,0.176,0.204,0.219,0.175,0.219,0.058,0.179,0.217,0.215,0.096,0.156,0.169,203148,Brian Roberts,POR,1610612757,0.196,26,0.51
54,23.0,5,"1627362,1610612748",7,4,169.0,0.292,0.188,0.057,0.163,0.074,0.0,0.115,0.104,0.06,0.068,0.101,0.143,0.131,0.094,0.137,0.36,0.164,1627362,Briante Weber,MIA,1610612748,0.118,3,0.429
55,28.0,5,"201572,1610612751",73,52,2457.0,0.126,0.663,0.233,0.216,0.016,0.006,0.273,0.3,0.377,0.373,0.411,0.246,0.366,0.294,0.26,0.151,0.231,201572,Brook Lopez,BKN,1610612751,0.276,21,0.288
56,20.0,5,"203998,1610612761",6,0,43.0,0.059,0.125,0.2,0.028,0.25,0.125,0.152,0.032,0.0,0.0,0.077,0.2,0.0,0.038,0.041,0.25,0.333,203998,Bruno Caboclo,TOR,1610612761,0.164,6,1.0
57,23.0,5,"203955,1610612763",8,7,39.0,0.25,0.0,0.0,0.0,0.188,0.0,0.154,0.154,0.0,0.0,0.0,0.118,0.0,0.103,0.0,0.429,0.625,203955,Bryce Cotton,MEM,1610612763,0.179,1,0.125
58,23.0,5,"1626214,1610612740",14,6,279.0,0.129,0.083,0.182,0.215,0.288,0.308,0.132,0.124,0.204,0.162,0.111,0.159,0.171,0.141,0.186,0.244,0.167,1626214,Bryce Dejean-Jones,NOP,1610612740,0.141,8,0.571
59,24.0,5,"203468,1610612757",80,36,2780.0,0.28,0.082,0.283,0.109,0.284,0.312,0.285,0.284,0.176,0.192,0.07,0.151,0.188,0.272,0.099,0.233,0.243,203468,CJ McCollum,POR,1610612757,0.27,44,0.55
60,29.0,5,"101139,1610612754",64,30,1464.0,0.096,0.197,0.224,0.151,0.464,0.488,0.245,0.222,0.178,0.176,0.087,0.214,0.169,0.238,0.137,0.19,0.146,101139,CJ Miles,IND,1610612754,0.225,34,0.531
61,32.0,5,"201228,1610612753",33,19,656.0,0.282,0.068,0.058,0.126,0.15,0.126,0.119,0.088,0.119,0.136,0.079,0.148,0.141,0.099,0.115,0.176,0.126,201228,CJ Watson,ORL,1610612753,0.12,14,0.424
62,25.0,5,"203912,1610612746",23,8,167.0,0.123,0.125,0.222,0.086,0.24,0.25,0.224,0.19,0.197,0.188,0.034,0.19,0.25,0.196,0.076,0.323,0.043,203912,CJ Wilcox,LAC,1610612746,0.2,15,0.652
63,25.0,5,"203946,1610612741",18,14,103.0,0.14,0.231,0.5,0.304,0.143,0.077,0.209,0.165,0.2,0.212,0.235,0.452,0.176,0.167,0.292,0.154,0.125,203946,Cameron Bairstow,CHI,1610612741,0.198,4,0.222
64,21.0,5,"1626166,1610612760",57,13,698.0,0.374,0.083,0.153,0.159,0.293,0.265,0.221,0.202,0.08,0.085,0.047,0.252,0.104,0.191,0.126,0.321,0.192,1626166,Cameron Payne,OKC,1610612760,0.206,44,0.772
65,32.0,5,"201171,1610612755",36,31,569.0,0.107,0.15,0.267,0.267,0.041,0.052,0.248,0.308,0.319,0.333,0.45,0.248,0.263,0.288,0.309,0.138,0.129,201171,Carl Landry,PHI,1610612755,0.239,5,0.139
66,32.0,5,"2546,1610612752",72,40,2530.0,0.277,0.127,0.358,0.256,0.268,0.254,0.294,0.284,0.365,0.37,0.169,0.175,0.332,0.296,0.235,0.212,0.252,2546,Carmelo Anthony,NYK,1610612752,0.295,32,0.444
67,36.0,5,"2406,1610612758",17,15,176.0,0.145,0.091,0.0,0.155,0.217,0.12,0.191,0.198,0.109,0.135,0.139,0.25,0.105,0.179,0.151,0.265,0.055,2406,Caron Butler,SAC,1610612758,0.163,2,0.118
68,27.0,5,"202718,1610612742",61,32,1799.0,0.199,0.175,0.235,0.209,0.241,0.269,0.212,0.23,0.18,0.154,0.096,0.166,0.168,0.222,0.187,0.185,0.201,202718,Chandler Parsons,DAL,1610612742,0.208,29,0.475
69,33.0,5,"101112,1610612739",70,35,1199.0,0.118,0.28,0.045,0.25,0.336,0.36,0.164,0.155,0.09,0.102,0.15,0.256,0.147,0.169,0.227,0.142,0.132,101112,Channing Frye,CLE,1610612739,0.156,35,0.5
70,33.0,5,"101236,1610612745",2,1,24.0,0.222,0.0,0.0,0.4,0.0,0.0,0.053,0.063,0.25,0.286,0.0,0.429,0.125,0.089,0.364,0.0,0.273,101236,Charles Hayes,HOU,1610612745,0.112,1,0.5
71,31.0,5,"101111,1610612742",62,33,665.0,0.082,0.268,0.167,0.276,0.384,0.379,0.269,0.246,0.085,0.103,0.18,0.254,0.062,0.235,0.255,0.205,0.183,101111,Charlie Villanueva,DAL,1610612742,0.244,29,0.468
72,28.0,5,"201978,1610612756",66,37,930.0,0.158,0.119,0.132,0.165,0.209,0.175,0.141,0.137,0.125,0.12,0.182,0.164,0.113,0.137,0.17,0.196,0.162,201978,Chase Budinger,PHX,1610612756,0.142,29,0.439
73,37.0,5,"2365,1610612763",27,16,403.0,0.074,0.406,0.136,0.274,0.085,0.08,0.104,0.125,0.2,0.177,0.371,0.178,0.21,0.131,0.303,0.183,0.078,2365,Chris Andersen,MEM,1610612763,0.109,11,0.407
74,32.0,5,"2547,1610612748",53,24,1778.0,0.169,0.16,0.208,0.271,0.31,0.357,0.261,0.265,0.319,0.338,0.153,0.16,0.285,0.284,0.247,0.149,0.159,2547,Chris Bosh,MIA,1610612748,0.253,29,0.547
75,32.0,5,"203142,1610612749",24,14,156.0,0.147,0.0,0.143,0.108,0.429,0.37,0.193,0.156,0.149,0.158,0.029,0.258,0.137,0.177,0.085,0.1,0.111,203142,Chris Copeland,MIL,1610612749,0.177,10,0.417
76,26.0,5,"203187,1610612762",70,32,857.0,0.137,0.198,0.157,0.169,0.224,0.186,0.138,0.117,0.101,0.11,0.144,0.262,0.079,0.121,0.163,0.219,0.158,203187,Chris Johnson,UTA,1610612762,0.137,38,0.543
77,34.0,5,"2549,1610612757",16,5,112.0,0.229,0.111,0.2,0.213,0.108,0.077,0.238,0.253,0.075,0.088,0.269,0.326,0.094,0.215,0.226,0.143,0.17,2549,Chris Kaman,POR,1610612757,0.213,11,0.688
78,21.0,5,"1626191,1610612751",24,17,362.0,0.053,0.3,0.273,0.208,0.2,0.206,0.168,0.155,0.135,0.092,0.278,0.281,0.108,0.15,0.229,0.373,0.134,1626191,Chris McCullough,BKN,1610612751,0.16,7,0.292
79,31.0,5,"101108,1610612746",74,24,2420.0,0.595,0.048,0.199,0.157,0.247,0.24,0.268,0.256,0.224,0.292,0.089,0.182,0.237,0.261,0.143,0.359,0.324,101108,Chris Paul,LAC,1610612746,0.269,50,0.676
80,20.0,5,"1626174,1610612755",17,17,145.0,0.051,0.412,0.385,0.275,0.121,0.118,0.196,0.204,0.276,0.255,0.464,0.204,0.328,0.203,0.319,0.179,0.051,1626174,Christian Wood,PHI,1610612755,0.187,0,0.0
81,25.0,5,"203921,1610612752",17,11,154.0,0.09,0.143,0.364,0.196,0.197,0.154,0.144,0.103,0.089,0.081,0.111,0.235,0.087,0.105,0.176,0.182,0.2,203921,Cleanthony Early,NYK,1610612752,0.148,6,0.353
82,20.0,5,"1626146,1610612757",8,5,36.0,0.0,0.5,0.25,0.154,0.0,0.0,0.175,0.192,0.0,0.0,1.0,0.077,0.0,0.152,0.214,0.167,0.1,1626146,Cliff Alexander,POR,1610612757,0.151,3,0.375
83,22.0,5,"203991,1610612745",77,38,1471.0,0.072,0.517,0.274,0.309,0.001,0.0,0.153,0.199,0.232,0.13,0.48,0.282,0.212,0.167,0.359,0.187,0.126,203991,Clint Capela,HOU,1610612745,0.159,39,0.506
84,23.0,5,"203469,1610612766",73,31,1774.0,0.086,0.312,0.306,0.251,0.009,0.002,0.141,0.166,0.272,0.254,0.429,0.305,0.255,0.164,0.287,0.207,0.144,203469,Cody Zeller,CHA,1610612766,0.154,42,0.575
85,27.0,5,"202332,1610612746",60,19,800.0,0.148,0.654,0.265,0.402,0.0,0.0,0.167,0.222,0.275,0.255,0.606,0.355,0.27,0.206,0.447,0.257,0.268,202332,Cole Aldrich,LAC,1610612746,0.19,41,0.683
86,30.0,5,"201147,1610612745",82,41,1669.0,0.143,0.106,0.166,0.14,0.203,0.17,0.191,0.165,0.137,0.152,0.113,0.206,0.17,0.163,0.133,0.238,0.136,201147,Corey Brewer,HOU,1610612745,0.176,41,0.5
87,25.0,5,"203928,1610612756",8,6,50.0,0.0,0.25,0.429,0.286,0.036,0.0,0.239,0.243,0.261,0.222,0.545,0.4,0.235,0.212,0.348,0.0,0.0,203928,Cory Jefferson,PHX,1610612756,0.209,2,0.25
88,24.0,5,"202709,1610612761",80,26,2046.0,0.34,0.082,0.223,0.121,0.107,0.083,0.172,0.17,0.14,0.139,0.089,0.155,0.16,0.156,0.114,0.193,0.191,202709,Cory Joseph,TOR,1610612761,0.17,54,0.675
89,23.0,5,"1626262,1610612738",3,3,6.0,0.0,0.0,0.0,0.333,0.4,0.5,0.4,0.333,0.0,0.0,0.0,0.0,0.0,0.333,0.2,0.0,0.5,1626262,Coty Clarke,BOS,1610612738,0.363,0,0.0
90,30.0,5,"201584,1610612766",79,30,2334.0,0.122,0.125,0.123,0.114,0.2,0.209,0.159,0.158,0.107,0.11,0.07,0.144,0.079,0.154,0.104,0.209,0.124,201584,Courtney Lee,CHA,1610612766,0.15,49,0.62
91,23.0,5,"1626245,1610612741",31,17,321.0,0.155,0.406,0.152,0.317,0.025,0.0,0.126,0.15,0.254,0.223,0.375,0.225,0.196,0.149,0.332,0.12,0.126,1626245,Cristiano Felicio,CHI,1610612741,0.136,14,0.452
92,20.0,5,"1626156,1610612747",80,63,2259.0,0.317,0.066,0.198,0.152,0.308,0.341,0.239,0.239,0.176,0.167,0.093,0.156,0.201,0.234,0.137,0.273,0.301,1626156,D'Angelo Russell,LAL,1610612747,0.241,17,0.213
93,28.0,5,"201571,1610612743",62,27,1178.0,0.39,0.035,0.252,0.107,0.282,0.332,0.174,0.161,0.205,0.214,0.03,0.152,0.248,0.185,0.088,0.245,0.214,201571,D.J. Augustin,DEN,1610612743,0.183,35,0.565
94,35.0,5,"2563,1610612739",1,1,42.0,0.125,0.333,0.222,0.143,0.154,0.167,0.184,0.167,0.0,0.0,0.167,0.333,0.091,0.149,0.147,0.333,0.0,2563,Dahntay Jones,CLE,1610612739,0.157,0,0.0
95,25.0,5,"203081,1610612757",75,35,2676.0,0.425,0.107,0.307,0.138,0.366,0.359,0.308,0.285,0.337,0.398,0.071,0.137,0.342,0.312,0.121,0.173,0.301,203081,Damian Lillard,POR,1610612757,0.31,40,0.533
96,21.0,5,"203996,1610612749",20,15,156.0,0.175,0.136,0.176,0.266,0.228,0.214,0.154,0.127,0.114,0.135,0.087,0.196,0.113,0.133,0.235,0.194,0.196,203996,Damien Inglis,MIL,1610612749,0.158,5,0.25
97,30.0,5,"204014,1610612750",33,24,277.0,0.088,0.045,0.148,0.086,0.376,0.436,0.135,0.116,0.05,0.064,0.083,0.258,0.048,0.126,0.085,0.071,0.14,204014,Damjan Rudez,MIN,1610612750,0.126,9,0.273
98,27.0,5,"201568,1610612743",53,31,1839.0,0.159,0.111,0.178,0.182,0.29,0.311,0.218,0.206,0.397,0.446,0.113,0.117,0.387,0.265,0.163,0.143,0.139,201568,Danilo Gallinari,DEN,1610612743,0.228,22,0.415
99,29.0,5,"201980,1610612759",79,14,2062.0,0.134,0.229,0.115,0.167,0.441,0.395,0.154,0.121,0.058,0.053,0.109,0.199,0.079,0.13,0.154,0.222,0.144,201980,Danny Green,SAS,1610612759,0.145,65,0.823
100,29.0,5,"201967,1610612740",80,52,1971.0,0.084,0.231,0.113,0.134,0.185,0.169,0.118,0.118,0.095,0.085,0.152,0.207,0.081,0.117,0.138,0.132,0.075,201967,Dante Cunningham,NOP,1610612740,0.111,28,0.35
101,28.0,5,"201589,1610612743",70,44,1516.0,0.137,0.327,0.118,0.201,0.154,0.181,0.184,0.19,0.073,0.069,0.257,0.272,0.078,0.167,0.214,0.218,0.143,201589,Darrell Arthur,DEN,1610612743,0.168,26,0.371
102,28.0,5,"201954,1610612758",74,45,2219.0,0.288,0.02,0.252,0.094,0.208,0.244,0.196,0.206,0.178,0.208,0.059,0.147,0.157,0.209,0.085,0.182,0.193,201954,Darren Collison,SAC,1610612758,0.193,29,0.392
103,23.0,5,"1626199,1610612765",38,21,383.0,0.162,0.024,0.138,0.145,0.212,0.207,0.2,0.184,0.225,0.232,0.061,0.176,0.176,0.194,0.126,0.164,0.167,1626199,Darrun Hilliard,DET,1610612765,0.198,17,0.447
104,33.0,5,"101135,1610612742",55,28,903.0,0.193,0.378,0.404,0.322,0.002,0.0,0.211,0.256,0.232,0.224,0.537,0.281,0.202,0.231,0.371,0.133,0.228,101135,David Lee,DAL,1610612742,0.215,27,0.491
105,35.0,5,"2561,1610612759",78,15,1404.0,0.182,0.362,0.233,0.237,0.012,0.014,0.181,0.203,0.154,0.153,0.289,0.269,0.168,0.183,0.247,0.17,0.182,2561,David West,SAS,1610612759,0.179,63,0.808
106,27.0,5,"201599,1610612746",77,26,2598.0,0.069,0.596,0.132,0.425,0.001,0.0,0.115,0.167,0.398,0.26,0.557,0.191,0.351,0.168,0.452,0.118,0.165,201599,DeAndre Jordan,LAC,1610612746,0.154,51,0.662
107,27.0,5,"201971,1610612764",29,17,218.0,0.122,0.154,0.16,0.28,0.009,0.0,0.169,0.165,0.111,0.063,0.426,0.505,0.208,0.133,0.318,0.235,0.246,201971,DeJuan Blair,WAS,1610612764,0.172,12,0.414
108,26.0,5,"201942,1610612761",78,25,2804.0,0.297,0.07,0.305,0.147,0.11,0.1,0.292,0.288,0.403,0.435,0.108,0.142,0.339,0.305,0.138,0.184,0.229,201942,DeMar DeRozan,TOR,1610612761,0.297,53,0.679
109,25.0,5,"202326,1610612758",65,36,2246.0,0.178,0.43,0.474,0.357,0.208,0.193,0.336,0.319,0.515,0.508,0.346,0.257,0.529,0.345,0.355,0.233,0.317,202326,DeMarcus Cousins,SAC,1610612758,0.352,29,0.446
110,29.0,5,"201960,1610612761",26,10,786.0,0.086,0.09,0.198,0.168,0.301,0.309,0.196,0.178,0.12,0.091,0.155,0.185,0.126,0.172,0.164,0.308,0.123,201960,DeMarre Carroll,TOR,1610612761,0.179,16,0.615
111,24.0,5,"1626153,1610612761",27,8,229.0,0.369,0.125,0.25,0.17,0.129,0.128,0.208,0.208,0.28,0.295,0.17,0.089,0.239,0.218,0.17,0.222,0.296,1626153,Delon Wright,TOR,1610612761,0.226,19,0.704
112,22.0,5,"203471,1610612737",80,33,1621.0,0.411,0.047,0.426,0.165,0.249,0.226,0.281,0.257,0.275,0.281,0.094,0.211,0.291,0.258,0.151,0.226,0.372,203471,Dennis Schroder,ATL,1610612737,0.293,47,0.588
113,32.0,5,"101114,1610612742",65,34,2106.0,0.389,0.096,0.196,0.115,0.225,0.219,0.216,0.2,0.222,0.239,0.051,0.185,0.199,0.209,0.102,0.206,0.257,101114,Deron Williams,DAL,1610612742,0.221,31,0.477
114,24.0,5,"202324,1610612762",62,32,1983.0,0.116,0.46,0.312,0.256,0.005,0.0,0.247,0.278,0.263,0.249,0.389,0.189,0.242,0.251,0.289,0.234,0.175,202324,Derrick Favors,UTA,1610612762,0.239,30,0.484
115,27.0,5,"201565,1610612741",66,34,2097.0,0.326,0.054,0.3,0.118,0.183,0.149,0.274,0.265,0.195,0.193,0.096,0.11,0.191,0.245,0.113,0.176,0.301,201565,Derrick Rose,CHI,1610612741,0.27,32,0.485
116,25.0,5,"202682,1610612752",80,48,1435.0,0.122,0.065,0.28,0.256,0.248,0.219,0.231,0.246,0.346,0.336,0.17,0.116,0.287,0.262,0.237,0.159,0.158,202682,Derrick Williams,NYK,1610612752,0.234,32,0.4
117,19.0,5,"1626164,1610612756",76,56,2108.0,0.219,0.119,0.245,0.109,0.253,0.251,0.234,0.23,0.243,0.269,0.055,0.22,0.254,0.239,0.096,0.142,0.213,1626164,Devin Booker,PHX,1610612756,0.231,20,0.263
118,33.0,5,"2734,1610612742",64,29,1280.0,0.209,0.118,0.148,0.137,0.218,0.242,0.169,0.174,0.206,0.194,0.075,0.227,0.224,0.183,0.123,0.294,0.188,2734,Devin Harris,DAL,1610612742,0.175,35,0.547
119,23.0,5,"203906,1610612753",28,16,249.0,0.104,0.034,0.214,0.176,0.222,0.178,0.156,0.112,0.186,0.12,0.113,0.225,0.157,0.119,0.162,0.325,0.115,203906,Devyn Marble,ORL,1610612753,0.155,12,0.429
120,26.0,5,"203473,1610612753",58,37,705.0,0.042,0.489,0.214,0.343,0.0,0.0,0.145,0.18,0.234,0.227,0.447,0.366,0.22,0.175,0.368,0.18,0.138,203473,Dewayne Dedmon,ORL,1610612753,0.152,21,0.362
121,24.0,5,"203079,1610612760",78,25,2152.0,0.159,0.062,0.163,0.11,0.224,0.222,0.184,0.159,0.125,0.115,0.061,0.146,0.136,0.155,0.096,0.243,0.169,203079,Dion Waiters,OKC,1610612760,0.176,53,0.679
122,38.0,5,"1717,1610612742",75,37,2363.0,0.119,0.281,0.071,0.267,0.246,0.245,0.27,0.266,0.266,0.292,0.123,0.184,0.283,0.268,0.237,0.164,0.141,1717,Dirk Nowitzki,DAL,1610612742,0.255,38,0.507
123,28.0,5,"202388,1610612751",61,48,1318.0,0.417,0.038,0.182,0.173,0.195,0.203,0.153,0.144,0.193,0.183,0.076,0.166,0.198,0.154,0.154,0.165,0.22,202388,Donald Sloan,BKN,1610612751,0.165,13,0.213
124,25.0,5,"202700,1610612745",37,18,547.0,0.143,0.094,0.184,0.191,0.163,0.125,0.219,0.204,0.19,0.177,0.316,0.308,0.275,0.191,0.221,0.153,0.223,202700,Donatas Motiejunas,HOU,1610612745,0.217,19,0.514
125,24.0,5,"203926,1610612741",81,40,1861.0,0.067,0.031,0.156,0.118,0.295,0.324,0.189,0.195,0.107,0.121,0.086,0.163,0.093,0.195,0.11,0.065,0.095,203926,Doug McDermott,CHI,1610612741,0.171,41,0.506
126,26.0,5,"203110,1610612744",81,8,2808.0,0.334,0.315,0.246,0.288,0.127,0.116,0.161,0.157,0.252,0.229,0.242,0.21,0.263,0.162,0.279,0.229,0.291,203110,Draymond Green,GSW,1610612744,0.186,73,0.901
127,34.0,5,"2400,1610612764",30,12,305.0,0.108,0.314,0.194,0.315,0.265,0.135,0.19,0.143,0.089,0.079,0.459,0.268,0.134,0.131,0.351,0.148,0.148,2400,Drew Gooden,WAS,1610612764,0.174,18,0.6
128,24.0,5,"1626251,1610612758",1,1,24.0,0.111,0.0,0.0,0.118,0.227,0.333,0.185,0.118,0.0,0.0,0.2,0.286,0.0,0.133,0.148,0.2,0.0,1626251,Duje Dukan,SAC,1610612758,0.16,0,0.0
129,30.0,5,"2730,1610612745",71,37,2280.0,0.093,0.502,0.216,0.399,0.004,0.0,0.156,0.211,0.343,0.246,0.456,0.228,0.365,0.197,0.413,0.146,0.215,2730,Dwight Howard,HOU,1610612745,0.187,34,0.479
130,24.0,5,"203939,1610612742",69,34,992.0,0.104,0.348,0.235,0.279,0.031,0.013,0.176,0.204,0.281,0.266,0.422,0.256,0.257,0.201,0.312,0.224,0.14,203939,Dwight Powell,DAL,1610612742,0.182,35,0.507
131,34.0,5,"2548,1610612748",74,31,2258.0,0.355,0.125,0.221,0.14,0.058,0.027,0.309,0.296,0.383,0.401,0.173,0.139,0.309,0.299,0.147,0.259,0.302,2548,Dwyane Wade,MIA,1610612748,0.315,43,0.581
132,27.0,5,"202734,1610612741",59,30,1263.0,0.159,0.119,0.158,0.125,0.204,0.236,0.173,0.182,0.065,0.052,0.069,0.193,0.085,0.166,0.112,0.239,0.14,202734,E'Twaun Moore,CHI,1610612741,0.16,29,0.492
133,27.0,5,"202334,1610612757",81,38,1684.0,0.122,0.424,0.153,0.312,0.0,0.0,0.112,0.155,0.263,0.201,0.508,0.273,0.224,0.148,0.365,0.242,0.128,202334,Ed Davis,POR,1610612757,0.128,43,0.531
134,22.0,5,"203901,1610612753",73,41,2145.0,0.426,0.093,0.3,0.124,0.104,0.098,0.186,0.178,0.222,0.174,0.152,0.18,0.218,0.172,0.131,0.234,0.28,203901,Elfrid Payton,ORL,1610612753,0.201,32,0.438
135,28.0,5,"202407,1610612762",20,11,173.0,0.317,0.125,0.148,0.225,0.154,0.036,0.134,0.087,0.188,0.188,0.143,0.337,0.179,0.103,0.205,0.259,0.176,202407,Elijah Millsap,UTA,1610612762,0.146,9,0.45
136,27.0,5,"202343,1610612763",5,1,45.0,0.2,0.0,0.0,0.1,0.267,0.2,0.147,0.067,0.143,0.143,0.143,0.154,0.25,0.093,0.108,0.0,0.077,202343,Elliot Williams,MEM,1610612763,0.137,4,0.8
137,37.0,5,"1882,1610612755",17,15,225.0,0.173,0.4,0.111,0.321,0.007,0.0,0.178,0.196,0.097,0.131,0.257,0.372,0.2,0.164,0.31,0.257,0.196,1882,Elton Brand,PHI,1610612755,0.174,2,0.118
138,20.0,5,"1626144,1610612743",68,39,2068.0,0.368,0.159,0.279,0.136,0.25,0.229,0.245,0.199,0.196,0.171,0.064,0.165,0.178,0.196,0.118,0.193,0.337,1626144,Emmanuel Mudiay,DEN,1610612743,0.253,29,0.426
139,24.0,5,"202683,1610612760",82,27,1721.0,0.044,0.2,0.418,0.338,0.025,0.034,0.235,0.288,0.289,0.29,0.495,0.216,0.291,0.269,0.383,0.11,0.191,202683,Enes Kanter,OKC,1610612760,0.234,55,0.671
140,26.0,5,"202339,1610612756",31,19,1059.0,0.43,0.209,0.258,0.146,0.224,0.223,0.258,0.259,0.369,0.397,0.078,0.161,0.325,0.277,0.13,0.318,0.293,202339,Eric Bledsoe,PHX,1610612756,0.273,12,0.387
141,27.0,5,"201569,1610612740",45,31,1481.0,0.178,0.089,0.191,0.086,0.372,0.398,0.213,0.198,0.189,0.21,0.041,0.149,0.186,0.218,0.077,0.186,0.169,201569,Eric Gordon,NOP,1610612740,0.205,14,0.311
142,24.0,5,"203961,1610612758",8,7,48.0,0.04,0.571,0.5,0.222,0.0,0.0,0.076,0.079,0.129,0.087,0.6,0.222,0.136,0.071,0.268,0.0,0.158,203961,Eric Moreland,SAC,1610612758,0.096,1,0.125
143,25.0,5,"203475,1610612762",9,3,42.0,0.231,0.0,0.0,0.136,0.2,0.143,0.188,0.152,0.067,0.091,0.3,0.25,0.095,0.137,0.188,0.143,0.0,203475,Erick Green,UTA,1610612762,0.151,6,0.667
144,29.0,5,"101141,1610612753",74,39,1880.0,0.089,0.239,0.215,0.214,0.276,0.294,0.192,0.186,0.165,0.181,0.276,0.226,0.213,0.194,0.232,0.171,0.131,101141,Ersan Ilyasova,ORL,1610612753,0.182,35,0.473
145,23.0,5,"203095,1610612753",79,46,2566.0,0.17,0.008,0.214,0.113,0.342,0.379,0.204,0.204,0.234,0.255,0.063,0.196,0.229,0.225,0.101,0.206,0.177,203095,Evan Fournier,ORL,1610612753,0.203,33,0.418
146,27.0,5,"202323,1610612738",81,34,2271.0,0.342,0.151,0.154,0.219,0.072,0.054,0.182,0.191,0.154,0.161,0.092,0.133,0.156,0.175,0.186,0.19,0.245,202323,Evan Turner,BOS,1610612738,0.187,47,0.58
147,26.0,5,"203105,1610612744",46,4,770.0,0.072,0.521,0.294,0.287,0.0,0.0,0.167,0.189,0.33,0.237,0.526,0.313,0.314,0.177,0.342,0.125,0.145,203105,Festus Ezeli,GSW,1610612744,0.18,42,0.913
148,23.0,5,"1626163,1610612766",81,34,1708.0,0.137,0.238,0.227,0.212,0.208,0.201,0.179,0.173,0.164,0.157,0.217,0.186,0.143,0.173,0.213,0.159,0.125,1626163,Frank Kaminsky,CHA,1610612766,0.17,47,0.58
149,30.0,5,"202066,1610612764",80,40,1951.0,0.142,0.106,0.201,0.131,0.265,0.263,0.146,0.127,0.144,0.146,0.106,0.224,0.169,0.141,0.126,0.192,0.114,202066,Garrett Temple,WAS,1610612764,0.142,40,0.5
150,21.0,5,"203914,1610612743",76,45,2439.0,0.128,0.078,0.134,0.101,0.263,0.277,0.175,0.185,0.109,0.115,0.088,0.145,0.096,0.179,0.097,0.238,0.133,203914,Gary Harris,DEN,1610612743,0.163,31,0.408
151,31.0,5,"202390,1610612764",40,22,807.0,0.133,0.019,0.159,0.142,0.274,0.336,0.237,0.242,0.129,0.146,0.094,0.145,0.119,0.23,0.133,0.145,0.126,202390,Gary Neal,WAS,1610612764,0.211,18,0.45
152,30.0,5,"201588,1610612754",74,33,2524.0,0.233,0.071,0.149,0.138,0.259,0.302,0.169,0.165,0.125,0.124,0.113,0.143,0.18,0.169,0.132,0.177,0.132,201588,George Hill,IND,1610612754,0.16,41,0.554
153,30.0,5,"101123,1610612748",69,29,1557.0,0.086,0.104,0.139,0.123,0.396,0.38,0.224,0.19,0.123,0.126,0.086,0.205,0.124,0.192,0.116,0.191,0.104,101123,Gerald Green,MIA,1610612748,0.198,40,0.58
154,28.0,5,"201945,1610612757",72,33,1431.0,0.124,0.13,0.14,0.178,0.175,0.178,0.212,0.207,0.192,0.197,0.086,0.134,0.204,0.203,0.155,0.201,0.159,201945,Gerald Henderson,POR,1610612757,0.203,39,0.542
155,21.0,5,"203507,1610612749",80,48,2823.0,0.256,0.321,0.195,0.275,0.129,0.098,0.211,0.225,0.29,0.281,0.186,0.214,0.284,0.229,0.252,0.193,0.24,203507,Giannis Antetokounmpo,MIL,1610612749,0.223,32,0.4
156,22.0,5,"203922,1610612754",45,21,508.0,0.119,0.164,0.275,0.154,0.179,0.222,0.166,0.161,0.183,0.181,0.098,0.116,0.173,0.168,0.14,0.2,0.118,203922,Glenn Robinson,IND,1610612754,0.161,24,0.533
157,30.0,5,"201609,1610612748",72,28,2363.0,0.401,0.052,0.211,0.132,0.234,0.225,0.215,0.215,0.142,0.139,0.105,0.21,0.185,0.203,0.126,0.211,0.269,201609,Goran Dragic,MIA,1610612748,0.215,44,0.611
158,26.0,5,"202330,1610612762",80,42,2893.0,0.259,0.084,0.206,0.174,0.295,0.302,0.251,0.242,0.322,0.355,0.096,0.155,0.308,0.268,0.154,0.207,0.232,202330,Gordon Hayward,UTA,1610612762,0.256,38,0.475
159,26.0,5,"203476,1610612750",82,53,2220.0,0.131,0.419,0.213,0.299,0.026,0.021,0.157,0.176,0.206,0.212,0.347,0.247,0.216,0.174,0.311,0.24,0.201,203476,Gorgui Dieng,MIN,1610612750,0.169,29,0.354
160,26.0,5,"202328,1610612749",79,47,2314.0,0.158,0.283,0.346,0.327,0.001,0.0,0.238,0.261,0.271,0.264,0.447,0.166,0.266,0.248,0.357,0.173,0.187,202328,Greg Monroe,MIL,1610612749,0.234,32,0.405
161,25.0,5,"202962,1610612750",18,10,192.0,0.068,0.333,0.267,0.231,0.0,0.0,0.097,0.128,0.167,0.1,0.279,0.311,0.171,0.115,0.243,0.182,0.123,202962,Greg Smith,MIN,1610612750,0.108,8,0.444
162,29.0,5,"202349,1610612749",23,14,460.0,0.421,0.0,0.174,0.148,0.33,0.265,0.181,0.137,0.123,0.132,0.051,0.204,0.146,0.146,0.123,0.147,0.268,202349,Greivis Vasquez,MIL,1610612749,0.189,9,0.391
163,24.0,5,"203084,1610612744",66,7,2042.0,0.095,0.041,0.218,0.167,0.157,0.146,0.17,0.163,0.166,0.16,0.192,0.156,0.167,0.161,0.172,0.116,0.093,203084,Harrison Barnes,GSW,1610612744,0.159,59,0.894
164,27.0,5,"202355,1610612748",73,31,2125.0,0.033,0.745,0.219,0.414,0.0,0.0,0.188,0.242,0.327,0.296,0.477,0.265,0.32,0.237,0.43,0.161,0.217,202355,Hassan Whiteside,MIA,1610612748,0.205,42,0.575
165,26.0,5,"203156,1610612751",14,12,263.0,0.071,0.538,0.037,0.317,0.0,0.0,0.162,0.165,0.248,0.287,0.382,0.407,0.214,0.174,0.333,0.167,0.16,203156,Henry Sims,BKN,1610612751,0.17,2,0.143
166,25.0,5,"203138,1610612755",77,67,2154.0,0.101,0.095,0.07,0.156,0.303,0.326,0.18,0.165,0.092,0.096,0.127,0.185,0.101,0.17,0.149,0.098,0.107,203138,Hollis Thompson,PHI,1610612755,0.161,10,0.13
167,25.0,5,"203546,1610612744",66,7,578.0,0.207,0.183,0.22,0.137,0.262,0.236,0.203,0.192,0.137,0.156,0.11,0.217,0.105,0.192,0.131,0.2,0.229,203546,Ian Clark,GSW,1610612744,0.201,59,0.894
168,29.0,5,"101133,1610612754",71,30,1816.0,0.13,0.426,0.23,0.283,0.0,0.0,0.143,0.186,0.261,0.198,0.391,0.311,0.227,0.172,0.306,0.172,0.176,101133,Ian Mahinmi,IND,1610612754,0.158,41,0.577
169,26.0,5,"202697,1610612739",54,15,1316.0,0.154,0.165,0.139,0.183,0.185,0.153,0.135,0.11,0.083,0.085,0.113,0.197,0.105,0.11,0.167,0.273,0.155,202697,Iman Shumpert,CLE,1610612739,0.133,39,0.722
170,25.0,5,"203477,1610612755",77,67,1966.0,0.169,0.048,0.17,0.121,0.395,0.418,0.211,0.185,0.188,0.224,0.05,0.151,0.166,0.217,0.104,0.172,0.138,203477,Isaiah Canaan,PHI,1610612755,0.198,10,0.13
171,27.0,5,"202738,1610612738",82,34,2644.0,0.372,0.039,0.388,0.108,0.308,0.333,0.281,0.266,0.402,0.443,0.074,0.137,0.384,0.303,0.099,0.183,0.292,202738,Isaiah Thomas,BOS,1610612738,0.293,48,0.585
172,27.0,5,"202397,1610612755",77,61,2239.0,0.476,0.094,0.233,0.174,0.136,0.129,0.243,0.226,0.168,0.159,0.1,0.133,0.193,0.206,0.158,0.24,0.258,202397,Ish Smith,PHI,1610612755,0.238,16,0.208
173,24.0,5,"1626266,1610612762",2,0,6.0,0.0,0.0,0.0,0.333,0.0,0.0,0.125,0.0,0.0,0.0,0.0,0.2,0.0,0.0,0.333,0.5,0.0,1626266,J.J. O'Brien,UTA,1610612762,0.077,2,1.0
174,30.0,5,"2747,1610612739",77,24,2362.0,0.114,0.12,0.096,0.107,0.337,0.362,0.204,0.182,0.068,0.057,0.079,0.211,0.099,0.183,0.1,0.25,0.092,2747,J.R. Smith,CLE,1610612739,0.178,53,0.688
175,27.0,5,"201581,1610612764",35,18,437.0,0.119,0.378,0.278,0.294,0.005,0.0,0.204,0.24,0.41,0.288,0.394,0.253,0.317,0.233,0.318,0.224,0.17,201581,JJ Hickson,WAS,1610612764,0.222,17,0.486
176,32.0,5,"200755,1610612746",75,25,2097.0,0.095,0.022,0.162,0.085,0.36,0.442,0.245,0.242,0.16,0.212,0.026,0.154,0.179,0.256,0.073,0.122,0.15,200755,JJ Redick,LAC,1610612746,0.224,50,0.667
177,23.0,5,"203960,1610612743",73,55,1160.0,0.089,0.208,0.209,0.176,0.118,0.074,0.158,0.158,0.234,0.215,0.172,0.271,0.192,0.16,0.175,0.127,0.178,203960,JaKarr Sampson,DEN,1610612743,0.168,18,0.247
178,26.0,5,"203210,1610612763",78,39,1446.0,0.111,0.25,0.249,0.254,0.078,0.082,0.193,0.203,0.182,0.173,0.387,0.261,0.169,0.19,0.292,0.155,0.198,203210,JaMychal Green,MEM,1610612763,0.193,39,0.5
179,28.0,5,"201580,1610612742",34,19,370.0,0.018,0.703,0.286,0.324,0.005,0.0,0.207,0.278,0.259,0.186,0.716,0.353,0.26,0.24,0.414,0.1,0.212,201580,JaVale McGee,DAL,1610612742,0.212,15,0.441
180,21.0,5,"203953,1610612749",76,44,2408.0,0.111,0.105,0.269,0.175,0.053,0.039,0.218,0.226,0.201,0.209,0.233,0.163,0.178,0.214,0.19,0.168,0.155,203953,Jabari Parker,MIL,1610612749,0.208,32,0.421
181,25.0,5,"203109,1610612738",73,30,2308.0,0.112,0.162,0.086,0.191,0.283,0.29,0.188,0.188,0.206,0.214,0.128,0.186,0.184,0.201,0.175,0.266,0.136,203109,Jae Crowder,BOS,1610612738,0.184,43,0.589
182,20.0,5,"1626143,1610612755",53,47,1591.0,0.105,0.295,0.327,0.238,0.008,0.004,0.293,0.349,0.289,0.283,0.386,0.217,0.28,0.311,0.272,0.094,0.205,1626143,Jahlil Okafor,PHI,1610612755,0.278,6,0.113
183,36.0,5,"2037,1610612746",79,28,2126.0,0.201,0.046,0.178,0.092,0.289,0.279,0.26,0.231,0.211,0.271,0.05,0.121,0.209,0.243,0.083,0.127,0.189,2037,Jamal Crawford,LAC,1610612746,0.246,51,0.646
184,34.0,5,"2749,1610612743",39,27,1036.0,0.403,0.064,0.082,0.14,0.257,0.239,0.168,0.146,0.069,0.077,0.077,0.22,0.115,0.141,0.123,0.174,0.224,2749,Jameer Nelson,DEN,1610612743,0.166,12,0.308
185,27.0,5,"202341,1610612758",51,32,721.0,0.118,0.165,0.141,0.143,0.249,0.19,0.135,0.113,0.088,0.089,0.08,0.18,0.105,0.115,0.128,0.158,0.177,202341,James Anderson,SAC,1610612758,0.137,19,0.373
186,25.0,5,"203516,1610612740",22,11,329.0,0.122,0.278,0.147,0.102,0.365,0.433,0.205,0.212,0.213,0.208,0.266,0.206,0.212,0.23,0.148,0.308,0.168,203516,James Ennis,NOP,1610612740,0.2,11,0.5
187,26.0,5,"201935,1610612745",82,41,3125.0,0.427,0.152,0.29,0.214,0.321,0.328,0.301,0.291,0.428,0.516,0.086,0.161,0.373,0.34,0.181,0.215,0.368,201935,James Harden,HOU,1610612745,0.325,41,0.5
188,29.0,5,"201949,1610612761",57,22,926.0,0.186,0.33,0.124,0.157,0.16,0.141,0.154,0.161,0.152,0.111,0.147,0.231,0.138,0.15,0.155,0.192,0.205,201949,James Johnson,TOR,1610612761,0.16,35,0.614
189,35.0,5,"2592,1610612739",48,15,463.0,0.077,0.182,0.058,0.129,0.356,0.406,0.177,0.182,0.12,0.13,0.094,0.235,0.144,0.198,0.122,0.172,0.103,2592,James Jones,CLE,1610612739,0.163,33,0.688
190,23.0,5,"203949,1610612744",41,4,262.0,0.123,0.364,0.341,0.166,0.015,0.019,0.184,0.225,0.377,0.295,0.469,0.287,0.301,0.217,0.249,0.263,0.174,203949,James Michael McAdoo,GSW,1610612744,0.201,37,0.902
191,20.0,5,"203923,1610612738",29,17,199.0,0.091,0.053,0.077,0.165,0.239,0.214,0.099,0.071,0.046,0.014,0.1,0.221,0.042,0.071,0.15,0.2,0.102,203923,James Young,BOS,1610612738,0.095,12,0.414
192,25.0,5,"203099,1610612749",44,13,410.0,0.103,0.074,0.405,0.135,0.185,0.154,0.158,0.118,0.288,0.288,0.042,0.223,0.245,0.147,0.115,0.219,0.152,203099,Jared Cunningham,MIL,1610612749,0.169,31,0.705
193,30.0,5,"201162,1610612764",81,41,2098.0,0.153,0.116,0.032,0.166,0.221,0.26,0.13,0.133,0.106,0.11,0.146,0.212,0.126,0.14,0.162,0.192,0.134,201162,Jared Dudley,WAS,1610612764,0.129,40,0.494
194,24.0,5,"203096,1610612738",81,34,1915.0,0.184,0.297,0.25,0.361,0.097,0.079,0.224,0.217,0.189,0.157,0.408,0.252,0.21,0.196,0.373,0.197,0.191,203096,Jared Sullinger,BOS,1610612738,0.218,47,0.58
195,24.0,5,"204067,1610612764",26,13,147.0,0.088,0.083,0.15,0.189,0.511,0.577,0.243,0.189,0.099,0.148,0.054,0.078,0.088,0.216,0.155,0.227,0.023,204067,Jarell Eddie,WAS,1610612764,0.201,13,0.5
196,22.0,5,"1626185,1610612763",27,17,380.0,0.103,0.179,0.246,0.194,0.014,0.0,0.171,0.189,0.283,0.28,0.31,0.312,0.253,0.197,0.234,0.123,0.162,1626185,Jarell Martin,MEM,1610612763,0.182,10,0.37
197,22.0,5,"203950,1610612748",7,6,19.0,0.091,0.0,0.0,0.176,0.0,0.0,0.161,0.2,0.333,0.25,0.25,0.167,0.143,0.184,0.19,1.0,0.0,203950,Jarnell Stokes,MIA,1610612748,0.141,1,0.143
198,32.0,5,"101127,1610612751",32,22,1027.0,0.491,0.089,0.187,0.179,0.281,0.252,0.195,0.168,0.256,0.299,0.035,0.189,0.223,0.193,0.141,0.198,0.284,101127,Jarrett Jack,BKN,1610612751,0.213,10,0.313
199,30.0,5,"201160,1610612753",76,43,1181.0,0.108,0.492,0.184,0.21,0.031,0.022,0.241,0.254,0.135,0.144,0.247,0.299,0.167,0.221,0.217,0.168,0.174,201160,Jason Smith,ORL,1610612753,0.224,33,0.434
200,38.0,5,"1891,1610612745",72,35,1258.0,0.182,0.074,0.038,0.08,0.31,0.321,0.174,0.155,0.04,0.048,0.045,0.156,0.052,0.15,0.071,0.183,0.118,1891,Jason Terry,HOU,1610612745,0.15,37,0.514
201,29.0,5,"201574,1610612761",47,9,471.0,0.129,0.351,0.148,0.301,0.065,0.059,0.134,0.144,0.208,0.196,0.314,0.392,0.195,0.147,0.304,0.158,0.119,201574,Jason Thompson,TOR,1610612761,0.14,38,0.809
202,29.0,5,"201965,1610612746",17,6,107.0,0.111,0.333,0.6,0.25,0.018,0.0,0.135,0.158,0.158,0.207,0.286,0.353,0.219,0.148,0.256,0.0,0.167,201965,Jeff Ayres,LAC,1610612746,0.142,11,0.647
203,29.0,5,"201145,1610612746",80,32,2253.0,0.141,0.169,0.246,0.177,0.219,0.186,0.217,0.207,0.201,0.195,0.177,0.166,0.191,0.203,0.177,0.144,0.153,201145,Jeff Green,LAC,1610612746,0.207,48,0.6
204,28.0,5,"201952,1610612737",79,32,2255.0,0.391,0.081,0.356,0.113,0.209,0.242,0.247,0.239,0.334,0.353,0.083,0.189,0.292,0.257,0.107,0.228,0.312,201952,Jeff Teague,ATL,1610612737,0.263,47,0.595
205,26.0,5,"203481,1610612762",51,26,658.0,0.075,0.697,0.25,0.271,0.006,0.0,0.151,0.182,0.207,0.194,0.397,0.291,0.206,0.168,0.302,0.189,0.135,203481,Jeff Withey,UTA,1610612762,0.153,25,0.49
206,22.0,5,"203924,1610612755",77,68,2066.0,0.147,0.431,0.287,0.188,0.128,0.088,0.17,0.165,0.329,0.317,0.249,0.227,0.329,0.182,0.202,0.159,0.156,203924,Jerami Grant,PHI,1610612755,0.183,9,0.117
207,28.0,5,"202379,1610612742",30,14,251.0,0.018,0.346,0.1,0.209,0.111,0.103,0.113,0.144,0.157,0.146,0.268,0.202,0.168,0.141,0.219,0.188,0.097,202379,Jeremy Evans,DAL,1610612742,0.116,16,0.533
208,24.0,5,"203087,1610612766",66,26,1227.0,0.152,0.196,0.149,0.227,0.273,0.25,0.239,0.25,0.144,0.133,0.191,0.215,0.151,0.228,0.22,0.226,0.15,203087,Jeremy Lamb,CHA,1610612766,0.219,40,0.606
209,27.0,5,"202391,1610612766",78,31,2048.0,0.27,0.177,0.248,0.14,0.193,0.185,0.206,0.197,0.269,0.279,0.109,0.205,0.33,0.212,0.134,0.2,0.268,202391,Jeremy Lin,CHA,1610612766,0.22,47,0.603
210,23.0,5,"1626170,1610612752",76,47,1265.0,0.344,0.07,0.228,0.142,0.188,0.133,0.18,0.17,0.192,0.19,0.087,0.184,0.212,0.172,0.129,0.286,0.249,1626170,Jerian Grant,NYK,1610612752,0.189,29,0.382
211,27.0,5,"201573,1610612749",52,31,1505.0,0.228,0.065,0.12,0.128,0.392,0.465,0.175,0.16,0.126,0.13,0.067,0.167,0.144,0.177,0.113,0.191,0.153,201573,Jerryd Bayless,MIL,1610612749,0.167,21,0.404
212,27.0,5,"202690,1610612752",6,5,18.0,0.333,0.0,0.0,0.0,0.182,0.333,0.179,0.5,0.714,0.667,0.0,0.286,0.5,0.529,0.0,0.5,0.286,202690,Jimmer Fredette,NYK,1610612752,0.242,1,0.167
213,26.0,5,"202710,1610612741",67,30,2474.0,0.287,0.136,0.204,0.158,0.193,0.171,0.235,0.242,0.405,0.427,0.142,0.139,0.372,0.27,0.154,0.326,0.191,202710,Jimmy Butler,CHI,1610612741,0.245,37,0.552
214,31.0,5,"201149,1610612741",29,14,635.0,0.369,0.387,0.222,0.339,0.003,0.0,0.116,0.106,0.16,0.113,0.458,0.282,0.178,0.097,0.372,0.231,0.26,201149,Joakim Noah,CHI,1610612741,0.139,15,0.517
215,28.0,5,"201975,1610612765",3,0,43.0,0.136,0.0,0.333,0.118,0.346,0.364,0.278,0.25,0.182,0.222,0.111,0.105,0.105,0.259,0.116,0.0,0.083,201975,Jodie Meeks,DET,1610612765,0.243,3,1.0
216,24.0,5,"203925,1610612739",5,0,15.0,0.25,0.0,0.0,0.6,0.5,0.25,0.148,0.083,0.0,0.0,0.0,0.111,0.0,0.097,0.375,0.0,0.143,203925,Joe Harris,CLE,1610612739,0.142,5,1.0
217,28.0,5,"204060,1610612762",81,41,1241.0,0.207,0.034,0.061,0.16,0.308,0.343,0.141,0.139,0.03,0.03,0.071,0.174,0.085,0.139,0.138,0.289,0.162,204060,Joe Ingles,UTA,1610612762,0.133,40,0.494
218,34.0,5,"2207,1610612748",81,50,2703.0,0.256,0.017,0.107,0.131,0.324,0.342,0.183,0.169,0.122,0.129,0.088,0.145,0.138,0.173,0.121,0.15,0.202,2207,Joe Johnson,MIA,1610612748,0.18,31,0.383
219,24.0,5,"1626202,1610612754",41,22,383.0,0.394,0.0,0.182,0.16,0.297,0.244,0.243,0.199,0.152,0.168,0.067,0.196,0.17,0.197,0.137,0.273,0.28,1626202,Joe Young,IND,1610612754,0.24,19,0.463
220,33.0,5,"201202,1610612765",19,7,96.0,0.031,0.857,0.077,0.191,0.0,0.0,0.066,0.107,0.114,0.122,0.308,0.417,0.128,0.102,0.223,0.222,0.071,201202,Joel Anthony,DET,1610612765,0.074,12,0.632
221,24.0,5,"203530,1610612743",59,35,1041.0,0.115,0.17,0.241,0.305,0.105,0.076,0.211,0.245,0.152,0.176,0.352,0.233,0.16,0.22,0.316,0.098,0.163,203530,Joffrey Lauvergne,DEN,1610612743,0.199,24,0.407
222,25.0,5,"203089,1610612749",57,35,959.0,0.121,0.645,0.106,0.207,0.003,0.0,0.181,0.226,0.285,0.237,0.383,0.307,0.232,0.215,0.253,0.132,0.195,203089,John Henson,MIL,1610612749,0.192,22,0.386
223,25.0,5,"203098,1610612756",43,25,480.0,0.164,0.024,0.122,0.133,0.18,0.195,0.182,0.184,0.104,0.118,0.072,0.102,0.107,0.174,0.119,0.14,0.174,203098,John Jenkins,PHX,1610612756,0.174,18,0.419
224,25.0,5,"202322,1610612764",77,40,2784.0,0.532,0.244,0.307,0.178,0.22,0.209,0.268,0.246,0.29,0.306,0.079,0.139,0.265,0.251,0.156,0.292,0.377,202322,John Wall,WAS,1610612764,0.284,37,0.481
225,23.0,5,"203948,1610612749",66,39,857.0,0.08,0.096,0.191,0.203,0.003,0.01,0.146,0.133,0.105,0.095,0.344,0.256,0.118,0.119,0.239,0.137,0.116,203948,Johnny O'Bryant,MIL,1610612749,0.138,27,0.409
226,27.0,5,"202720,1610612756",67,45,1255.0,0.126,0.27,0.229,0.337,0.159,0.167,0.206,0.219,0.182,0.188,0.275,0.214,0.169,0.21,0.322,0.18,0.171,202720,Jon Leuer,PHX,1610612756,0.199,22,0.328
227,29.0,5,"201973,1610612738",78,31,1176.0,0.112,0.235,0.161,0.266,0.17,0.199,0.134,0.129,0.14,0.139,0.264,0.256,0.135,0.137,0.266,0.097,0.144,201973,Jonas Jerebko,BOS,1610612738,0.136,47,0.603
228,24.0,5,"202685,1610612761",60,20,1557.0,0.065,0.488,0.261,0.346,0.0,0.0,0.203,0.245,0.25,0.241,0.553,0.249,0.261,0.226,0.396,0.1,0.191,202685,Jonas Valanciunas,TOR,1610612761,0.207,40,0.667
229,26.0,5,"203613,1610612759",55,8,813.0,0.148,0.057,0.338,0.142,0.147,0.137,0.182,0.185,0.23,0.221,0.113,0.304,0.252,0.188,0.136,0.2,0.205,203613,Jonathon Simmons,SAS,1610612759,0.19,47,0.855
230,21.0,5,"203919,1610612763",2,2,15.0,0.333,0.0,0.0,0.222,0.333,0.0,0.231,0.154,0.385,0.375,0.0,0.286,0.2,0.206,0.182,0.429,0.5,203919,Jordan Adams,MEM,1610612763,0.286,0,0.0
231,24.0,5,"203903,1610612747",79,62,2552.0,0.21,0.033,0.288,0.129,0.258,0.28,0.243,0.256,0.154,0.156,0.166,0.157,0.177,0.237,0.138,0.236,0.189,203903,Jordan Clarkson,LAL,1610612747,0.228,17,0.215
232,29.0,5,"200770,1610612763",12,10,291.0,0.319,0.111,0.175,0.138,0.331,0.356,0.186,0.183,0.097,0.127,0.047,0.18,0.153,0.189,0.105,0.242,0.198,200770,Jordan Farmar,MEM,1610612763,0.182,2,0.167
233,25.0,5,"202706,1610612740",11,7,304.0,0.156,0.188,0.114,0.26,0.28,0.191,0.215,0.201,0.169,0.157,0.185,0.183,0.146,0.194,0.241,0.2,0.187,202706,Jordan Hamilton,NOP,1610612740,0.208,4,0.364
234,28.0,5,"201941,1610612754",73,33,1513.0,0.134,0.261,0.248,0.278,0.002,0.0,0.206,0.234,0.188,0.175,0.432,0.25,0.155,0.206,0.317,0.159,0.205,201941,Jordan Hill,IND,1610612754,0.204,40,0.548
235,25.0,5,"203895,1610612739",22,12,196.0,0.284,0.04,0.421,0.11,0.206,0.238,0.236,0.227,0.329,0.309,0.118,0.218,0.303,0.241,0.111,0.12,0.312,203895,Jordan McRae,CLE,1610612739,0.253,10,0.455
236,21.0,5,"1626175,1610612738",16,7,57.0,0.04,0.846,0.833,0.189,0.0,0.0,0.212,0.195,0.4,0.263,0.333,0.278,0.304,0.188,0.236,0.0,0.059,1626175,Jordan Mickey,BOS,1610612738,0.208,9,0.563
237,27.0,5,"203268,1610612766",12,3,63.0,0.486,0.0,0.0,0.125,0.065,0.0,0.113,0.122,0.229,0.278,0.0,0.1,0.303,0.15,0.101,0.429,0.261,203268,Jorge Gutierrez,CHA,1610612766,0.155,9,0.75
238,34.0,5,"101181,1610612752",72,43,2024.0,0.341,0.026,0.064,0.143,0.216,0.247,0.129,0.13,0.062,0.067,0.05,0.169,0.108,0.13,0.121,0.296,0.15,101181,Jose Calderon,NYK,1610612752,0.126,29,0.403
239,32.0,5,"200826,1610612742",74,36,1667.0,0.403,0.015,0.31,0.114,0.267,0.305,0.242,0.24,0.129,0.126,0.079,0.161,0.171,0.227,0.106,0.12,0.268,200826,Jose Juan Barea,DAL,1610612742,0.235,38,0.514
240,24.0,5,"203962,1610612760",5,3,55.0,0.0,0.333,0.0,0.211,0.231,0.364,0.126,0.106,0.174,0.0,0.167,0.125,0.1,0.117,0.2,0.25,0.136,203962,Josh Huestis,OKC,1610612760,0.132,2,0.4
241,29.0,5,"201177,1610612748",42,15,595.0,0.31,0.1,0.17,0.2,0.219,0.167,0.151,0.122,0.124,0.116,0.218,0.264,0.131,0.123,0.203,0.217,0.195,201177,Josh McRoberts,MIA,1610612748,0.154,27,0.643
242,22.0,5,"1626196,1610612748",52,23,1107.0,0.158,0.169,0.213,0.111,0.284,0.366,0.146,0.141,0.114,0.104,0.085,0.248,0.133,0.149,0.104,0.22,0.107,1626196,Josh Richardson,MIA,1610612748,0.137,29,0.558
243,30.0,5,"2746,1610612745",55,24,880.0,0.231,0.409,0.234,0.24,0.238,0.224,0.225,0.196,0.153,0.118,0.276,0.303,0.177,0.185,0.249,0.189,0.281,2746,Josh Smith,HOU,1610612745,0.226,31,0.564
244,26.0,5,"201950,1610612740",65,38,1831.0,0.474,0.133,0.272,0.133,0.268,0.254,0.285,0.277,0.231,0.249,0.078,0.179,0.229,0.27,0.121,0.272,0.354,201950,Jrue Holiday,NOP,1610612740,0.287,27,0.415
245,21.0,5,"203944,1610612747",81,64,2286.0,0.174,0.151,0.306,0.435,0.032,0.027,0.206,0.217,0.233,0.211,0.331,0.252,0.233,0.201,0.408,0.163,0.229,203944,Julius Randle,LAL,1610612747,0.212,17,0.21
246,22.0,5,"1626147,1610612742",55,27,647.0,0.106,0.352,0.177,0.235,0.22,0.198,0.155,0.147,0.16,0.167,0.141,0.165,0.116,0.155,0.215,0.213,0.151,1626147,Justin Anderson,DAL,1610612742,0.155,28,0.509
247,26.0,5,"202712,1610612765",5,1,35.0,0.0,0.0,0.0,0.048,0.409,0.667,0.169,0.174,0.182,0.125,0.0,0.231,0.111,0.217,0.037,1.0,0.222,202712,Justin Harper,DET,1610612765,0.177,4,0.8
248,27.0,5,"203200,1610612741",53,25,772.0,0.144,0.253,0.25,0.147,0.246,0.229,0.171,0.149,0.11,0.105,0.077,0.201,0.16,0.15,0.131,0.258,0.159,203200,Justin Holiday,CHI,1610612741,0.164,28,0.528
249,20.0,5,"1626159,1610612748",78,32,2232.0,0.129,0.088,0.224,0.201,0.139,0.115,0.124,0.112,0.102,0.097,0.181,0.214,0.098,0.11,0.196,0.199,0.144,1626159,Justise Winslow,MIA,1610612748,0.124,46,0.59
250,21.0,5,"203994,1610612743",32,18,547.0,0.158,0.512,0.366,0.289,0.012,0.0,0.251,0.237,0.33,0.269,0.504,0.36,0.363,0.225,0.343,0.296,0.353,203994,Jusuf Nurkic,DEN,1610612743,0.272,14,0.438
251,23.0,5,"203909,1610612745",37,20,235.0,0.101,0.176,0.167,0.144,0.198,0.171,0.18,0.146,0.172,0.222,0.262,0.265,0.172,0.163,0.174,0.14,0.254,203909,KJ McDaniels,HOU,1610612745,0.188,17,0.459
252,20.0,5,"1626157,1610612750",82,53,2627.0,0.122,0.515,0.264,0.367,0.108,0.111,0.259,0.296,0.185,0.188,0.416,0.225,0.208,0.265,0.379,0.132,0.23,1626157,Karl-Anthony Towns,MIN,1610612750,0.247,29,0.354
253,24.0,5,"202695,1610612759",72,12,2380.0,0.151,0.227,0.152,0.227,0.33,0.378,0.262,0.275,0.337,0.357,0.202,0.159,0.308,0.295,0.222,0.305,0.174,202695,Kawhi Leonard,SAS,1610612759,0.258,60,0.833
254,24.0,5,"203951,1610612753",5,5,27.0,0.143,0.0,0.0,0.048,0.214,0.0,0.178,0.105,0.125,0.143,0.0,0.455,0.182,0.107,0.04,0.25,0.429,203951,Keith Appling,ORL,1610612753,0.201,0,0.0
255,25.0,5,"203482,1610612738",69,29,1395.0,0.155,0.3,0.188,0.213,0.276,0.318,0.213,0.223,0.192,0.18,0.217,0.26,0.197,0.224,0.214,0.202,0.178,203482,Kelly Olynyk,BOS,1610612738,0.207,40,0.58
256,20.0,5,"1626162,1610612764",63,32,671.0,0.041,0.135,0.256,0.231,0.241,0.219,0.177,0.168,0.138,0.126,0.184,0.301,0.176,0.165,0.22,0.212,0.179,1626162,Kelly Oubre,WAS,1610612764,0.173,31,0.492
257,26.0,5,"202689,1610612766",81,34,2885.0,0.328,0.123,0.318,0.146,0.267,0.275,0.261,0.255,0.32,0.331,0.106,0.107,0.299,0.27,0.138,0.286,0.243,202689,Kemba Walker,CHA,1610612766,0.265,47,0.58
258,24.0,5,"203088,1610612755",30,27,400.0,0.363,0.042,0.122,0.107,0.214,0.193,0.165,0.136,0.076,0.074,0.032,0.164,0.136,0.132,0.092,0.203,0.328,203088,Kendall Marshall,PHI,1610612755,0.181,3,0.1
259,31.0,5,"2570,1610612740",37,24,542.0,0.124,0.314,0.117,0.282,0.0,0.0,0.08,0.091,0.109,0.062,0.272,0.281,0.128,0.078,0.28,0.151,0.244,2570,Kendrick Perkins,NOP,1610612740,0.106,13,0.351
260,26.0,5,"202702,1610612743",67,41,1694.0,0.092,0.337,0.24,0.295,0.003,0.004,0.206,0.255,0.26,0.214,0.515,0.239,0.284,0.229,0.357,0.124,0.176,202702,Kenneth Faried,DEN,1610612743,0.207,26,0.388
261,26.0,5,"203145,1610612737",75,31,2083.0,0.155,0.138,0.186,0.24,0.253,0.261,0.198,0.192,0.175,0.18,0.079,0.212,0.211,0.197,0.209,0.249,0.216,203145,Kent Bazemore,ATL,1610612737,0.199,44,0.587
262,23.0,5,"203484,1610612765",76,35,2789.0,0.125,0.085,0.135,0.109,0.25,0.23,0.19,0.181,0.147,0.181,0.092,0.156,0.152,0.185,0.104,0.263,0.14,203484,Kentavious Caldwell-Pope,DET,1610612765,0.18,41,0.539
263,27.0,5,"201142,1610612760",72,20,2578.0,0.274,0.249,0.167,0.276,0.375,0.412,0.299,0.308,0.351,0.392,0.067,0.13,0.299,0.331,0.223,0.177,0.299,201142,Kevin Durant,OKC,1610612760,0.305,52,0.722
264,40.0,5,"708,1610612750",38,24,556.0,0.216,0.169,0.047,0.335,0.007,0.0,0.123,0.125,0.072,0.061,0.16,0.29,0.106,0.107,0.302,0.283,0.116,708,Kevin Garnett,MIN,1610612750,0.117,14,0.368
265,27.0,5,"201567,1610612739",77,24,2424.0,0.157,0.229,0.232,0.363,0.304,0.294,0.234,0.208,0.274,0.299,0.268,0.168,0.264,0.232,0.34,0.176,0.206,201567,Kevin Love,CLE,1610612739,0.235,53,0.688
266,33.0,5,"2755,1610612759",55,31,1095.0,0.122,0.026,0.178,0.132,0.337,0.348,0.228,0.193,0.273,0.298,0.061,0.166,0.209,0.226,0.115,0.156,0.153,2755,Kevin Martin,SAS,1610612759,0.222,24,0.436
267,26.0,5,"202338,1610612752",48,33,527.0,0.2,0.643,0.226,0.26,0.009,0.0,0.225,0.219,0.11,0.122,0.378,0.305,0.11,0.188,0.282,0.127,0.279,202338,Kevin Seraphin,NYK,1610612752,0.223,15,0.313
268,20.0,5,"1626172,1610612744",5,1,21.0,0.0,0.0,0.5,0.6,0.118,0.25,0.184,0.286,0.0,0.0,0.444,0.5,0.0,0.191,0.526,0.0,0.2,1626172,Kevon Looney,GSW,1610612744,0.154,4,0.8
269,24.0,5,"203114,1610612749",79,46,2852.0,0.234,0.056,0.122,0.141,0.408,0.448,0.234,0.219,0.219,0.255,0.074,0.17,0.212,0.237,0.124,0.253,0.205,203114,Khris Middleton,MIL,1610612749,0.229,33,0.418
270,35.0,5,"2550,1610612737",46,20,631.0,0.243,0.03,0.086,0.142,0.205,0.209,0.116,0.104,0.058,0.069,0.053,0.248,0.133,0.108,0.119,0.158,0.161,2550,Kirk Hinrich,ATL,1610612737,0.117,26,0.565
271,26.0,5,"202691,1610612744",80,9,2666.0,0.099,0.143,0.206,0.132,0.347,0.341,0.289,0.27,0.188,0.213,0.072,0.137,0.152,0.271,0.12,0.131,0.164,202691,Klay Thompson,GSW,1610612744,0.264,71,0.888
272,37.0,5,"977,1610612747",66,53,1863.0,0.262,0.087,0.19,0.168,0.487,0.433,0.331,0.284,0.314,0.326,0.105,0.143,0.25,0.304,0.153,0.221,0.247,977,Kobe Bryant,LAL,1610612747,0.319,13,0.197
273,27.0,5,"201585,1610612758",78,46,1482.0,0.046,0.511,0.171,0.251,0.0,0.0,0.165,0.196,0.156,0.117,0.476,0.28,0.151,0.168,0.31,0.154,0.099,201585,Kosta Koufos,SAC,1610612758,0.155,32,0.41
274,25.0,5,"203123,1610612743",26,18,294.0,0.121,0.172,0.229,0.162,0.198,0.167,0.128,0.103,0.203,0.2,0.127,0.209,0.185,0.118,0.153,0.25,0.221,203123,Kostas Papanikolaou,DEN,1610612743,0.145,8,0.308
275,31.0,5,"2743,1610612737",53,24,835.0,0.088,0.225,0.185,0.28,0.244,0.213,0.199,0.187,0.205,0.215,0.335,0.27,0.22,0.194,0.293,0.121,0.143,2743,Kris Humphries,ATL,1610612737,0.192,29,0.547
276,20.0,5,"204001,1610612752",72,44,2046.0,0.106,0.519,0.167,0.269,0.248,0.233,0.245,0.233,0.288,0.294,0.289,0.249,0.299,0.243,0.274,0.218,0.22,204001,Kristaps Porzingis,NYK,1610612752,0.245,28,0.389
277,22.0,5,"203937,1610612759",78,14,1245.0,0.208,0.197,0.184,0.261,0.086,0.078,0.143,0.136,0.148,0.141,0.112,0.21,0.149,0.133,0.23,0.269,0.171,203937,Kyle Anderson,SAS,1610612759,0.147,64,0.821
278,35.0,5,"2594,1610612737",80,34,2401.0,0.122,0.113,0.049,0.145,0.265,0.294,0.143,0.134,0.059,0.061,0.034,0.173,0.076,0.14,0.123,0.137,0.13,2594,Kyle Korver,ATL,1610612737,0.135,46,0.575
279,30.0,5,"200768,1610612761",77,23,2851.0,0.425,0.103,0.226,0.16,0.387,0.396,0.249,0.233,0.304,0.319,0.089,0.177,0.322,0.265,0.143,0.326,0.287,200768,Kyle Lowry,TOR,1610612761,0.26,54,0.701
280,26.0,5,"203124,1610612752",65,39,764.0,0.212,0.583,0.225,0.323,0.069,0.047,0.205,0.224,0.169,0.165,0.5,0.32,0.182,0.201,0.362,0.215,0.284,203124,Kyle O'Quinn,NYK,1610612752,0.212,26,0.4
281,28.0,5,"202713,1610612760",68,25,977.0,0.059,0.091,0.124,0.129,0.192,0.184,0.127,0.113,0.082,0.071,0.168,0.258,0.105,0.11,0.141,0.205,0.09,202713,Kyle Singler,OKC,1610612760,0.117,43,0.632
282,24.0,5,"202681,1610612739",53,16,1667.0,0.326,0.131,0.367,0.1,0.244,0.222,0.297,0.285,0.277,0.317,0.114,0.159,0.215,0.283,0.103,0.242,0.278,202681,Kyrie Irving,CLE,1610612739,0.293,37,0.698
283,30.0,5,"200746,1610612759",74,13,2261.0,0.096,0.273,0.218,0.279,0.021,0.0,0.267,0.284,0.319,0.329,0.383,0.195,0.273,0.274,0.302,0.101,0.168,200746,LaMarcus Aldridge,SAS,1610612759,0.26,61,0.824
284,24.0,5,"203934,1610612737",35,12,395.0,0.192,0.063,0.116,0.178,0.208,0.148,0.117,0.088,0.11,0.101,0.056,0.273,0.135,0.096,0.152,0.12,0.185,203934,Lamar Patterson,ATL,1610612737,0.126,23,0.657
285,25.0,5,"202362,1610612763",69,33,1372.0,0.233,0.058,0.205,0.206,0.138,0.162,0.198,0.207,0.159,0.175,0.126,0.202,0.155,0.199,0.185,0.184,0.236,202362,Lance Stephenson,MEM,1610612763,0.199,36,0.522
286,28.0,5,"202498,1610612752",59,34,1313.0,0.099,0.049,0.192,0.106,0.201,0.244,0.175,0.173,0.17,0.179,0.144,0.189,0.184,0.179,0.114,0.133,0.154,202498,Lance Thomas,NYK,1610612752,0.172,25,0.424
287,24.0,5,"204038,1610612752",82,50,2033.0,0.237,0.102,0.116,0.172,0.252,0.263,0.167,0.152,0.116,0.109,0.104,0.198,0.102,0.152,0.157,0.287,0.109,204038,Langston Galloway,NYK,1610612752,0.155,32,0.39
288,23.0,5,"1626204,1610612747",63,49,1266.0,0.089,0.202,0.134,0.247,0.016,0.005,0.135,0.164,0.077,0.069,0.345,0.229,0.12,0.135,0.272,0.263,0.111,1626204,Larry Nance Jr.,LAL,1610612747,0.126,14,0.222
289,27.0,5,"202730,1610612754",79,36,1599.0,0.113,0.292,0.164,0.236,0.0,0.0,0.133,0.15,0.101,0.083,0.4,0.225,0.106,0.127,0.28,0.095,0.141,202730,Lavoy Allen,IND,1610612754,0.131,43,0.544
290,31.0,5,"2544,1610612739",76,20,2708.0,0.386,0.224,0.288,0.238,0.17,0.141,0.299,0.327,0.379,0.373,0.178,0.132,0.345,0.315,0.223,0.267,0.335,2544,LeBron James,CLE,1610612739,0.311,56,0.737
291,33.0,5,"2571,1610612744",68,8,1079.0,0.139,0.071,0.198,0.117,0.188,0.173,0.188,0.19,0.119,0.135,0.108,0.212,0.146,0.179,0.114,0.221,0.163,2571,Leandro Barbosa,GSW,1610612744,0.179,60,0.882
292,25.0,5,"203485,1610612765",8,7,61.0,0.393,0.333,0.0,0.194,0.267,0.091,0.238,0.182,0.19,0.2,0.0,0.154,0.158,0.175,0.152,0.429,0.391,203485,Lorenzo Brown,DET,1610612765,0.261,1,0.125
293,33.0,5,"200811,1610612752",29,18,204.0,0.16,0.226,0.143,0.181,0.0,0.0,0.152,0.145,0.245,0.171,0.418,0.4,0.265,0.143,0.246,0.167,0.25,200811,Lou Amundson,NYK,1610612752,0.175,11,0.379
294,29.0,5,"101150,1610612747",67,53,1907.0,0.239,0.106,0.169,0.107,0.329,0.361,0.207,0.202,0.395,0.426,0.077,0.126,0.326,0.261,0.1,0.219,0.198,101150,Lou Williams,LAL,1610612747,0.227,14,0.209
295,29.0,5,"201601,1610612746",75,26,1274.0,0.046,0.167,0.327,0.118,0.057,0.047,0.096,0.092,0.095,0.074,0.256,0.208,0.086,0.085,0.146,0.205,0.107,201601,Luc Mbah a Moute,LAC,1610612746,0.097,49,0.653
296,23.0,5,"203512,1610612761",29,12,225.0,0.079,0.48,0.136,0.176,0.023,0.022,0.111,0.149,0.136,0.108,0.383,0.363,0.131,0.131,0.223,0.267,0.234,203512,Lucas Nogueira,TOR,1610612761,0.125,17,0.586
297,23.0,5,"1626242,1610612757",12,6,42.0,0.111,0.0,0.5,0.174,0.391,0.25,0.288,0.25,0.286,0.3,0.0,0.053,0.231,0.259,0.125,0.0,0.19,1626242,Luis Montero,POR,1610612757,0.266,6,0.5
298,36.0,5,"2449,1610612761",76,26,1636.0,0.098,0.168,0.179,0.252,0.217,0.226,0.214,0.213,0.108,0.1,0.249,0.265,0.154,0.194,0.252,0.171,0.137,2449,Luis Scola,TOR,1610612761,0.193,50,0.658
299,27.0,5,"202337,1610612740",47,31,845.0,0.131,0.117,0.243,0.211,0.251,0.262,0.189,0.176,0.126,0.126,0.145,0.231,0.14,0.175,0.196,0.083,0.096,202337,Luke Babbitt,NOP,1610612740,0.172,16,0.34
300,31.0,5,"2736,1610612748",74,29,2394.0,0.13,0.086,0.157,0.199,0.29,0.302,0.181,0.174,0.173,0.174,0.213,0.133,0.171,0.182,0.202,0.216,0.113,2736,Luol Deng,MIA,1610612748,0.171,45,0.608
301,38.0,5,"1938,1610612759",58,11,1134.0,0.286,0.097,0.275,0.147,0.334,0.354,0.222,0.206,0.218,0.223,0.121,0.215,0.274,0.221,0.142,0.333,0.288,1938,Manu Ginobili,SAS,1610612759,0.231,47,0.81
302,31.0,5,"201188,1610612763",52,22,1791.0,0.244,0.44,0.142,0.266,0.005,0.009,0.234,0.246,0.263,0.274,0.155,0.196,0.293,0.237,0.239,0.154,0.249,201188,Marc Gasol,MEM,1610612763,0.239,30,0.577
303,33.0,5,"1626273,1610612747",53,45,869.0,0.485,0.109,0.147,0.119,0.134,0.107,0.152,0.149,0.07,0.083,0.09,0.204,0.103,0.133,0.112,0.182,0.31,1626273,Marcelo Huertas,LAL,1610612747,0.165,8,0.151
304,32.0,5,"101162,1610612764",75,40,2256.0,0.087,0.462,0.272,0.324,0.001,0.0,0.186,0.228,0.227,0.212,0.465,0.224,0.253,0.207,0.356,0.124,0.174,101162,Marcin Gortat,WAS,1610612764,0.188,35,0.467
305,30.0,5,"201158,1610612758",68,41,1672.0,0.15,0.016,0.051,0.096,0.365,0.325,0.213,0.185,0.16,0.182,0.029,0.128,0.164,0.195,0.08,0.124,0.147,201158,Marco Belinelli,SAC,1610612758,0.199,27,0.397
306,26.0,5,"202694,1610612765",80,38,2856.0,0.175,0.119,0.111,0.159,0.201,0.203,0.186,0.18,0.181,0.203,0.127,0.156,0.203,0.185,0.151,0.152,0.177,202694,Marcus Morris,DET,1610612765,0.184,42,0.525
307,22.0,5,"203935,1610612738",61,25,1667.0,0.234,0.129,0.201,0.155,0.27,0.208,0.171,0.139,0.184,0.181,0.183,0.228,0.24,0.153,0.162,0.275,0.167,203935,Marcus Smart,BOS,1610612738,0.172,36,0.59
308,29.0,5,"201977,1610612764",61,29,1108.0,0.158,0.038,0.163,0.152,0.372,0.364,0.274,0.243,0.123,0.149,0.156,0.18,0.113,0.238,0.153,0.194,0.144,201977,Marcus Thornton,WAS,1610612764,0.24,32,0.525
309,30.0,5,"201596,1610612763",61,23,1373.0,0.393,0.106,0.199,0.149,0.276,0.257,0.192,0.176,0.332,0.342,0.083,0.25,0.36,0.218,0.133,0.332,0.272,201596,Mario Chalmers,MEM,1610612763,0.218,38,0.623
310,21.0,5,"1626209,1610612753",79,46,1413.0,0.158,0.113,0.119,0.156,0.284,0.275,0.165,0.158,0.092,0.113,0.103,0.204,0.106,0.161,0.144,0.17,0.247,1626209,Mario Hezonja,ORL,1610612753,0.169,33,0.418
311,24.0,5,"203900,1610612751",62,50,982.0,0.197,0.163,0.095,0.167,0.303,0.277,0.189,0.165,0.185,0.191,0.1,0.246,0.198,0.178,0.148,0.245,0.181,203900,Markel Brown,BKN,1610612751,0.187,12,0.194
312,26.0,5,"202693,1610612764",64,42,1629.0,0.162,0.268,0.255,0.247,0.201,0.167,0.249,0.235,0.193,0.189,0.215,0.25,0.183,0.222,0.24,0.216,0.245,202693,Markieff Morris,WAS,1610612764,0.243,22,0.344
313,28.0,5,"201578,1610612744",72,8,832.0,0.136,0.333,0.392,0.279,0.157,0.15,0.308,0.289,0.302,0.315,0.41,0.312,0.331,0.281,0.311,0.143,0.266,201578,Marreese Speights,GSW,1610612744,0.302,64,0.889
314,30.0,5,"101107,1610612766",81,34,2338.0,0.102,0.281,0.112,0.236,0.255,0.276,0.181,0.185,0.134,0.136,0.284,0.158,0.139,0.186,0.247,0.165,0.106,101107,Marvin Williams,CHA,1610612766,0.169,47,0.58
315,26.0,5,"203486,1610612757",82,38,2083.0,0.238,0.419,0.268,0.293,0.003,0.0,0.142,0.16,0.325,0.274,0.425,0.274,0.323,0.162,0.326,0.234,0.243,203486,Mason Plumlee,POR,1610612757,0.173,44,0.537
316,36.0,5,"2440,1610612763",76,38,2190.0,0.175,0.273,0.134,0.238,0.386,0.374,0.18,0.16,0.125,0.129,0.162,0.228,0.11,0.169,0.218,0.206,0.201,2440,Matt Barnes,MEM,1610612763,0.177,38,0.5
317,36.0,5,"2588,1610612759",30,5,206.0,0.095,0.053,0.182,0.169,0.391,0.441,0.173,0.165,0.043,0.043,0.1,0.2,0.056,0.167,0.157,0.194,0.058,2588,Matt Bonner,SAS,1610612759,0.146,25,0.833
318,25.0,5,"203521,1610612739",76,22,1867.0,0.375,0.063,0.121,0.097,0.208,0.233,0.159,0.14,0.072,0.082,0.08,0.214,0.11,0.14,0.093,0.164,0.224,203521,Matthew Dellavedova,CLE,1610612739,0.159,54,0.711
319,23.0,5,"203090,1610612757",78,38,1457.0,0.105,0.241,0.209,0.177,0.168,0.129,0.159,0.165,0.156,0.133,0.277,0.19,0.123,0.156,0.203,0.211,0.131,203090,Maurice Harkless,POR,1610612757,0.155,40,0.513
320,36.0,5,"1897,1610612747",35,29,590.0,0.124,0.212,0.197,0.166,0.28,0.289,0.171,0.138,0.188,0.167,0.128,0.275,0.181,0.156,0.156,0.268,0.1,1897,Metta World Peace,LAL,1610612747,0.165,6,0.171
321,24.0,5,"203086,1610612757",61,28,1333.0,0.151,0.191,0.066,0.273,0.261,0.268,0.183,0.179,0.079,0.08,0.178,0.298,0.118,0.174,0.251,0.054,0.198,203086,Meyers Leonard,POR,1610612757,0.176,33,0.541
322,27.0,5,"201563,1610612745",20,10,363.0,0.1,0.18,0.325,0.284,0.052,0.057,0.311,0.364,0.249,0.292,0.284,0.234,0.216,0.331,0.284,0.183,0.203,201563,Michael Beasley,HOU,1610612745,0.29,10,0.5
323,24.0,5,"203487,1610612749",54,33,1649.0,0.358,0.199,0.224,0.21,0.123,0.096,0.197,0.191,0.191,0.172,0.129,0.22,0.254,0.183,0.19,0.28,0.29,203487,Michael Carter-Williams,MIL,1610612749,0.21,21,0.389
324,22.0,5,"203077,1610612766",7,2,205.0,0.09,0.125,0.276,0.183,0.053,0.06,0.173,0.202,0.271,0.26,0.267,0.155,0.262,0.196,0.2,0.143,0.14,203077,Michael Kidd-Gilchrist,CHA,1610612766,0.179,5,0.714
325,28.0,5,"201144,1610612763",56,23,1760.0,0.424,0.098,0.176,0.123,0.316,0.321,0.233,0.218,0.256,0.271,0.075,0.144,0.246,0.235,0.112,0.215,0.195,201144,Mike Conley,MEM,1610612763,0.231,33,0.589
326,35.0,5,"2399,1610612741",31,18,703.0,0.106,0.118,0.12,0.157,0.329,0.348,0.146,0.131,0.133,0.126,0.051,0.25,0.119,0.146,0.131,0.157,0.141,2399,Mike Dunleavy,CHI,1610612741,0.144,13,0.419
327,36.0,5,"2034,1610612743",47,26,373.0,0.248,0.103,0.064,0.19,0.23,0.244,0.093,0.081,0.0,0.0,0.072,0.256,0.038,0.085,0.161,0.232,0.149,2034,Mike Miller,DEN,1610612743,0.092,21,0.447
328,24.0,5,"203488,1610612737",60,26,565.0,0.127,0.403,0.039,0.21,0.121,0.121,0.162,0.181,0.148,0.155,0.384,0.358,0.156,0.172,0.246,0.114,0.148,203488,Mike Muscala,ATL,1610612737,0.158,34,0.567
329,27.0,5,"203118,1610612737",75,29,1146.0,0.126,0.148,0.103,0.19,0.223,0.256,0.187,0.193,0.158,0.164,0.294,0.216,0.143,0.196,0.209,0.116,0.12,203118,Mike Scott,ATL,1610612737,0.176,46,0.613
330,27.0,5,"203101,1610612749",61,38,870.0,0.039,0.446,0.146,0.239,0.0,0.0,0.157,0.207,0.159,0.127,0.487,0.205,0.158,0.183,0.301,0.144,0.137,203101,Miles Plumlee,MIL,1610612749,0.154,23,0.377
331,30.0,5,"203141,1610612756",79,56,1686.0,0.117,0.149,0.193,0.215,0.424,0.475,0.254,0.248,0.18,0.185,0.141,0.188,0.169,0.26,0.196,0.123,0.152,203141,Mirza Teletovic,PHX,1610612756,0.233,23,0.291
332,24.0,5,"203956,1610612760",20,3,72.0,0.103,0.4,0.6,0.304,0.118,0.0,0.193,0.208,0.25,0.148,0.4,0.27,0.188,0.184,0.321,0.077,0.241,203956,Mitch McGary,OKC,1610612760,0.208,17,0.85
333,33.0,5,"2590,1610612739",41,14,748.0,0.32,0.083,0.189,0.126,0.239,0.273,0.235,0.237,0.138,0.167,0.038,0.192,0.133,0.23,0.105,0.147,0.235,2590,Mo Williams,CLE,1610612739,0.227,27,0.659
334,30.0,5,"101145,1610612754",81,37,2734.0,0.324,0.137,0.122,0.12,0.209,0.181,0.212,0.202,0.153,0.157,0.073,0.154,0.168,0.192,0.109,0.27,0.24,101145,Monta Ellis,IND,1610612754,0.21,44,0.543
335,22.0,5,"1626149,1610612745",39,22,379.0,0.102,0.262,0.229,0.146,0.005,0.0,0.139,0.186,0.191,0.149,0.301,0.273,0.178,0.163,0.182,0.153,0.134,1626149,Montrezl Harrell,HOU,1610612745,0.144,17,0.436
336,20.0,5,"1626167,1610612754",60,28,1367.0,0.065,0.528,0.192,0.275,0.024,0.016,0.221,0.244,0.198,0.189,0.276,0.273,0.212,0.22,0.275,0.096,0.161,1626167,Myles Turner,IND,1610612754,0.211,32,0.533
337,32.0,5,"101126,1610612740",2,2,23.0,0.364,0.0,0.0,0.0,0.1,0.0,0.025,0.0,0.0,0.0,0.0,0.333,0.0,0.0,0.0,0.5,0.0,101126,Nate Robinson,NOP,1610612740,0.019,0,0.0
338,38.0,5,"1737,1610612760",5,0,19.0,0.0,0.0,0.0,0.158,0.0,0.0,0.172,0.25,0.286,0.667,0.5,0.444,0.25,0.258,0.19,0.0,0.273,1737,Nazr Mohammed,OKC,1610612760,0.206,5,1.0
339,28.0,5,"202357,1610612750",60,40,1075.0,0.173,0.239,0.074,0.233,0.298,0.353,0.13,0.134,0.093,0.087,0.22,0.309,0.125,0.137,0.23,0.157,0.132,202357,Nemanja Bjelica,MIN,1610612750,0.127,20,0.333
340,33.0,5,"2403,1610612764",57,29,1094.0,0.18,0.321,0.227,0.287,0.006,0.0,0.207,0.239,0.302,0.245,0.354,0.29,0.302,0.221,0.298,0.23,0.244,2403,Nene,WAS,1610612764,0.223,28,0.491
341,22.0,5,"203457,1610612755",67,57,1965.0,0.142,0.403,0.181,0.302,0.002,0.003,0.176,0.211,0.253,0.215,0.41,0.221,0.254,0.193,0.326,0.326,0.218,203457,Nerlens Noel,PHI,1610612755,0.189,10,0.149
342,35.0,5,"2555,1610612760",59,20,699.0,0.192,0.281,0.128,0.201,0.006,0.0,0.089,0.09,0.107,0.095,0.315,0.323,0.153,0.085,0.235,0.172,0.198,2555,Nick Collison,OKC,1610612760,0.107,39,0.661
343,31.0,5,"201156,1610612747",54,41,1033.0,0.09,0.079,0.081,0.124,0.396,0.418,0.212,0.176,0.131,0.146,0.063,0.11,0.103,0.192,0.108,0.146,0.098,201156,Nick Young,LAL,1610612747,0.188,13,0.241
344,27.0,5,"201587,1610612766",70,29,2448.0,0.357,0.156,0.103,0.209,0.259,0.247,0.205,0.195,0.163,0.174,0.124,0.129,0.153,0.197,0.192,0.178,0.319,201587,Nicolas Batum,CHA,1610612766,0.215,41,0.586
345,22.0,5,"203917,1610612755",73,65,1809.0,0.166,0.087,0.155,0.135,0.313,0.327,0.171,0.154,0.139,0.153,0.066,0.146,0.133,0.169,0.12,0.147,0.154,203917,Nik Stauskas,PHI,1610612755,0.166,8,0.11
346,21.0,5,"203999,1610612743",80,49,1733.0,0.228,0.318,0.244,0.311,0.098,0.096,0.192,0.223,0.238,0.244,0.415,0.308,0.278,0.216,0.339,0.27,0.208,203999,Nikola Jokic,DEN,1610612743,0.198,31,0.388
347,25.0,5,"202703,1610612741",66,29,1646.0,0.126,0.234,0.146,0.264,0.415,0.421,0.209,0.19,0.234,0.233,0.173,0.242,0.21,0.218,0.243,0.256,0.209,202703,Nikola Mirotic,CHI,1610612741,0.211,37,0.561
348,30.0,5,"201593,1610612750",12,10,156.0,0.151,0.0,0.111,0.154,0.0,0.0,0.203,0.184,0.247,0.246,0.233,0.297,0.273,0.188,0.174,0.048,0.2,201593,Nikola Pekovic,MIN,1610612750,0.208,2,0.167
349,25.0,5,"202696,1610612753",65,37,2037.0,0.176,0.372,0.221,0.286,0.01,0.006,0.284,0.315,0.188,0.186,0.386,0.216,0.219,0.274,0.311,0.155,0.209,202696,Nikola Vucevic,ORL,1610612753,0.267,28,0.431
350,20.0,5,"203943,1610612757",78,37,1174.0,0.06,0.228,0.173,0.266,0.072,0.044,0.133,0.127,0.114,0.115,0.317,0.299,0.121,0.117,0.279,0.153,0.139,203943,Noah Vonleh,POR,1610612757,0.132,41,0.526
351,23.0,5,"1626181,1610612761",49,17,725.0,0.154,0.114,0.258,0.182,0.257,0.259,0.188,0.173,0.141,0.143,0.098,0.191,0.134,0.175,0.162,0.244,0.155,1626181,Norman Powell,TOR,1610612761,0.179,32,0.653
352,27.0,5,"202708,1610612740",45,25,1198.0,0.305,0.041,0.143,0.178,0.187,0.163,0.225,0.204,0.119,0.124,0.042,0.205,0.148,0.188,0.146,0.2,0.228,202708,Norris Cole,NOP,1610612740,0.216,20,0.444
353,28.0,5,"201564,1610612749",41,24,1090.0,0.217,0.056,0.139,0.126,0.426,0.385,0.17,0.136,0.087,0.092,0.057,0.247,0.105,0.144,0.11,0.267,0.212,201564,O.J. Mayo,MIL,1610612749,0.169,17,0.415
354,29.0,5,"201600,1610612740",68,39,1178.0,0.049,0.271,0.255,0.343,0.0,0.0,0.092,0.114,0.235,0.174,0.471,0.275,0.227,0.114,0.373,0.119,0.185,201600,Omer Asik,NOP,1610612740,0.115,29,0.426
355,28.0,5,"201956,1610612758",69,42,1880.0,0.097,0.109,0.144,0.261,0.302,0.349,0.184,0.189,0.16,0.142,0.136,0.188,0.16,0.193,0.231,0.165,0.148,201956,Omri Casspi,SAC,1610612758,0.177,27,0.391
356,27.0,5,"203111,1610612740",7,6,102.0,0.054,0.231,0.2,0.169,0.189,0.133,0.173,0.122,0.151,0.154,0.138,0.231,0.143,0.129,0.16,0.188,0.154,203111,Orlando Johnson,NOP,1610612740,0.169,1,0.143
357,23.0,5,"203490,1610612764",75,39,2276.0,0.098,0.173,0.135,0.189,0.223,0.224,0.174,0.178,0.13,0.132,0.212,0.178,0.128,0.175,0.194,0.251,0.098,203490,Otto Porter,WAS,1610612764,0.16,36,0.48
358,23.0,5,"203798,1610612763",66,35,1313.0,0.065,0.081,0.102,0.173,0.307,0.264,0.174,0.147,0.116,0.111,0.099,0.264,0.132,0.153,0.157,0.144,0.129,203798,PJ Hairston,MEM,1610612763,0.164,31,0.47
359,31.0,5,"200782,1610612756",82,59,2540.0,0.165,0.108,0.153,0.196,0.155,0.148,0.131,0.124,0.114,0.111,0.264,0.167,0.135,0.123,0.214,0.262,0.118,200782,PJ Tucker,PHX,1610612756,0.127,23,0.28
360,39.0,5,"203143,1610612746",59,22,823.0,0.388,0.01,0.088,0.145,0.2,0.183,0.104,0.09,0.026,0.03,0.244,0.211,0.116,0.091,0.168,0.308,0.203,203143,Pablo Prigioni,LAC,1610612746,0.112,37,0.627
361,23.0,5,"1626192,1610612757",34,17,143.0,0.175,0.0,0.333,0.196,0.253,0.227,0.195,0.13,0.094,0.119,0.324,0.098,0.114,0.136,0.227,0.118,0.192,1626192,Pat Connaughton,POR,1610612757,0.188,17,0.5
362,27.0,5,"201976,1610612745",71,36,2041.0,0.245,0.118,0.158,0.132,0.242,0.267,0.17,0.159,0.074,0.072,0.159,0.256,0.105,0.154,0.139,0.215,0.139,201976,Patrick Beverley,HOU,1610612745,0.155,35,0.493
363,27.0,5,"202335,1610612761",79,25,2020.0,0.123,0.136,0.047,0.191,0.284,0.283,0.147,0.132,0.028,0.031,0.196,0.159,0.056,0.124,0.193,0.17,0.128,202335,Patrick Patterson,TOR,1610612761,0.131,54,0.684
364,27.0,5,"201988,1610612759",81,15,1662.0,0.254,0.033,0.096,0.112,0.394,0.405,0.21,0.185,0.086,0.086,0.082,0.155,0.169,0.188,0.105,0.206,0.157,201988,Patty Mills,SAS,1610612759,0.193,66,0.815
365,35.0,5,"2200,1610612741",72,36,2291.0,0.265,0.488,0.214,0.376,0.073,0.07,0.241,0.254,0.276,0.275,0.314,0.182,0.281,0.245,0.362,0.153,0.252,2200,Pau Gasol,CHI,1610612741,0.246,36,0.5
366,26.0,5,"202331,1610612754",81,37,2819.0,0.268,0.109,0.287,0.248,0.394,0.412,0.292,0.272,0.369,0.411,0.133,0.198,0.351,0.309,0.221,0.271,0.305,202331,Paul George,IND,1610612754,0.301,44,0.543
367,31.0,5,"200794,1610612737",81,33,2647.0,0.187,0.389,0.247,0.289,0.151,0.134,0.229,0.234,0.353,0.343,0.407,0.226,0.348,0.242,0.313,0.29,0.229,200794,Paul Millsap,ATL,1610612737,0.24,48,0.593
368,38.0,5,"1718,1610612746",68,24,1231.0,0.122,0.134,0.189,0.206,0.31,0.273,0.189,0.152,0.106,0.12,0.061,0.242,0.113,0.159,0.178,0.163,0.19,1718,Paul Pierce,LAC,1610612746,0.18,44,0.647
369,25.0,5,"203515,1610612756",23,20,283.0,0.586,0.133,0.205,0.145,0.098,0.063,0.152,0.136,0.166,0.134,0.048,0.197,0.168,0.128,0.121,0.281,0.311,203515,Phil Pressey,PHX,1610612756,0.178,3,0.13
370,25.0,5,"203112,1610612758",59,38,876.0,0.065,0.289,0.065,0.21,0.118,0.133,0.135,0.167,0.183,0.192,0.307,0.281,0.206,0.168,0.235,0.163,0.085,203112,Quincy Acy,SAC,1610612758,0.131,21,0.356
371,22.0,5,"1626154,1610612738",36,15,315.0,0.092,0.125,0.111,0.164,0.364,0.352,0.173,0.158,0.057,0.065,0.028,0.191,0.074,0.161,0.13,0.237,0.105,1626154,RJ Hunter,BOS,1610612738,0.155,21,0.583
372,30.0,5,"200765,1610612758",72,43,2537.0,0.619,0.042,0.182,0.201,0.149,0.15,0.173,0.167,0.109,0.088,0.141,0.165,0.134,0.152,0.186,0.298,0.312,200765,Rajon Rondo,SAC,1610612758,0.187,29,0.403
373,24.0,5,"1626176,1610612754",1,0,6.0,0.0,0.0,0.0,0.0,0.0,0.0,0.2,0.333,0.0,0.0,1.0,0.5,0.0,0.286,0.5,0.0,0.0,1626176,Rakeem Christmas,IND,1610612754,0.154,1,1.0
374,30.0,5,"201196,1610612764",82,41,1667.0,0.306,0.039,0.252,0.16,0.149,0.142,0.205,0.211,0.304,0.324,0.087,0.13,0.267,0.227,0.145,0.152,0.237,201196,Ramon Sessions,WAS,1610612764,0.22,41,0.5
375,32.0,5,"200751,1610612760",81,44,1642.0,0.223,0.171,0.159,0.114,0.274,0.251,0.167,0.131,0.098,0.106,0.059,0.171,0.103,0.137,0.1,0.155,0.163,200751,Randy Foye,OKC,1610612760,0.16,37,0.457
376,19.0,5,"1626173,1610612749",70,40,1001.0,0.087,0.124,0.21,0.115,0.393,0.347,0.153,0.103,0.037,0.039,0.045,0.17,0.046,0.109,0.097,0.176,0.084,1626173,Rashad Vaughn,MIL,1610612749,0.133,30,0.429
377,37.0,5,"2446,1610612759",46,5,432.0,0.113,0.377,0.114,0.163,0.261,0.208,0.146,0.139,0.079,0.074,0.039,0.076,0.086,0.134,0.139,0.191,0.068,2446,Rasual Butler,SAS,1610612759,0.129,41,0.891
378,24.0,5,"203526,1610612762",81,41,1499.0,0.289,0.012,0.194,0.102,0.235,0.249,0.175,0.164,0.101,0.101,0.057,0.208,0.178,0.161,0.092,0.267,0.234,203526,Raul Neto,UTA,1610612762,0.176,40,0.494
379,25.0,5,"203492,1610612763",41,11,474.0,0.27,0.143,0.194,0.122,0.3,0.319,0.175,0.145,0.066,0.07,0.067,0.158,0.096,0.14,0.107,0.141,0.205,203492,Ray McCallum,MEM,1610612763,0.168,30,0.732
380,32.0,5,"101109,1610612742",80,40,2192.0,0.292,0.089,0.159,0.146,0.17,0.139,0.183,0.167,0.167,0.177,0.084,0.152,0.157,0.166,0.132,0.221,0.21,101109,Raymond Felton,DAL,1610612742,0.184,40,0.5
381,25.0,5,"203493,1610612765",37,15,429.0,0.144,0.061,0.119,0.186,0.2,0.229,0.13,0.137,0.071,0.092,0.13,0.168,0.08,0.14,0.171,0.196,0.068,203493,Reggie Bullock,DET,1610612765,0.117,22,0.595
382,26.0,5,"202704,1610612765",79,36,2424.0,0.526,0.063,0.303,0.117,0.273,0.276,0.285,0.274,0.251,0.33,0.09,0.198,0.244,0.284,0.109,0.165,0.341,202704,Reggie Jackson,DET,1610612765,0.288,43,0.544
383,36.0,5,"2210,1610612739",74,23,1326.0,0.102,0.144,0.086,0.122,0.221,0.248,0.139,0.145,0.152,0.139,0.06,0.216,0.138,0.155,0.109,0.191,0.111,2210,Richard Jefferson,CLE,1610612739,0.136,51,0.689
384,22.0,5,"1626158,1610612755",51,44,702.0,0.096,0.44,0.253,0.159,0.104,0.06,0.178,0.201,0.199,0.198,0.416,0.275,0.214,0.188,0.222,0.162,0.143,1626158,Richaun Holmes,PHI,1610612755,0.175,7,0.137
385,25.0,5,"201937,1610612750",76,48,2323.0,0.543,0.04,0.137,0.188,0.261,0.256,0.15,0.118,0.227,0.242,0.083,0.209,0.239,0.152,0.163,0.391,0.282,201937,Ricky Rubio,MIN,1610612750,0.176,28,0.368
386,25.0,5,"203496,1610612755",67,57,1903.0,0.113,0.177,0.176,0.279,0.4,0.415,0.211,0.19,0.207,0.231,0.174,0.26,0.186,0.22,0.255,0.284,0.227,203496,Robert Covington,PHI,1610612755,0.213,10,0.149
387,27.0,5,"203135,1610612747",25,23,320.0,0.108,0.455,0.225,0.178,0.0,0.0,0.132,0.138,0.185,0.163,0.364,0.326,0.179,0.134,0.23,0.08,0.13,203135,Robert Sacre,LAL,1610612747,0.138,2,0.08
388,28.0,5,"201577,1610612752",82,50,2219.0,0.124,0.459,0.161,0.21,0.001,0.0,0.17,0.205,0.184,0.18,0.497,0.226,0.181,0.186,0.282,0.068,0.209,201577,Robin Lopez,NYK,1610612752,0.176,32,0.39
389,23.0,5,"203918,1610612762",79,40,2541.0,0.215,0.06,0.165,0.138,0.354,0.349,0.233,0.214,0.182,0.205,0.068,0.201,0.165,0.225,0.12,0.192,0.162,203918,Rodney Hood,UTA,1610612762,0.218,39,0.494
390,30.0,5,"201155,1610612754",58,25,1275.0,0.259,0.065,0.256,0.152,0.14,0.095,0.202,0.187,0.271,0.287,0.077,0.147,0.258,0.197,0.136,0.199,0.192,201155,Rodney Stuckey,IND,1610612754,0.207,33,0.569
391,21.0,5,"1626178,1610612751",29,22,615.0,0.154,0.239,0.105,0.256,0.073,0.065,0.125,0.128,0.201,0.195,0.248,0.257,0.204,0.135,0.254,0.317,0.135,1626178,Rondae Hollis-Jefferson,BKN,1610612751,0.132,7,0.241
392,33.0,5,"101179,1610612756",62,42,1211.0,0.292,0.146,0.082,0.086,0.277,0.279,0.139,0.129,0.07,0.071,0.083,0.263,0.127,0.133,0.085,0.349,0.166,101179,Ronnie Price,PHX,1610612756,0.137,20,0.323
393,29.0,5,"201579,1610612747",81,64,1878.0,0.14,0.625,0.14,0.211,0.002,0.0,0.124,0.136,0.172,0.176,0.338,0.323,0.211,0.132,0.241,0.122,0.142,201579,Roy Hibbert,LAL,1610612747,0.13,17,0.21
394,29.0,5,"200752,1610612758",70,41,2379.0,0.1,0.226,0.226,0.211,0.205,0.197,0.238,0.233,0.203,0.219,0.201,0.182,0.195,0.228,0.208,0.231,0.175,200752,Rudy Gay,SAC,1610612758,0.225,29,0.414
395,24.0,5,"203497,1610612762",61,28,1932.0,0.122,0.616,0.233,0.351,0.0,0.0,0.113,0.137,0.312,0.247,0.488,0.211,0.302,0.143,0.385,0.148,0.187,203497,Rudy Gobert,UTA,1610612762,0.143,33,0.541
396,25.0,5,"203893,1610612763",15,9,66.0,0.5,0.2,0.625,0.19,0.143,0.091,0.22,0.167,0.31,0.276,0.1,0.139,0.296,0.185,0.173,0.357,0.259,203893,Russ Smith,MEM,1610612763,0.239,6,0.4
397,27.0,5,"201566,1610612760",80,25,2749.0,0.596,0.052,0.337,0.234,0.258,0.223,0.29,0.269,0.387,0.397,0.193,0.175,0.372,0.289,0.223,0.376,0.395,201566,Russell Westbrook,OKC,1610612760,0.313,55,0.688
398,28.0,5,"201583,1610612740",66,42,2008.0,0.081,0.129,0.198,0.196,0.318,0.328,0.255,0.244,0.224,0.247,0.317,0.123,0.223,0.252,0.225,0.117,0.168,201583,Ryan Anderson,NOP,1610612740,0.242,24,0.364
399,31.0,5,"200797,1610612763",37,19,460.0,0.053,0.553,0.203,0.191,0.0,0.0,0.096,0.143,0.25,0.211,0.367,0.3,0.288,0.142,0.248,0.077,0.167,200797,Ryan Hollins,MEM,1610612763,0.117,18,0.486
400,25.0,5,"203527,1610612747",36,33,470.0,0.103,0.213,0.213,0.305,0.15,0.07,0.18,0.162,0.194,0.175,0.202,0.203,0.212,0.158,0.28,0.167,0.13,203527,Ryan Kelly,LAL,1610612747,0.176,3,0.083
401,30.0,5,"1626257,1610612742",34,18,397.0,0.055,0.706,0.357,0.28,0.004,0.0,0.115,0.157,0.26,0.203,0.562,0.355,0.27,0.147,0.336,0.143,0.23,1626257,Salah Mejri,DAL,1610612742,0.141,16,0.471
402,22.0,5,"1626155,1610612745",3,2,6.0,0.0,0.0,0.0,0.25,0.0,0.0,0.0,0.0,0.0,0.0,0.0,0.0,0.0,0.0,0.2,1.0,0.0,1626155,Sam Dekker,HOU,1610612745,0.0,1,0.333
403,31.0,5,"201619,1610612739",25,7,95.0,0.088,0.385,0.357,0.2,0.0,0.0,0.107,0.134,0.262,0.2,0.632,0.282,0.188,0.128,0.292,0.2,0.189,201619,Sasha Kaun,CLE,1610612739,0.134,18,0.72
404,32.0,5,"2756,1610612752",61,39,908.0,0.2,0.048,0.105,0.199,0.292,0.294,0.17,0.155,0.095,0.098,0.113,0.207,0.144,0.158,0.176,0.266,0.176,2756,Sasha Vujacic,NYK,1610612752,0.164,22,0.361
405,26.0,5,"203930,1610612751",31,24,616.0,0.1,0.031,0.215,0.113,0.373,0.355,0.243,0.248,0.207,0.248,0.083,0.137,0.19,0.257,0.105,0.124,0.173,203930,Sean Kilpatrick,BKN,1610612751,0.23,7,0.226
406,26.0,5,"201586,1610612760",78,24,2500.0,0.052,0.416,0.121,0.211,0.155,0.143,0.193,0.19,0.09,0.086,0.215,0.209,0.096,0.168,0.212,0.099,0.14,201586,Serge Ibaka,OKC,1610612760,0.176,54,0.692
407,22.0,5,"203508,1610612751",40,31,399.0,0.173,0.065,0.086,0.202,0.216,0.157,0.109,0.089,0.149,0.194,0.1,0.173,0.196,0.111,0.177,0.087,0.158,203508,Sergey Karasev,BKN,1610612751,0.12,9,0.225
408,25.0,5,"203552,1610612758",44,27,692.0,0.197,0.05,0.167,0.111,0.297,0.336,0.183,0.183,0.146,0.169,0.062,0.143,0.128,0.196,0.099,0.175,0.157,203552,Seth Curry,SAC,1610612758,0.176,17,0.386
409,23.0,5,"203498,1610612750",82,53,1682.0,0.07,0.051,0.276,0.156,0.24,0.217,0.245,0.253,0.255,0.245,0.283,0.125,0.241,0.249,0.188,0.094,0.128,203498,Shabazz Muhammad,MIN,1610612750,0.229,29,0.354
410,24.0,5,"203894,1610612753",55,32,600.0,0.369,0.013,0.156,0.113,0.305,0.279,0.193,0.15,0.192,0.189,0.078,0.141,0.197,0.169,0.105,0.295,0.264,203894,Shabazz Napier,ORL,1610612753,0.202,23,0.418
411,23.0,5,"203499,1610612751",78,58,1751.0,0.44,0.075,0.166,0.138,0.156,0.16,0.164,0.163,0.135,0.142,0.067,0.177,0.175,0.159,0.119,0.314,0.259,203499,Shane Larkin,BKN,1610612751,0.175,20,0.256
412,30.0,5,"2733,1610612744",78,9,1520.0,0.288,0.154,0.153,0.119,0.015,0.006,0.141,0.16,0.134,0.144,0.123,0.2,0.14,0.143,0.12,0.217,0.175,2733,Shaun Livingston,GSW,1610612744,0.145,69,0.885
413,25.0,5,"203963,1610612754",7,3,41.0,0.15,0.333,0.0,0.233,0.091,0.0,0.145,0.167,0.333,0.25,0.417,0.438,0.182,0.157,0.286,0.143,0.357,203963,Shayne Whittington,IND,1610612754,0.182,4,0.571
414,26.0,5,"202714,1610612762",52,25,1058.0,0.399,0.029,0.228,0.157,0.23,0.195,0.235,0.221,0.136,0.138,0.06,0.197,0.175,0.206,0.135,0.19,0.287,202714,Shelvin Mack,UTA,1610612762,0.234,27,0.519
415,25.0,5,"203524,1610612754",59,28,866.0,0.152,0.125,0.153,0.206,0.185,0.198,0.134,0.132,0.097,0.109,0.19,0.175,0.097,0.132,0.202,0.222,0.136,203524,Solomon Hill,IND,1610612754,0.131,31,0.525
416,29.0,5,"201603,1610612755",43,37,498.0,0.222,0.029,0.154,0.141,0.155,0.185,0.122,0.113,0.053,0.039,0.056,0.185,0.069,0.104,0.118,0.096,0.241,201603,Sonny Weems,PHI,1610612755,0.132,6,0.14
417,23.0,5,"203915,1610612765",12,7,159.0,0.44,0.0,0.364,0.115,0.111,0.056,0.199,0.204,0.359,0.328,0.105,0.256,0.383,0.221,0.113,0.115,0.163,203915,Spencer Dinwiddie,DET,1610612765,0.213,5,0.417
418,28.0,5,"201150,1610612766",57,27,1035.0,0.231,0.252,0.134,0.252,0.159,0.17,0.171,0.163,0.135,0.139,0.273,0.289,0.134,0.159,0.256,0.15,0.196,201150,Spencer Hawes,CHA,1610612766,0.171,30,0.526
419,20.0,5,"1626169,1610612765",73,36,1687.0,0.179,0.079,0.229,0.205,0.217,0.205,0.202,0.177,0.111,0.131,0.139,0.249,0.107,0.171,0.188,0.251,0.229,1626169,Stanley Johnson,DET,1610612765,0.196,37,0.507
420,28.0,5,"201939,1610612744",79,8,2700.0,0.31,0.043,0.225,0.171,0.439,0.466,0.324,0.325,0.316,0.373,0.124,0.144,0.31,0.35,0.161,0.348,0.301,201939,Stephen Curry,GSW,1610612744,0.32,71,0.899
421,36.0,5,"2581,1610612765",58,24,986.0,0.452,0.068,0.104,0.116,0.262,0.248,0.139,0.126,0.044,0.052,0.038,0.191,0.115,0.128,0.097,0.175,0.273,2581,Steve Blake,DET,1610612765,0.148,34,0.586
422,33.0,5,"200779,1610612749",10,2,44.0,0.0,0.0,0.0,0.139,0.5,0.636,0.22,0.19,0.056,0.091,0.0,0.136,0.154,0.226,0.111,0.0,0.056,200779,Steve Novak,MIL,1610612749,0.18,8,0.8
423,22.0,5,"203500,1610612760",80,26,2014.0,0.061,0.306,0.187,0.207,0.0,0.0,0.118,0.15,0.189,0.145,0.403,0.284,0.234,0.139,0.259,0.127,0.133,203500,Steven Adams,OKC,1610612760,0.127,54,0.675
424,24.0,5,"204456,1610612755",81,71,1606.0,0.493,0.051,0.124,0.206,0.096,0.098,0.167,0.176,0.058,0.054,0.133,0.16,0.116,0.151,0.189,0.328,0.259,204456,TJ McConnell,PHI,1610612755,0.171,10,0.123
425,22.0,5,"203933,1610612756",47,33,1070.0,0.09,0.167,0.139,0.129,0.125,0.131,0.227,0.255,0.133,0.128,0.235,0.183,0.143,0.224,0.156,0.19,0.085,203933,TJ Warren,PHX,1610612756,0.198,14,0.298
426,31.0,5,"201959,1610612741",73,36,1936.0,0.12,0.32,0.218,0.211,0.004,0.0,0.145,0.17,0.194,0.171,0.454,0.24,0.226,0.159,0.27,0.208,0.141,201959,Taj Gibson,CHI,1610612741,0.148,37,0.507
427,24.0,5,"204028,1610612747",39,33,496.0,0.083,0.621,0.176,0.325,0.0,0.0,0.123,0.159,0.16,0.09,0.367,0.361,0.187,0.13,0.335,0.167,0.145,204028,Tarik Black,LAL,1610612747,0.13,6,0.154
428,36.0,5,"2419,1610612750",77,50,1462.0,0.104,0.1,0.027,0.119,0.057,0.031,0.093,0.092,0.027,0.023,0.104,0.099,0.046,0.076,0.115,0.149,0.067,2419,Tayshaun Prince,MIN,1610612750,0.083,27,0.351
429,24.0,5,"203093,1610612745",50,26,1044.0,0.093,0.312,0.322,0.23,0.123,0.113,0.207,0.217,0.185,0.172,0.263,0.184,0.178,0.198,0.239,0.114,0.141,203093,Terrence Jones,HOU,1610612745,0.195,24,0.48
430,25.0,5,"203082,1610612761",73,20,1747.0,0.084,0.113,0.084,0.136,0.362,0.393,0.212,0.204,0.067,0.068,0.062,0.176,0.06,0.195,0.12,0.205,0.102,203082,Terrence Ross,TOR,1610612761,0.183,53,0.726
431,22.0,5,"1626179,1610612738",39,15,311.0,0.278,0.037,0.089,0.181,0.15,0.102,0.179,0.135,0.067,0.066,0.273,0.18,0.127,0.118,0.207,0.103,0.238,1626179,Terry Rozier,BOS,1610612738,0.176,24,0.615
432,32.0,5,"200757,1610612737",75,33,1758.0,0.124,0.177,0.131,0.228,0.131,0.129,0.125,0.14,0.129,0.105,0.169,0.156,0.126,0.133,0.216,0.239,0.122,200757,Thabo Sefolosha,ATL,1610612737,0.125,42,0.56
433,28.0,5,"201152,1610612751",73,52,2408.0,0.12,0.218,0.292,0.294,0.035,0.022,0.231,0.254,0.162,0.135,0.345,0.21,0.184,0.221,0.306,0.302,0.185,201152,Thaddeus Young,BKN,1610612751,0.219,21,0.288
434,23.0,5,"203648,1610612752",2,1,6.0,0.0,0.0,0.0,0.167,1.0,0.0,0.333,0.5,0.0,0.0,0.0,0.333,0.0,0.429,0.143,0.0,0.0,203648,Thanasis Antetokounmpo,NYK,1610612752,0.288,1,0.5
435,25.0,5,"203080,1610612751",71,55,916.0,0.116,0.396,0.234,0.4,0.003,0.0,0.176,0.185,0.272,0.175,0.527,0.309,0.237,0.17,0.44,0.238,0.234,203080,Thomas Robinson,BKN,1610612751,0.192,16,0.225
436,31.0,5,"201168,1610612737",36,15,579.0,0.104,0.19,0.271,0.189,0.008,0.0,0.155,0.171,0.185,0.192,0.421,0.284,0.189,0.163,0.238,0.154,0.129,201168,Tiago Splitter,ATL,1610612737,0.154,21,0.583
437,26.0,5,"202353,1610612762",12,5,82.0,0.059,0.5,0.667,0.176,0.048,0.0,0.198,0.19,0.077,0.091,0.375,0.463,0.032,0.153,0.224,0.083,0.242,202353,Tibor Pleiss,UTA,1610612762,0.199,7,0.583
438,40.0,5,"1495,1610612759",61,11,1536.0,0.214,0.361,0.286,0.289,0.004,0.0,0.165,0.168,0.205,0.177,0.347,0.246,0.195,0.159,0.302,0.175,0.216,1495,Tim Duncan,SAS,1610612759,0.174,50,0.82
439,25.0,5,"204025,1610612740",51,26,741.0,0.468,0.042,0.289,0.161,0.129,0.124,0.18,0.167,0.204,0.193,0.158,0.213,0.263,0.168,0.16,0.3,0.289,204025,Tim Frazier,NOP,1610612740,0.198,25,0.49
440,24.0,5,"203501,1610612737",51,22,864.0,0.11,0.07,0.181,0.126,0.269,0.257,0.177,0.165,0.152,0.18,0.052,0.137,0.147,0.177,0.113,0.147,0.093,203501,Tim Hardaway Jr.,ATL,1610612737,0.164,29,0.569
441,29.0,5,"202389,1610612739",76,24,1326.0,0.051,0.496,0.256,0.24,0.009,0.004,0.159,0.193,0.2,0.193,0.435,0.3,0.244,0.174,0.282,0.135,0.18,202389,Timofey Mozgov,CLE,1610612739,0.165,52,0.684
442,23.0,5,"202699,1610612765",76,39,2513.0,0.148,0.187,0.237,0.234,0.207,0.195,0.201,0.208,0.217,0.24,0.172,0.153,0.196,0.212,0.219,0.168,0.145,202699,Tobias Harris,DET,1610612765,0.195,37,0.487
443,30.0,5,"201962,1610612740",61,39,1262.0,0.267,0.058,0.195,0.138,0.309,0.34,0.195,0.18,0.168,0.183,0.092,0.233,0.185,0.195,0.127,0.33,0.19,201962,Toney Douglas,NOP,1610612740,0.192,22,0.361
444,34.0,5,"2754,1610612763",64,30,1620.0,0.1,0.136,0.284,0.192,0.082,0.084,0.168,0.173,0.179,0.151,0.257,0.243,0.154,0.164,0.21,0.336,0.176,2754,Tony Allen,MEM,1610612763,0.17,34,0.531
445,34.0,5,"2225,1610612759",72,13,1980.0,0.383,0.041,0.242,0.111,0.099,0.109,0.208,0.214,0.207,0.191,0.045,0.166,0.193,0.204,0.097,0.156,0.256,2225,Tony Parker,SAS,1610612759,0.214,59,0.819
446,24.0,5,"203503,1610612741",64,31,1301.0,0.103,0.107,0.167,0.174,0.282,0.273,0.144,0.122,0.06,0.069,0.064,0.204,0.075,0.125,0.15,0.104,0.142,203503,Tony Snell,CHI,1610612741,0.137,33,0.516
447,23.0,5,"203100,1610612752",8,8,144.0,0.426,0.0,0.393,0.184,0.246,0.188,0.271,0.232,0.389,0.333,0.065,0.172,0.358,0.252,0.157,0.136,0.46,203100,Tony Wroten,NYK,1610612752,0.32,0,0.0
448,30.0,5,"2772,1610612745",81,41,2859.0,0.141,0.09,0.128,0.164,0.269,0.279,0.175,0.16,0.092,0.102,0.1,0.139,0.087,0.161,0.147,0.264,0.122,2772,Trevor Ariza,HOU,1610612745,0.158,40,0.494
449,28.0,5,"202344,1610612762",79,40,1632.0,0.133,0.227,0.12,0.26,0.049,0.042,0.143,0.16,0.134,0.119,0.43,0.237,0.124,0.142,0.304,0.209,0.153,202344,Trevor Booker,UTA,1610612762,0.144,39,0.494
450,23.0,5,"203504,1610612762",64,33,1366.0,0.292,0.044,0.246,0.107,0.361,0.361,0.274,0.263,0.125,0.137,0.054,0.137,0.136,0.249,0.092,0.165,0.186,203504,Trey Burke,UTA,1610612762,0.247,31,0.484
451,20.0,5,"1626168,1610612762",80,42,1382.0,0.112,0.14,0.127,0.26,0.176,0.185,0.19,0.189,0.141,0.133,0.208,0.202,0.142,0.18,0.248,0.135,0.17,1626168,Trey Lyles,UTA,1610612762,0.183,38,0.475
452,25.0,5,"202684,1610612739",82,25,2269.0,0.06,0.29,0.189,0.293,0.0,0.0,0.105,0.136,0.225,0.183,0.492,0.207,0.222,0.13,0.343,0.121,0.101,202684,Tristan Thompson,CLE,1610612739,0.116,57,0.695
453,24.0,5,"203584,1610612766",43,18,476.0,0.098,0.086,0.052,0.146,0.411,0.509,0.23,0.259,0.034,0.026,0.08,0.184,0.05,0.243,0.132,0.151,0.176,203584,Troy Daniels,CHA,1610612766,0.202,25,0.581
454,28.0,5,"201951,1610612754",66,35,1411.0,0.36,0.045,0.176,0.098,0.124,0.122,0.142,0.128,0.114,0.113,0.085,0.137,0.136,0.125,0.095,0.204,0.198,201951,Ty Lawson,IND,1610612754,0.147,31,0.47
455,21.0,5,"203898,1610612749",46,29,654.0,0.319,0.014,0.2,0.147,0.187,0.206,0.169,0.166,0.12,0.121,0.098,0.25,0.144,0.16,0.135,0.231,0.225,203898,Tyler Ennis,MIL,1610612749,0.173,17,0.37
456,30.0,5,"201946,1610612766",44,16,343.0,0.06,0.28,0.271,0.22,0.016,0.027,0.124,0.132,0.281,0.233,0.465,0.35,0.28,0.144,0.288,0.25,0.132,201946,Tyler Hansbrough,CHA,1610612766,0.146,28,0.636
457,24.0,5,"204020,1610612748",36,17,863.0,0.216,0.14,0.233,0.134,0.205,0.248,0.174,0.184,0.147,0.168,0.16,0.202,0.175,0.185,0.14,0.226,0.178,204020,Tyler Johnson,MIA,1610612748,0.172,19,0.528
458,26.0,5,"203092,1610612738",60,22,710.0,0.086,0.31,0.25,0.221,0.0,0.0,0.228,0.258,0.286,0.288,0.371,0.282,0.284,0.246,0.258,0.089,0.202,203092,Tyler Zeller,BOS,1610612738,0.23,38,0.633
459,26.0,5,"201936,1610612740",25,14,765.0,0.469,0.098,0.299,0.203,0.225,0.234,0.24,0.233,0.261,0.263,0.124,0.206,0.246,0.238,0.185,0.271,0.34,201936,Tyreke Evans,NOP,1610612740,0.254,11,0.44
460,33.0,5,"2199,1610612756",66,48,1618.0,0.1,0.404,0.119,0.349,0.001,0.0,0.112,0.154,0.227,0.19,0.434,0.198,0.214,0.147,0.371,0.145,0.148,2199,Tyson Chandler,PHX,1610612756,0.128,18,0.273
461,20.0,5,"1626145,1610612750",37,24,573.0,0.403,0.07,0.176,0.111,0.225,0.208,0.156,0.126,0.149,0.139,0.054,0.136,0.16,0.134,0.096,0.337,0.182,1626145,Tyus Jones,MIN,1610612750,0.159,13,0.351
462,36.0,5,"2617,1610612748",37,12,260.0,0.116,0.118,0.067,0.369,0.083,0.025,0.147,0.117,0.152,0.162,0.323,0.234,0.242,0.116,0.362,0.135,0.067,2617,Udonis Haslem,MIA,1610612748,0.136,25,0.676
463,24.0,5,"203506,1610612753",72,40,2380.0,0.241,0.208,0.239,0.18,0.269,0.268,0.227,0.216,0.242,0.262,0.094,0.174,0.23,0.226,0.16,0.305,0.222,203506,Victor Oladipo,ORL,1610612753,0.228,32,0.444
464,39.0,5,"1713,1610612763",60,27,1005.0,0.135,0.193,0.12,0.177,0.371,0.444,0.194,0.174,0.148,0.153,0.132,0.2,0.153,0.186,0.165,0.199,0.128,1713,Vince Carter,MEM,1610612763,0.181,33,0.55
465,24.0,5,"204002,1610612737",11,4,73.0,0.077,0.857,0.182,0.275,0.0,0.0,0.154,0.167,0.32,0.167,0.636,0.276,0.148,0.149,0.339,0.083,0.167,204002,Walter Tavares,ATL,1610612737,0.168,7,0.636
466,28.0,5,"201961,1610612751",76,58,1615.0,0.116,0.039,0.132,0.14,0.412,0.434,0.196,0.177,0.102,0.115,0.061,0.14,0.082,0.186,0.122,0.193,0.096,201961,Wayne Ellington,BKN,1610612751,0.176,18,0.237
467,28.0,5,"202325,1610612746",80,29,1666.0,0.066,0.249,0.08,0.191,0.312,0.3,0.179,0.161,0.052,0.047,0.119,0.232,0.054,0.154,0.175,0.257,0.116,202325,Wesley Johnson,LAC,1610612746,0.157,51,0.638
468,29.0,5,"202083,1610612742",78,38,2644.0,0.124,0.098,0.166,0.115,0.327,0.316,0.188,0.161,0.123,0.131,0.055,0.173,0.135,0.173,0.103,0.215,0.12,202083,Wesley Matthews,DAL,1610612742,0.174,40,0.513
469,25.0,5,"203115,1610612743",82,49,2353.0,0.195,0.171,0.215,0.262,0.261,0.28,0.239,0.236,0.217,0.228,0.112,0.134,0.193,0.238,0.225,0.219,0.196,203115,Will Barton,DEN,1610612743,0.231,33,0.402
470,22.0,5,"1626161,1610612758",66,40,1412.0,0.053,0.482,0.143,0.228,0.003,0.0,0.135,0.163,0.163,0.145,0.404,0.256,0.141,0.148,0.273,0.18,0.101,1626161,Willie Cauley-Stein,SAC,1610612758,0.133,26,0.394
471,26.0,5,"203186,1610612751",39,31,426.0,0.051,0.769,0.167,0.268,0.0,0.0,0.181,0.228,0.325,0.265,0.467,0.27,0.346,0.217,0.324,0.103,0.105,203186,Willie Reed,BKN,1610612751,0.18,8,0.205
472,24.0,5,"204098,1610612763",14,11,244.0,0.237,0.167,0.156,0.19,0.261,0.31,0.172,0.165,0.101,0.072,0.042,0.217,0.128,0.156,0.142,0.277,0.238,204098,Xavier Munford,MEM,1610612763,0.172,3,0.214
473,21.0,5,"203897,1610612750",82,53,2294.0,0.234,0.084,0.228,0.135,0.364,0.403,0.252,0.244,0.154,0.153,0.061,0.194,0.15,0.235,0.118,0.184,0.203,203897,Zach LaVine,MIN,1610612750,0.233,29,0.354
474,34.0,5,"2216,1610612763",68,31,2016.0,0.163,0.083,0.313,0.282,0.037,0.025,0.261,0.275,0.209,0.216,0.382,0.173,0.214,0.25,0.31,0.127,0.193,2216,Zach Randolph,MEM,1610612763,0.247,37,0.544
475,32.0,5,"2585,1610612742",76,36,2004.0,0.145,0.18,0.274,0.339,0.003,0.0,0.137,0.148,0.313,0.299,0.632,0.255,0.301,0.159,0.404,0.237,0.231,2585,Zaza Pachulia,DAL,1610612742,0.164,40,0.526
