,AGE,BLK,BLKA,CFID,CFPARAMS,GP,L,MIN,OPP_PTS_2ND_CHANCE,OPP_PTS_FB,OPP_PTS_OFF_TOV,OPP_PTS_PAINT,PF,PFD,PLAYER_ID,PLAYER_NAME,PTS_2ND_CHANCE,PTS_FB,PTS_OFF_TOV,PTS_PAINT,TEAM_ABBREVIATION,TEAM_ID,W,W_PCT
0,30.0,0,0,5,"201143,1610612737",1,1,9.41666666667,7,4,0,12,0,0,201143,Al Horford,0,3,0,0,ATL,1610612737,0,0.0
1,22.0,0,0,5,"203083,1610612765",1,1,18.2166666667,13,18,4,28,1,0,203083,Andre Drummond,8,4,2,16,DET,1610612765,0,0.0
2,23.0,0,0,5,"203076,1610612740",1,0,15.1666666667,5,10,7,22,1,0,203076,Anthony Davis,6,4,0,22,NOP,1610612740,1,1.0
3,32.0,1,0,5,"2546,1610612752",1,1,22.9333333333,14,22,21,54,2,1,2546,Carmelo Anthony,6,3,2,8,NYK,1610612752,0,0.0
4,31.0,0,0,5,"101108,1610612746",1,0,19.0166666667,7,10,11,30,1,1,101108,Chris Paul,0,2,0,2,LAC,1610612746,1,1.0
5,26.0,0,0,5,"201942,1610612761",1,1,18.9,9,16,2,26,0,3,201942,DeMar DeRozan,2,4,4,14,TOR,1610612761,0,0.0
6,25.0,0,0,5,"202326,1610612758",1,0,11.6,7,7,4,22,2,2,202326,DeMarcus Cousins,2,4,0,8,SAC,1610612758,1,1.0
7,26.0,0,0,5,"203110,1610612744",1,0,12.1333333333,7,7,4,20,1,1,203110,Draymond Green,0,0,2,4,GSW,1610612744,1,1.0
8,34.0,0,0,5,"2548,1610612748",1,1,22.9333333333,14,22,21,54,0,0,2548,Dwyane Wade,2,4,4,8,MIA,1610612748,0,0.0
9,27.0,0,0,5,"202738,1610612738",1,1,18.9833333333,14,17,4,30,1,0,202738,Isaiah Thomas,2,3,3,6,BOS,1610612738,0,0.0
10,26.0,0,0,5,"201935,1610612745",1,0,20.9333333333,7,12,11,34,0,0,201935,James Harden,3,2,0,2,HOU,1610612745,1,1.0
11,25.0,0,0,5,"202322,1610612764",1,1,19.4833333333,10,14,2,26,0,0,202322,John Wall,0,2,0,14,WAS,1610612764,0,0.0
12,24.0,0,0,5,"202695,1610612759",1,0,25.8,24,18,8,62,0,0,202695,Kawhi Leonard,4,2,3,10,SAS,1610612759,1,1.0
13,27.0,0,0,5,"201142,1610612760",1,0,23.0666666667,19,13,8,54,0,1,201142,Kevin Durant,4,12,8,20,OKC,1610612760,1,1.0
14,26.0,0,0,5,"202691,1610612744",1,0,20.9333333333,7,12,11,34,0,0,202691,Klay Thompson,0,6,0,0,GSW,1610612744,1,1.0
15,37.0,0,0,5,"977,1610612747",1,0,25.9666666667,24,18,8,62,1,3,977,Kobe Bryant,2,0,0,2,LAL,1610612747,1,1.0
16,30.0,1,0,5,"200768,1610612761",1,1,28.5166666667,21,30,23,62,2,0,200768,Kyle Lowry,3,0,0,2,TOR,1610612761,0,0.0
17,30.0,0,1,5,"200746,1610612759",1,0,14.0666666667,5,10,7,22,0,0,200746,LaMarcus Aldridge,0,2,2,0,SAS,1610612759,1,1.0
18,31.0,0,0,5,"2544,1610612739",1,1,20.2166666667,14,22,21,50,0,0,2544,LeBron James,0,2,2,10,CLE,1610612739,0,0.0
19,35.0,0,0,5,"2200,1610612741",1,1,14.5166666667,6,16,2,16,2,4,2200,Pau Gasol,2,0,2,4,CHI,1610612741,0,0.0
20,26.0,0,0,5,"202331,1610612754",1,1,26.8166666667,19,22,21,52,0,0,202331,Paul George,3,5,0,14,IND,1610612754,0,0.0
21,31.0,0,0,5,"200794,1610612737",1,1,19.0666666667,14,17,4,30,0,0,200794,Paul Millsap,3,0,0,0,ATL,1610612737,0,0.0
22,27.0,0,1,5,"201566,1610612760",1,0,22.3333333333,19,13,8,52,1,0,201566,Russell Westbrook,5,8,8,10,OKC,1610612760,1,1.0
23,28.0,0,0,5,"201939,1610612744",1,0,28.9833333333,24,20,8,66,1,0,201939,Stephen Curry,5,2,2,8,GSW,1610612744,1,1.0
