,AGE,AST_PCT,AST_RATIO,AST_TO,CFID,CFPARAMS,DEF_RATING,DREB_PCT,EFG_PCT,FGA,FGA_PG,FGM,FGM_PG,FG_PCT,GP,L,MIN,NET_RATING,OFF_RATING,OREB_PCT,PACE,PIE,PLAYER_ID,PLAYER_NAME,REB_PCT,TEAM_ABBREVIATION,TEAM_ID,TM_TOV_PCT,TS_PCT,USG_PCT,W,W_PCT
0,31.0,0.265,23.7,2.2,5,"201166,1610612741",103.5,0.078,0.471,469,6.8,188,2.7,0.401,69,33,16.1,-1.4,102.1,0.02,97.22,0.073,201166,Aaron Brooks,0.049,CHI,1610612741,10.8,0.494,0.231,36,0.522
1,20.0,0.103,14.9,1.94,5,"203932,1610612753",104.2,0.21,0.509,579,7.4,274,3.5,0.473,78,46,23.9,-1.3,102.9,0.089,98.87,0.113,203932,Aaron Gordon,0.149,ORL,1610612753,7.7,0.541,0.171,32,0.41
2,21.0,0.033,6.6,0.5,5,"1626151,1610612766",98.7,0.133,0.342,19,0.9,5,0.2,0.263,21,6,4.4,2.2,100.9,0.047,102.89,0.013,1626151,Aaron Harrison,0.089,CHA,1610612766,13.2,0.371,0.138,15,0.714
3,25.0,0.093,13.1,0.81,5,"203940,1610612750",111.5,0.22,0.397,145,2.8,53,1.0,0.366,52,34,9.3,-10.8,100.7,0.049,96.48,0.039,203940,Adreian Payne,0.135,MIN,1610612750,16.3,0.422,0.18,18,0.346
4,30.0,0.165,17.8,2.46,5,"201143,1610612737",98.2,0.18,0.547,1048,12.8,529,6.5,0.505,82,34,32.1,4.9,103.1,0.062,99.75,0.137,201143,Al Horford,0.122,ATL,1610612737,7.3,0.565,0.206,48,0.585
5,31.0,0.114,10.6,2.06,5,"2744,1610612766",99.7,0.244,0.485,505,10.7,245,5.2,0.485,47,14,23.3,3.7,103.4,0.056,97.68,0.124,2744,Al Jefferson,0.148,CHA,1610612766,5.2,0.507,0.245,33,0.702
6,25.0,0.087,13.2,1.15,5,"202329,1610612757",106.2,0.185,0.503,719,8.8,299,3.6,0.416,82,38,28.5,1.5,107.7,0.045,99.01,0.088,202329,Al-Farouq Aminu,0.115,POR,1610612757,11.5,0.533,0.169,44,0.537
7,33.0,0.112,17.2,7.0,5,"101187,1610612764",98.2,0.149,0.458,59,4.5,21,1.6,0.356,13,5,14.8,5.4,103.6,0.006,100.19,0.066,101187,Alan Anderson,0.078,WAS,1610612764,2.5,0.495,0.157,8,0.615
8,23.0,0.096,12.1,0.83,5,"1626210,1610612756",109.8,0.387,0.417,24,2.4,10,1.0,0.417,10,7,6.8,-0.2,109.6,0.184,107.52,0.11,1626210,Alan Williams,0.275,PHX,1610612756,14.6,0.481,0.201,3,0.3
9,24.0,0.14,12.4,1.24,5,"202692,1610612762",102.7,0.139,0.458,334,10.8,137,4.4,0.41,31,18,25.7,-2.0,100.7,0.023,95.52,0.099,202692,Alec Burks,0.079,UTA,1610612762,10.0,0.52,0.251,13,0.419
10,23.0,0.087,10.0,0.67,5,"203458,1610612756",105.2,0.248,0.424,624,8.0,264,3.4,0.423,78,55,23.3,-7.8,97.4,0.103,100.34,0.091,203458,Alex Len,0.174,PHX,1610612756,14.9,0.482,0.204,23,0.295
11,28.0,0.053,5.8,0.0,5,"1627293,1610612763",95.2,0.122,0.333,27,3.4,9,1.1,0.333,8,6,9.0,-3.8,91.4,0.202,99.8,0.038,1627293,Alex Stepheson,0.167,MEM,1610612763,0.0,0.341,0.17,2,0.25
12,28.0,0.059,7.3,0.57,5,"201582,1610612740",102.6,0.257,0.476,315,5.3,150,2.5,0.476,59,39,14.6,-3.0,99.6,0.094,98.04,0.095,201582,Alexis Ajinca,0.173,NOP,1610612740,12.6,0.514,0.206,20,0.339
13,24.0,0.072,11.1,1.55,5,"203459,1610612757",106.1,0.097,0.541,678,8.4,311,3.8,0.459,81,38,26.0,0.1,106.2,0.014,98.9,0.075,203459,Allen Crabbe,0.055,POR,1610612757,7.2,0.572,0.163,43,0.531
14,29.0,0.063,17.5,1.31,5,"202087,1610612740",104.1,0.126,0.551,255,3.5,132,1.8,0.518,73,46,22.4,-4.0,100.1,0.039,99.61,0.053,202087,Alonzo Gee,0.081,NOP,1610612740,13.4,0.572,0.092,27,0.37
15,33.0,0.054,8.3,0.57,5,"2405,1610612748",102.4,0.229,0.566,221,4.3,125,2.4,0.566,52,22,14.7,1.8,104.2,0.101,95.46,0.109,2405,Amar'e Stoudemire,0.167,MIA,1610612748,14.5,0.599,0.18,30,0.577
16,29.0,0.11,19.4,1.47,5,"101161,1610612738",101.3,0.194,0.596,426,5.4,249,3.2,0.585,79,34,22.8,4.6,105.9,0.104,100.21,0.103,101161,Amir Johnson,0.149,BOS,1610612738,13.2,0.602,0.137,45,0.57
17,33.0,0.102,17.2,1.59,5,"2760,1610612744",102.6,0.23,0.427,124,2.3,53,1.0,0.427,53,12,9.4,-0.5,102.2,0.079,98.15,0.08,2760,Anderson Varejao,0.153,GSW,1610612744,10.8,0.473,0.147,41,0.774
18,22.0,0.042,4.4,0.43,5,"203083,1610612765",102.3,0.343,0.522,1060,13.1,552,6.8,0.521,81,38,32.9,2.0,104.3,0.153,97.45,0.14,203083,Andre Drummond,0.244,DET,1610612765,10.1,0.499,0.24,43,0.531
19,32.0,0.165,31.2,2.77,5,"2738,1610612744",99.2,0.127,0.552,368,5.7,176,2.7,0.478,65,6,26.6,14.4,113.5,0.034,101.79,0.089,2738,Andre Iguodala,0.083,GSW,1610612744,11.2,0.565,0.12,59,0.908
20,40.0,0.276,35.6,2.35,5,"1889,1610612759",105.9,0.101,0.566,106,2.7,59,1.5,0.557,39,19,11.8,5.1,111.0,0.036,91.45,0.096,1889,Andre Miller,0.071,SAS,1610612759,15.2,0.6,0.162,20,0.513
21,24.0,0.039,12.4,1.34,5,"203460,1610612760",100.8,0.113,0.555,274,3.9,136,1.9,0.496,70,22,22.2,9.4,110.1,0.06,98.84,0.058,203460,Andre Roberson,0.088,OKC,1610612760,9.2,0.566,0.093,48,0.686
22,30.0,0.051,5.2,0.69,5,"200745,1610612751",111.2,0.135,0.461,279,6.1,127,2.8,0.455,46,35,13.8,-15.7,95.6,0.047,96.68,0.073,200745,Andrea Bargnani,0.088,BKN,1610612751,7.5,0.5,0.234,11,0.239
23,31.0,0.145,29.7,1.95,5,"101106,1610612744",97.2,0.252,0.629,279,4.0,175,2.5,0.627,70,8,20.7,14.2,111.4,0.094,101.07,0.106,101106,Andrew Bogut,0.178,GSW,1610612744,15.2,0.623,0.116,62,0.886
24,27.0,0.118,12.2,0.57,5,"202726,1610612745",94.4,0.015,0.475,20,2.5,9,1.1,0.45,8,3,6.2,13.6,108.0,0.024,105.1,0.074,202726,Andrew Goudelock,0.018,HOU,1610612745,21.4,0.506,0.243,5,0.625
25,26.0,0.05,6.2,0.61,5,"203094,1610612753",98.6,0.216,0.537,310,5.5,146,2.6,0.471,56,34,14.7,1.2,99.8,0.045,96.81,0.119,203094,Andrew Nicholson,0.132,ORL,1610612753,10.1,0.567,0.209,22,0.393
26,21.0,0.098,8.7,0.9,5,"203952,1610612750",106.6,0.074,0.481,1294,16.0,594,7.3,0.459,81,52,35.1,-1.0,105.7,0.043,98.16,0.094,203952,Andrew Wiggins,0.059,MIN,1610612750,9.6,0.543,0.269,29,0.358
27,23.0,0.0,0.0,0.0,5,"203461,1610612761",114.3,0.293,0.352,27,1.4,8,0.4,0.296,19,7,4.4,-12.5,101.8,0.064,97.98,0.063,203461,Anthony Bennett,0.151,TOR,1610612761,11.3,0.446,0.181,12,0.632
28,23.0,0.048,11.3,1.27,5,"1626148,1610612747",103.1,0.116,0.389,126,4.3,39,1.3,0.31,29,25,20.6,-4.3,98.8,0.015,97.53,0.037,1626148,Anthony Brown,0.062,LAL,1610612747,8.9,0.427,0.11,4,0.138
29,23.0,0.1,7.4,0.96,5,"203076,1610612740",107.3,0.262,0.508,1136,18.6,560,9.2,0.493,61,37,35.5,-4.7,102.6,0.064,99.13,0.165,203076,Anthony Davis,0.16,NOP,1610612740,7.7,0.559,0.296,24,0.393
30,30.0,0.037,6.1,1.41,5,"201627,1610612760",105.7,0.06,0.527,333,4.9,136,2.0,0.408,68,22,13.6,4.0,109.7,0.013,98.93,0.057,201627,Anthony Morrow,0.038,OKC,1610612760,4.3,0.543,0.171,46,0.676
31,31.0,0.058,12.0,1.86,5,"201229,1610612765",102.4,0.159,0.533,332,4.6,128,1.8,0.386,72,36,18.6,-0.7,101.7,0.03,96.34,0.076,201229,Anthony Tolliver,0.092,DET,1610612765,6.5,0.543,0.126,36,0.5
32,21.0,0.174,16.3,1.18,5,"203462,1610612756",111.6,0.114,0.444,422,7.4,176,3.1,0.417,57,43,19.5,-11.0,100.7,0.026,100.91,0.072,203462,Archie Goodwin,0.069,PHX,1610612756,13.8,0.498,0.231,14,0.246
33,29.0,0.07,8.9,0.76,5,"203382,1610612765",105.6,0.223,0.505,384,4.7,194,2.4,0.505,81,38,15.2,-4.7,100.9,0.122,96.99,0.112,203382,Aron Baynes,0.172,DET,1610612765,11.7,0.563,0.187,43,0.531
34,30.0,0.097,13.3,1.76,5,"201167,1610612752",106.3,0.109,0.5,799,11.3,354,5.0,0.443,71,44,33.4,-3.2,103.1,0.011,94.97,0.076,201167,Arron Afflalo,0.061,NYK,1610612752,7.6,0.531,0.181,27,0.38
35,23.0,0.116,13.6,1.62,5,"203085,1610612746",103.3,0.08,0.498,516,7.7,226,3.4,0.438,67,25,21.8,-2.1,101.1,0.016,98.41,0.069,203085,Austin Rivers,0.048,LAC,1610612746,8.4,0.523,0.195,42,0.627
36,25.0,0.095,11.8,1.45,5,"202340,1610612738",102.9,0.073,0.52,1019,13.4,456,6.0,0.447,76,31,33.4,4.2,107.0,0.02,100.77,0.082,202340,Avery Bradley,0.046,BOS,1610612738,8.1,0.538,0.2,45,0.592
37,23.0,0.068,15.2,2.5,5,"1626253,1610612743",109.7,0.087,0.45,70,3.3,25,1.2,0.357,21,12,14.5,-2.1,107.6,0.032,97.04,0.029,1626253,Axel Toupane,0.06,DEN,1610612743,6.1,0.49,0.125,9,0.429
38,23.0,0.076,11.6,0.8,5,"203463,1610612758",105.4,0.083,0.502,455,6.7,195,2.9,0.429,68,40,21.2,-0.6,104.7,0.026,103.34,0.048,203463,Ben McLemore,0.055,SAC,1610612758,14.6,0.531,0.174,28,0.412
39,33.0,0.256,30.9,2.19,5,"2757,1610612748",102.1,0.101,0.472,198,4.5,86,2.0,0.434,44,18,16.1,-1.3,100.9,0.013,94.74,0.077,2757,Beno Udrih,0.058,MIA,1610612748,14.1,0.496,0.172,26,0.591
40,23.0,0.025,5.9,0.41,5,"202687,1610612761",100.6,0.281,0.542,288,3.5,156,1.9,0.542,82,26,22.0,3.8,104.4,0.115,94.65,0.105,202687,Bismack Biyombo,0.2,TOR,1610612761,14.6,0.586,0.117,56,0.683
41,27.0,0.258,18.1,2.05,5,"201933,1610612746",100.0,0.221,0.504,603,17.2,301,8.6,0.499,35,13,33.4,7.9,108.0,0.048,99.04,0.171,201933,Blake Griffin,0.136,LAC,1610612746,8.8,0.544,0.292,22,0.629
42,27.0,0.072,7.7,0.72,5,"1626246,1610612759",103.0,0.275,0.603,174,3.2,105,1.9,0.603,54,7,9.4,6.6,109.6,0.166,93.48,0.181,1626246,Boban Marjanovic,0.221,SAS,1610612759,10.6,0.662,0.229,47,0.87
43,21.0,0.076,9.1,0.96,5,"1626171,1610612741",108.6,0.21,0.445,436,7.0,186,3.0,0.427,62,33,17.8,-7.9,100.6,0.114,97.15,0.093,1626171,Bobby Portis,0.16,CHI,1610612741,9.5,0.469,0.207,29,0.468
44,27.0,0.073,9.7,0.86,5,"202711,1610612751",109.4,0.118,0.519,749,9.5,324,4.1,0.433,79,58,26.8,-8.8,100.6,0.019,97.47,0.072,202711,Bojan Bogdanovic,0.068,BKN,1610612751,11.3,0.55,0.194,21,0.266
45,34.0,0.182,25.5,1.81,5,"2564,1610612759",96.6,0.139,0.56,383,5.0,202,2.7,0.527,76,12,18.2,10.8,107.4,0.049,97.49,0.099,2564,Boris Diaw,0.095,SAS,1610612759,14.1,0.582,0.168,64,0.842
46,22.0,0.153,14.1,1.45,5,"203078,1610612764",105.2,0.099,0.515,799,14.5,359,6.5,0.449,55,27,31.1,-1.6,103.6,0.027,101.02,0.099,203078,Bradley Beal,0.062,WAS,1610612764,9.7,0.547,0.25,28,0.509
47,28.0,0.05,7.6,0.6,5,"201148,1610612763",113.1,0.148,0.673,52,4.3,35,2.9,0.673,12,6,17.7,-13.1,100.0,0.073,95.64,0.106,201148,Brandan Wright,0.111,MEM,1610612763,12.7,0.663,0.156,6,0.5
48,23.0,0.0,0.0,0.0,5,"1626183,1610612746",122.6,0.067,0.4,5,0.8,2,0.3,0.4,6,1,4.8,-24.6,98.0,0.111,92.59,0.03,1626183,Branden Dawson,0.083,LAC,1610612746,0.0,0.46,0.092,5,0.833
49,31.0,0.088,14.9,1.76,5,"101138,1610612747",106.9,0.153,0.549,317,4.8,174,2.6,0.549,66,50,20.3,-2.6,104.3,0.085,98.08,0.105,101138,Brandon Bass,0.118,LAL,1610612747,8.4,0.619,0.138,16,0.242
50,26.0,0.298,30.1,2.98,5,"201943,1610612753",103.3,0.103,0.452,304,6.3,112,2.3,0.368,48,28,18.1,0.4,103.7,0.02,99.62,0.095,201943,Brandon Jennings,0.06,ORL,1610612753,10.1,0.491,0.198,20,0.417
51,24.0,0.234,18.6,1.49,5,"202688,1610612756",107.5,0.099,0.482,895,17.2,371,7.1,0.415,52,36,36.0,-6.8,100.7,0.021,100.71,0.101,202688,Brandon Knight,0.059,PHX,1610612756,12.5,0.522,0.263,16,0.308
52,30.0,0.072,15.7,1.73,5,"201575,1610612744",108.7,0.154,0.552,260,3.6,111,1.5,0.427,72,9,14.6,0.2,108.9,0.023,100.87,0.071,201575,Brandon Rush,0.093,GSW,1610612744,9.1,0.56,0.128,63,0.875
53,30.0,0.205,20.6,2.35,5,"203148,1610612757",105.4,0.086,0.494,165,3.2,74,1.5,0.448,51,25,9.2,-6.2,99.3,0.013,98.19,0.097,203148,Brian Roberts,0.047,POR,1610612757,8.8,0.552,0.196,26,0.51
54,23.0,0.175,29.7,2.33,5,"1627362,1610612748",118.8,0.127,0.359,39,5.6,14,2.0,0.359,7,4,24.1,-22.5,96.4,0.04,96.55,0.059,1627362,Briante Weber,0.075,MIA,1610612748,12.7,0.38,0.118,3,0.429
55,28.0,0.106,8.8,0.83,5,"201572,1610612751",106.3,0.167,0.512,1157,15.8,591,8.1,0.511,73,52,33.7,-3.7,102.6,0.094,96.53,0.127,201572,Brook Lopez,0.131,BKN,1610612751,10.6,0.562,0.276,21,0.288
56,20.0,0.033,5.9,0.25,5,"203998,1610612761",94.7,0.024,0.125,12,2.0,1,0.2,0.083,6,0,7.1,-2.5,92.2,0.022,98.65,-0.056,203998,Bruno Caboclo,0.023,TOR,1610612761,23.5,0.125,0.164,6,1.0
57,23.0,0.136,16.7,0.6,5,"203955,1610612763",135.0,0.0,0.4,10,1.3,4,0.5,0.4,8,7,4.8,-31.0,104.0,0.0,93.23,0.007,203955,Bryce Cotton,0.0,MEM,1610612763,27.8,0.4,0.179,1,0.125
58,23.0,0.076,14.4,1.36,5,"1626214,1610612740",106.4,0.175,0.493,69,4.9,28,2.0,0.406,14,6,19.9,-7.0,99.4,0.028,96.87,0.07,1626214,Bryce Dejean-Jones,0.093,NOP,1610612740,10.6,0.505,0.141,8,0.571
59,24.0,0.211,16.5,1.74,5,"203468,1610612757",104.8,0.084,0.517,1431,17.9,641,8.0,0.448,80,36,34.7,2.0,106.8,0.018,98.54,0.112,203468,CJ McCollum,0.05,POR,1610612757,9.5,0.544,0.27,44,0.55
60,29.0,0.069,7.7,0.9,5,"101139,1610612754",102.8,0.112,0.521,634,9.9,259,4.0,0.409,64,30,22.9,-0.5,102.2,0.019,101.03,0.082,101139,CJ Miles,0.065,IND,1610612754,8.5,0.547,0.225,34,0.531
61,32.0,0.18,32.9,3.52,5,"201228,1610612753",107.3,0.094,0.394,137,4.2,47,1.4,0.343,33,19,19.9,-2.3,104.9,0.017,100.74,0.059,201228,CJ Watson,0.056,ORL,1610612753,9.4,0.461,0.12,14,0.424
62,25.0,0.09,12.0,5.0,5,"203912,1610612746",97.2,0.063,0.462,66,2.9,26,1.1,0.394,23,8,7.3,8.8,106.0,0.007,98.35,0.073,203912,CJ Wilcox,0.037,LAC,1610612746,2.4,0.491,0.2,15,0.652
63,25.0,0.091,11.2,1.5,5,"203946,1610612741",98.3,0.235,0.338,40,2.2,13,0.7,0.325,18,14,5.7,-7.1,91.2,0.038,102.75,0.052,203946,Cameron Bairstow,0.136,CHI,1610612741,7.5,0.391,0.198,4,0.222
64,21.0,0.241,24.5,2.45,5,"1626166,1610612760",107.1,0.121,0.475,278,4.9,114,2.0,0.41,57,13,12.2,-2.8,104.3,0.014,97.6,0.089,1626166,Cameron Payne,0.067,OKC,1610612760,10.0,0.49,0.206,44,0.772
65,32.0,0.102,9.3,1.45,5,"201171,1610612755",112.3,0.202,0.568,250,6.9,139,3.9,0.556,36,31,15.8,-10.4,102.0,0.09,100.38,0.133,201171,Carl Landry,0.142,PHI,1610612755,6.4,0.605,0.239,5,0.139
66,32.0,0.209,15.3,1.7,5,"2546,1610612752",105.8,0.195,0.474,1307,18.2,567,7.9,0.434,72,40,35.1,-0.7,105.1,0.043,95.84,0.143,2546,Carmelo Anthony,0.121,NYK,1610612752,9.0,0.53,0.295,32,0.444
67,36.0,0.099,12.9,3.33,5,"2406,1610612758",105.6,0.115,0.449,59,3.5,25,1.5,0.424,17,15,10.3,-12.4,93.3,0.029,102.12,0.075,2406,Caron Butler,0.068,SAC,1610612758,3.9,0.49,0.163,2,0.118
68,27.0,0.158,17.3,1.78,5,"202718,1610612742",104.2,0.158,0.571,651,10.7,320,5.2,0.492,61,32,29.5,1.3,105.4,0.018,95.94,0.115,202718,Chandler Parsons,0.089,DAL,1610612742,9.7,0.589,0.208,29,0.475
69,33.0,0.086,14.9,1.65,5,"101112,1610612739",102.1,0.192,0.569,347,5.0,152,2.2,0.438,70,35,17.1,3.7,105.9,0.033,94.67,0.088,101112,Channing Frye,0.111,CLE,1610612739,9.0,0.586,0.156,35,0.5
70,33.0,0.133,25.4,0.67,5,"101236,1610612745",91.0,0.286,0.5,2,1.0,1,0.5,0.5,2,1,11.9,-2.0,89.1,0.0,103.96,0.054,101236,Charles Hayes,0.16,HOU,1610612745,38.1,0.694,0.112,1,0.5
71,31.0,0.063,6.1,0.77,5,"101111,1610612742",106.6,0.213,0.454,327,5.3,125,2.0,0.382,62,33,10.7,-7.9,98.7,0.036,98.49,0.084,101111,Charlie Villanueva,0.12,DAL,1610612742,7.9,0.473,0.244,29,0.468
72,28.0,0.098,17.2,1.45,5,"201978,1610612756",102.8,0.129,0.485,239,3.6,104,1.6,0.435,66,37,14.1,-0.1,102.6,0.048,99.38,0.074,201978,Chase Budinger,0.087,PHX,1610612756,11.8,0.514,0.142,29,0.439
73,37.0,0.045,11.0,1.33,5,"2365,1610612763",112.1,0.191,0.556,72,2.7,38,1.4,0.528,27,16,14.9,-10.7,101.4,0.1,93.23,0.095,2365,Chris Andersen,0.143,MEM,1610612763,8.3,0.598,0.109,11,0.407
74,32.0,0.129,11.7,1.64,5,"2547,1610612748",100.3,0.211,0.52,767,14.5,358,6.8,0.467,53,24,33.5,1.7,102.0,0.032,94.5,0.151,2547,Chris Bosh,0.124,MIA,1610612748,7.1,0.571,0.253,29,0.547
75,32.0,0.12,15.5,1.83,5,"203142,1610612749",119.4,0.073,0.431,51,2.1,17,0.7,0.333,24,14,6.5,-26.2,93.2,0.007,93.54,0.026,203142,Chris Copeland,0.037,MIL,1610612749,8.4,0.462,0.177,10,0.417
76,26.0,0.082,15.1,1.13,5,"203187,1610612762",97.7,0.134,0.441,194,2.8,72,1.0,0.371,70,32,12.2,4.6,102.2,0.037,94.72,0.053,203187,Chris Johnson,0.087,UTA,1610612762,13.4,0.482,0.137,38,0.543
77,34.0,0.186,17.4,1.38,5,"2549,1610612757",106.6,0.17,0.477,43,2.7,20,1.3,0.465,16,5,7.0,-13.2,93.4,0.077,94.71,0.081,2549,Chris Kaman,0.126,POR,1610612757,12.6,0.496,0.213,11,0.688
78,21.0,0.038,6.3,0.6,5,"1626191,1610612751",116.3,0.145,0.463,109,4.5,44,1.8,0.404,24,17,15.1,-16.1,100.2,0.074,98.91,0.056,1626191,Chris McCullough,0.107,BKN,1610612751,10.5,0.47,0.16,7,0.292
79,31.0,0.493,33.7,3.8,5,"101108,1610612746",99.8,0.119,0.517,1114,15.1,515,7.0,0.462,74,24,32.7,11.9,111.7,0.018,98.74,0.184,101108,Chris Paul,0.07,LAC,1610612746,8.9,0.575,0.269,50,0.676
80,20.0,0.035,4.5,1.5,5,"1626174,1610612755",108.9,0.192,0.453,53,3.1,22,1.3,0.415,17,17,8.5,-13.5,95.4,0.082,105.57,0.094,1626174,Christian Wood,0.131,PHI,1610612755,3.0,0.49,0.187,0,0.0
81,25.0,0.058,10.6,0.67,5,"203921,1610612752",95.7,0.146,0.35,40,2.4,12,0.7,0.3,17,11,9.0,0.4,96.2,0.028,95.95,0.022,203921,Cleanthony Early,0.088,NYK,1610612752,15.9,0.371,0.148,6,0.353
82,20.0,0.0,0.0,0.0,5,"1626146,1610612757",108.5,0.118,0.5,10,1.3,5,0.6,0.5,8,5,4.5,-15.1,93.3,0.087,95.82,0.074,1626146,Cliff Alexander,0.105,POR,1610612757,9.1,0.5,0.151,3,0.375
83,22.0,0.05,7.9,0.78,5,"203991,1610612745",103.1,0.225,0.582,397,5.2,231,3.0,0.582,77,38,19.1,3.1,106.2,0.141,99.82,0.105,203991,Clint Capela,0.182,HOU,1610612745,10.1,0.553,0.159,39,0.506
84,23.0,0.061,10.5,1.04,5,"203469,1610612766",103.2,0.201,0.53,437,6.0,231,3.2,0.529,73,31,24.3,4.4,107.6,0.086,97.92,0.095,203469,Cody Zeller,0.143,CHA,1610612766,10.0,0.592,0.154,42,0.575
85,27.0,0.107,13.3,0.78,5,"202332,1610612746",99.8,0.284,0.596,225,3.8,134,2.2,0.596,60,19,13.3,1.0,100.7,0.122,95.9,0.146,202332,Cole Aldrich,0.203,LAC,1610612746,17.0,0.626,0.19,41,0.683
86,30.0,0.102,13.6,1.4,5,"201147,1610612745",104.3,0.102,0.439,552,6.7,212,2.6,0.384,82,41,20.4,-2.2,102.1,0.027,102.12,0.06,201147,Corey Brewer,0.064,HOU,1610612745,9.7,0.481,0.176,41,0.5
87,25.0,0.0,0.0,0.0,5,"203928,1610612756",107.3,0.196,0.409,22,2.8,9,1.1,0.409,8,6,6.3,-10.2,97.1,0.122,100.04,0.07,203928,Cory Jefferson,0.16,PHX,1610612756,0.0,0.446,0.209,2,0.25
88,24.0,0.199,24.7,2.45,5,"202709,1610612761",100.2,0.092,0.465,585,7.3,257,3.2,0.439,80,26,25.6,6.9,107.1,0.021,95.41,0.089,202709,Cory Joseph,0.058,TOR,1610612761,10.1,0.512,0.17,54,0.675
89,23.0,0.0,0.0,0.0,5,"1626262,1610612738",128.7,0.333,0.75,4,1.3,2,0.7,0.5,3,3,1.9,24.4,153.1,0.0,93.66,0.118,1626262,Coty Clarke,0.125,BOS,1610612738,20.0,0.75,0.363,0,0.0
90,30.0,0.088,15.1,1.89,5,"201584,1610612766",103.3,0.087,0.518,639,8.1,290,3.7,0.454,79,30,29.6,2.9,106.2,0.014,95.81,0.071,201584,Courtney Lee,0.05,CHA,1610612766,8.0,0.551,0.15,49,0.62
91,23.0,0.115,20.6,2.0,5,"1626245,1610612741",101.4,0.252,0.556,72,2.3,40,1.3,0.556,31,17,10.3,5.6,107.0,0.109,97.14,0.123,1626245,Cristiano Felicio,0.181,CHI,1610612741,10.3,0.601,0.136,14,0.452
92,20.0,0.213,17.7,1.36,5,"1626156,1610612747",110.3,0.113,0.478,956,12.0,392,4.9,0.41,80,63,28.2,-13.0,97.3,0.021,97.69,0.088,1626156,D'Angelo Russell,0.065,LAL,1610612747,13.1,0.507,0.241,17,0.213
93,28.0,0.257,28.8,2.36,5,"201571,1610612743",105.8,0.081,0.52,350,5.6,148,2.4,0.423,62,27,19.0,-1.4,104.4,0.008,98.37,0.098,201571,D.J. Augustin,0.046,DEN,1610612743,12.2,0.575,0.183,35,0.565
94,35.0,0.067,12.5,0.0,5,"2563,1610612739",110.4,0.114,0.464,14,14.0,6,6.0,0.429,1,1,42.4,-6.1,104.3,0.028,92.42,0.047,2563,Dahntay Jones,0.07,CLE,1610612739,0.0,0.464,0.157,0,0.0
95,25.0,0.33,21.1,2.12,5,"203081,1610612757",107.3,0.105,0.497,1474,19.7,618,8.2,0.419,75,35,35.7,0.9,108.1,0.018,99.4,0.143,203081,Damian Lillard,0.061,POR,1610612757,10.0,0.56,0.31,40,0.533
96,21.0,0.112,16.3,0.91,5,"203996,1610612749",98.9,0.195,0.392,37,1.9,13,0.7,0.351,20,15,7.8,-10.0,88.9,0.016,95.38,0.076,203996,Damien Inglis,0.113,MIL,1610612749,17.9,0.444,0.158,5,0.25
97,30.0,0.058,12.3,0.85,5,"204014,1610612750",107.7,0.065,0.54,62,1.9,25,0.8,0.403,33,24,8.4,-2.1,105.6,0.022,97.47,0.025,204014,Damjan Rudez,0.043,MIN,1610612750,14.5,0.572,0.126,9,0.273
98,27.0,0.122,12.2,1.75,5,"201568,1610612743",106.9,0.143,0.472,700,13.2,287,5.4,0.41,53,31,34.7,-3.5,103.4,0.03,98.46,0.124,201568,Danilo Gallinari,0.085,DEN,1610612743,7.0,0.582,0.228,22,0.415
99,29.0,0.092,17.7,1.88,5,"201980,1610612759",95.3,0.134,0.48,561,7.1,211,2.7,0.376,79,14,26.1,12.7,108.0,0.026,95.12,0.07,201980,Danny Green,0.082,SAS,1610612759,9.4,0.492,0.145,65,0.823
100,29.0,0.056,13.6,1.88,5,"201967,1610612740",109.1,0.108,0.518,412,5.2,186,2.3,0.451,80,52,24.6,-6.4,102.7,0.031,98.52,0.047,201967,Dante Cunningham,0.068,NOP,1610612740,7.2,0.54,0.111,28,0.35
101,28.0,0.102,14.2,1.45,5,"201589,1610612743",103.5,0.151,0.498,489,7.0,221,3.2,0.452,70,44,21.7,-2.1,101.4,0.062,98.24,0.079,201589,Darrell Arthur,0.106,DEN,1610612743,9.8,0.514,0.168,26,0.371
102,28.0,0.219,24.0,2.45,5,"201954,1610612758",107.2,0.07,0.542,776,10.5,377,5.1,0.486,74,45,30.0,-2.4,104.8,0.014,101.66,0.106,201954,Darren Collison,0.042,SAC,1610612758,9.8,0.591,0.193,29,0.392
103,23.0,0.117,13.9,1.42,5,"1626199,1610612765",102.4,0.115,0.469,131,3.4,52,1.4,0.397,38,21,10.1,-0.1,102.3,0.014,96.14,0.073,1626199,Darrun Hilliard,0.064,DET,1610612765,9.8,0.511,0.198,17,0.447
104,33.0,0.162,16.0,1.27,5,"101135,1610612742",102.3,0.247,0.531,335,6.1,178,3.2,0.531,55,28,16.4,-3.0,99.3,0.122,99.79,0.138,101135,David Lee,0.184,DAL,1610612742,12.5,0.568,0.215,27,0.491
105,35.0,0.15,20.6,2.1,5,"2561,1610612759",95.2,0.187,0.548,448,5.7,244,3.1,0.545,78,15,18.0,11.8,107.1,0.061,96.6,0.12,2561,David West,0.126,SAS,1610612759,9.8,0.573,0.179,63,0.808
106,27.0,0.051,9.2,0.84,5,"201599,1610612746",100.3,0.321,0.703,508,6.6,357,4.6,0.703,77,26,33.7,10.2,110.5,0.115,98.21,0.141,201599,DeAndre Jordan,0.221,LAC,1610612746,10.9,0.628,0.154,51,0.662
107,27.0,0.077,11.0,0.73,5,"201971,1610612764",109.4,0.203,0.412,68,2.3,28,1.0,0.412,29,17,7.5,-11.4,98.0,0.097,101.77,0.016,201971,DeJuan Blair,0.147,WAS,1610612764,15.0,0.414,0.172,12,0.414
108,26.0,0.208,14.6,1.8,5,"201942,1610612761",104.1,0.116,0.463,1377,17.7,614,7.9,0.446,78,25,35.9,3.0,107.1,0.027,95.9,0.139,201942,DeMar DeRozan,0.072,TOR,1610612761,8.1,0.55,0.297,53,0.679
109,25.0,0.167,10.3,0.86,5,"202326,1610612758",104.4,0.274,0.477,1332,20.5,601,9.2,0.451,65,36,34.6,0.0,104.4,0.078,103.39,0.156,202326,DeMarcus Cousins,0.179,SAC,1610612758,11.9,0.538,0.352,29,0.446
110,29.0,0.056,7.8,0.96,5,"201960,1610612761",101.9,0.134,0.474,270,10.4,105,4.0,0.389,26,10,30.2,2.7,104.6,0.043,96.79,0.071,201960,DeMarre Carroll,0.087,TOR,1610612761,8.1,0.49,0.179,16,0.615
111,24.0,0.226,21.8,1.94,5,"1626153,1610612761",100.6,0.136,0.481,80,3.0,36,1.3,0.45,27,8,8.5,5.2,105.8,0.04,94.67,0.124,1626153,Delon Wright,0.09,TOR,1610612761,11.2,0.54,0.226,19,0.704
112,22.0,0.368,25.1,1.91,5,"203471,1610612737",95.7,0.123,0.471,781,9.8,329,4.1,0.421,80,33,20.3,7.8,103.5,0.018,98.03,0.121,203471,Dennis Schroder,0.072,ATL,1610612737,13.1,0.51,0.293,47,0.588
113,32.0,0.295,27.1,2.52,5,"101114,1610612742",104.0,0.088,0.477,775,11.9,321,4.9,0.414,65,34,32.4,0.4,104.3,0.01,96.25,0.1,101114,Deron Williams,0.05,DAL,1610612742,10.8,0.53,0.221,31,0.477
114,24.0,0.086,8.4,0.9,5,"202324,1610612762",103.3,0.2,0.515,811,13.1,418,6.7,0.515,62,32,32.0,1.1,104.4,0.102,93.03,0.14,202324,Derrick Favors,0.151,UTA,1610612762,9.3,0.551,0.239,30,0.484
115,27.0,0.25,19.3,1.78,5,"201565,1610612741",105.8,0.086,0.448,1048,15.9,447,6.8,0.427,66,34,31.8,-4.2,101.6,0.023,99.12,0.094,201565,Derrick Rose,0.055,CHI,1610612741,10.9,0.479,0.27,32,0.485
116,25.0,0.096,9.2,1.23,5,"202682,1610612752",106.3,0.191,0.488,565,7.1,254,3.2,0.45,80,48,17.9,-7.5,98.8,0.035,96.15,0.127,202682,Derrick Williams,0.112,NYK,1610612752,7.5,0.55,0.234,32,0.4
117,19.0,0.162,14.9,1.25,5,"1626164,1610612756",108.5,0.083,0.48,867,11.4,367,4.8,0.423,76,56,27.7,-9.6,98.9,0.014,100.53,0.074,1626164,Devin Booker,0.048,PHX,1610612756,11.9,0.535,0.231,20,0.263
118,33.0,0.149,19.0,1.79,5,"2734,1610612742",102.9,0.102,0.516,374,5.8,167,2.6,0.447,64,29,20.0,-1.6,101.3,0.015,99.25,0.083,2734,Devin Harris,0.059,DAL,1610612742,10.7,0.559,0.175,35,0.547
119,23.0,0.072,11.9,1.71,5,"203906,1610612753",101.2,0.134,0.352,71,2.5,21,0.8,0.296,28,16,8.9,-4.2,97.0,0.023,99.38,0.029,203906,Devyn Marble,0.076,ORL,1610612753,7.0,0.368,0.155,12,0.429
120,26.0,0.029,5.1,0.41,5,"203473,1610612753",103.8,0.25,0.559,177,3.1,99,1.7,0.559,58,37,12.2,-2.7,101.0,0.108,98.06,0.109,203473,Dewayne Dedmon,0.18,ORL,1610612753,12.5,0.606,0.152,21,0.362
121,24.0,0.103,14.7,1.28,5,"203079,1610612760",105.4,0.082,0.46,706,9.1,282,3.6,0.399,78,25,27.6,3.7,109.1,0.019,99.97,0.058,203079,Dion Waiters,0.052,OKC,1610612760,11.4,0.492,0.176,53,0.679
122,38.0,0.096,9.1,1.57,5,"1717,1610612742",104.1,0.202,0.504,1112,14.8,498,6.6,0.448,75,37,31.5,3.6,107.7,0.025,95.62,0.134,1717,Dirk Nowitzki,0.115,DAL,1610612742,5.8,0.555,0.255,38,0.507
123,28.0,0.293,36.0,3.35,5,"202388,1610612751",108.3,0.131,0.494,350,5.7,154,2.5,0.44,61,48,21.6,-5.1,103.2,0.015,96.87,0.099,202388,Donald Sloan,0.073,BKN,1610612751,10.8,0.536,0.165,13,0.213
124,25.0,0.116,13.1,0.93,5,"202700,1610612745",101.2,0.14,0.478,205,5.5,90,2.4,0.439,37,18,14.8,4.6,105.8,0.077,100.24,0.066,202700,Donatas Motiejunas,0.109,HOU,1610612745,14.0,0.504,0.217,19,0.514
125,24.0,0.049,7.4,1.11,5,"203926,1610612741",104.8,0.09,0.537,644,8.0,291,3.6,0.452,81,40,23.0,-3.7,101.1,0.021,98.97,0.069,203926,Doug McDermott,0.055,CHI,1610612741,6.7,0.561,0.171,41,0.506
126,26.0,0.277,32.8,2.31,5,"203110,1610612744",97.5,0.222,0.551,819,10.1,401,5.0,0.49,81,8,34.7,18.9,116.4,0.056,103.2,0.136,203110,Draymond Green,0.146,GSW,1610612744,14.2,0.587,0.186,73,0.901
127,34.0,0.066,9.6,1.0,5,"2400,1610612764",109.9,0.234,0.354,103,3.4,33,1.1,0.32,30,12,10.2,-12.0,98.0,0.093,100.98,0.048,2400,Drew Gooden,0.156,WAS,1610612764,9.6,0.376,0.174,18,0.6
128,24.0,0.067,9.1,0.0,5,"1626251,1610612758",104.0,0.08,0.3,10,10.0,2,2.0,0.2,1,1,24.2,-18.1,85.9,0.063,102.36,0.013,1626251,Duje Dukan,0.07,SAC,1610612758,0.0,0.3,0.16,0,0.0
129,30.0,0.071,9.1,0.59,5,"2730,1610612745",105.1,0.293,0.62,600,8.5,372,5.2,0.62,71,37,32.1,0.2,105.4,0.117,98.96,0.128,2730,Dwight Howard,0.206,HOU,1610612745,15.5,0.604,0.187,34,0.479
130,24.0,0.077,9.9,1.1,5,"203939,1610612742",100.8,0.214,0.497,296,4.3,146,2.1,0.493,69,34,14.4,-1.0,99.8,0.091,97.83,0.117,203939,Dwight Powell,0.151,DAL,1610612742,9.0,0.557,0.182,35,0.507
131,34.0,0.267,18.0,1.69,5,"2548,1610612748",103.9,0.108,0.459,1183,16.0,540,7.3,0.456,74,31,30.5,1.0,104.9,0.042,96.04,0.131,2548,Dwyane Wade,0.076,MIA,1610612748,10.6,0.517,0.315,43,0.581
132,27.0,0.118,17.8,1.87,5,"202734,1610612741",104.6,0.092,0.541,389,6.6,187,3.2,0.481,59,30,21.4,-1.0,103.6,0.017,98.31,0.073,202734,E'Twaun Moore,0.056,CHI,1610612741,9.5,0.548,0.16,29,0.492
133,27.0,0.078,15.2,1.38,5,"202334,1610612757",103.2,0.239,0.611,337,4.2,206,2.5,0.611,81,38,20.8,1.4,104.6,0.142,97.21,0.123,202334,Ed Davis,0.19,POR,1610612757,11.1,0.616,0.128,43,0.531
134,22.0,0.317,32.0,2.64,5,"203901,1610612753",104.4,0.096,0.456,730,10.0,318,4.4,0.436,73,41,29.4,-2.1,102.3,0.038,98.85,0.091,203901,Elfrid Payton,0.066,ORL,1610612753,12.1,0.478,0.201,32,0.438
135,28.0,0.164,25.4,2.11,5,"202407,1610612762",96.0,0.179,0.295,39,2.0,11,0.6,0.282,20,11,8.6,6.6,102.6,0.038,95.3,0.041,202407,Elijah Millsap,0.109,UTA,1610612762,12.0,0.384,0.146,9,0.45
136,27.0,0.143,23.9,4.0,5,"202343,1610612763",100.2,0.079,0.25,10,2.0,2,0.4,0.2,5,1,9.0,-0.6,99.6,0.026,93.13,0.023,202343,Elliot Williams,0.052,MEM,1610612763,6.0,0.34,0.137,4,0.8
137,37.0,0.142,17.1,1.64,5,"1882,1610612755",97.3,0.245,0.431,72,4.2,31,1.8,0.431,17,15,13.2,-5.6,91.6,0.036,100.82,0.095,1882,Elton Brand,0.135,PHI,1610612755,10.5,0.461,0.174,2,0.118
138,20.0,0.281,23.5,1.71,5,"1626144,1610612743",107.1,0.107,0.404,905,13.3,329,4.8,0.364,68,39,30.4,-3.7,103.3,0.017,99.36,0.068,1626144,Emmanuel Mudiay,0.061,DEN,1610612743,13.7,0.437,0.253,29,0.426
139,24.0,0.032,3.4,0.29,5,"202683,1610612760",106.5,0.256,0.583,719,8.8,414,5.0,0.576,82,27,21.0,2.7,109.1,0.168,98.3,0.162,202683,Enes Kanter,0.214,OKC,1610612760,11.8,0.626,0.234,55,0.671
140,26.0,0.298,21.9,1.73,5,"202339,1610612756",103.5,0.112,0.502,492,15.9,223,7.2,0.453,31,19,34.2,-2.2,101.3,0.018,102.22,0.139,202339,Eric Bledsoe,0.065,PHX,1610612756,12.7,0.557,0.273,12,0.387
141,27.0,0.129,15.1,1.66,5,"201569,1610612740",105.1,0.067,0.521,552,12.3,231,5.1,0.418,45,31,32.9,-2.6,102.5,0.008,99.33,0.081,201569,Eric Gordon,0.037,NOP,1610612740,9.1,0.565,0.205,14,0.311
142,24.0,0.029,8.5,0.33,5,"203961,1610612758",103.4,0.157,0.5,6,0.8,3,0.4,0.5,8,7,5.9,1.6,105.0,0.079,105.5,0.047,203961,Eric Moreland,0.124,SAC,1610612758,25.5,0.515,0.096,1,0.125
143,25.0,0.107,17.8,0.0,5,"203475,1610612762",117.1,0.115,0.423,13,1.4,5,0.6,0.385,9,3,4.7,-1.5,115.6,0.086,93.53,0.061,203475,Erick Green,0.098,UTA,1610612762,0.0,0.468,0.151,6,0.667
144,29.0,0.055,7.7,0.94,5,"101141,1610612753",106.4,0.167,0.496,661,8.9,280,3.8,0.424,74,39,25.4,-4.3,102.2,0.078,98.54,0.086,101141,Ersan Ilyasova,0.119,ORL,1610612753,8.2,0.526,0.182,35,0.473
145,23.0,0.128,15.5,1.61,5,"203095,1610612753",106.8,0.085,0.546,929,11.8,429,5.4,0.462,79,46,32.5,-3.7,103.1,0.014,97.83,0.087,203095,Evan Fournier,0.049,ORL,1610612753,9.6,0.587,0.203,33,0.418
146,27.0,0.247,26.4,2.12,5,"202323,1610612738",100.0,0.165,0.469,753,9.3,343,4.2,0.456,81,34,28.0,1.8,101.8,0.023,101.21,0.12,202323,Evan Turner,0.094,BOS,1610612738,12.4,0.513,0.187,47,0.58
147,26.0,0.06,9.0,0.84,5,"203105,1610612744",96.6,0.224,0.548,228,5.0,125,2.7,0.548,46,4,16.7,14.3,110.9,0.141,101.84,0.105,203105,Festus Ezeli,0.185,GSW,1610612744,10.7,0.559,0.18,42,0.913
148,23.0,0.095,13.1,1.69,5,"1626163,1610612766",101.2,0.171,0.474,525,6.5,215,2.7,0.41,81,34,21.1,-0.4,100.8,0.044,97.99,0.09,1626163,Frank Kaminsky,0.107,CHA,1610612766,7.8,0.513,0.17,47,0.58
149,30.0,0.102,18.3,2.19,5,"202066,1610612764",101.0,0.103,0.486,505,6.3,201,2.5,0.398,80,40,24.4,0.4,101.4,0.02,100.49,0.057,202066,Garrett Temple,0.061,WAS,1610612764,8.4,0.52,0.142,40,0.5
150,21.0,0.093,13.8,1.5,5,"203914,1610612743",108.6,0.077,0.538,765,10.1,359,4.7,0.469,76,45,32.1,-5.1,103.5,0.024,98.62,0.076,203914,Gary Harris,0.05,DEN,1610612743,9.2,0.566,0.163,31,0.408
151,31.0,0.099,11.1,1.62,5,"202390,1610612764",110.2,0.108,0.528,325,8.1,151,3.8,0.465,40,22,20.2,-9.0,101.2,0.015,99.77,0.09,202390,Gary Neal,0.06,WAS,1610612764,6.8,0.558,0.211,18,0.45
152,30.0,0.157,22.2,2.56,5,"201588,1610612754",100.3,0.105,0.528,739,10.0,326,4.4,0.441,74,33,34.1,2.5,102.8,0.026,98.32,0.094,201588,George Hill,0.066,IND,1610612754,8.7,0.555,0.16,41,0.554
153,30.0,0.057,7.7,1.22,5,"101123,1610612748",102.2,0.096,0.463,587,8.5,230,3.3,0.392,69,29,22.6,1.3,103.5,0.019,95.61,0.06,101123,Gerald Green,0.059,MIA,1610612748,6.3,0.491,0.198,40,0.58
154,28.0,0.084,10.2,1.1,5,"201945,1610612757",104.4,0.137,0.484,529,7.3,232,3.2,0.439,72,33,19.9,1.6,106.0,0.023,97.83,0.093,201945,Gerald Henderson,0.08,POR,1610612757,9.2,0.526,0.203,39,0.542
155,21.0,0.195,19.8,1.66,5,"203507,1610612749",106.5,0.202,0.52,1013,12.7,513,6.4,0.506,80,48,35.3,-2.6,103.9,0.047,96.65,0.128,203507,Giannis Antetokounmpo,0.125,MIL,1610612749,11.9,0.566,0.223,32,0.4
156,22.0,0.077,12.3,1.44,5,"203922,1610612754",103.1,0.118,0.477,151,3.4,65,1.4,0.43,45,21,11.3,-4.4,98.7,0.025,97.25,0.08,203922,Glenn Robinson,0.071,IND,1610612754,8.5,0.508,0.161,24,0.533
157,30.0,0.276,27.0,2.26,5,"201609,1610612748",101.4,0.101,0.513,875,12.2,417,5.8,0.477,72,28,32.8,4.1,105.5,0.026,96.66,0.107,201609,Goran Dragic,0.065,MIA,1610612748,11.9,0.537,0.215,44,0.611
158,26.0,0.181,15.5,1.47,5,"202330,1610612762",102.8,0.135,0.493,1202,15.0,521,6.5,0.433,80,42,36.2,1.0,103.8,0.025,93.85,0.126,202330,Gordon Hayward,0.08,UTA,1610612762,10.6,0.559,0.256,38,0.475
159,26.0,0.099,14.7,1.02,5,"203476,1610612750",105.8,0.222,0.537,579,7.1,308,3.8,0.532,82,53,27.1,0.8,106.6,0.086,96.84,0.115,203476,Gorgui Dieng,0.156,MIN,1610612750,14.4,0.601,0.169,29,0.354
160,26.0,0.128,12.9,1.38,5,"202328,1610612749",107.5,0.239,0.522,941,11.9,491,6.2,0.522,79,47,29.3,-2.7,104.8,0.109,96.48,0.146,202328,Greg Monroe,0.174,MIL,1610612749,9.3,0.562,0.234,32,0.405
161,25.0,0.049,11.4,0.86,5,"202962,1610612750",113.7,0.186,0.563,32,1.8,18,1.0,0.563,18,10,10.7,-17.8,95.9,0.069,98.13,0.045,202962,Greg Smith,0.126,MIN,1610612750,13.3,0.545,0.108,8,0.444
162,29.0,0.32,32.4,2.28,5,"202349,1610612749",107.6,0.105,0.391,138,6.0,45,2.0,0.326,23,14,20.0,-8.9,98.7,0.012,95.1,0.061,202349,Greivis Vasquez,0.059,MIL,1610612749,14.3,0.435,0.189,9,0.391
163,24.0,0.077,13.5,2.05,5,"203084,1610612744",101.6,0.127,0.531,633,9.6,295,4.5,0.466,66,7,30.9,10.5,112.1,0.043,101.01,0.079,203084,Harrison Barnes,0.086,GSW,1610612744,6.6,0.559,0.159,59,0.894
164,27.0,0.022,2.9,0.21,5,"202355,1610612748",101.7,0.316,0.606,682,9.3,413,5.7,0.606,73,31,29.1,3.0,104.7,0.13,95.2,0.172,202355,Hassan Whiteside,0.227,MIA,1610612748,13.8,0.629,0.205,42,0.575
165,26.0,0.054,8.1,0.75,5,"203156,1610612751",112.4,0.23,0.429,77,5.5,33,2.4,0.429,14,12,18.8,-16.8,95.6,0.084,100.03,0.076,203156,Henry Sims,0.153,BKN,1610612751,10.8,0.504,0.17,2,0.143
166,25.0,0.072,11.0,1.3,5,"203138,1610612755",106.8,0.113,0.507,680,8.8,270,3.5,0.397,77,67,28.0,-8.4,98.4,0.026,100.78,0.058,203138,Hollis Thompson,0.068,PHI,1610612755,8.5,0.525,0.161,10,0.13
167,25.0,0.171,19.8,1.49,5,"203546,1610612744",110.0,0.101,0.515,202,3.1,89,1.3,0.441,66,7,8.8,-5.2,104.8,0.026,98.26,0.074,203546,Ian Clark,0.065,GSW,1610612744,13.3,0.544,0.201,59,0.894
168,29.0,0.09,13.8,1.04,5,"101133,1610612754",98.2,0.221,0.589,448,6.3,264,3.7,0.589,71,30,25.6,4.3,102.5,0.084,99.49,0.111,101133,Ian Mahinmi,0.153,IND,1610612754,13.3,0.603,0.158,41,0.577
169,26.0,0.1,19.3,1.61,5,"202697,1610612739",100.7,0.143,0.444,305,5.6,114,2.1,0.374,54,15,24.4,7.8,108.5,0.028,95.47,0.061,202697,Iman Shumpert,0.087,CLE,1610612739,12.0,0.475,0.133,39,0.722
170,25.0,0.12,13.3,1.51,5,"203477,1610612755",107.8,0.09,0.482,722,9.4,260,3.4,0.36,77,67,25.5,-12.6,95.2,0.01,99.69,0.071,203477,Isaiah Canaan,0.048,PHI,1610612755,8.8,0.528,0.198,10,0.13
171,27.0,0.312,21.7,2.31,5,"202738,1610612738",102.6,0.08,0.488,1382,16.9,591,7.2,0.428,82,34,32.2,3.7,106.4,0.018,101.77,0.142,202738,Isaiah Thomas,0.049,BOS,1610612738,9.4,0.562,0.293,48,0.585
172,27.0,0.37,29.2,2.87,5,"202397,1610612755",108.0,0.127,0.44,967,12.6,397,5.2,0.411,77,61,29.1,-7.5,100.5,0.02,100.43,0.109,202397,Ish Smith,0.073,PHI,1610612755,10.2,0.465,0.238,16,0.208
173,24.0,0.0,0.0,0.0,5,"1626266,1610612762",125.0,0.25,0.0,1,0.5,0,0.0,0.0,2,0,3.1,-48.1,76.9,0.0,104.94,0.0,1626266,J.J. O'Brien,0.125,UTA,1610612762,0.0,0.0,0.077,2,1.0
174,30.0,0.082,12.1,2.2,5,"2747,1610612739",104.4,0.084,0.535,850,11.0,353,4.6,0.415,77,24,30.7,6.1,110.5,0.02,95.75,0.067,2747,J.R. Smith,0.052,CLE,1610612739,5.5,0.542,0.178,53,0.688
175,27.0,0.091,9.3,0.92,5,"201581,1610612764",104.0,0.226,0.516,155,4.4,80,2.3,0.516,35,18,12.5,-7.4,96.7,0.095,100.32,0.107,201581,JJ Hickson,0.161,WAS,1610612764,10.1,0.514,0.222,17,0.486
176,32.0,0.08,9.2,1.36,5,"200755,1610612746",99.4,0.065,0.593,880,11.7,422,5.6,0.48,75,25,28.0,12.1,111.5,0.005,98.64,0.107,200755,JJ Redick,0.036,LAC,1610612746,6.8,0.632,0.224,50,0.667
177,23.0,0.062,9.5,0.66,5,"203960,1610612743",105.2,0.134,0.464,317,4.3,140,1.9,0.442,73,55,15.9,-6.5,98.7,0.042,99.33,0.047,203960,JaKarr Sampson,0.088,DEN,1610612743,14.4,0.504,0.168,18,0.247
178,26.0,0.074,9.5,0.81,5,"203210,1610612763",105.0,0.197,0.48,495,6.3,230,2.9,0.465,78,39,18.5,-1.9,103.1,0.103,97.83,0.09,203210,JaMychal Green,0.147,MEM,1610612763,11.8,0.52,0.193,39,0.5
179,28.0,0.015,1.7,0.14,5,"201580,1610612742",104.4,0.231,0.575,134,3.9,77,2.3,0.575,34,19,10.9,-6.6,97.8,0.148,95.37,0.122,201580,JaVale McGee,0.189,DAL,1610612742,12.1,0.574,0.212,15,0.441
180,21.0,0.086,10.4,1.12,5,"203953,1610612749",106.5,0.127,0.498,899,11.8,443,5.8,0.493,76,44,31.7,-3.4,103.1,0.059,96.69,0.093,203953,Jabari Parker,0.093,MIL,1610612749,9.3,0.535,0.208,32,0.421
181,25.0,0.087,11.9,1.63,5,"203109,1610612738",101.4,0.141,0.518,813,11.1,360,4.9,0.443,73,30,31.6,4.5,105.9,0.031,101.73,0.103,203109,Jae Crowder,0.085,BOS,1610612738,7.3,0.565,0.184,43,0.589
182,20.0,0.088,6.2,0.52,5,"1626143,1610612755",108.7,0.178,0.509,781,14.7,397,7.5,0.508,53,47,30.0,-16.6,92.0,0.084,97.39,0.117,1626143,Jahlil Okafor,0.13,PHI,1610612755,11.7,0.536,0.278,6,0.113
183,36.0,0.145,13.5,1.62,5,"2037,1610612746",103.1,0.066,0.466,939,11.9,379,4.8,0.404,79,28,26.9,2.3,105.5,0.01,97.98,0.095,2037,Jamal Crawford,0.038,LAC,1610612746,8.3,0.529,0.246,51,0.646
184,34.0,0.287,32.8,2.88,5,"2749,1610612743",108.3,0.109,0.438,307,7.9,113,2.9,0.368,39,27,26.6,-7.0,101.3,0.019,96.65,0.07,2749,Jameer Nelson,0.062,DEN,1610612743,11.4,0.464,0.166,12,0.308
185,27.0,0.078,15.0,0.98,5,"202341,1610612758",104.4,0.104,0.441,178,3.5,67,1.3,0.376,51,32,14.1,-3.2,101.2,0.019,103.44,0.041,202341,James Anderson,0.062,SAC,1610612758,15.3,0.469,0.137,19,0.373
186,25.0,0.104,12.5,1.11,5,"203516,1610612740",111.5,0.078,0.593,113,5.1,54,2.5,0.478,22,11,14.9,-6.4,105.1,0.074,96.11,0.092,203516,James Ennis,0.076,NOP,1610612740,11.3,0.621,0.2,11,0.5
187,26.0,0.354,20.6,1.64,5,"201935,1610612745",106.0,0.157,0.512,1617,19.7,710,8.7,0.439,82,41,38.1,1.2,107.2,0.022,99.83,0.174,201935,James Harden,0.089,HOU,1610612745,12.6,0.598,0.325,41,0.5
188,29.0,0.113,17.1,1.24,5,"201949,1610612761",105.0,0.121,0.517,240,4.2,114,2.0,0.475,57,22,16.2,-0.6,104.4,0.035,94.62,0.067,201949,James Johnson,0.078,TOR,1610612761,13.8,0.532,0.16,35,0.614
189,35.0,0.054,7.8,1.08,5,"2592,1610612739",100.9,0.099,0.553,142,3.0,58,1.2,0.408,48,15,9.7,-4.8,96.1,0.018,95.98,0.071,2592,James Jones,0.058,CLE,1610612739,7.2,0.58,0.163,33,0.688
190,23.0,0.11,12.3,1.06,5,"203949,1610612744",115.4,0.131,0.542,84,2.0,45,1.1,0.536,41,4,6.4,-15.9,99.6,0.12,99.68,0.074,203949,James Michael McAdoo,0.126,GSW,1610612744,11.5,0.554,0.201,37,0.902
191,20.0,0.063,17.4,1.8,5,"203923,1610612738",106.5,0.129,0.389,36,1.2,11,0.4,0.306,29,17,6.9,-6.1,100.4,0.021,99.0,0.025,203923,James Young,0.072,BOS,1610612738,9.7,0.384,0.095,12,0.414
192,25.0,0.074,11.8,0.95,5,"203099,1610612749",103.2,0.102,0.4,105,2.4,36,0.8,0.343,44,13,9.3,-3.3,99.9,0.009,96.41,0.032,203099,Jared Cunningham,0.057,MIL,1610612749,12.3,0.464,0.169,31,0.705
193,30.0,0.112,21.9,2.14,5,"201162,1610612764",103.0,0.128,0.581,487,6.0,233,2.9,0.478,81,41,25.9,1.1,104.1,0.029,99.8,0.077,201162,Jared Dudley,0.077,WAS,1610612764,10.2,0.602,0.129,40,0.494
194,24.0,0.148,16.0,1.83,5,"203096,1610612738",101.3,0.271,0.453,806,10.0,351,4.3,0.435,81,34,23.6,4.3,105.6,0.106,100.43,0.123,203096,Jared Sullinger,0.187,BOS,1610612738,8.7,0.476,0.218,47,0.58
195,24.0,0.058,6.7,5.0,5,"204067,1610612764",105.5,0.15,0.423,65,2.5,20,0.8,0.308,26,13,5.6,-10.9,94.6,0.013,100.86,0.088,204067,Jarell Eddie,0.079,WAS,1610612764,1.3,0.46,0.201,13,0.5
196,22.0,0.065,8.5,0.79,5,"1626185,1610612763",107.0,0.15,0.466,116,4.3,54,2.0,0.466,27,17,14.1,-5.8,101.3,0.1,96.62,0.071,1626185,Jarell Martin,0.122,MEM,1610612763,10.7,0.534,0.182,10,0.37
197,22.0,0.083,14.5,0.0,5,"203950,1610612748",80.6,0.176,0.6,5,0.7,3,0.4,0.6,7,6,2.7,20.3,101.0,0.071,95.05,0.162,203950,Jarnell Stokes,0.129,MIA,1610612748,0.0,0.595,0.141,1,0.143
198,32.0,0.34,32.0,2.51,5,"101127,1610612751",107.1,0.138,0.434,358,11.2,140,4.4,0.391,32,22,32.1,-5.8,101.3,0.009,98.35,0.106,101127,Jarrett Jack,0.073,BKN,1610612751,12.7,0.505,0.213,10,0.313
199,30.0,0.087,9.5,1.09,5,"201160,1610612753",104.0,0.163,0.489,503,6.6,244,3.2,0.485,76,43,15.5,-1.9,102.2,0.051,98.28,0.088,201160,Jason Smith,0.106,ORL,1610612753,8.7,0.513,0.224,33,0.434
200,38.0,0.125,19.0,2.1,5,"1891,1610612745",106.9,0.058,0.525,376,5.2,151,2.1,0.402,72,35,17.5,-0.3,106.7,0.012,99.62,0.062,1891,Jason Terry,0.035,HOU,1610612745,9.0,0.54,0.15,37,0.514
201,29.0,0.094,16.5,1.93,5,"201574,1610612761",104.6,0.234,0.505,108,2.3,52,1.1,0.481,47,9,10.0,1.2,105.8,0.075,97.03,0.085,201574,Jason Thompson,0.155,TOR,1610612761,8.5,0.558,0.14,38,0.809
202,29.0,0.078,13.6,0.83,5,"201965,1610612746",115.5,0.17,0.522,23,1.4,12,0.7,0.522,17,6,6.3,-18.2,97.3,0.042,95.52,0.055,201965,Jeff Ayres,0.109,LAC,1610612746,16.4,0.585,0.142,11,0.647
203,29.0,0.102,12.0,1.48,5,"201145,1610612746",103.6,0.132,0.47,824,10.3,354,4.4,0.43,80,32,28.2,-0.1,103.5,0.038,95.58,0.087,201145,Jeff Green,0.085,LAC,1610612746,8.1,0.51,0.207,48,0.6
204,28.0,0.341,25.9,2.16,5,"201952,1610612737",100.9,0.083,0.495,988,12.5,434,5.5,0.439,79,32,28.5,1.5,102.5,0.016,100.26,0.119,201952,Jeff Teague,0.05,ATL,1610612737,12.0,0.551,0.263,47,0.595
205,26.0,0.051,8.5,0.71,5,"203481,1610612762",97.6,0.209,0.537,162,3.2,87,1.7,0.537,51,26,12.9,4.4,102.0,0.102,92.42,0.113,203481,Jeff Withey,0.156,UTA,1610612762,11.9,0.577,0.153,25,0.49
206,22.0,0.106,13.7,1.23,5,"203924,1610612755",105.7,0.139,0.448,599,7.8,251,3.3,0.419,77,68,26.8,-9.1,96.6,0.051,99.94,0.073,203924,Jerami Grant,0.094,PHI,1610612755,11.2,0.506,0.183,9,0.117
207,28.0,0.013,3.0,0.29,5,"202379,1610612742",102.4,0.167,0.583,48,1.6,26,0.9,0.542,30,14,8.4,-4.5,97.9,0.047,100.05,0.087,202379,Jeremy Evans,0.109,DAL,1610612742,10.6,0.62,0.116,16,0.533
208,24.0,0.111,11.4,1.54,5,"203087,1610612766",95.7,0.18,0.506,510,7.7,230,3.5,0.451,66,26,18.6,5.9,101.6,0.039,97.99,0.119,203087,Jeremy Lamb,0.11,CHA,1610612766,7.4,0.529,0.219,40,0.606
209,27.0,0.192,18.9,1.57,5,"202391,1610612766",100.4,0.111,0.464,728,9.3,300,3.8,0.412,78,31,26.3,2.7,103.1,0.022,98.37,0.092,202391,Jeremy Lin,0.067,CHA,1610612766,12.1,0.534,0.22,47,0.603
210,23.0,0.236,25.0,2.03,5,"1626170,1610612752",103.7,0.105,0.422,391,5.1,154,2.0,0.394,76,47,16.6,-6.4,97.3,0.02,96.62,0.082,1626170,Jerian Grant,0.062,NYK,1610612752,12.3,0.479,0.189,29,0.382
211,27.0,0.168,22.9,2.23,5,"201573,1610612749",107.8,0.092,0.539,437,8.4,185,3.6,0.423,52,31,28.9,-4.9,102.9,0.016,95.63,0.08,201573,Jerryd Bayless,0.054,MIL,1610612749,10.2,0.568,0.167,21,0.404
212,27.0,0.5,9.8,0.5,5,"202690,1610612752",118.2,0.0,0.5,5,0.8,2,0.3,0.4,6,5,2.9,-71.1,47.1,0.0,97.87,0.068,202690,Jimmer Fredette,0.0,NYK,1610612752,19.6,0.625,0.242,1,0.167
213,26.0,0.218,18.9,2.43,5,"202710,1610612741",103.3,0.116,0.485,1035,15.4,470,7.0,0.454,67,30,36.9,-0.8,102.5,0.035,97.89,0.141,202710,Jimmy Butler,0.077,CHI,1610612741,7.8,0.562,0.245,37,0.552
214,31.0,0.256,34.9,2.12,5,"201149,1610612741",99.3,0.266,0.383,133,4.6,51,1.8,0.383,29,14,21.9,-0.2,99.1,0.14,98.2,0.115,201149,Joakim Noah,0.204,CHI,1610612741,16.5,0.406,0.139,15,0.517
215,28.0,0.143,11.6,3.0,5,"201975,1610612765",88.0,0.103,0.45,20,6.7,7,2.3,0.35,3,0,14.5,12.4,100.4,0.026,94.42,0.103,201975,Jodie Meeks,0.064,DET,1610612765,3.9,0.506,0.243,3,1.0
216,24.0,0.182,28.6,2.0,5,"203925,1610612739",151.2,0.375,0.375,4,0.8,1,0.2,0.25,5,0,3.0,-55.2,95.9,0.0,106.02,0.038,203925,Joe Harris,0.136,CLE,1610612739,14.3,0.375,0.142,5,1.0
217,28.0,0.125,20.9,1.48,5,"204060,1610612762",101.8,0.124,0.565,291,3.6,124,1.5,0.426,81,41,15.3,-2.1,99.7,0.017,94.41,0.079,204060,Joe Ingles,0.07,UTA,1610612762,14.1,0.572,0.133,40,0.494
218,34.0,0.172,22.7,2.0,5,"2207,1610612748",106.3,0.101,0.509,859,10.6,377,4.7,0.439,81,50,33.4,-1.1,105.3,0.021,96.41,0.081,2207,Joe Johnson,0.061,MIA,1610612748,11.4,0.538,0.18,31,0.383
219,24.0,0.261,23.4,1.97,5,"1626202,1610612754",103.3,0.123,0.396,169,4.1,62,1.5,0.367,41,22,9.4,-5.1,98.2,0.017,99.2,0.079,1626202,Joe Young,0.07,IND,1610612754,11.9,0.428,0.24,19,0.463
220,33.0,0.02,6.1,0.5,5,"201202,1610612765",102.8,0.151,0.6,10,0.5,6,0.3,0.6,19,7,5.0,-7.0,95.8,0.093,93.19,0.077,201202,Joel Anthony,0.122,DET,1610612765,12.1,0.666,0.074,12,0.632
221,24.0,0.093,10.8,1.04,5,"203530,1610612743",109.8,0.232,0.53,380,6.4,195,3.3,0.513,59,35,17.6,-9.7,100.1,0.083,97.61,0.114,203530,Joffrey Lauvergne,0.157,DEN,1610612743,10.4,0.567,0.199,24,0.407
222,25.0,0.096,11.7,0.84,5,"203089,1610612749",102.4,0.152,0.564,291,5.1,164,2.9,0.564,57,35,16.8,-4.8,97.5,0.105,96.02,0.103,203089,John Henson,0.129,MIL,1610612749,13.9,0.58,0.192,22,0.386
223,25.0,0.111,15.0,1.3,5,"203098,1610612756",106.4,0.102,0.494,160,3.7,71,1.7,0.444,43,25,11.2,-6.6,99.7,0.017,102.27,0.075,203098,John Jenkins,0.059,PHX,1610612756,11.6,0.522,0.174,18,0.419
224,25.0,0.449,30.3,2.48,5,"202322,1610612764",103.3,0.138,0.467,1349,17.5,572,7.4,0.424,77,40,36.2,0.7,104.0,0.017,100.57,0.144,202322,John Wall,0.076,WAS,1610612764,12.2,0.51,0.284,37,0.481
225,23.0,0.057,11.1,1.03,5,"203948,1610612749",106.2,0.15,0.414,209,3.2,86,1.3,0.411,66,39,13.0,-5.7,100.5,0.09,94.33,0.045,203948,Johnny O'Bryant,0.12,MIL,1610612749,10.7,0.441,0.138,27,0.409
226,27.0,0.09,11.0,0.96,5,"202720,1610612756",104.4,0.259,0.526,466,7.0,224,3.3,0.481,67,45,18.7,-3.0,101.3,0.065,101.82,0.126,202720,Jon Leuer,0.161,PHX,1610612756,11.4,0.555,0.199,22,0.328
227,29.0,0.078,14.3,1.19,5,"201973,1610612738",98.5,0.199,0.488,286,3.7,118,1.5,0.413,78,31,15.1,2.9,101.4,0.07,100.6,0.08,201973,Jonas Jerebko,0.133,BOS,1610612738,12.0,0.531,0.136,47,0.603
228,24.0,0.045,5.6,0.49,5,"202685,1610612761",106.1,0.273,0.565,536,8.9,303,5.1,0.565,60,20,25.9,3.0,109.1,0.142,95.48,0.142,202685,Jonas Valanciunas,0.208,TOR,1610612761,11.2,0.61,0.207,40,0.667
229,26.0,0.108,14.7,1.09,5,"203613,1610612759",101.2,0.109,0.541,242,4.4,122,2.2,0.504,55,8,14.8,7.2,108.4,0.025,96.62,0.071,203613,Jonathon Simmons,0.07,SAS,1610612759,13.5,0.586,0.19,47,0.855
230,21.0,0.273,22.7,1.5,5,"203919,1610612763",95.5,0.182,0.333,6,3.0,2,1.0,0.333,2,2,7.3,5.3,100.8,0.0,106.56,0.092,203919,Jordan Adams,0.077,MEM,1610612763,15.2,0.427,0.286,0,0.0
231,24.0,0.139,12.7,1.42,5,"203903,1610612747",111.5,0.096,0.483,1098,13.9,475,6.0,0.433,79,62,32.3,-13.1,98.4,0.037,98.26,0.087,203903,Jordan Clarkson,0.065,LAL,1610612747,8.9,0.516,0.228,17,0.215
232,29.0,0.198,23.2,2.06,5,"200770,1610612763",112.7,0.097,0.5,100,8.3,42,3.5,0.42,12,10,24.3,-13.6,99.1,0.014,95.61,0.084,200770,Jordan Farmar,0.05,MEM,1610612763,11.3,0.527,0.182,2,0.167
233,25.0,0.128,14.9,1.47,5,"202706,1610612740",115.3,0.194,0.478,116,10.5,49,4.5,0.422,11,7,27.6,-11.2,104.1,0.043,97.58,0.082,202706,Jordan Hamilton,0.115,NOP,1610612740,10.2,0.499,0.208,4,0.364
234,28.0,0.096,11.1,0.95,5,"201941,1610612754",101.3,0.209,0.506,549,7.5,278,3.8,0.506,73,33,20.7,1.2,102.5,0.112,96.63,0.118,201941,Jordan Hill,0.161,IND,1610612754,11.7,0.534,0.204,40,0.548
235,25.0,0.216,19.2,1.67,5,"203895,1610612739",96.7,0.082,0.5,78,3.5,34,1.5,0.436,22,12,8.9,10.6,107.2,0.024,93.22,0.096,203895,Jordan McRae,0.055,CLE,1610612739,11.5,0.548,0.253,10,0.455
236,21.0,0.03,3.5,1.0,5,"1626175,1610612738",89.0,0.143,0.364,22,1.4,8,0.5,0.364,16,7,3.6,9.3,98.2,0.102,97.85,0.072,1626175,Jordan Mickey,0.12,BOS,1610612738,3.5,0.398,0.208,9,0.563
237,27.0,0.395,43.8,2.83,5,"203268,1610612766",103.2,0.103,0.545,11,0.9,6,0.5,0.545,12,3,5.3,11.6,114.7,0.0,99.65,0.143,203268,Jorge Gutierrez,0.059,CHA,1610612766,15.4,0.694,0.155,9,0.75
238,34.0,0.213,34.6,3.43,5,"101181,1610612752",106.3,0.109,0.552,455,6.3,209,2.9,0.459,72,43,28.1,-2.0,104.3,0.012,95.17,0.088,101181,Jose Calderon,0.062,NYK,1610612752,10.1,0.571,0.126,29,0.403
239,32.0,0.301,25.9,2.67,5,"200826,1610612742",107.7,0.085,0.516,711,9.6,317,4.3,0.446,74,36,22.5,-1.8,105.9,0.017,96.91,0.105,200826,Jose Juan Barea,0.05,DAL,1610612742,9.7,0.536,0.235,38,0.514
240,24.0,0.0,0.0,0.0,5,"203962,1610612760",107.7,0.157,0.583,12,2.4,5,1.0,0.417,5,3,11.0,-3.4,104.2,0.045,98.09,0.042,203962,Josh Huestis,0.105,OKC,1610612760,17.9,0.509,0.132,2,0.4
241,29.0,0.204,29.3,2.7,5,"201177,1610612748",101.9,0.157,0.412,148,3.5,55,1.3,0.372,42,15,14.2,2.0,103.8,0.044,95.28,0.072,201177,Josh McRoberts,0.102,MIA,1610612748,10.8,0.453,0.154,27,0.643
242,22.0,0.098,17.9,2.09,5,"1626196,1610612748",101.4,0.085,0.55,272,5.2,123,2.4,0.452,52,23,21.3,3.1,104.6,0.023,95.69,0.066,1626196,Josh Richardson,0.055,MIA,1610612748,8.6,0.569,0.137,29,0.558
243,30.0,0.172,16.5,1.17,5,"2746,1610612745",102.1,0.177,0.423,349,6.3,127,2.3,0.364,55,24,16.0,-4.2,97.9,0.059,100.2,0.066,2746,Josh Smith,0.115,HOU,1610612745,14.1,0.439,0.226,31,0.564
244,26.0,0.365,24.6,2.34,5,"201950,1610612740",105.9,0.106,0.485,935,14.4,410,6.3,0.439,65,38,28.2,-0.3,105.6,0.016,99.7,0.129,201950,Jrue Holiday,0.059,NOP,1610612740,10.5,0.529,0.287,27,0.415
245,21.0,0.111,11.5,0.97,5,"203944,1610612747",113.0,0.327,0.435,835,10.3,358,4.4,0.429,81,64,28.2,-15.4,97.6,0.077,98.13,0.11,203944,Julius Randle,0.195,LAL,1610612747,12.0,0.482,0.212,17,0.21
246,22.0,0.071,11.5,1.21,5,"1626147,1610612742",99.8,0.188,0.469,175,3.2,71,1.3,0.406,55,27,11.8,2.2,102.0,0.029,98.19,0.094,1626147,Justin Anderson,0.107,DAL,1610612742,9.5,0.522,0.155,28,0.509
247,26.0,0.0,0.0,0.0,5,"202712,1610612765",141.7,0.038,0.6,10,2.0,4,0.8,0.4,5,1,7.0,-51.9,89.8,0.0,90.14,0.021,202712,Justin Harper,0.016,DET,1610612765,15.5,0.597,0.177,4,0.8
248,27.0,0.111,16.5,1.44,5,"203200,1610612741",104.9,0.111,0.465,228,4.3,88,1.7,0.386,53,25,14.6,-3.4,101.5,0.017,98.73,0.059,203200,Justin Holiday,0.064,CHI,1610612741,11.5,0.489,0.164,28,0.528
249,20.0,0.077,16.2,1.24,5,"1626159,1610612748",99.0,0.158,0.457,462,5.9,195,2.5,0.422,78,32,28.6,3.9,102.9,0.042,96.45,0.064,1626159,Justise Winslow,0.102,MIA,1610612748,13.1,0.489,0.124,46,0.59
250,21.0,0.123,10.5,0.73,5,"203994,1610612743",105.1,0.227,0.417,242,7.6,101,3.2,0.417,32,18,17.1,-1.3,103.8,0.128,98.3,0.085,203994,Jusuf Nurkic,0.177,DEN,1610612743,14.5,0.46,0.272,14,0.438
251,23.0,0.059,8.9,0.59,5,"203909,1610612745",93.8,0.104,0.451,72,1.9,29,0.8,0.403,37,20,6.4,18.9,112.7,0.078,100.38,0.062,203909,KJ McDaniels,0.092,HOU,1610612745,15.2,0.522,0.188,17,0.459
252,20.0,0.108,10.0,0.88,5,"1626157,1610612750",108.1,0.271,0.555,1153,14.1,625,7.6,0.542,82,53,32.0,-2.1,106.0,0.102,97.99,0.154,1626157,Karl-Anthony Towns,0.188,MIN,1610612750,11.3,0.59,0.247,29,0.354
253,24.0,0.128,12.2,1.77,5,"202695,1610612759",94.9,0.182,0.565,1090,15.1,551,7.7,0.506,72,12,33.1,14.3,109.2,0.046,95.77,0.17,202695,Kawhi Leonard,0.116,SAS,1610612759,6.9,0.616,0.258,60,0.833
254,24.0,0.059,7.8,0.33,5,"203951,1610612753",81.4,0.042,0.25,8,1.6,2,0.4,0.25,5,5,5.4,20.3,101.7,0.0,95.32,-0.063,203951,Keith Appling,0.02,ORL,1610612753,23.3,0.338,0.201,0,0.0
255,25.0,0.119,13.3,1.42,5,"203482,1610612738",97.7,0.158,0.531,556,8.1,253,3.7,0.455,69,29,20.2,5.2,102.9,0.054,101.57,0.111,203482,Kelly Olynyk,0.105,BOS,1610612738,9.4,0.561,0.207,40,0.58
256,20.0,0.029,4.7,0.38,5,"1626162,1610612764",103.9,0.177,0.486,211,3.3,90,1.4,0.427,63,32,10.7,-1.9,102.0,0.039,101.09,0.051,1626162,Kelly Oubre,0.107,WAS,1610612764,12.2,0.507,0.173,31,0.492
257,26.0,0.253,19.9,2.46,5,"202689,1610612766",102.2,0.116,0.495,1331,16.4,568,7.0,0.427,81,34,35.6,4.2,106.4,0.021,97.73,0.135,202689,Kemba Walker,0.068,CHA,1610612766,8.1,0.554,0.265,47,0.58
258,24.0,0.266,30.5,1.7,5,"203088,1610612755",112.3,0.076,0.432,118,3.9,43,1.4,0.364,30,27,13.3,-14.6,97.7,0.005,102.42,0.049,203088,Kendall Marshall,0.039,PHI,1610612755,17.9,0.449,0.181,3,0.1
259,31.0,0.077,19.6,0.76,5,"2570,1610612740",110.8,0.225,0.533,75,2.0,40,1.1,0.533,37,24,14.6,-5.8,105.0,0.053,98.7,0.046,2570,Kendrick Perkins,0.138,NOP,1610612740,25.9,0.529,0.106,13,0.351
260,26.0,0.077,8.8,0.87,5,"202702,1610612743",109.1,0.232,0.558,626,9.3,349,5.2,0.558,67,41,25.3,-4.3,104.7,0.15,98.13,0.126,202702,Kenneth Faried,0.19,DEN,1610612743,10.2,0.577,0.207,26,0.388
261,26.0,0.127,15.5,1.24,5,"203145,1610612737",99.5,0.176,0.517,725,9.7,320,4.3,0.441,75,31,27.8,3.2,102.6,0.015,100.18,0.1,203145,Kent Bazemore,0.098,ATL,1610612737,12.5,0.551,0.199,44,0.587
262,23.0,0.075,10.6,1.31,5,"203484,1610612765",102.6,0.085,0.479,960,12.6,403,5.3,0.42,76,35,36.7,2.0,104.6,0.026,97.94,0.077,203484,Kentavious Caldwell-Pope,0.055,DET,1610612765,8.1,0.521,0.18,41,0.539
263,27.0,0.23,16.3,1.44,5,"201142,1610612760",102.2,0.209,0.573,1381,19.2,698,9.7,0.505,72,20,35.8,11.2,113.4,0.021,100.22,0.194,201142,Kevin Durant,0.123,OKC,1610612760,11.3,0.634,0.305,52,0.722
264,40.0,0.164,30.7,3.88,5,"708,1610612750",96.4,0.262,0.47,115,3.0,54,1.4,0.47,38,24,14.6,6.6,103.0,0.031,96.09,0.109,708,Kevin Garnett,0.151,MIN,1610612750,7.9,0.491,0.117,14,0.368
265,27.0,0.119,12.8,1.3,5,"201567,1610612739",102.6,0.287,0.499,977,12.7,409,5.3,0.419,77,24,31.5,8.4,111.0,0.071,94.87,0.143,201567,Kevin Love,0.18,CLE,1610612739,9.8,0.553,0.235,53,0.688
266,33.0,0.089,9.6,1.07,5,"2755,1610612759",106.8,0.102,0.431,419,7.6,156,2.8,0.372,55,31,19.9,-5.4,101.4,0.014,98.25,0.074,2755,Kevin Martin,0.057,SAS,1610612759,8.9,0.52,0.222,24,0.436
267,26.0,0.157,15.4,1.09,5,"202338,1610612752",102.9,0.194,0.41,205,4.3,84,1.8,0.41,48,33,11.0,-10.4,92.6,0.065,96.82,0.078,202338,Kevin Seraphin,0.13,NYK,1610612752,14.1,0.435,0.223,15,0.313
268,20.0,0.0,0.0,0.0,5,"1626172,1610612744",151.6,0.375,0.643,7,1.4,4,0.8,0.571,5,1,4.1,-41.8,109.8,0.16,102.91,0.105,1626172,Kevon Looney,0.244,GSW,1610612744,12.5,0.643,0.154,4,0.8
269,24.0,0.183,18.5,1.84,5,"203114,1610612749",104.7,0.103,0.507,1142,14.5,507,6.4,0.444,79,46,36.1,-0.1,104.6,0.018,97.43,0.108,203114,Khris Middleton,0.061,MIL,1610612749,10.1,0.56,0.229,33,0.418
270,35.0,0.173,30.5,2.43,5,"2550,1610612737",98.7,0.107,0.473,129,2.8,49,1.1,0.38,46,20,13.7,1.5,100.2,0.014,96.72,0.056,2550,Kirk Hinrich,0.06,ATL,1610612737,12.6,0.504,0.117,26,0.565
271,26.0,0.094,9.3,1.2,5,"202691,1610612744",99.7,0.1,0.569,1386,17.3,651,8.1,0.47,80,9,33.3,15.7,115.4,0.015,102.44,0.114,202691,Klay Thompson,0.062,GSW,1610612744,7.7,0.597,0.264,71,0.888
272,37.0,0.183,11.9,1.43,5,"977,1610612747",114.1,0.123,0.417,1113,16.9,398,6.0,0.358,66,53,28.2,-15.8,98.3,0.023,99.75,0.089,977,Kobe Bryant,0.071,LAL,1610612747,8.3,0.469,0.319,13,0.197
273,27.0,0.034,5.8,0.69,5,"201585,1610612758",108.0,0.19,0.532,444,5.7,236,3.0,0.532,78,46,19.0,-7.1,100.9,0.122,100.96,0.088,201585,Kosta Koufos,0.156,SAC,1610612758,8.4,0.54,0.155,32,0.41
274,25.0,0.077,14.7,0.76,5,"203123,1610612743",98.7,0.125,0.439,66,2.5,24,0.9,0.364,26,18,11.3,-0.2,98.6,0.032,94.93,0.044,203123,Kostas Papanikolaou,0.079,DEN,1610612743,19.2,0.464,0.145,8,0.308
275,31.0,0.068,8.9,0.95,5,"2743,1610612737",105.9,0.216,0.468,295,5.6,121,2.3,0.41,53,24,15.7,-5.2,100.7,0.073,101.16,0.087,2743,Kris Humphries,0.143,ATL,1610612737,9.4,0.517,0.192,29,0.547
276,20.0,0.076,7.8,0.78,5,"204001,1610612752",104.1,0.206,0.467,886,12.3,373,5.2,0.421,72,44,28.4,-0.2,103.9,0.071,95.38,0.113,204001,Kristaps Porzingis,0.139,NYK,1610612752,10.0,0.518,0.245,28,0.389
277,22.0,0.14,24.0,2.08,5,"203937,1610612759",97.7,0.201,0.488,295,3.8,138,1.8,0.468,78,14,16.0,10.0,107.7,0.024,94.73,0.102,203937,Kyle Anderson,0.115,SAS,1610612759,11.5,0.528,0.147,64,0.821
278,35.0,0.095,18.2,1.67,5,"2594,1610612737",98.1,0.108,0.562,617,7.7,268,3.4,0.434,80,34,30.0,6.3,104.5,0.006,99.69,0.068,2594,Kyle Korver,0.059,ATL,1610612737,10.9,0.577,0.135,46,0.575
279,30.0,0.293,23.2,2.2,5,"200768,1610612761",102.6,0.124,0.516,1198,15.6,512,6.6,0.427,77,23,37.0,6.0,108.6,0.023,95.37,0.145,200768,Kyle Lowry,0.074,TOR,1610612761,10.5,0.578,0.26,54,0.701
280,26.0,0.161,16.7,1.18,5,"203124,1610612752",104.3,0.237,0.485,271,4.2,129,2.0,0.476,65,39,11.8,-4.3,100.0,0.114,96.59,0.122,203124,Kyle O'Quinn,0.178,NYK,1610612752,14.2,0.52,0.212,26,0.4
281,28.0,0.035,8.1,0.75,5,"202713,1610612760",104.0,0.099,0.457,221,3.3,86,1.3,0.389,68,25,14.4,-0.7,103.3,0.056,99.88,0.031,202713,Kyle Singler,0.077,OKC,1610612760,10.8,0.481,0.117,43,0.632
282,24.0,0.253,18.7,2.02,5,"202681,1610612739",104.7,0.078,0.496,879,16.6,394,7.4,0.448,53,16,31.5,5.7,110.4,0.03,95.53,0.122,202681,Kyrie Irving,0.054,CLE,1610612739,9.3,0.54,0.293,37,0.698
283,30.0,0.081,7.9,1.11,5,"200746,1610612759",97.1,0.222,0.513,1045,14.1,536,7.2,0.513,74,13,30.6,12.0,109.1,0.091,94.88,0.151,200746,LaMarcus Aldridge,0.159,SAS,1610612759,7.1,0.565,0.26,61,0.824
284,24.0,0.134,25.7,1.7,5,"203934,1610612737",103.2,0.141,0.425,80,2.3,28,0.8,0.35,35,12,11.3,3.1,106.3,0.012,99.79,0.037,203934,Lamar Patterson,0.074,ATL,1610612737,15.2,0.468,0.126,23,0.657
285,25.0,0.152,17.7,1.41,5,"202362,1610612763",105.9,0.152,0.513,474,6.9,228,3.3,0.481,69,33,19.9,-2.4,103.5,0.032,97.45,0.098,202362,Lance Stephenson,0.09,MEM,1610612763,12.5,0.548,0.199,36,0.522
286,28.0,0.066,9.7,0.93,5,"202498,1610612752",103.2,0.079,0.5,382,6.5,169,2.9,0.442,59,34,22.3,-0.1,103.1,0.03,96.65,0.064,202498,Lance Thomas,0.056,NYK,1610612752,10.5,0.557,0.172,25,0.424
287,24.0,0.161,22.8,3.39,5,"204038,1610612752",103.2,0.131,0.458,588,7.2,231,2.8,0.393,82,50,24.8,-2.9,100.3,0.023,96.71,0.083,204038,Langston Galloway,0.078,NYK,1610612752,6.7,0.49,0.155,32,0.39
288,23.0,0.055,10.8,1.07,5,"1626204,1610612747",105.9,0.184,0.528,300,4.8,158,2.5,0.527,63,49,20.1,-5.2,100.7,0.086,96.88,0.09,1626204,Larry Nance Jr.,0.134,LAL,1610612747,10.1,0.544,0.126,14,0.222
289,27.0,0.07,13.9,1.1,5,"202730,1610612754",98.2,0.18,0.516,370,4.7,191,2.4,0.516,79,36,20.2,6.9,105.1,0.114,96.39,0.09,202730,Lavoy Allen,0.147,IND,1610612754,12.6,0.532,0.131,43,0.544
290,31.0,0.339,21.5,2.06,5,"2544,1610612739",101.4,0.187,0.551,1416,18.6,737,9.7,0.52,76,20,35.6,11.0,112.4,0.047,95.84,0.189,2544,LeBron James,0.119,CLE,1610612739,10.4,0.588,0.311,56,0.737
291,33.0,0.112,15.4,1.55,5,"2571,1610612744",103.9,0.09,0.515,370,5.4,171,2.5,0.462,68,8,15.9,3.1,106.9,0.028,101.04,0.072,2571,Leandro Barbosa,0.059,GSW,1610612744,10.0,0.545,0.179,60,0.882
292,25.0,0.306,23.5,1.22,5,"203485,1610612765",118.7,0.149,0.34,25,3.1,8,1.0,0.32,8,7,7.6,-29.1,89.6,0.0,98.22,0.047,203485,Lorenzo Brown,0.071,DET,1610612765,19.2,0.374,0.261,1,0.125
293,33.0,0.107,13.1,0.8,5,"200811,1610612752",100.2,0.137,0.358,53,1.8,19,0.7,0.358,29,18,7.0,-9.7,90.5,0.115,95.64,0.009,200811,Lou Amundson,0.126,NYK,1610612752,16.3,0.401,0.175,11,0.379
294,29.0,0.149,14.5,1.56,5,"101150,1610612747",110.4,0.08,0.488,693,10.3,283,4.2,0.408,67,53,28.5,-10.8,99.6,0.017,99.14,0.104,101150,Lou Williams,0.048,LAL,1610612747,9.3,0.584,0.227,14,0.209
295,29.0,0.032,10.1,0.88,5,"201601,1610612746",97.5,0.09,0.486,207,2.8,94,1.3,0.454,75,26,17.0,11.5,108.9,0.053,96.64,0.039,201601,Luc Mbah a Moute,0.073,LAC,1610612746,11.5,0.498,0.097,49,0.653
296,23.0,0.044,10.2,0.64,5,"203512,1610612761",103.5,0.136,0.648,44,1.5,28,1.0,0.636,29,12,7.7,8.1,111.6,0.087,96.19,0.075,203512,Lucas Nogueira,0.112,TOR,1610612761,16.0,0.642,0.125,17,0.586
297,23.0,0.067,3.9,0.25,5,"1626242,1610612757",122.2,0.118,0.289,19,1.6,5,0.4,0.263,12,6,3.5,-58.0,64.2,0.0,91.51,-0.01,1626242,Luis Montero,0.056,POR,1610612757,15.5,0.337,0.266,6,0.5
298,36.0,0.066,8.6,0.97,5,"2449,1610612761",106.7,0.199,0.504,598,7.9,269,3.5,0.45,76,26,21.5,-2.7,104.0,0.061,95.71,0.086,2449,Luis Scola,0.13,TOR,1610612761,8.8,0.523,0.193,50,0.658
299,27.0,0.092,13.7,2.3,5,"202337,1610612740",108.8,0.166,0.498,289,6.1,122,2.6,0.422,47,31,18.0,-3.1,105.7,0.032,99.61,0.072,202337,Luke Babbitt,0.097,NOP,1610612740,5.9,0.526,0.172,16,0.34
300,31.0,0.087,13.3,1.73,5,"2736,1610612748",102.8,0.155,0.514,745,10.1,339,4.6,0.455,74,29,32.4,1.3,104.1,0.052,96.8,0.101,2736,Luol Deng,0.105,MIA,1610612748,7.7,0.549,0.171,45,0.608
301,38.0,0.234,23.3,1.79,5,"1938,1610612759",93.9,0.115,0.533,435,7.5,197,3.4,0.453,58,11,19.6,14.9,108.8,0.028,98.23,0.119,1938,Manu Ginobili,0.074,SAS,1610612759,13.0,0.573,0.231,47,0.81
302,31.0,0.195,17.4,1.66,5,"201188,1610612763",102.9,0.202,0.465,707,13.6,328,6.3,0.464,52,22,34.4,-0.1,102.8,0.036,94.38,0.13,201188,Marc Gasol,0.116,MEM,1610612763,10.5,0.528,0.239,30,0.577
303,33.0,0.327,36.1,2.28,5,"1626273,1610612747",101.5,0.093,0.457,230,4.3,97,1.8,0.422,53,45,16.4,0.1,101.6,0.023,96.39,0.08,1626273,Marcelo Huertas,0.058,LAL,1610612747,15.8,0.488,0.165,8,0.151
304,32.0,0.072,9.8,0.88,5,"101162,1610612764",103.0,0.252,0.567,764,10.2,433,5.8,0.567,75,40,30.1,0.8,103.8,0.107,100.19,0.13,101162,Marcin Gortat,0.179,WAS,1610612764,11.2,0.592,0.188,35,0.467
305,30.0,0.117,14.1,1.59,5,"201158,1610612758",106.7,0.071,0.457,635,9.3,245,3.6,0.386,68,41,24.6,-6.4,100.2,0.006,101.52,0.063,201158,Marco Belinelli,0.038,SAC,1610612758,8.9,0.5,0.199,27,0.397
306,26.0,0.107,14.3,1.44,5,"202694,1610612765",103.1,0.126,0.491,945,11.8,410,5.1,0.434,80,38,35.7,1.8,104.9,0.034,97.35,0.086,202694,Marcus Morris,0.078,DET,1610612765,10.0,0.531,0.184,42,0.525
307,22.0,0.162,21.3,2.31,5,"203935,1610612738",100.2,0.117,0.405,529,8.7,184,3.0,0.348,61,25,27.3,2.6,102.8,0.047,102.46,0.072,203935,Marcus Smart,0.081,BOS,1610612738,9.2,0.463,0.172,36,0.59
308,29.0,0.125,11.8,1.65,5,"201977,1610612764",104.8,0.112,0.482,542,8.9,216,3.5,0.399,61,29,18.2,-0.4,104.5,0.037,101.67,0.091,201977,Marcus Thornton,0.074,WAS,1610612764,7.2,0.511,0.24,32,0.525
309,30.0,0.27,25.6,2.09,5,"201596,1610612763",100.8,0.111,0.462,444,7.3,182,3.0,0.41,61,23,22.5,2.9,103.7,0.02,97.29,0.116,201596,Mario Chalmers,0.066,MEM,1610612763,12.2,0.561,0.218,38,0.623
310,21.0,0.113,16.8,1.12,5,"1626209,1610612753",103.6,0.121,0.513,418,5.3,181,2.3,0.433,79,46,17.9,-1.4,102.1,0.022,98.21,0.065,1626209,Mario Hezonja,0.07,ORL,1610612753,15.0,0.541,0.169,33,0.418
311,24.0,0.142,17.9,1.69,5,"203900,1610612751",113.7,0.12,0.453,322,5.2,127,2.0,0.394,62,50,15.8,-11.5,102.2,0.026,97.85,0.065,203900,Markel Brown,0.071,BKN,1610612751,10.6,0.5,0.187,12,0.194
312,26.0,0.125,11.9,0.92,5,"202693,1610612764",104.8,0.195,0.458,718,11.2,305,4.8,0.425,64,42,25.5,-4.3,100.5,0.049,100.39,0.088,202693,Markieff Morris,0.121,WAS,1610612764,13.0,0.489,0.243,22,0.344
313,28.0,0.126,9.6,0.92,5,"201578,1610612744",105.1,0.205,0.458,456,6.3,197,2.7,0.432,72,8,11.6,1.7,106.8,0.101,98.88,0.109,201578,Marreese Speights,0.154,GSW,1610612744,10.4,0.506,0.302,64,0.889
314,30.0,0.074,11.2,1.77,5,"101107,1610612766",102.6,0.187,0.554,747,9.2,338,4.2,0.452,81,34,28.9,5.2,107.9,0.059,96.96,0.11,101107,Marvin Williams,0.122,CHA,1610612766,6.3,0.585,0.169,47,0.58
315,26.0,0.161,21.6,1.47,5,"203486,1610612757",107.0,0.223,0.516,517,6.3,267,3.3,0.516,82,38,25.4,1.1,108.2,0.106,98.46,0.106,203486,Mason Plumlee,0.165,POR,1610612757,14.7,0.564,0.173,44,0.537
316,36.0,0.117,15.7,1.35,5,"2440,1610612763",107.4,0.179,0.467,693,9.1,264,3.5,0.381,76,38,28.8,-5.5,101.8,0.041,96.34,0.078,2440,Matt Barnes,0.107,MEM,1610612763,11.7,0.503,0.177,38,0.5
317,36.0,0.061,12.7,3.0,5,"2588,1610612759",98.8,0.133,0.64,57,1.9,29,1.0,0.509,30,5,6.9,17.5,116.2,0.019,92.12,0.094,2588,Matt Bonner,0.08,SAS,1610612759,4.2,0.647,0.146,25,0.833
318,25.0,0.265,33.9,2.91,5,"203521,1610612739",99.7,0.076,0.501,511,6.7,207,2.7,0.405,76,22,24.6,10.0,109.7,0.021,95.33,0.077,203521,Matthew Dellavedova,0.049,CLE,1610612739,11.7,0.527,0.159,54,0.711
319,23.0,0.068,11.4,1.08,5,"203090,1610612757",104.7,0.133,0.522,411,5.3,195,2.5,0.474,78,38,18.7,1.7,106.4,0.076,99.12,0.08,203090,Maurice Harkless,0.105,POR,1610612757,10.5,0.541,0.155,40,0.513
320,36.0,0.078,11.1,1.8,5,"1897,1610612747",102.5,0.125,0.384,177,5.1,55,1.6,0.311,35,29,16.9,-6.0,96.5,0.033,94.94,0.047,1897,Metta World Peace,0.078,LAL,1610612747,6.1,0.435,0.165,6,0.171
321,24.0,0.103,14.7,1.19,5,"203086,1610612757",106.4,0.213,0.547,435,7.1,195,3.2,0.448,61,28,21.8,1.0,107.3,0.042,97.36,0.082,203086,Meyers Leonard,0.128,POR,1610612757,12.3,0.561,0.176,33,0.541
322,27.0,0.086,6.0,0.67,5,"201563,1610612745",109.6,0.198,0.529,205,10.3,107,5.4,0.522,20,10,18.1,-8.4,101.2,0.084,101.03,0.148,201563,Michael Beasley,0.141,HOU,1610612745,9.0,0.563,0.29,10,0.5
323,24.0,0.264,26.5,1.84,5,"203487,1610612749",105.3,0.154,0.466,555,10.3,251,4.6,0.452,54,33,30.5,-3.3,102.0,0.033,97.43,0.099,203487,Michael Carter-Williams,0.094,MIL,1610612749,14.4,0.498,0.21,21,0.389
324,22.0,0.069,9.9,1.13,5,"203077,1610612766",95.0,0.16,0.566,61,8.7,33,4.7,0.541,7,2,29.2,15.2,110.2,0.065,96.93,0.112,203077,Michael Kidd-Gilchrist,0.115,CHA,1610612766,8.8,0.603,0.179,5,0.714
325,28.0,0.324,28.0,4.07,5,"201144,1610612763",103.4,0.093,0.478,696,12.4,294,5.3,0.422,56,23,31.4,1.6,105.1,0.017,94.48,0.129,201144,Mike Conley,0.054,MEM,1610612763,6.9,0.538,0.231,33,0.589
326,35.0,0.076,14.5,1.5,5,"2399,1610612741",111.2,0.116,0.513,188,6.1,77,2.5,0.41,31,18,22.7,-5.7,105.5,0.012,97.68,0.052,2399,Mike Dunleavy,0.064,CHI,1610612741,9.7,0.543,0.144,13,0.419
327,36.0,0.159,33.6,2.35,5,"2034,1610612743",110.4,0.14,0.508,62,1.3,22,0.5,0.355,47,26,7.9,-14.2,96.1,0.016,98.54,0.045,2034,Mike Miller,0.075,DEN,1610612743,14.3,0.508,0.092,21,0.447
328,24.0,0.099,14.8,1.26,5,"203488,1610612737",102.0,0.157,0.539,152,2.5,76,1.3,0.5,60,26,9.4,-2.2,99.8,0.075,97.13,0.084,203488,Mike Muscala,0.116,ATL,1610612737,11.7,0.576,0.158,34,0.567
329,27.0,0.106,14.9,1.86,5,"203118,1610612737",95.3,0.144,0.551,376,5.0,176,2.3,0.468,75,29,15.3,5.1,100.4,0.052,98.91,0.1,203118,Mike Scott,0.099,ATL,1610612737,8.0,0.575,0.176,46,0.613
330,27.0,0.03,5.1,0.4,5,"203101,1610612749",103.1,0.174,0.601,233,3.8,140,2.3,0.601,61,38,14.3,-4.5,98.6,0.121,96.77,0.109,203101,Miles Plumlee,0.148,MIL,1610612749,12.7,0.606,0.154,23,0.377
331,30.0,0.088,8.7,1.06,5,"203141,1610612756",108.9,0.164,0.544,777,9.8,332,4.2,0.427,79,56,21.3,-5.8,103.1,0.035,102.01,0.105,203141,Mirza Teletovic,0.098,PHX,1610612756,8.2,0.571,0.233,23,0.291
332,24.0,0.071,8.0,0.43,5,"203956,1610612760",122.8,0.222,0.478,23,1.2,11,0.6,0.478,20,3,3.6,-32.2,90.6,0.068,102.8,0.046,203956,Mitch McGary,0.148,OKC,1610612760,18.7,0.474,0.208,17,0.85
333,33.0,0.231,20.6,1.72,5,"2590,1610612739",103.0,0.099,0.497,302,7.4,132,3.2,0.437,41,14,18.2,-5.0,98.0,0.009,95.63,0.094,2590,Mo Williams,0.054,CLE,1610612739,12.0,0.527,0.227,27,0.659
334,30.0,0.222,22.6,1.89,5,"101145,1610612754",100.1,0.091,0.47,1021,12.6,436,5.4,0.427,81,37,33.8,2.5,102.6,0.017,100.05,0.096,101145,Monta Ellis,0.054,IND,1610612754,12.0,0.504,0.21,44,0.543
335,22.0,0.067,11.8,1.0,5,"1626149,1610612745",102.7,0.108,0.644,90,2.3,58,1.5,0.644,39,22,9.7,5.0,107.8,0.076,101.43,0.078,1626149,Montrezl Harrell,0.093,HOU,1610612745,11.8,0.635,0.144,17,0.436
336,20.0,0.05,5.9,0.61,5,"1626167,1610612754",100.6,0.207,0.501,530,8.8,264,4.4,0.498,60,28,22.8,-1.3,99.3,0.054,100.24,0.105,1626167,Myles Turner,0.131,IND,1610612754,9.7,0.531,0.211,32,0.533
337,32.0,0.286,80.0,0.0,5,"101126,1610612740",115.4,0.0,0.0,1,0.5,0,0.0,0.0,2,2,11.6,-43.4,72.1,0.0,101.45,-0.016,101126,Nate Robinson,0.0,NOP,1610612740,0.0,0.0,0.019,0,0.0
338,38.0,0.0,0.0,0.0,5,"1737,1610612760",84.9,0.158,0.6,5,1.0,3,0.6,0.6,5,0,3.9,-9.5,75.5,0.056,100.05,0.051,1737,Nazr Mohammed,0.108,OKC,1610612760,33.8,0.68,0.206,5,1.0
339,28.0,0.115,21.1,1.74,5,"202357,1610612750",107.3,0.178,0.57,235,3.9,110,1.8,0.468,60,40,17.9,-5.2,102.1,0.054,98.37,0.073,202357,Nemanja Bjelica,0.116,MIN,1610612750,12.1,0.594,0.127,20,0.333
340,33.0,0.145,15.2,1.28,5,"2403,1610612764",101.4,0.227,0.544,384,6.7,209,3.7,0.544,57,29,19.2,2.4,103.8,0.054,100.75,0.113,2403,Nene,0.139,WAS,1610612764,11.9,0.564,0.223,28,0.491
341,22.0,0.107,12.6,0.77,5,"203457,1610612755",105.6,0.22,0.522,587,8.8,306,4.6,0.521,67,57,29.3,-11.0,94.6,0.085,99.92,0.113,203457,Nerlens Noel,0.151,PHI,1610612755,16.3,0.544,0.189,10,0.149
342,35.0,0.103,23.1,1.04,5,"2555,1610612760",100.4,0.161,0.459,109,1.8,50,0.8,0.459,59,20,11.9,3.1,103.5,0.107,97.05,0.048,2555,Nick Collison,0.134,OKC,1610612760,22.2,0.498,0.107,39,0.661
343,31.0,0.058,7.2,1.13,5,"201156,1610612747",108.5,0.092,0.442,372,6.9,126,2.3,0.339,54,41,19.1,-10.8,97.7,0.015,96.68,0.058,201156,Nick Young,0.052,LAL,1610612747,6.4,0.483,0.188,13,0.241
344,27.0,0.262,25.7,1.97,5,"201587,1610612766",102.1,0.166,0.506,873,12.5,372,5.3,0.426,70,29,35.0,4.8,106.9,0.025,97.83,0.116,201587,Nicolas Batum,0.096,CHA,1610612766,13.1,0.546,0.215,41,0.586
345,22.0,0.119,16.6,1.47,5,"203917,1610612755",107.4,0.101,0.483,545,7.5,210,2.9,0.385,73,65,24.8,-11.7,95.7,0.013,100.78,0.062,203917,Nik Stauskas,0.055,PHI,1610612755,11.3,0.517,0.166,8,0.11
346,21.0,0.176,19.4,1.82,5,"203999,1610612743",102.9,0.248,0.535,600,7.5,307,3.8,0.512,80,49,21.7,1.2,104.2,0.113,97.2,0.145,203999,Nikola Jokic,0.179,DEN,1610612743,10.6,0.582,0.198,31,0.388
347,25.0,0.095,11.2,0.98,5,"202703,1610612741",104.4,0.197,0.518,609,9.2,248,3.8,0.407,66,29,24.9,0.2,104.6,0.039,98.72,0.103,202703,Nikola Mirotic,0.119,CHI,1610612741,11.5,0.564,0.211,37,0.561
348,30.0,0.131,14.0,1.22,5,"201593,1610612750",115.0,0.118,0.38,50,4.2,19,1.6,0.38,12,10,13.0,-18.3,96.8,0.053,92.26,0.033,201593,Nikola Pekovic,0.084,MIN,1610612750,11.4,0.459,0.208,2,0.167
349,25.0,0.154,12.7,1.46,5,"202696,1610612753",105.5,0.223,0.511,1046,16.1,533,8.2,0.51,65,37,31.3,-2.2,103.3,0.092,97.75,0.14,202696,Nikola Vucevic,0.156,ORL,1610612753,8.7,0.531,0.267,28,0.431
350,20.0,0.037,7.9,0.6,5,"203943,1610612757",105.4,0.202,0.441,278,3.6,117,1.5,0.421,78,37,15.0,-2.7,102.7,0.083,96.53,0.056,203943,Noah Vonleh,0.142,POR,1610612757,13.1,0.471,0.132,41,0.526
351,23.0,0.102,14.2,1.47,5,"1626181,1610612761",104.1,0.142,0.502,229,4.7,97,2.0,0.424,49,17,14.8,4.9,109.1,0.026,94.81,0.087,1626181,Norman Powell,0.086,TOR,1610612761,9.7,0.541,0.179,32,0.653
352,27.0,0.219,22.1,2.23,5,"202708,1610612740",107.8,0.137,0.439,484,10.8,196,4.4,0.405,45,25,26.6,-5.5,102.3,0.009,98.9,0.078,202708,Norris Cole,0.07,NOP,1610612740,9.9,0.465,0.216,20,0.444
353,28.0,0.156,22.3,1.64,5,"201564,1610612749",102.3,0.094,0.452,321,7.8,119,2.9,0.371,41,24,26.6,-1.2,101.1,0.013,97.55,0.047,201564,O.J. Mayo,0.053,MIL,1610612749,13.6,0.474,0.169,17,0.415
354,29.0,0.032,7.9,0.43,5,"201600,1610612740",107.9,0.28,0.533,195,2.9,104,1.5,0.533,68,39,17.3,-9.3,98.5,0.103,97.28,0.079,201600,Omer Asik,0.187,NOP,1610612740,18.2,0.551,0.115,29,0.426
355,28.0,0.074,10.8,1.01,5,"201956,1610612758",105.0,0.196,0.571,622,9.0,299,4.3,0.481,69,42,27.3,-0.2,104.8,0.034,102.46,0.102,201956,Omri Casspi,0.117,SAC,1610612758,10.7,0.587,0.177,27,0.391
356,27.0,0.031,4.6,0.5,5,"203111,1610612740",109.5,0.141,0.294,34,4.9,9,1.3,0.265,7,6,14.5,-16.1,93.4,0.035,102.56,0.015,203111,Orlando Johnson,0.078,NOP,1610612740,9.2,0.346,0.169,1,0.143
357,23.0,0.076,12.5,1.71,5,"203490,1610612764",103.2,0.148,0.541,717,9.6,339,4.5,0.473,75,39,30.3,0.6,103.8,0.047,100.95,0.093,203490,Otto Porter,0.096,WAS,1610612764,7.3,0.564,0.16,36,0.48
358,23.0,0.045,7.4,0.93,5,"203798,1610612763",107.5,0.136,0.441,408,6.2,145,2.2,0.355,66,35,19.9,-6.0,101.4,0.02,97.35,0.039,203798,PJ Hairston,0.073,MEM,1610612763,8.0,0.47,0.164,31,0.47
359,31.0,0.104,19.0,1.59,5,"200782,1610612756",106.5,0.152,0.469,582,7.1,239,2.9,0.411,82,59,31.0,-7.2,99.3,0.07,100.33,0.078,200782,PJ Tucker,0.11,PHX,1610612756,11.9,0.506,0.127,23,0.28
360,39.0,0.235,39.5,2.65,5,"203143,1610612746",101.0,0.103,0.469,147,2.5,55,0.9,0.374,59,22,13.9,-2.7,98.3,0.05,95.57,0.075,203143,Pablo Prigioni,0.076,LAC,1610612746,14.9,0.482,0.112,37,0.627
361,23.0,0.115,14.0,1.0,5,"1626192,1610612757",97.1,0.144,0.316,49,1.4,13,0.4,0.265,34,17,4.2,-6.7,90.3,0.08,96.64,0.053,1626192,Pat Connaughton,0.113,POR,1610612757,14.0,0.352,0.188,17,0.5
362,27.0,0.175,24.8,2.63,5,"201976,1610612745",104.6,0.097,0.539,594,8.4,258,3.6,0.434,71,36,28.7,3.1,107.6,0.04,99.3,0.076,201976,Patrick Beverley,0.069,HOU,1610612745,9.5,0.553,0.155,35,0.493
363,27.0,0.07,14.1,1.45,5,"202335,1610612761",100.6,0.146,0.521,493,6.2,204,2.6,0.414,79,25,25.6,9.3,109.8,0.046,94.62,0.078,202335,Patrick Patterson,0.098,TOR,1610612761,9.7,0.534,0.131,54,0.684
364,27.0,0.197,24.1,2.97,5,"201988,1610612759",96.8,0.087,0.525,612,7.6,260,3.2,0.425,81,15,20.5,12.2,109.0,0.019,97.65,0.097,201988,Patty Mills,0.054,SAS,1610612759,8.1,0.541,0.193,66,0.815
365,35.0,0.215,18.6,1.79,5,"2200,1610612741",103.5,0.277,0.481,995,13.8,467,6.5,0.469,72,36,31.8,-1.2,102.4,0.073,98.73,0.165,2200,Pau Gasol,0.18,CHI,1610612741,10.4,0.529,0.246,36,0.5
366,26.0,0.203,14.5,1.24,5,"202331,1610612754",100.0,0.187,0.49,1449,17.9,605,7.5,0.418,81,37,34.8,3.3,103.3,0.031,99.95,0.151,202331,Paul George,0.109,IND,1610612754,11.6,0.557,0.301,44,0.543
367,31.0,0.162,15.6,1.39,5,"200794,1610612737",100.1,0.213,0.505,1066,13.2,501,6.2,0.47,81,33,32.7,4.0,104.1,0.083,99.77,0.141,200794,Paul Millsap,0.15,ATL,1610612737,11.2,0.556,0.24,48,0.593
368,38.0,0.088,12.8,1.22,5,"1718,1610612746",103.3,0.151,0.457,397,5.8,144,2.1,0.363,68,24,18.1,2.2,105.6,0.011,96.91,0.058,1718,Paul Pierce,0.082,LAC,1610612746,10.4,0.489,0.18,44,0.647
369,25.0,0.395,38.1,2.27,5,"203515,1610612756",103.2,0.109,0.41,78,3.4,30,1.3,0.385,23,20,12.3,-6.7,96.5,0.011,104.96,0.08,203515,Phil Pressey,0.058,PHX,1610612756,16.8,0.433,0.178,3,0.13
370,25.0,0.045,9.1,1.0,5,"203112,1610612758",106.3,0.154,0.6,214,3.6,119,2.0,0.556,59,38,14.8,-7.6,98.7,0.079,101.32,0.089,203112,Quincy Acy,0.116,SAC,1610612758,9.1,0.629,0.131,21,0.356
371,22.0,0.068,10.4,1.18,5,"1626154,1610612738",95.6,0.131,0.464,98,2.7,36,1.0,0.367,36,15,8.7,-3.5,92.1,0.006,100.16,0.062,1626154,RJ Hunter,0.064,BOS,1610612738,8.8,0.48,0.155,21,0.583
372,30.0,0.473,42.7,3.02,5,"200765,1610612758",106.8,0.15,0.494,782,10.9,355,4.9,0.454,72,43,35.2,-3.4,103.3,0.033,103.23,0.13,200765,Rajon Rondo,0.093,SAC,1610612758,14.1,0.506,0.187,29,0.403
373,24.0,0.0,0.0,0.0,5,"1626176,1610612754",202.0,0.0,1.0,2,2.0,2,2.0,1.0,1,0,6.1,-85.4,116.7,0.25,93.95,0.076,1626176,Rakeem Christmas,0.167,IND,1610612754,0.0,1.0,0.154,1,1.0
374,30.0,0.228,22.3,2.08,5,"201196,1610612764",103.9,0.123,0.503,592,7.2,280,3.4,0.473,82,41,20.3,-1.4,102.5,0.017,100.54,0.116,201196,Ramon Sessions,0.069,WAS,1610612764,10.7,0.565,0.22,41,0.5
375,32.0,0.144,21.1,1.87,5,"200751,1610612760",102.5,0.086,0.428,482,6.0,169,2.1,0.351,81,44,20.3,1.0,103.4,0.016,97.79,0.051,200751,Randy Foye,0.052,OKC,1610612760,11.3,0.461,0.16,37,0.457
376,19.0,0.055,11.5,1.39,5,"1626173,1610612749",106.3,0.086,0.385,266,3.8,81,1.2,0.305,70,40,14.3,-6.8,99.4,0.012,96.68,0.024,1626173,Rashad Vaughn,0.049,MIL,1610612749,8.2,0.398,0.133,30,0.429
377,37.0,0.079,16.8,3.0,5,"2446,1610612759",97.6,0.13,0.543,104,2.3,49,1.1,0.471,46,5,9.4,11.9,109.6,0.008,95.04,0.094,2446,Rasual Butler,0.073,SAS,1610612759,5.6,0.558,0.129,41,0.891
378,24.0,0.19,23.8,1.6,5,"203526,1610612762",99.7,0.08,0.507,418,5.2,180,2.2,0.431,81,41,18.5,3.6,103.3,0.014,92.33,0.07,203526,Raul Neto,0.047,UTA,1610612762,14.9,0.53,0.176,40,0.494
379,25.0,0.185,25.4,2.5,5,"203492,1610612763",101.8,0.096,0.428,146,3.6,55,1.3,0.377,41,11,11.6,3.1,104.9,0.018,94.77,0.065,203492,Ray McCallum,0.055,MEM,1610612763,10.1,0.449,0.168,30,0.732
380,32.0,0.205,24.4,2.35,5,"101109,1610612742",105.0,0.111,0.45,682,8.5,277,3.5,0.406,80,40,27.4,0.8,105.8,0.018,96.19,0.086,101109,Raymond Felton,0.065,DAL,1610612742,10.4,0.502,0.184,40,0.5
381,25.0,0.1,19.3,3.38,5,"203493,1610612765",109.9,0.151,0.551,98,2.6,43,1.2,0.439,37,15,11.6,-7.5,102.4,0.034,95.22,0.085,203493,Reggie Bullock,0.089,DET,1610612765,5.7,0.583,0.117,22,0.595
382,26.0,0.344,23.3,2.21,5,"202704,1610612765",104.1,0.092,0.482,1244,15.7,540,6.8,0.434,79,36,30.7,1.6,105.7,0.025,97.88,0.13,202704,Reggie Jackson,0.057,DET,1610612765,10.6,0.535,0.288,43,0.544
383,36.0,0.07,13.0,1.37,5,"2210,1610612739",102.7,0.096,0.564,312,4.2,143,1.9,0.458,74,23,17.9,-2.3,100.4,0.013,95.3,0.06,2210,Richard Jefferson,0.055,CLE,1610612739,9.5,0.585,0.136,51,0.689
384,22.0,0.073,10.3,1.03,5,"1626158,1610612755",105.1,0.121,0.532,222,4.4,114,2.2,0.514,51,44,13.8,-2.5,102.6,0.099,102.0,0.082,1626158,Richaun Holmes,0.11,PHI,1610612755,10.0,0.564,0.175,7,0.137
385,25.0,0.402,41.8,3.41,5,"201937,1610612750",105.7,0.139,0.427,586,7.7,219,2.9,0.374,76,48,30.6,1.1,106.8,0.02,98.02,0.126,201937,Ricky Rubio,0.08,MIN,1610612750,12.3,0.529,0.176,28,0.368
386,25.0,0.083,9.4,0.68,5,"203496,1610612755",105.1,0.211,0.504,712,10.6,274,4.1,0.385,67,57,28.4,-7.8,97.3,0.035,100.86,0.09,203496,Robert Covington,0.119,PHI,1610612755,13.9,0.543,0.213,10,0.149
387,27.0,0.072,11.9,1.17,5,"203135,1610612747",104.5,0.138,0.413,75,3.0,31,1.2,0.413,25,23,12.8,-6.6,97.9,0.097,98.8,0.05,203135,Robert Sacre,0.117,LAL,1610612747,10.2,0.474,0.138,2,0.08
388,28.0,0.083,11.6,0.86,5,"201577,1610612752",105.1,0.161,0.539,662,8.1,357,4.4,0.539,82,50,27.1,-1.5,103.7,0.132,94.86,0.106,201577,Robin Lopez,0.147,NYK,1610612752,13.6,0.574,0.176,32,0.39
389,23.0,0.142,15.2,1.7,5,"203918,1610612762",102.9,0.107,0.503,972,12.3,408,5.2,0.42,79,40,32.2,2.0,104.9,0.018,91.83,0.092,203918,Rodney Hood,0.063,UTA,1610612762,8.9,0.542,0.218,39,0.494
390,30.0,0.179,19.4,1.87,5,"201155,1610612754",100.2,0.116,0.436,443,7.6,183,3.2,0.413,58,25,22.0,0.8,101.0,0.017,97.85,0.096,201155,Rodney Stuckey,0.068,IND,1610612754,10.4,0.504,0.207,33,0.569
391,21.0,0.1,18.7,1.65,5,"1626178,1610612751",101.4,0.199,0.471,138,4.8,63,2.2,0.457,29,22,21.2,-2.9,98.6,0.067,99.11,0.096,1626178,Rondae Hollis-Jefferson,0.133,BKN,1610612751,11.3,0.519,0.132,7,0.241
392,33.0,0.187,27.4,2.1,5,"101179,1610612756",100.9,0.068,0.497,302,4.9,116,1.9,0.384,62,42,19.5,-3.2,97.7,0.021,100.5,0.057,101179,Ronnie Price,0.044,PHX,1610612756,13.0,0.517,0.137,20,0.323
393,29.0,0.082,14.7,1.25,5,"201579,1610612747",112.6,0.154,0.443,411,5.1,182,2.2,0.443,81,64,23.2,-18.0,94.6,0.071,98.05,0.06,201579,Roy Hibbert,0.111,LAL,1610612747,11.8,0.507,0.13,17,0.21
394,29.0,0.078,8.7,0.86,5,"200752,1610612758",106.4,0.16,0.5,1007,14.4,466,6.7,0.463,70,41,34.0,-2.1,104.2,0.047,102.01,0.101,200752,Rudy Gay,0.104,SAC,1610612758,10.1,0.538,0.225,29,0.414
395,24.0,0.073,13.3,0.8,5,"203497,1610612762",100.0,0.273,0.559,354,5.8,198,3.2,0.559,61,28,31.7,4.3,104.3,0.13,92.6,0.126,203497,Rudy Gobert,0.204,UTA,1610612762,16.7,0.582,0.143,33,0.541
396,25.0,0.314,24.1,1.57,5,"203893,1610612763",114.9,0.143,0.341,22,1.5,7,0.5,0.318,15,9,4.4,-23.3,91.5,0.017,101.21,0.072,203893,Russ Smith,0.078,MEM,1610612763,15.3,0.415,0.239,6,0.4
397,27.0,0.468,29.0,2.44,5,"201566,1610612760",102.2,0.178,0.489,1444,18.1,656,8.2,0.454,80,25,34.4,10.8,113.0,0.061,100.27,0.188,201566,Russell Westbrook,0.123,OKC,1610612760,11.9,0.554,0.313,55,0.688
398,28.0,0.059,6.1,0.81,5,"201583,1610612740",106.9,0.153,0.498,929,14.1,397,6.0,0.427,66,42,30.4,-1.2,105.7,0.069,99.94,0.109,201583,Ryan Anderson,0.109,NOP,1610612740,7.5,0.546,0.242,24,0.364
399,31.0,0.034,7.6,0.42,5,"200797,1610612763",113.0,0.143,0.62,79,2.1,49,1.3,0.62,37,19,12.4,-17.3,95.7,0.108,94.79,0.059,200797,Ryan Hollins,0.124,MEM,1610612763,18.3,0.636,0.117,18,0.486
400,25.0,0.07,9.5,1.11,5,"203527,1610612747",99.0,0.229,0.386,149,4.1,55,1.5,0.369,36,33,13.1,-0.9,98.0,0.046,99.88,0.085,203527,Ryan Kelly,0.135,LAL,1610612747,8.5,0.44,0.176,3,0.083
401,30.0,0.038,7.6,0.43,5,"1626257,1610612742",102.5,0.211,0.628,78,2.3,49,1.4,0.628,34,18,11.7,6.3,108.8,0.114,95.21,0.095,1626257,Salah Mejri,0.165,DAL,1610612742,17.5,0.636,0.141,16,0.471
402,22.0,0.0,0.0,0.0,5,"1626155,1610612745",124.0,0.2,0.0,0,0.0,0,0.0,0.0,3,2,2.0,2.8,126.9,0.0,112.11,0.063,1626155,Sam Dekker,0.091,HOU,1610612745,0.0,0.0,0.0,1,0.333
403,31.0,0.052,9.4,0.43,5,"201619,1610612739",94.7,0.154,0.529,17,0.7,9,0.4,0.529,25,7,3.8,-3.2,91.6,0.143,97.78,0.074,201619,Sasha Kaun,0.149,CLE,1610612739,22.0,0.527,0.134,18,0.72
404,32.0,0.146,19.9,1.91,5,"2756,1610612752",104.1,0.151,0.477,277,4.5,106,1.7,0.383,61,39,14.9,-1.9,102.3,0.03,96.82,0.078,2756,Sasha Vujacic,0.088,NYK,1610612752,10.4,0.503,0.164,22,0.361
405,26.0,0.078,8.1,0.94,5,"203930,1610612751",116.5,0.083,0.528,270,8.7,123,4.0,0.456,31,24,19.9,-12.3,104.2,0.021,100.04,0.087,203930,Sean Kilpatrick,0.051,BKN,1610612751,8.6,0.576,0.23,7,0.226
406,26.0,0.037,6.0,0.61,5,"201586,1610612760",102.5,0.16,0.513,869,11.1,416,5.3,0.479,78,24,32.1,9.9,112.3,0.065,99.87,0.085,201586,Serge Ibaka,0.116,OKC,1610612760,9.9,0.533,0.176,54,0.692
407,22.0,0.114,24.4,1.59,5,"203508,1610612751",105.9,0.15,0.48,74,1.9,30,0.8,0.405,40,31,10.0,1.0,106.9,0.024,99.32,0.064,203508,Sergey Karasev,0.086,BKN,1610612751,15.4,0.562,0.12,9,0.225
408,25.0,0.148,19.1,1.86,5,"203552,1610612758",107.7,0.081,0.567,224,5.1,102,2.3,0.455,44,27,15.7,-3.7,104.0,0.014,101.39,0.091,203552,Seth Curry,0.048,SAC,1610612758,10.3,0.603,0.176,17,0.386
409,23.0,0.055,5.7,0.74,5,"203498,1610612750",108.8,0.117,0.498,681,8.3,317,3.9,0.465,82,53,20.5,-6.6,102.1,0.071,97.44,0.098,203498,Shabazz Muhammad,0.094,MIN,1610612750,7.7,0.548,0.229,29,0.354
410,24.0,0.253,26.7,2.11,5,"203894,1610612753",104.8,0.087,0.423,201,3.7,68,1.2,0.338,55,32,10.9,-5.2,99.6,0.016,96.16,0.071,203894,Shabazz Napier,0.051,ORL,1610612753,12.6,0.46,0.202,23,0.418
411,23.0,0.3,33.0,2.34,5,"203499,1610612751",109.5,0.104,0.481,502,6.4,222,2.8,0.442,78,58,22.4,-9.6,99.9,0.018,97.5,0.094,203499,Shane Larkin,0.059,BKN,1610612751,14.1,0.515,0.175,20,0.256
412,30.0,0.222,32.2,3.04,5,"2733,1610612744",101.2,0.089,0.538,379,4.9,203,2.6,0.536,78,9,19.5,8.5,109.8,0.032,98.94,0.095,2733,Shaun Livingston,0.061,GSW,1610612744,10.6,0.581,0.145,69,0.885
413,25.0,0.12,15.1,0.6,5,"203963,1610612754",95.2,0.194,0.455,11,1.6,5,0.7,0.455,7,3,5.8,-8.4,86.8,0.116,94.57,0.048,203963,Shayne Whittington,0.152,IND,1610612754,25.2,0.463,0.182,4,0.571
414,26.0,0.292,25.8,1.97,5,"202714,1610612762",100.8,0.125,0.486,415,8.0,182,3.5,0.439,52,25,20.3,3.6,104.3,0.014,93.85,0.101,202714,Shelvin Mack,0.07,UTA,1610612762,13.1,0.507,0.234,27,0.519
415,25.0,0.093,18.0,1.73,5,"203524,1610612754",100.3,0.156,0.505,208,3.5,93,1.6,0.447,59,28,14.7,4.2,104.5,0.049,99.34,0.091,203524,Solomon Hill,0.104,IND,1610612754,10.4,0.543,0.131,31,0.525
416,29.0,0.148,23.7,1.2,5,"201603,1610612755",107.2,0.109,0.45,110,2.6,42,1.0,0.382,43,37,11.6,-10.7,96.5,0.014,102.31,0.031,201603,Sonny Weems,0.057,PHI,1610612755,19.8,0.459,0.132,6,0.14
417,23.0,0.297,22.6,3.14,5,"203915,1610612765",99.8,0.094,0.361,54,4.5,19,1.6,0.352,12,7,13.3,-17.0,82.8,0.025,95.73,0.056,203915,Spencer Dinwiddie,0.057,DET,1610612765,7.2,0.423,0.213,5,0.417
418,28.0,0.171,21.7,1.88,5,"201150,1610612766",98.9,0.201,0.467,306,5.4,124,2.2,0.405,57,27,18.2,2.1,101.1,0.053,98.09,0.094,201150,Spencer Hawes,0.127,CHA,1610612766,11.6,0.508,0.171,30,0.526
419,20.0,0.113,13.5,1.04,5,"1626169,1610612765",104.1,0.164,0.428,600,8.2,225,3.1,0.375,73,36,23.1,-3.8,100.3,0.036,98.35,0.064,1626169,Stanley Johnson,0.099,DET,1610612765,13.0,0.46,0.196,37,0.507
420,28.0,0.315,20.6,2.01,5,"201939,1610612744",98.3,0.131,0.63,1598,20.2,805,10.2,0.504,79,8,34.2,18.3,116.7,0.029,103.82,0.197,201939,Stephen Curry,0.084,GSW,1610612744,10.2,0.669,0.32,71,0.899
421,36.0,0.311,37.8,2.47,5,"2581,1610612765",103.7,0.092,0.496,240,4.1,93,1.6,0.388,58,24,17.0,-3.7,99.9,0.01,96.56,0.078,2581,Steve Blake,0.049,DET,1610612765,15.3,0.51,0.148,34,0.586
422,33.0,0.0,0.0,0.0,5,"200779,1610612749",102.1,0.102,0.639,18,1.8,8,0.8,0.444,10,2,4.4,5.1,107.2,0.0,106.15,0.088,200779,Steve Novak,0.059,MIL,1610612749,5.1,0.651,0.18,8,0.8
423,22.0,0.042,9.4,0.74,5,"203500,1610612760",99.0,0.158,0.613,426,5.3,261,3.3,0.613,80,26,25.2,11.1,110.1,0.124,99.12,0.087,203500,Steven Adams,0.142,OKC,1610612760,12.8,0.621,0.127,54,0.675
424,24.0,0.36,37.1,2.62,5,"204456,1610612755",106.8,0.154,0.503,464,5.7,218,2.7,0.47,81,71,19.8,-7.9,98.9,0.029,99.22,0.116,204456,TJ McConnell,0.088,PHI,1610612755,14.2,0.511,0.171,10,0.123
425,22.0,0.068,8.1,1.38,5,"203933,1610612756",107.7,0.1,0.533,441,9.4,221,4.7,0.501,47,33,22.8,-7.2,100.5,0.057,101.6,0.092,203933,TJ Warren,0.077,PHX,1610612756,5.9,0.549,0.198,14,0.298
426,31.0,0.083,14.2,1.36,5,"201959,1610612741",104.4,0.155,0.526,500,6.8,263,3.6,0.526,73,36,26.5,-2.6,101.7,0.116,97.01,0.096,201959,Taj Gibson,0.137,CHI,1610612741,10.4,0.556,0.148,37,0.507
427,24.0,0.053,9.9,0.73,5,"204028,1610612747",101.4,0.257,0.548,104,2.7,57,1.5,0.548,39,33,12.7,0.7,102.1,0.1,96.19,0.081,204028,Tarik Black,0.179,LAL,1610612747,13.6,0.537,0.13,6,0.154
428,36.0,0.073,21.9,2.74,5,"2419,1610612750",103.5,0.089,0.454,229,3.0,102,1.3,0.445,77,50,19.0,-1.9,101.7,0.025,95.22,0.049,2419,Tayshaun Prince,0.057,MIN,1610612750,8.0,0.466,0.083,27,0.351
429,24.0,0.069,8.1,0.84,5,"203093,1610612745",112.1,0.166,0.486,367,7.3,166,3.3,0.452,50,26,20.9,-10.5,101.6,0.064,99.6,0.083,203093,Terrence Jones,0.113,HOU,1610612745,9.6,0.519,0.195,24,0.48
430,25.0,0.053,7.4,1.22,5,"203082,1610612761",100.6,0.104,0.536,626,8.6,270,3.7,0.431,73,20,23.9,5.7,106.3,0.014,94.9,0.082,203082,Terrence Ross,0.06,TOR,1610612761,6.1,0.551,0.183,53,0.726
431,22.0,0.199,22.2,1.95,5,"1626179,1610612738",100.6,0.134,0.302,106,2.7,29,0.7,0.274,39,15,8.0,-6.6,94.1,0.071,100.24,0.044,1626179,Terry Rozier,0.1,BOS,1610612738,11.4,0.326,0.176,24,0.615
432,32.0,0.093,18.1,1.57,5,"200757,1610612737",97.9,0.171,0.563,371,4.9,188,2.5,0.507,75,33,23.4,3.1,101.0,0.034,99.15,0.096,200757,Thabo Sefolosha,0.104,ATL,1610612737,11.5,0.579,0.125,42,0.56
433,28.0,0.094,10.4,1.0,5,"201152,1610612751",107.4,0.227,0.518,963,13.2,495,6.8,0.514,73,52,33.0,-4.4,103.0,0.083,96.71,0.118,201152,Thaddeus Young,0.156,BKN,1610612751,10.4,0.533,0.219,21,0.288
434,23.0,0.0,0.0,0.0,5,"203648,1610612752",134.8,0.125,0.75,4,2.0,3,1.5,0.75,2,1,3.1,-26.1,108.7,0.0,106.44,0.14,203648,Thanasis Antetokounmpo,0.077,NYK,1610612752,0.0,0.75,0.288,1,0.5
435,25.0,0.08,10.1,0.67,5,"203080,1610612751",110.7,0.293,0.447,291,4.1,130,1.8,0.447,71,55,12.9,-13.9,96.9,0.152,98.01,0.091,203080,Thomas Robinson,0.216,BKN,1610612751,15.2,0.453,0.192,16,0.225
436,31.0,0.077,13.0,1.25,5,"201168,1610612737",94.2,0.145,0.523,155,4.3,81,2.3,0.523,36,15,16.1,9.3,103.5,0.09,99.14,0.088,201168,Tiago Splitter,0.118,ATL,1610612737,10.4,0.571,0.154,21,0.583
437,26.0,0.043,5.6,0.25,5,"202353,1610612762",107.7,0.134,0.44,25,2.1,11,0.9,0.44,12,5,6.8,-6.0,101.7,0.095,92.75,-0.004,202353,Tibor Pleiss,0.115,UTA,1610612762,22.3,0.464,0.199,7,0.583
438,40.0,0.153,21.7,1.81,5,"1495,1610612759",93.8,0.234,0.488,441,7.2,215,3.5,0.488,61,11,25.2,13.7,107.6,0.087,94.99,0.122,1495,Tim Duncan,0.163,SAS,1610612759,12.0,0.523,0.174,50,0.82
439,25.0,0.339,33.2,2.49,5,"204025,1610612740",104.7,0.126,0.454,229,4.5,96,1.9,0.419,51,26,14.5,-0.5,104.2,0.039,97.09,0.1,204025,Tim Frazier,0.082,NOP,1610612740,13.3,0.499,0.198,25,0.49
440,24.0,0.089,14.0,2.22,5,"203501,1610612737",98.0,0.097,0.521,265,5.2,114,2.2,0.43,51,22,16.9,6.1,104.1,0.009,98.56,0.082,203501,Tim Hardaway Jr.,0.055,ATL,1610612737,6.3,0.563,0.164,29,0.569
441,29.0,0.039,6.5,0.46,5,"202389,1610612739",103.7,0.187,0.567,359,4.7,203,2.7,0.565,76,24,17.4,0.8,104.4,0.097,94.97,0.089,202389,Timofey Mozgov,0.143,CLE,1610612739,14.1,0.593,0.165,52,0.684
442,23.0,0.106,13.3,1.56,5,"202699,1610612765",103.7,0.184,0.514,889,11.7,417,5.5,0.469,76,39,33.1,-0.5,103.1,0.042,96.95,0.116,202699,Tobias Harris,0.113,DET,1610612765,8.5,0.56,0.195,37,0.487
443,30.0,0.188,22.1,2.45,5,"201962,1610612740",109.7,0.111,0.502,445,7.3,183,3.0,0.411,61,39,20.7,-4.8,104.9,0.02,99.22,0.085,201962,Toney Douglas,0.062,NOP,1610612740,9.0,0.543,0.192,22,0.361
444,34.0,0.068,10.3,0.9,5,"2754,1610612763",104.1,0.143,0.474,469,7.3,215,3.4,0.458,64,30,25.3,-1.4,102.7,0.071,94.78,0.075,2754,Tony Allen,0.105,MEM,1610612763,11.5,0.505,0.17,34,0.531
445,34.0,0.294,29.3,2.89,5,"2225,1610612759",96.8,0.089,0.512,710,9.9,350,4.9,0.493,72,13,27.5,10.6,107.5,0.01,94.86,0.112,2225,Tony Parker,0.05,SAS,1610612759,10.1,0.546,0.214,59,0.819
446,24.0,0.07,13.4,1.21,5,"203503,1610612741",97.0,0.132,0.454,339,5.3,126,2.0,0.372,64,31,20.3,4.5,101.4,0.016,98.73,0.054,203503,Tony Snell,0.077,CHI,1610612741,11.1,0.478,0.137,33,0.516
447,23.0,0.274,15.4,0.69,5,"203100,1610612752",108.9,0.141,0.362,65,8.1,22,2.8,0.338,8,8,18.0,-24.2,84.8,0.015,103.19,0.022,203100,Tony Wroten,0.077,NYK,1610612752,22.3,0.412,0.32,0,0.0
448,30.0,0.1,15.3,1.66,5,"2772,1610612745",107.0,0.119,0.523,859,10.6,357,4.4,0.416,81,41,35.3,0.4,107.3,0.026,99.36,0.084,2772,Trevor Ariza,0.072,HOU,1610612745,9.2,0.551,0.158,40,0.494
449,28.0,0.083,13.9,1.02,5,"202344,1610612762",100.2,0.202,0.505,388,4.9,190,2.4,0.49,79,40,20.7,1.6,101.8,0.119,93.86,0.1,202344,Trevor Booker,0.161,UTA,1610612762,13.5,0.533,0.144,39,0.494
450,23.0,0.201,16.5,1.85,5,"203504,1610612762",102.9,0.08,0.483,634,9.9,262,4.1,0.413,64,33,21.3,-2.0,100.9,0.015,94.0,0.099,203504,Trey Burke,0.047,UTA,1610612762,8.9,0.507,0.247,31,0.484
451,20.0,0.072,9.9,0.91,5,"1626168,1610612762",103.0,0.203,0.494,436,5.5,191,2.4,0.438,80,42,17.3,-0.9,102.1,0.048,92.48,0.09,1626168,Trey Lyles,0.123,UTA,1610612762,10.9,0.517,0.183,38,0.475
452,25.0,0.04,9.5,1.02,5,"202684,1610612739",101.7,0.233,0.588,420,5.1,247,3.0,0.588,82,25,27.7,7.9,109.6,0.133,95.63,0.106,202684,Tristan Thompson,0.183,CLE,1610612739,9.4,0.611,0.116,57,0.695
453,24.0,0.083,8.9,0.88,5,"203584,1610612766",104.2,0.119,0.634,187,4.3,89,2.1,0.476,43,18,11.1,-2.4,101.8,0.016,99.55,0.098,203584,Troy Daniels,0.066,CHA,1610612766,10.2,0.634,0.202,25,0.581
454,28.0,0.251,32.7,2.49,5,"201951,1610612754",105.7,0.072,0.444,354,5.4,139,2.1,0.393,66,35,21.4,-6.2,99.5,0.019,101.47,0.068,201951,Ty Lawson,0.046,IND,1610612754,13.1,0.476,0.147,31,0.47
455,21.0,0.225,27.7,2.07,5,"203898,1610612749",104.2,0.108,0.484,187,4.1,84,1.8,0.449,46,29,14.2,-5.5,98.7,0.023,95.35,0.075,203898,Tyler Ennis,0.066,MIL,1610612749,13.4,0.51,0.173,17,0.37
456,30.0,0.038,6.7,0.67,5,"201946,1610612766",107.3,0.174,0.465,71,1.6,32,0.7,0.451,44,16,7.8,-1.2,106.1,0.119,96.73,0.054,201946,Tyler Hansbrough,0.144,CHA,1610612766,10.0,0.522,0.146,28,0.636
457,24.0,0.151,19.9,1.68,5,"204020,1610612748",98.4,0.104,0.541,243,6.8,118,3.3,0.486,36,17,24.0,2.4,100.8,0.038,94.35,0.098,204020,Tyler Johnson,0.072,MIA,1610612748,11.8,0.579,0.172,19,0.528
458,26.0,0.073,7.0,0.63,5,"203092,1610612738",101.9,0.168,0.476,290,4.8,138,2.3,0.476,60,22,11.8,-3.4,98.5,0.091,101.93,0.102,203092,Tyler Zeller,0.13,BOS,1610612738,11.2,0.539,0.23,38,0.633
459,26.0,0.366,27.7,2.25,5,"201936,1610612740",105.4,0.159,0.486,314,12.6,136,5.4,0.433,25,14,30.6,-0.9,104.5,0.029,95.42,0.131,201936,Tyreke Evans,0.094,NOP,1610612740,12.3,0.534,0.254,11,0.44
460,33.0,0.064,11.7,0.69,5,"2199,1610612756",108.1,0.272,0.583,314,4.8,183,2.8,0.583,66,48,24.5,-12.6,95.5,0.116,99.21,0.117,2199,Tyson Chandler,0.193,PHX,1610612756,17.0,0.606,0.128,18,0.273
461,20.0,0.278,34.4,3.27,5,"1626145,1610612750",110.3,0.083,0.41,156,4.2,56,1.5,0.359,37,24,15.5,-10.0,100.3,0.014,98.3,0.077,1626145,Tyus Jones,0.047,MIN,1610612750,10.5,0.45,0.159,13,0.351
462,36.0,0.08,16.2,2.8,5,"2617,1610612748",100.7,0.301,0.385,61,1.6,23,0.6,0.377,37,12,7.0,0.0,100.7,0.05,93.73,0.09,2617,Udonis Haslem,0.179,MIA,1610612748,5.8,0.432,0.136,25,0.676
463,24.0,0.182,18.6,1.84,5,"203506,1610612753",104.5,0.135,0.489,970,13.5,425,5.9,0.438,72,40,33.0,-0.6,104.0,0.022,98.76,0.111,203506,Victor Oladipo,0.079,ORL,1610612753,10.1,0.534,0.228,32,0.444
464,39.0,0.089,11.9,1.6,5,"1713,1610612763",106.0,0.132,0.474,343,5.7,133,2.2,0.388,60,27,16.8,-3.0,103.0,0.033,97.53,0.08,1713,Vince Carter,0.081,MEM,1610612763,7.4,0.52,0.181,33,0.55
465,24.0,0.055,9.8,0.6,5,"204002,1610612737",112.9,0.222,0.579,19,1.7,11,1.0,0.579,11,4,6.6,-3.1,109.8,0.132,102.81,0.071,204002,Walter Tavares,0.181,ATL,1610612737,16.4,0.555,0.168,7,0.636
466,28.0,0.082,11.6,1.84,5,"201961,1610612751",106.9,0.107,0.474,561,7.4,218,2.9,0.389,76,58,21.3,-10.6,96.3,0.013,97.11,0.068,201961,Wayne Ellington,0.059,BKN,1610612751,6.3,0.498,0.176,18,0.237
467,28.0,0.045,7.7,0.91,5,"202325,1610612746",100.4,0.137,0.504,515,6.4,208,2.6,0.404,80,29,20.8,3.3,103.7,0.024,98.76,0.069,202325,Wesley Johnson,0.08,LAC,1610612746,8.5,0.513,0.157,51,0.638
468,29.0,0.088,13.2,1.94,5,"202083,1610612742",105.7,0.089,0.498,854,10.9,331,4.2,0.388,78,38,33.9,2.7,108.4,0.011,95.14,0.065,202083,Wesley Matthews,0.05,DAL,1610612742,6.8,0.532,0.174,40,0.513
469,25.0,0.147,14.1,1.46,5,"203115,1610612743",105.8,0.202,0.489,983,12.0,425,5.2,0.432,82,49,28.7,-3.5,102.4,0.028,98.33,0.125,203115,Will Barton,0.113,DEN,1610612743,9.6,0.535,0.231,33,0.402
470,22.0,0.038,7.8,0.8,5,"1626161,1610612758",108.1,0.166,0.563,339,5.1,191,2.9,0.563,66,40,21.4,-2.7,105.4,0.105,100.92,0.088,1626161,Willie Cauley-Stein,0.136,SAC,1610612758,9.6,0.588,0.133,26,0.394
471,26.0,0.039,5.5,0.63,5,"203186,1610612751",105.8,0.206,0.571,133,3.4,76,1.9,0.571,39,31,10.9,-7.9,97.9,0.132,97.12,0.114,203186,Willie Reed,0.169,BKN,1610612751,8.7,0.579,0.18,8,0.205
472,24.0,0.136,18.3,1.47,5,"204098,1610612763",112.3,0.144,0.474,77,5.5,32,2.3,0.416,14,11,17.4,-9.5,102.8,0.013,96.31,0.064,204098,Xavier Munford,0.071,MEM,1610612763,12.5,0.481,0.172,3,0.214
473,21.0,0.187,17.3,1.62,5,"203897,1610612750",109.5,0.1,0.516,959,11.7,433,5.3,0.452,82,53,28.0,-5.5,104.0,0.014,99.01,0.091,203897,Zach LaVine,0.058,MIN,1610612750,10.7,0.548,0.233,29,0.354
474,34.0,0.125,11.4,1.35,5,"2216,1610612763",105.8,0.21,0.479,907,13.3,431,6.3,0.475,68,31,29.7,-2.0,103.8,0.1,94.67,0.13,2216,Zach Randolph,0.153,MEM,1610612763,8.4,0.519,0.247,37,0.544
475,32.0,0.101,15.3,1.08,5,"2585,1610612742",103.2,0.262,0.466,470,6.2,219,2.9,0.466,76,36,26.4,0.9,104.1,0.137,94.54,0.118,2585,Zaza Pachulia,0.199,DAL,1610612742,14.2,0.55,0.164,40,0.526
