,AGE,AST,BLK,BLKA,CFID,CFPARAMS,DD2,DREB,FG3A,FG3M,FG3_PCT,FGA,FGM,FG_PCT,FTA,FTM,FT_PCT,GP,L,MIN,OREB,PF,PFD,PLAYER_ID,PLAYER_NAME,PLUS_MINUS,PTS,REB,STL,TD3,TEAM_ABBREVIATION,TEAM_ID,TOV,W,W_PCT
0,30.0,2,0,0,5,"201143,1610612737",0,3,1,1,1.0,3,3,1.0,0,0,0.0,1,1,9.41666666667,0,0,0,201143,Al Horford,-7,7,3,0,0,ATL,1610612737,0,0,0.0
1,22.0,0,0,0,5,"203083,1610612765",1,8,1,0,0.0,11,8,0.727,0,0,0.0,1,1,18.2166666667,5,1,0,203083,Andre Drummond,-12,16,13,2,0,DET,1610612765,1,0,0.0
2,23.0,0,0,0,5,"203076,1610612740",0,3,0,0,0.0,13,12,0.923,0,0,0.0,1,0,15.1666666667,3,1,0,203076,Anthony Davis,4,24,6,1,0,NOP,1610612740,0,1,1.0
3,32.0,0,1,0,5,"2546,1610612752",0,3,5,1,0.2,11,6,0.545,0,0,0.0,1,1,22.9333333333,3,2,1,2546,Carmelo Anthony,-6,13,6,0,0,NYK,1610612752,2,0,0.0
4,31.0,16,0,0,5,"101108,1610612746",1,4,6,4,0.667,7,5,0.714,0,0,0.0,1,0,19.0166666667,0,1,1,101108,Chris Paul,5,14,4,1,0,LAC,1610612746,4,1,1.0
5,26.0,2,0,0,5,"201942,1610612761",0,0,3,0,0.0,15,9,0.6,1,0,0.0,1,1,18.9,1,0,3,201942,DeMar DeRozan,-12,18,1,1,0,TOR,1610612761,1,0,0.0
6,25.0,1,0,0,5,"202326,1610612758",0,3,1,1,1.0,5,5,1.0,0,0,0.0,1,0,11.6,1,2,2,202326,DeMarcus Cousins,10,11,4,0,0,SAC,1610612758,0,1,1.0
7,26.0,0,0,0,5,"203110,1610612744",0,4,1,0,0.0,6,2,0.333,0,0,0.0,1,0,12.1333333333,1,1,1,203110,Draymond Green,15,4,5,2,0,GSW,1610612744,1,1,1.0
8,34.0,6,0,0,5,"2548,1610612748",0,3,1,0,0.0,7,4,0.571,0,0,0.0,1,1,22.9333333333,1,0,0,2548,Dwyane Wade,-6,8,4,2,0,MIA,1610612748,3,0,0.0
9,27.0,1,0,0,5,"202738,1610612738",0,0,5,1,0.2,11,4,0.364,0,0,0.0,1,1,18.9833333333,3,1,0,202738,Isaiah Thomas,-18,9,3,1,0,BOS,1610612738,1,0,0.0
10,26.0,3,0,0,5,"201935,1610612745",0,4,12,7,0.583,14,8,0.571,0,0,0.0,1,0,20.9333333333,0,0,0,201935,James Harden,9,23,4,0,0,HOU,1610612745,1,1,1.0
11,25.0,3,0,0,5,"202322,1610612764",0,3,4,2,0.5,14,10,0.714,0,0,0.0,1,1,19.4833333333,0,0,0,202322,John Wall,5,22,3,1,0,WAS,1610612764,2,0,0.0
12,24.0,3,0,0,5,"202695,1610612759",0,3,6,1,0.167,15,8,0.533,0,0,0.0,1,0,25.8,3,0,0,202695,Kawhi Leonard,11,17,6,2,0,SAS,1610612759,2,1,1.0
13,27.0,7,0,0,5,"201142,1610612760",0,3,8,1,0.125,18,11,0.611,0,0,0.0,1,0,23.0666666667,2,0,1,201142,Kevin Durant,10,23,5,2,0,OKC,1610612760,0,1,1.0
14,26.0,2,0,0,5,"202691,1610612744",0,1,10,3,0.3,11,3,0.273,0,0,0.0,1,0,20.9333333333,1,0,0,202691,Klay Thompson,9,9,2,1,0,GSW,1610612744,0,1,1.0
15,37.0,7,0,0,5,"977,1610612747",0,5,5,1,0.2,11,4,0.364,2,1,0.5,1,0,25.9666666667,1,1,3,977,Kobe Bryant,11,10,6,1,0,LAL,1610612747,1,1,1.0
16,30.0,10,1,0,5,"200768,1610612761",1,5,12,4,0.333,13,5,0.385,0,0,0.0,1,1,28.5166666667,0,2,0,200768,Kyle Lowry,-28,14,5,2,0,TOR,1610612761,6,0,0.0
17,30.0,1,0,1,5,"200746,1610612759",0,3,1,0,0.0,8,2,0.25,0,0,0.0,1,0,14.0666666667,1,0,0,200746,LaMarcus Aldridge,1,4,4,1,0,SAS,1610612759,0,1,1.0
18,31.0,7,0,0,5,"2544,1610612739",0,4,5,1,0.2,13,6,0.462,0,0,0.0,1,1,20.2166666667,0,0,0,2544,LeBron James,-13,13,4,0,0,CLE,1610612739,4,0,0.0
19,35.0,1,0,0,5,"2200,1610612741",0,6,1,0,0.0,7,3,0.429,4,3,0.75,1,1,14.5166666667,1,2,4,2200,Pau Gasol,-6,9,7,1,0,CHI,1610612741,1,0,0.0
20,26.0,1,0,0,5,"202331,1610612754",0,5,19,9,0.474,26,16,0.615,0,0,0.0,1,1,26.8166666667,0,0,0,202331,Paul George,-3,41,5,1,0,IND,1610612754,3,0,0.0
21,31.0,1,0,0,5,"200794,1610612737",0,2,2,1,0.5,6,1,0.167,0,0,0.0,1,1,19.0666666667,1,0,0,200794,Paul Millsap,-9,3,3,0,0,ATL,1610612737,0,0,0.0
22,27.0,5,0,1,5,"201566,1610612760",0,5,17,7,0.412,23,12,0.522,0,0,0.0,1,0,22.3333333333,3,1,0,201566,Russell Westbrook,12,31,8,5,0,OKC,1610612760,3,1,1.0
23,28.0,6,0,0,5,"201939,1610612744",0,4,13,6,0.462,18,10,0.556,0,0,0.0,1,0,28.9833333333,1,1,0,201939,Stephen Curry,18,26,5,4,0,GSW,1610612744,2,1,1.0
