,AGE,BLK,BLKA,CFID,CFPARAMS,GP,L,MIN,OPP_PTS_2ND_CHANCE,OPP_PTS_FB,OPP_PTS_OFF_TOV,OPP_PTS_PAINT,PF,PFD,PLAYER_ID,PLAYER_NAME,PTS_2ND_CHANCE,PTS_FB,PTS_OFF_TOV,PTS_PAINT,TEAM_ABBREVIATION,TEAM_ID,W,W_PCT
0,31.0,0.003,0.006,5,"201166,1610612741",8,4,0.484,0.091,0.085,0.182,0.345,0.057,0.041,201166,Aaron Brooks,0.035,0.025,0.031,0.082,CHI,1610612741,4,0.5
1,20.0,0.016,0.0,5,"203932,1610612753",2,0,0.479,0.093,0.093,0.171,0.28,0.078,0.047,203932,Aaron Gordon,0.062,0.062,0.0,0.124,ORL,1610612753,2,1.0
2,21.0,0.0,0.0,5,"1626151,1610612766",6,1,0.496,0.039,0.245,0.239,0.477,0.045,0.019,1626151,Aaron Harrison,0.0,0.006,0.0,0.0,CHA,1610612766,5,0.833
3,23.0,0.0,0.049,5,"203519,1610612765",1,1,0.477,0.197,0.0,0.098,0.492,0.0,0.0,203519,Adonis Thomas,0.098,0.0,0.0,0.0,DET,1610612765,0,0.0
4,25.0,0.013,0.013,5,"203940,1610612750",6,4,0.479,0.114,0.18,0.174,0.428,0.114,0.047,203940,Adreian Payne,0.027,0.013,0.04,0.053,MIN,1610612750,2,0.333
5,30.0,0.024,0.007,5,"201143,1610612737",6,2,0.483,0.123,0.11,0.171,0.316,0.034,0.038,201143,Al Horford,0.014,0.014,0.017,0.11,ATL,1610612737,4,0.667
6,31.0,0.023,0.003,5,"2744,1610612766",6,0,0.472,0.101,0.137,0.153,0.34,0.036,0.042,2744,Al Jefferson,0.013,0.007,0.023,0.124,CHA,1610612766,6,1.0
7,25.0,0.021,0.015,5,"202329,1610612757",3,1,0.474,0.067,0.2,0.195,0.339,0.046,0.036,202329,Al-Farouq Aminu,0.036,0.031,0.046,0.082,POR,1610612757,2,0.667
8,24.0,0.003,0.018,5,"202692,1610612762",7,4,0.486,0.141,0.136,0.2,0.399,0.038,0.071,202692,Alec Burks,0.015,0.03,0.015,0.101,UTA,1610612762,3,0.429
9,23.0,0.038,0.005,5,"203458,1610612756",5,1,0.474,0.12,0.086,0.105,0.383,0.062,0.072,203458,Alex Len,0.067,0.0,0.029,0.144,PHX,1610612756,4,0.8
10,28.0,0.0,0.059,5,"1627293,1610612763",3,1,0.544,0.059,0.235,0.294,0.235,0.059,0.118,1627293,Alex Stepheson,0.078,0.0,0.0,0.078,MEM,1610612763,2,0.667
11,28.0,0.0,0.0,5,"201582,1610612740",1,0,0.439,0.107,0.107,0.0,0.213,0.053,0.0,201582,Alexis Ajinca,0.0,0.0,0.0,0.0,NOP,1610612740,1,1.0
12,24.0,0.0,0.005,5,"203459,1610612757",7,4,0.475,0.115,0.151,0.186,0.387,0.041,0.026,203459,Allen Crabbe,0.0,0.048,0.045,0.038,POR,1610612757,3,0.429
13,29.0,0.004,0.011,5,"202087,1610612740",6,4,0.455,0.147,0.079,0.121,0.45,0.061,0.043,202087,Alonzo Gee,0.0,0.029,0.021,0.029,NOP,1610612740,2,0.333
14,33.0,0.023,0.015,5,"2405,1610612748",5,2,0.492,0.108,0.17,0.2,0.262,0.054,0.077,2405,Amar'e Stoudemire,0.0,0.015,0.031,0.062,MIA,1610612748,3,0.6
15,29.0,0.025,0.017,5,"101161,1610612738",6,1,0.459,0.122,0.088,0.134,0.369,0.046,0.046,101161,Amir Johnson,0.038,0.013,0.025,0.193,BOS,1610612738,5,0.833
16,33.0,0.01,0.0,5,"2760,1610612744",6,6,0.477,0.122,0.076,0.238,0.345,0.061,0.051,2760,Anderson Varejao,0.015,0.01,0.061,0.101,GSW,1610612744,0,0.0
17,22.0,0.015,0.015,5,"203083,1610612765",8,5,0.49,0.111,0.111,0.166,0.346,0.043,0.043,203083,Andre Drummond,0.058,0.038,0.062,0.23,DET,1610612765,3,0.375
18,32.0,0.015,0.0,5,"2738,1610612744",6,3,0.473,0.215,0.118,0.185,0.369,0.026,0.026,2738,Andre Iguodala,0.0,0.062,0.026,0.062,GSW,1610612744,3,0.5
19,40.0,0.0,0.0,5,"1889,1610612759",3,2,0.533,0.054,0.065,0.141,0.325,0.022,0.108,1889,Andre Miller,0.011,0.0,0.054,0.13,SAS,1610612759,1,0.333
20,24.0,0.004,0.004,5,"203460,1610612760",6,1,0.477,0.11,0.153,0.232,0.377,0.059,0.028,203460,Andre Roberson,0.0,0.035,0.035,0.031,OKC,1610612760,5,0.833
21,31.0,0.032,0.0,5,"101106,1610612744",4,2,0.45,0.203,0.095,0.133,0.407,0.076,0.025,101106,Andrew Bogut,0.0,0.019,0.0,0.102,GSW,1610612744,2,0.5
22,26.0,0.0,0.007,5,"203094,1610612753",6,2,0.504,0.096,0.037,0.103,0.324,0.051,0.059,203094,Andrew Nicholson,0.059,0.022,0.044,0.162,ORL,1610612753,4,0.667
23,21.0,0.012,0.009,5,"203952,1610612750",7,5,0.497,0.135,0.189,0.159,0.432,0.033,0.09,203952,Andrew Wiggins,0.039,0.066,0.033,0.078,MIN,1610612750,2,0.286
24,23.0,0.0,0.006,5,"203461,1610612761",6,2,0.492,0.109,0.131,0.189,0.423,0.051,0.057,203461,Anthony Bennett,0.069,0.0,0.017,0.023,TOR,1610612761,4,0.667
25,23.0,0.0,0.0,5,"1626148,1610612747",7,4,0.475,0.132,0.117,0.18,0.382,0.037,0.011,1626148,Anthony Brown,0.007,0.011,0.029,0.007,LAL,1610612747,3,0.429
26,23.0,0.037,0.013,5,"203076,1610612740",6,3,0.467,0.126,0.096,0.12,0.385,0.032,0.101,203076,Anthony Davis,0.059,0.035,0.035,0.118,NOP,1610612740,3,0.5
27,30.0,0.0,0.004,5,"201627,1610612760",6,1,0.491,0.149,0.091,0.158,0.44,0.025,0.017,201627,Anthony Morrow,0.025,0.021,0.033,0.017,OKC,1610612760,5,0.833
28,31.0,0.003,0.0,5,"201229,1610612765",8,5,0.486,0.153,0.089,0.136,0.32,0.031,0.017,201229,Anthony Tolliver,0.024,0.034,0.024,0.007,DET,1610612765,3,0.375
29,21.0,0.005,0.019,5,"203462,1610612756",6,2,0.444,0.145,0.14,0.196,0.458,0.023,0.028,203462,Archie Goodwin,0.028,0.019,0.047,0.103,PHX,1610612756,4,0.667
30,29.0,0.017,0.0,5,"203382,1610612765",4,2,0.491,0.087,0.087,0.148,0.313,0.061,0.087,203382,Aron Baynes,0.043,0.017,0.026,0.104,DET,1610612765,2,0.5
31,30.0,0.0,0.012,5,"201167,1610612752",3,2,0.486,0.173,0.123,0.099,0.469,0.049,0.025,201167,Arron Afflalo,0.0,0.037,0.062,0.074,NYK,1610612752,1,0.333
32,26.0,0.0,0.0,5,"203529,1610612745",2,1,0.433,0.084,0.168,0.112,0.224,0.14,0.056,203529,Arsalan Kazemi,0.0,0.0,0.0,0.0,HOU,1610612745,1,0.5
33,28.0,0.02,0.013,5,"201948,1610612739",6,5,0.481,0.101,0.135,0.276,0.445,0.101,0.027,201948,Austin Daye,0.013,0.0,0.034,0.013,CLE,1610612739,1,0.167
34,23.0,0.004,0.0,5,"203085,1610612746",5,2,0.457,0.104,0.19,0.169,0.363,0.065,0.061,203085,Austin Rivers,0.009,0.026,0.03,0.087,LAC,1610612746,3,0.6
35,25.0,0.004,0.004,5,"202340,1610612738",6,1,0.461,0.132,0.1,0.124,0.352,0.048,0.016,202340,Avery Bradley,0.044,0.068,0.016,0.056,BOS,1610612738,5,0.833
36,23.0,0.0,0.0,5,"1626253,1610612743",2,1,0.52,0.097,0.048,0.121,0.388,0.073,0.024,1626253,Axel Toupane,0.0,0.0,0.0,0.0,DEN,1610612743,1,0.5
37,33.0,0.0,0.0,5,"2732,1610612744",2,1,0.464,0.0,0.167,0.363,0.223,0.028,0.0,2732,Ben Gordon,0.0,0.0,0.0,0.0,GSW,1610612744,1,0.5
38,23.0,0.0,0.004,5,"203463,1610612758",6,1,0.485,0.116,0.1,0.166,0.348,0.043,0.046,203463,Ben McLemore,0.008,0.05,0.035,0.031,SAC,1610612758,5,0.833
39,33.0,0.0,0.012,5,"2757,1610612748",5,1,0.453,0.065,0.202,0.22,0.392,0.036,0.071,2757,Beno Udrih,0.012,0.0,0.012,0.012,MIA,1610612748,4,0.8
40,23.0,0.025,0.022,5,"202687,1610612761",7,2,0.516,0.079,0.093,0.129,0.287,0.079,0.065,202687,Bismack Biyombo,0.043,0.0,0.025,0.05,TOR,1610612761,5,0.714
41,27.0,0.009,0.02,5,"201933,1610612746",6,3,0.451,0.08,0.128,0.191,0.382,0.04,0.077,201933,Blake Griffin,0.037,0.057,0.066,0.143,LAC,1610612746,3,0.5
42,31.0,0.0,0.041,5,"1627322,1610612740",4,3,0.453,0.131,0.09,0.204,0.392,0.065,0.025,1627322,Bo McCalebb,0.0,0.0,0.0,0.082,NOP,1610612740,1,0.25
43,27.0,0.041,0.008,5,"1626246,1610612759",5,3,0.478,0.041,0.231,0.28,0.247,0.033,0.025,1626246,Boban Marjanovic,0.066,0.0,0.049,0.148,SAS,1610612759,2,0.4
44,21.0,0.016,0.003,5,"1626171,1610612741",7,4,0.474,0.09,0.178,0.193,0.387,0.069,0.044,1626171,Bobby Portis,0.059,0.019,0.019,0.087,CHI,1610612741,3,0.429
45,27.0,0.005,0.018,5,"202711,1610612751",4,3,0.477,0.147,0.115,0.197,0.413,0.014,0.037,202711,Bojan Bogdanovic,0.018,0.028,0.041,0.064,BKN,1610612751,1,0.25
46,34.0,0.015,0.015,5,"2564,1610612759",3,1,0.502,0.133,0.147,0.191,0.294,0.059,0.029,2564,Boris Diaw,0.029,0.0,0.0,0.029,SAS,1610612759,2,0.667
47,22.0,0.003,0.007,5,"203078,1610612764",6,2,0.451,0.059,0.141,0.207,0.328,0.033,0.03,203078,Bradley Beal,0.026,0.079,0.062,0.131,WAS,1610612764,4,0.667
48,28.0,0.029,0.005,5,"201148,1610612763",5,1,0.474,0.107,0.126,0.219,0.33,0.053,0.034,201148,Brandan Wright,0.044,0.019,0.049,0.136,MEM,1610612763,4,0.8
49,23.0,0.0,0.0,5,"1626183,1610612746",2,1,0.491,0.08,0.08,0.161,0.241,0.0,0.0,1626183,Branden Dawson,0.0,0.241,0.241,0.241,LAC,1610612746,1,0.5
50,21.0,0.016,0.005,5,"1626165,1610612742",7,7,0.463,0.148,0.153,0.142,0.427,0.044,0.033,1626165,Brandon Ashley,0.011,0.005,0.022,0.0,DAL,1610612742,0,0.0
51,31.0,0.019,0.014,5,"101138,1610612747",5,4,0.472,0.13,0.145,0.188,0.425,0.053,0.053,101138,Brandon Bass,0.058,0.039,0.048,0.087,LAL,1610612747,1,0.2
52,24.0,0.0,0.003,5,"202688,1610612756",6,2,0.465,0.152,0.112,0.185,0.418,0.033,0.027,202688,Brandon Knight,0.0,0.033,0.039,0.036,PHX,1610612756,4,0.667
53,30.0,0.003,0.007,5,"201575,1610612744",7,4,0.447,0.152,0.152,0.262,0.427,0.045,0.031,201575,Brandon Rush,0.01,0.034,0.034,0.028,GSW,1610612744,3,0.429
54,30.0,0.0,0.004,5,"203148,1610612757",7,1,0.498,0.073,0.152,0.185,0.399,0.007,0.051,203148,Brian Roberts,0.029,0.029,0.036,0.051,POR,1610612757,6,0.857
55,28.0,0.051,0.004,5,"201572,1610612751",5,3,0.478,0.141,0.091,0.17,0.42,0.025,0.101,201572,Brook Lopez,0.036,0.011,0.04,0.138,BKN,1610612751,2,0.4
56,20.0,0.029,0.006,5,"203998,1610612761",6,2,0.489,0.081,0.069,0.191,0.382,0.069,0.023,203998,Bruno Caboclo,0.0,0.023,0.041,0.023,TOR,1610612761,4,0.667
57,23.0,0.0,0.014,5,"203955,1610612763",2,2,0.48,0.28,0.028,0.182,0.448,0.0,0.07,203955,Bryce Cotton,0.028,0.042,0.042,0.084,MEM,1610612763,0,0.0
58,23.0,0.004,0.018,5,"1626214,1610612740",7,4,0.468,0.125,0.15,0.15,0.418,0.062,0.066,1626214,Bryce Dejean-Jones,0.022,0.037,0.029,0.073,NOP,1610612740,3,0.429
59,24.0,0.021,0.01,5,"203927,1610612754",5,1,0.494,0.136,0.136,0.073,0.376,0.01,0.021,203927,CJ Fair,0.0,0.042,0.021,0.063,IND,1610612754,4,0.8
60,24.0,0.004,0.011,5,"203468,1610612757",7,4,0.47,0.111,0.161,0.161,0.338,0.035,0.035,203468,CJ McCollum,0.02,0.028,0.033,0.056,POR,1610612757,3,0.429
61,29.0,0.0,0.0,5,"101139,1610612754",6,2,0.469,0.141,0.085,0.098,0.375,0.038,0.034,101139,CJ Miles,0.034,0.051,0.043,0.068,IND,1610612754,4,0.667
62,32.0,0.009,0.003,5,"201228,1610612753",6,1,0.478,0.086,0.074,0.163,0.283,0.043,0.046,201228,CJ Watson,0.018,0.022,0.031,0.037,ORL,1610612753,5,0.833
63,25.0,0.015,0.015,5,"203912,1610612746",5,3,0.459,0.148,0.148,0.163,0.386,0.03,0.0,203912,CJ Wilcox,0.045,0.0,0.03,0.0,LAC,1610612746,2,0.4
64,25.0,0.012,0.006,5,"203946,1610612741",4,2,0.463,0.118,0.217,0.224,0.36,0.062,0.025,203946,Cameron Bairstow,0.05,0.0,0.012,0.087,CHI,1610612741,2,0.5
65,21.0,0.026,0.006,5,"1626166,1610612760",6,1,0.497,0.16,0.115,0.166,0.447,0.064,0.013,1626166,Cameron Payne,0.045,0.057,0.026,0.077,OKC,1610612760,5,0.833
66,32.0,0.024,0.008,5,"2546,1610612752",5,1,0.476,0.165,0.149,0.145,0.439,0.031,0.035,2546,Carmelo Anthony,0.074,0.035,0.039,0.078,NYK,1610612752,4,0.8
67,36.0,0.009,0.009,5,"2406,1610612758",4,1,0.477,0.035,0.132,0.175,0.351,0.053,0.018,2406,Caron Butler,0.026,0.018,0.026,0.0,SAC,1610612758,3,0.75
68,33.0,0.016,0.0,5,"101112,1610612739",7,1,0.497,0.063,0.117,0.149,0.29,0.059,0.039,101112,Channing Frye,0.035,0.012,0.016,0.055,CLE,1610612739,6,0.857
69,33.0,0.0,0.017,5,"101236,1610612745",4,3,0.467,0.104,0.069,0.19,0.208,0.052,0.0,101236,Charles Hayes,0.0,0.0,0.0,0.035,HOU,1610612745,1,0.25
70,31.0,0.0,0.004,5,"101111,1610612742",6,6,0.455,0.137,0.163,0.163,0.335,0.049,0.031,101111,Charlie Villanueva,0.049,0.062,0.075,0.088,DAL,1610612742,0,0.0
71,26.0,0.0,0.0,5,"203586,1610612749",1,1,0.496,0.39,0.0,0.223,0.445,0.111,0.223,203586,Charlie Westbrook,0.0,0.111,0.056,0.0,MIL,1610612749,0,0.0
72,28.0,0.007,0.0,5,"201978,1610612756",4,1,0.509,0.068,0.122,0.116,0.422,0.034,0.02,201978,Chase Budinger,0.02,0.054,0.054,0.054,PHX,1610612756,3,0.75
73,37.0,0.027,0.014,5,"2365,1610612763",7,4,0.491,0.145,0.123,0.114,0.364,0.023,0.041,2365,Chris Andersen,0.023,0.0,0.005,0.082,MEM,1610612763,3,0.429
74,26.0,0.007,0.0,5,"203569,1610612744",6,4,0.448,0.209,0.128,0.122,0.365,0.061,0.034,203569,Chris Babb,0.0,0.027,0.034,0.014,GSW,1610612744,2,0.333
75,32.0,0.005,0.011,5,"2547,1610612748",7,3,0.481,0.158,0.158,0.193,0.417,0.019,0.054,2547,Chris Bosh,0.005,0.0,0.037,0.064,MIA,1610612748,4,0.571
76,32.0,0.0,0.013,5,"203142,1610612749",3,2,0.457,0.094,0.17,0.151,0.302,0.025,0.057,203142,Chris Copeland,0.031,0.057,0.0,0.038,MIL,1610612749,1,0.333
77,32.0,0.022,0.007,5,"202808,1610612751",5,3,0.475,0.153,0.161,0.197,0.423,0.109,0.066,202808,Chris Daniels,0.066,0.0,0.051,0.088,BKN,1610612751,2,0.4
78,29.0,0.005,0.023,5,"201604,1610612740",5,3,0.459,0.209,0.172,0.14,0.484,0.009,0.07,201604,Chris Douglas-Roberts,0.0,0.065,0.042,0.047,NOP,1610612740,2,0.4
79,30.0,0.037,0.012,5,"202419,1610612739",4,4,0.452,0.173,0.123,0.185,0.519,0.111,0.037,202419,Chris Johnson,0.0,0.0,0.0,0.049,CLE,1610612739,0,0.0
80,26.0,0.0,0.0,5,"203187,1610612762",5,4,0.501,0.193,0.11,0.229,0.495,0.046,0.018,203187,Chris Johnson,0.0,0.018,0.055,0.073,UTA,1610612762,1,0.2
81,34.0,0.041,0.0,5,"2549,1610612757",2,1,0.459,0.103,0.247,0.329,0.247,0.082,0.0,2549,Chris Kaman,0.041,0.0,0.0,0.082,POR,1610612757,1,0.5
82,31.0,0.0,0.0,5,"101108,1610612746",5,2,0.453,0.089,0.135,0.177,0.347,0.046,0.042,101108,Chris Paul,0.027,0.027,0.015,0.046,LAC,1610612746,3,0.6
83,21.0,0.036,0.036,5,"1626217,1610612745",3,1,0.441,0.036,0.178,0.231,0.285,0.071,0.036,1626217,Chris Walker,0.107,0.036,0.0,0.214,HOU,1610612745,2,0.667
84,20.0,0.014,0.022,5,"1626174,1610612755",5,3,0.451,0.072,0.1,0.129,0.344,0.036,0.05,1626174,Christian Wood,0.014,0.014,0.029,0.158,PHI,1610612755,2,0.4
85,25.0,0.019,0.012,5,"203921,1610612752",6,2,0.469,0.147,0.081,0.124,0.394,0.07,0.058,203921,Cleanthony Early,0.004,0.07,0.042,0.093,NYK,1610612752,4,0.667
86,22.0,0.026,0.013,5,"203991,1610612745",6,3,0.464,0.1,0.142,0.136,0.355,0.052,0.045,203991,Clint Capela,0.039,0.029,0.068,0.129,HOU,1610612745,3,0.5
87,23.0,0.005,0.005,5,"203469,1610612766",8,1,0.471,0.128,0.141,0.163,0.341,0.048,0.053,203469,Cody Zeller,0.019,0.027,0.037,0.075,CHA,1610612766,7,0.875
88,27.0,0.021,0.0,5,"202332,1610612746",4,3,0.503,0.084,0.0,0.253,0.338,0.105,0.084,202332,Cole Aldrich,0.021,0.0,0.042,0.042,LAC,1610612746,1,0.25
89,30.0,0.0,0.007,5,"201147,1610612745",6,4,0.459,0.111,0.185,0.215,0.45,0.04,0.074,201147,Corey Brewer,0.017,0.054,0.04,0.128,HOU,1610612745,2,0.333
90,24.0,0.0,0.0,5,"1626186,1610612748",2,0,0.478,0.137,0.068,0.376,0.478,0.0,0.034,1626186,Corey Hawkins,0.0,0.0,0.102,0.0,MIA,1610612748,2,1.0
91,23.0,0.0,0.017,5,"1626258,1610612738",4,1,0.478,0.174,0.104,0.139,0.451,0.087,0.0,1626258,Corey Walden,0.0,0.035,0.035,0.035,BOS,1610612738,3,0.75
92,27.0,0.0,0.0,5,"1626290,1610612740",3,1,0.443,0.371,0.144,0.083,0.413,0.041,0.0,1626290,Corey Webster,0.0,0.0,0.0,0.041,NOP,1610612740,2,0.667
93,25.0,0.076,0.0,5,"203928,1610612756",5,2,0.469,0.17,0.151,0.17,0.453,0.057,0.057,203928,Cory Jefferson,0.0,0.038,0.038,0.151,PHX,1610612756,3,0.6
94,24.0,0.003,0.021,5,"202709,1610612761",7,2,0.509,0.086,0.103,0.154,0.316,0.038,0.075,202709,Cory Joseph,0.027,0.007,0.058,0.124,TOR,1610612761,5,0.714
95,23.0,0.0,0.0,5,"1626262,1610612738",1,0,0.0,0.0,0.0,0.0,0.0,0.0,0.0,1626262,Coty Clarke,0.0,0.0,0.0,0.0,BOS,1610612738,1,1.0
96,30.0,0.004,0.008,5,"201584,1610612766",5,0,0.498,0.064,0.199,0.199,0.297,0.03,0.008,201584,Courtney Lee,0.021,0.034,0.068,0.042,CHA,1610612766,5,1.0
97,23.0,0.01,0.0,5,"1626245,1610612741",5,2,0.46,0.042,0.356,0.303,0.335,0.063,0.031,1626245,Cristiano Felicio,0.073,0.0,0.021,0.084,CHI,1610612741,3,0.6
98,20.0,0.004,0.004,5,"1626156,1610612747",7,4,0.474,0.132,0.156,0.204,0.431,0.028,0.04,1626156,D'Angelo Russell,0.016,0.028,0.072,0.064,LAL,1610612747,3,0.429
99,28.0,0.0,0.021,5,"201571,1610612743",5,1,0.492,0.135,0.109,0.208,0.457,0.042,0.047,201571,D.J. Augustin,0.021,0.01,0.026,0.052,DEN,1610612743,4,0.8
100,25.0,0.0,0.0,5,"203474,1610612739",4,3,0.436,0.148,0.148,0.341,0.475,0.015,0.03,203474,DJ Stephens,0.0,0.0,0.03,0.148,CLE,1610612739,1,0.25
101,28.0,0.0,0.02,5,"201969,1610612752",4,2,0.471,0.244,0.101,0.041,0.406,0.041,0.041,201969,DaJuan Summers,0.0,0.0,0.0,0.081,NYK,1610612752,2,0.5
102,35.0,0.005,0.005,5,"2563,1610612739",4,3,0.472,0.135,0.13,0.174,0.376,0.048,0.063,2563,Dahntay Jones,0.019,0.024,0.053,0.048,CLE,1610612739,1,0.25
103,25.0,0.0,0.029,5,"203081,1610612757",5,3,0.457,0.082,0.134,0.172,0.391,0.035,0.076,203081,Damian Lillard,0.02,0.038,0.05,0.14,POR,1610612757,2,0.4
104,21.0,0.017,0.0,5,"203996,1610612749",3,2,0.47,0.188,0.154,0.188,0.274,0.077,0.068,203996,Damien Inglis,0.009,0.06,0.0,0.103,MIL,1610612749,1,0.333
105,36.0,0.0,0.01,5,"2863,1610612766",3,1,0.513,0.05,0.309,0.2,0.559,0.04,0.02,2863,Damien Wilkins,0.0,0.03,0.04,0.08,CHA,1610612766,2,0.667
106,30.0,0.0,0.0,5,"204014,1610612750",7,5,0.509,0.148,0.148,0.21,0.453,0.041,0.025,204014,Damjan Rudez,0.0,0.004,0.021,0.016,MIN,1610612750,2,0.286
107,27.0,0.0,0.011,5,"201568,1610612743",5,2,0.47,0.1,0.192,0.199,0.436,0.026,0.074,201568,Danilo Gallinari,0.03,0.015,0.041,0.052,DEN,1610612743,3,0.6
108,29.0,0.005,0.0,5,"201980,1610612759",6,4,0.496,0.03,0.184,0.159,0.378,0.035,0.035,201980,Danny Green,0.04,0.055,0.02,0.05,SAS,1610612759,2,0.333
109,29.0,0.009,0.007,5,"201967,1610612740",7,4,0.468,0.131,0.087,0.141,0.389,0.056,0.026,201967,Dante Cunningham,0.021,0.016,0.005,0.033,NOP,1610612740,3,0.429
110,23.0,0.067,0.067,5,"1626276,1610612752",3,2,0.493,0.202,0.134,0.0,0.403,0.202,0.0,1626276,Darion Atkins,0.0,0.0,0.0,0.0,NYK,1610612752,1,0.333
111,28.0,0.0,0.0,5,"201589,1610612743",2,2,0.515,0.089,0.104,0.119,0.445,0.059,0.044,201589,Darrell Arthur,0.03,0.03,0.03,0.03,DEN,1610612743,0,0.0
112,28.0,0.0,0.006,5,"201954,1610612758",6,1,0.472,0.098,0.169,0.169,0.344,0.03,0.068,201954,Darren Collison,0.042,0.039,0.059,0.089,SAC,1610612758,5,0.833
113,23.0,0.0,0.0,5,"1626199,1610612765",3,0,0.534,0.094,0.094,0.283,0.33,0.071,0.071,1626199,Darrun Hilliard,0.0,0.047,0.0,0.0,DET,1610612765,3,1.0
114,33.0,0.009,0.042,5,"101135,1610612742",5,1,0.468,0.089,0.145,0.159,0.393,0.042,0.028,101135,David Lee,0.009,0.033,0.009,0.14,DAL,1610612742,4,0.8
115,25.0,0.0,0.064,5,"204065,1610612758",3,0,0.5,0.129,0.129,0.483,0.257,0.032,0.097,204065,David Stockton,0.0,0.0,0.064,0.0,SAC,1610612758,3,1.0
116,35.0,0.029,0.01,5,"2561,1610612759",6,4,0.496,0.105,0.225,0.206,0.373,0.081,0.043,2561,David West,0.01,0.01,0.0,0.086,SAS,1610612759,2,0.333
117,27.0,0.029,0.003,5,"201599,1610612746",6,3,0.453,0.07,0.114,0.169,0.356,0.052,0.061,201599,DeAndre Jordan,0.012,0.038,0.052,0.111,LAC,1610612746,3,0.5
118,27.0,0.018,0.0,5,"201971,1610612764",3,0,0.439,0.089,0.205,0.188,0.464,0.089,0.054,201971,DeJuan Blair,0.134,0.018,0.0,0.268,WAS,1610612764,3,1.0
119,26.0,0.0,0.014,5,"201942,1610612761",6,2,0.504,0.102,0.135,0.132,0.359,0.054,0.061,201942,DeMar DeRozan,0.02,0.03,0.041,0.068,TOR,1610612761,4,0.667
120,25.0,0.008,0.02,5,"202326,1610612758",5,1,0.469,0.059,0.146,0.158,0.276,0.075,0.158,202326,DeMarcus Cousins,0.051,0.024,0.055,0.173,SAC,1610612758,4,0.8
121,29.0,0.006,0.018,5,"201960,1610612761",7,2,0.503,0.115,0.129,0.126,0.358,0.047,0.041,201960,DeMarre Carroll,0.015,0.038,0.065,0.065,TOR,1610612761,5,0.714
122,26.0,0.0,0.056,5,"203199,1610612737",4,1,0.508,0.0,0.167,0.222,0.389,0.056,0.083,203199,DeQuan Jones,0.0,0.167,0.111,0.111,ATL,1610612737,3,0.75
123,24.0,0.0,0.029,5,"1626153,1610612761",7,2,0.52,0.029,0.158,0.18,0.504,0.014,0.036,1626153,Delon Wright,0.036,0.029,0.014,0.101,TOR,1610612761,5,0.714
124,22.0,0.005,0.019,5,"203471,1610612737",6,2,0.489,0.09,0.146,0.198,0.34,0.052,0.08,203471,Dennis Schroder,0.009,0.066,0.071,0.104,ATL,1610612737,4,0.667
125,23.0,0.0,0.019,5,"1626269,1610612745",4,2,0.441,0.134,0.134,0.124,0.44,0.019,0.057,1626269,Denzel Livingston,0.029,0.01,0.057,0.096,HOU,1610612745,2,0.5
126,32.0,0.0,0.0,5,"101114,1610612742",1,1,0.509,0.131,0.131,0.197,0.328,0.033,0.066,101114,Deron Williams,0.0,0.0,0.066,0.066,DAL,1610612742,0,0.0
127,24.0,0.042,0.034,5,"202324,1610612762",5,3,0.491,0.106,0.144,0.167,0.334,0.042,0.061,202324,Derrick Favors,0.057,0.023,0.019,0.121,UTA,1610612762,2,0.4
128,27.0,0.0,0.0,5,"201565,1610612741",1,0,0.447,0.217,0.0,0.0,0.087,0.0,0.043,201565,Derrick Rose,0.087,0.087,0.087,0.26,CHI,1610612741,1,1.0
129,25.0,0.007,0.004,5,"202682,1610612752",6,2,0.469,0.118,0.114,0.147,0.398,0.029,0.074,202682,Derrick Williams,0.007,0.096,0.077,0.125,NYK,1610612752,4,0.667
130,24.0,0.015,0.0,5,"203472,1610612759",2,2,0.451,0.169,0.338,0.369,0.461,0.046,0.046,203472,Deshaun Thomas,0.031,0.046,0.0,0.061,SAS,1610612759,0,0.0
131,19.0,0.0,0.013,5,"1626164,1610612756",6,2,0.442,0.159,0.126,0.168,0.402,0.029,0.05,1626164,Devin Booker,0.0,0.059,0.017,0.05,PHX,1610612756,4,0.667
132,33.0,0.005,0.009,5,"2734,1610612742",6,6,0.468,0.129,0.124,0.152,0.313,0.032,0.041,2734,Devin Harris,0.018,0.074,0.046,0.092,DAL,1610612742,0,0.0
133,28.0,0.0,0.0,5,"202464,1610612743",4,2,0.477,0.25,0.0,0.072,0.358,0.072,0.036,202464,Devin Sweetney,0.0,0.072,0.072,0.072,DEN,1610612743,2,0.5
134,23.0,0.007,0.007,5,"203906,1610612753",7,2,0.489,0.099,0.092,0.132,0.301,0.048,0.055,203906,Devyn Marble,0.029,0.007,0.033,0.051,ORL,1610612753,5,0.714
135,26.0,0.048,0.005,5,"203473,1610612753",7,2,0.52,0.091,0.105,0.182,0.239,0.067,0.043,203473,Dewayne Dedmon,0.038,0.01,0.024,0.077,ORL,1610612753,5,0.714
136,24.0,0.0,0.0,5,"1626190,1610612760",1,0,0.6,0.0,0.0,0.131,0.262,0.0,0.131,1626190,Dez Wells,0.0,0.131,0.0,0.0,OKC,1610612760,1,1.0
137,24.0,0.0,0.0,5,"203079,1610612760",6,1,0.482,0.123,0.108,0.242,0.454,0.058,0.058,203079,Dion Waiters,0.012,0.054,0.065,0.077,OKC,1610612760,5,0.833
138,29.0,0.0,0.012,5,"202091,1610612739",4,3,0.477,0.102,0.174,0.264,0.443,0.024,0.036,202091,Dionte Christmas,0.012,0.024,0.012,0.06,CLE,1610612739,1,0.25
139,38.0,0.0,0.0,5,"1717,1610612742",3,3,0.495,0.073,0.145,0.138,0.348,0.044,0.029,1717,Dirk Nowitzki,0.0,0.015,0.073,0.044,DAL,1610612742,0,0.0
140,28.0,0.007,0.015,5,"202388,1610612751",3,2,0.475,0.147,0.14,0.184,0.515,0.015,0.074,202388,Donald Sloan,0.029,0.022,0.015,0.029,BKN,1610612751,1,0.333
141,24.0,0.0,0.006,5,"203926,1610612741",8,4,0.472,0.102,0.162,0.193,0.398,0.035,0.021,203926,Doug McDermott,0.023,0.044,0.023,0.046,CHI,1610612741,4,0.5
142,26.0,0.009,0.006,5,"203110,1610612744",7,4,0.453,0.193,0.126,0.215,0.393,0.074,0.064,203110,Draymond Green,0.012,0.034,0.021,0.068,GSW,1610612744,3,0.429
143,34.0,0.009,0.004,5,"2400,1610612764",6,2,0.471,0.071,0.125,0.156,0.383,0.093,0.009,2400,Drew Gooden,0.022,0.009,0.018,0.018,WAS,1610612764,4,0.667
144,24.0,0.0,0.0,5,"1626251,1610612758",1,0,0.461,0.162,0.216,0.378,0.324,0.108,0.054,1626251,Duje Dukan,0.0,0.0,0.0,0.0,SAC,1610612758,1,1.0
145,30.0,0.04,0.02,5,"2730,1610612745",1,1,0.462,0.119,0.08,0.139,0.398,0.02,0.06,2730,Dwight Howard,0.0,0.0,0.02,0.08,HOU,1610612745,0,0.0
146,24.0,0.007,0.007,5,"203939,1610612742",3,3,0.476,0.16,0.153,0.215,0.486,0.076,0.111,203939,Dwight Powell,0.028,0.028,0.007,0.056,DAL,1610612742,0,0.0
147,34.0,0.003,0.003,5,"2548,1610612748",7,3,0.485,0.142,0.133,0.182,0.395,0.028,0.077,2548,Dwyane Wade,0.019,0.022,0.019,0.08,MIA,1610612748,4,0.571
148,27.0,0.007,0.002,5,"202734,1610612741",8,4,0.483,0.118,0.174,0.217,0.41,0.055,0.027,202734,E'Twaun Moore,0.012,0.031,0.022,0.092,CHI,1610612741,4,0.5
149,34.0,0.0,0.0,5,"2853,1610612737",4,1,0.48,0.085,0.186,0.135,0.541,0.034,0.017,2853,Earl Barron,0.0,0.034,0.0,0.034,ATL,1610612737,3,0.75
150,27.0,0.031,0.025,5,"202334,1610612757",7,4,0.49,0.103,0.15,0.141,0.419,0.044,0.038,202334,Ed Davis,0.059,0.009,0.016,0.094,POR,1610612757,3,0.429
151,28.0,0.0,0.0,5,"1626293,1610612737",1,0,0.457,0.0,0.41,0.41,0.82,0.0,0.0,1626293,Edgar Sosa,0.0,0.0,0.0,0.0,ATL,1610612737,1,1.0
152,22.0,0.0,0.016,5,"203901,1610612753",3,2,0.498,0.149,0.102,0.196,0.345,0.071,0.063,203901,Elfrid Payton,0.0,0.047,0.016,0.125,ORL,1610612753,1,0.333
153,28.0,0.0,0.004,5,"202407,1610612762",7,4,0.494,0.154,0.081,0.158,0.351,0.069,0.081,202407,Elijah Millsap,0.021,0.039,0.039,0.034,UTA,1610612762,3,0.429
154,27.0,0.0,0.036,5,"202343,1610612763",2,1,0.469,0.0,0.288,0.18,0.468,0.054,0.018,202343,Elliot Williams,0.054,0.054,0.0,0.036,MEM,1610612763,1,0.5
155,20.0,0.006,0.003,5,"1626144,1610612743",5,2,0.468,0.122,0.183,0.203,0.45,0.035,0.048,1626144,Emmanuel Mudiay,0.013,0.039,0.042,0.09,DEN,1610612743,3,0.6
156,24.0,0.01,0.01,5,"202683,1610612760",4,0,0.477,0.099,0.119,0.187,0.384,0.052,0.047,202683,Enes Kanter,0.135,0.067,0.057,0.249,OKC,1610612760,4,1.0
157,26.0,0.013,0.019,5,"202339,1610612756",3,0,0.483,0.181,0.078,0.142,0.427,0.045,0.084,202339,Eric Bledsoe,0.039,0.065,0.078,0.091,PHX,1610612756,3,1.0
158,27.0,0.0,0.015,5,"201569,1610612740",5,3,0.472,0.15,0.081,0.1,0.392,0.038,0.062,201569,Eric Gordon,0.027,0.038,0.077,0.046,NOP,1610612740,2,0.4
159,24.0,0.078,0.0,5,"203961,1610612758",2,1,0.486,0.047,0.203,0.297,0.344,0.031,0.062,203961,Eric Moreland,0.062,0.031,0.062,0.219,SAC,1610612758,1,0.5
160,25.0,0.0,0.005,5,"203475,1610612762",5,3,0.488,0.132,0.122,0.18,0.434,0.021,0.037,203475,Erick Green,0.016,0.021,0.053,0.042,UTA,1610612762,2,0.4
161,29.0,0.006,0.006,5,"101141,1610612753",6,5,0.492,0.098,0.088,0.205,0.329,0.041,0.06,101141,Ersan Ilyasova,0.022,0.019,0.032,0.082,ORL,1610612753,1,0.167
162,23.0,0.003,0.014,5,"203095,1610612753",7,1,0.488,0.137,0.134,0.154,0.297,0.049,0.04,203095,Evan Fournier,0.026,0.031,0.043,0.063,ORL,1610612753,6,0.857
163,27.0,0.009,0.014,5,"202323,1610612738",5,1,0.478,0.137,0.096,0.119,0.402,0.014,0.041,202323,Evan Turner,0.032,0.009,0.023,0.073,BOS,1610612738,4,0.8
164,26.0,0.04,0.012,5,"203105,1610612744",7,4,0.454,0.145,0.145,0.241,0.345,0.08,0.08,203105,Festus Ezeli,0.044,0.008,0.032,0.096,GSW,1610612744,3,0.429
165,23.0,0.009,0.013,5,"1626163,1610612766",8,1,0.494,0.069,0.198,0.163,0.42,0.028,0.031,1626163,Frank Kaminsky,0.035,0.022,0.025,0.063,CHA,1610612766,7,0.875
166,24.0,0.012,0.0,5,"203128,1610612755",6,4,0.449,0.065,0.196,0.253,0.473,0.069,0.053,203128,Furkan Aldemir,0.024,0.0,0.012,0.057,PHI,1610612755,2,0.333
167,30.0,0.009,0.026,5,"202066,1610612764",3,2,0.474,0.061,0.113,0.113,0.347,0.043,0.017,202066,Garrett Temple,0.017,0.026,0.017,0.035,WAS,1610612764,1,0.333
168,21.0,0.0,0.014,5,"203914,1610612743",6,2,0.468,0.128,0.17,0.156,0.306,0.039,0.019,203914,Gary Harris,0.008,0.07,0.05,0.089,DEN,1610612743,4,0.667
169,31.0,0.0,0.015,5,"202390,1610612764",7,3,0.466,0.122,0.131,0.158,0.395,0.021,0.015,202390,Gary Neal,0.015,0.015,0.024,0.043,WAS,1610612764,4,0.571
170,30.0,0.014,0.0,5,"201588,1610612754",6,2,0.486,0.14,0.126,0.151,0.379,0.039,0.046,201588,George Hill,0.032,0.018,0.021,0.056,IND,1610612754,4,0.667
171,30.0,0.005,0.019,5,"101123,1610612748",8,4,0.476,0.153,0.128,0.166,0.311,0.044,0.085,101123,Gerald Green,0.016,0.063,0.065,0.098,MIA,1610612748,4,0.5
172,21.0,0.027,0.02,5,"203507,1610612749",5,4,0.493,0.11,0.117,0.239,0.305,0.059,0.078,203507,Giannis Antetokounmpo,0.02,0.059,0.039,0.102,MIL,1610612749,1,0.2
173,22.0,0.0,0.011,5,"203922,1610612754",6,1,0.495,0.126,0.116,0.158,0.399,0.035,0.028,203922,Glenn Robinson,0.018,0.032,0.049,0.084,IND,1610612754,5,0.833
174,30.0,0.003,0.01,5,"201609,1610612748",6,2,0.483,0.16,0.146,0.187,0.448,0.048,0.031,201609,Goran Dragic,0.01,0.027,0.037,0.088,MIA,1610612748,4,0.667
175,26.0,0.003,0.015,5,"202330,1610612762",6,3,0.48,0.139,0.139,0.17,0.365,0.046,0.062,202330,Gordon Hayward,0.022,0.059,0.053,0.062,UTA,1610612762,3,0.5
176,26.0,0.014,0.014,5,"203476,1610612750",7,5,0.493,0.134,0.17,0.181,0.44,0.036,0.064,203476,Gorgui Dieng,0.031,0.022,0.036,0.089,MIN,1610612750,2,0.286
177,26.0,0.007,0.021,5,"202328,1610612749",6,4,0.488,0.12,0.134,0.192,0.343,0.048,0.1,202328,Greg Monroe,0.076,0.021,0.055,0.178,MIL,1610612749,2,0.333
178,30.0,0.0,0.0,5,"201880,1610612753",2,0,0.468,0.056,0.084,0.282,0.507,0.141,0.056,201880,Greg Stiemsma,0.0,0.0,0.0,0.0,ORL,1610612753,2,1.0
179,23.0,0.015,0.008,5,"204222,1610612748",4,3,0.486,0.129,0.136,0.159,0.318,0.053,0.008,204222,Greg Whittington,0.053,0.015,0.0,0.06,MIA,1610612748,1,0.25
180,29.0,0.004,0.0,5,"202349,1610612749",6,4,0.482,0.123,0.11,0.195,0.296,0.047,0.017,202349,Greivis Vasquez,0.017,0.017,0.021,0.051,MIL,1610612749,2,0.333
181,24.0,0.004,0.009,5,"203084,1610612744",5,3,0.443,0.132,0.088,0.145,0.325,0.035,0.035,203084,Harrison Barnes,0.026,0.009,0.031,0.044,GSW,1610612744,2,0.4
182,27.0,0.083,0.025,5,"202355,1610612748",3,1,0.478,0.172,0.146,0.184,0.381,0.076,0.083,202355,Hassan Whiteside,0.044,0.0,0.025,0.178,MIA,1610612748,2,0.667
183,26.0,0.0,0.032,5,"203156,1610612751",6,2,0.451,0.127,0.143,0.159,0.382,0.111,0.032,203156,Henry Sims,0.032,0.0,0.032,0.096,BKN,1610612751,4,0.667
184,25.0,0.014,0.006,5,"203138,1610612755",6,4,0.452,0.075,0.152,0.24,0.409,0.044,0.022,203138,Hollis Thompson,0.028,0.03,0.05,0.028,PHI,1610612755,2,0.333
185,25.0,0.005,0.015,5,"203546,1610612744",7,4,0.449,0.108,0.162,0.25,0.362,0.059,0.029,203546,Ian Clark,0.044,0.029,0.044,0.069,GSW,1610612744,3,0.429
186,29.0,0.051,0.016,5,"101133,1610612754",6,2,0.482,0.117,0.105,0.14,0.35,0.058,0.066,101133,Ian Mahinmi,0.023,0.016,0.031,0.109,IND,1610612754,4,0.667
187,25.0,0.003,0.01,5,"203477,1610612755",5,3,0.455,0.133,0.137,0.163,0.306,0.026,0.036,203477,Isaiah Canaan,0.01,0.059,0.081,0.072,PHI,1610612755,2,0.4
188,27.0,0.004,0.008,5,"202738,1610612738",5,1,0.448,0.111,0.118,0.13,0.336,0.019,0.057,202738,Isaiah Thomas,0.053,0.061,0.088,0.107,BOS,1610612738,4,0.8
189,27.0,0.008,0.016,5,"202397,1610612755",5,2,0.461,0.161,0.169,0.217,0.531,0.04,0.088,202397,Ish Smith,0.0,0.008,0.0,0.064,PHI,1610612755,3,0.6
190,24.0,0.0,0.0,5,"1626266,1610612762",1,1,0.425,0.773,0.0,0.0,0.515,0.258,0.0,1626266,J.J. O'Brien,0.0,0.0,0.0,0.0,UTA,1610612762,0,0.0
191,30.0,0.011,0.0,5,"2747,1610612739",4,3,0.48,0.05,0.083,0.161,0.377,0.055,0.017,2747,J.R. Smith,0.017,0.039,0.033,0.078,CLE,1610612739,1,0.25
192,27.0,0.0,0.045,5,"201581,1610612764",4,2,0.477,0.148,0.204,0.307,0.522,0.057,0.057,201581,JJ Hickson,0.023,0.0,0.023,0.045,WAS,1610612764,2,0.5
193,32.0,0.0,0.0,5,"200755,1610612746",6,3,0.444,0.065,0.132,0.177,0.333,0.034,0.034,200755,JJ Redick,0.017,0.054,0.068,0.007,LAC,1610612746,3,0.5
194,22.0,0.0,0.0,5,"1626160,1610612755",5,4,0.428,0.09,0.107,0.131,0.574,0.041,0.049,1626160,JP Tokoto,0.008,0.025,0.025,0.049,PHI,1610612755,1,0.2
195,23.0,0.0,0.016,5,"203960,1610612743",6,4,0.46,0.142,0.167,0.223,0.325,0.065,0.065,203960,JaKarr Sampson,0.016,0.061,0.049,0.081,DEN,1610612743,2,0.333
196,26.0,0.006,0.017,5,"203210,1610612763",6,1,0.474,0.101,0.157,0.236,0.269,0.039,0.045,203210,JaMychal Green,0.056,0.022,0.045,0.123,MEM,1610612763,5,0.833
197,23.0,0.0,0.011,5,"203913,1610612747",6,3,0.47,0.148,0.104,0.197,0.394,0.06,0.077,203913,Jabari Brown,0.0,0.071,0.093,0.033,LAL,1610612747,3,0.5
198,25.0,0.015,0.0,5,"204022,1610612739",4,2,0.461,0.165,0.105,0.09,0.511,0.075,0.06,204022,Jack Cooley,0.105,0.0,0.0,0.09,CLE,1610612739,2,0.5
199,25.0,0.0,0.008,5,"203109,1610612738",6,1,0.454,0.088,0.081,0.123,0.361,0.046,0.058,203109,Jae Crowder,0.038,0.042,0.023,0.054,BOS,1610612738,5,0.833
200,20.0,0.022,0.031,5,"1626143,1610612755",5,3,0.466,0.142,0.133,0.133,0.383,0.071,0.071,1626143,Jahlil Okafor,0.036,0.009,0.058,0.16,PHI,1610612755,2,0.4
201,29.0,0.0,0.0,5,"202815,1610612741",1,0,0.708,0.0,0.0,1.5,0.0,0.0,0.0,202815,Jake Anderson,0.0,0.0,0.0,0.0,CHI,1610612741,1,1.0
202,23.0,0.045,0.0,5,"1626294,1610612764",3,1,0.469,0.091,0.045,0.181,0.408,0.045,0.068,1626294,Jaleel Roberts,0.045,0.0,0.045,0.181,WAS,1610612764,2,0.667
203,36.0,0.004,0.004,5,"2037,1610612746",5,3,0.455,0.115,0.164,0.209,0.417,0.031,0.062,2037,Jamal Crawford,0.0,0.018,0.018,0.018,LAC,1610612746,2,0.4
204,34.0,0.0,0.0,5,"2749,1610612743",5,1,0.46,0.134,0.139,0.144,0.25,0.065,0.042,2749,Jameer Nelson,0.009,0.046,0.056,0.019,DEN,1610612743,4,0.8
205,27.0,0.0,0.0,5,"202341,1610612758",5,1,0.49,0.081,0.086,0.132,0.305,0.031,0.01,202341,James Anderson,0.0,0.015,0.025,0.031,SAC,1610612758,4,0.8
206,25.0,0.0,0.005,5,"203516,1610612740",6,3,0.486,0.102,0.129,0.118,0.29,0.032,0.054,203516,James Ennis,0.07,0.059,0.07,0.15,NOP,1610612740,3,0.5
207,26.0,0.007,0.01,5,"201935,1610612745",6,4,0.471,0.136,0.159,0.142,0.43,0.05,0.056,201935,James Harden,0.013,0.056,0.033,0.079,HOU,1610612745,2,0.333
208,29.0,0.017,0.0,5,"201949,1610612761",3,1,0.51,0.119,0.034,0.153,0.476,0.085,0.017,201949,James Johnson,0.034,0.0,0.0,0.17,TOR,1610612761,2,0.667
209,35.0,0.01,0.0,5,"2592,1610612739",7,6,0.483,0.132,0.146,0.216,0.383,0.045,0.035,2592,James Jones,0.042,0.0,0.028,0.0,CLE,1610612739,1,0.143
210,23.0,0.034,0.005,5,"203949,1610612744",7,4,0.455,0.192,0.103,0.182,0.344,0.054,0.088,203949,James Michael McAdoo,0.02,0.044,0.034,0.138,GSW,1610612744,3,0.429
211,20.0,0.01,0.0,5,"203923,1610612738",7,1,0.464,0.087,0.101,0.179,0.348,0.043,0.053,203923,James Young,0.0,0.024,0.034,0.01,BOS,1610612738,6,0.857
212,25.0,0.0,0.011,5,"203966,1610612742",7,7,0.461,0.169,0.188,0.146,0.443,0.026,0.023,203966,Jamil Wilson,0.0,0.008,0.034,0.023,DAL,1610612742,0,0.0
213,25.0,0.003,0.021,5,"203099,1610612749",7,6,0.468,0.111,0.124,0.259,0.375,0.058,0.132,203099,Jared Cunningham,0.011,0.045,0.029,0.079,MIL,1610612749,1,0.143
214,30.0,0.0,0.0,5,"201162,1610612764",2,2,0.506,0.113,0.057,0.113,0.339,0.132,0.038,201162,Jared Dudley,0.0,0.057,0.038,0.038,WAS,1610612764,0,0.0
215,24.0,0.025,0.029,5,"203096,1610612738",7,1,0.462,0.055,0.122,0.122,0.303,0.071,0.063,203096,Jared Sullinger,0.076,0.013,0.017,0.126,BOS,1610612738,6,0.857
216,24.0,0.0,0.0,5,"204067,1610612764",3,1,0.469,0.365,0.175,0.219,0.496,0.029,0.044,204067,Jarell Eddie,0.0,0.073,0.044,0.029,WAS,1610612764,2,0.667
217,22.0,0.0,0.028,5,"203950,1610612748",6,1,0.509,0.077,0.171,0.276,0.364,0.105,0.044,203950,Jarnell Stokes,0.011,0.006,0.033,0.11,MIA,1610612748,5,0.833
218,24.0,0.014,0.014,5,"204189,1610612764",6,2,0.407,0.129,0.201,0.172,0.545,0.0,0.057,204189,Jaron Johnson,0.057,0.086,0.043,0.115,WAS,1610612764,4,0.667
219,32.0,0.0,0.006,5,"101127,1610612751",4,3,0.472,0.159,0.082,0.188,0.365,0.041,0.082,101127,Jarrett Jack,0.024,0.047,0.053,0.059,BKN,1610612751,1,0.25
220,27.0,0.01,0.01,5,"202820,1610612742",5,5,0.487,0.142,0.182,0.142,0.445,0.03,0.03,202820,Jarrid Famous,0.02,0.0,0.04,0.081,DAL,1610612742,0,0.0
221,30.0,0.0,0.004,5,"201160,1610612753",7,1,0.498,0.149,0.083,0.124,0.314,0.037,0.033,201160,Jason Smith,0.008,0.008,0.017,0.025,ORL,1610612753,6,0.857
222,38.0,0.0,0.0,5,"1891,1610612745",4,1,0.451,0.094,0.109,0.125,0.407,0.031,0.0,1891,Jason Terry,0.039,0.0,0.023,0.0,HOU,1610612745,3,0.75
223,29.0,0.035,0.012,5,"201574,1610612761",6,4,0.458,0.159,0.136,0.23,0.283,0.083,0.047,201574,Jason Thompson,0.035,0.0,0.024,0.094,TOR,1610612761,2,0.333
224,26.0,0.083,0.0,5,"1626279,1610612766",4,1,0.505,0.0,0.139,0.194,0.388,0.028,0.0,1626279,Jason Washburn,0.0,0.0,0.0,0.0,CHA,1610612766,3,0.75
225,30.0,0.006,0.006,5,"202399,1610612740",4,3,0.436,0.16,0.179,0.197,0.457,0.08,0.062,202399,Jeff Adrien,0.012,0.0,0.012,0.062,NOP,1610612740,1,0.25
226,29.0,0.0,0.003,5,"201145,1610612746",6,1,0.487,0.064,0.162,0.185,0.337,0.037,0.061,201145,Jeff Green,0.03,0.013,0.064,0.047,LAC,1610612746,5,0.833
227,28.0,0.008,0.012,5,"201952,1610612737",5,2,0.484,0.114,0.153,0.161,0.361,0.031,0.055,201952,Jeff Teague,0.0,0.09,0.031,0.071,ATL,1610612737,3,0.6
228,26.0,0.057,0.0,5,"203481,1610612762",7,4,0.504,0.265,0.114,0.164,0.442,0.063,0.044,203481,Jeff Withey,0.038,0.0,0.013,0.101,UTA,1610612762,3,0.429
229,22.0,0.019,0.009,5,"203924,1610612755",6,4,0.46,0.084,0.163,0.197,0.394,0.041,0.066,203924,Jerami Grant,0.016,0.025,0.016,0.075,PHI,1610612755,2,0.333
230,28.0,0.021,0.01,5,"202379,1610612742",7,7,0.472,0.125,0.125,0.153,0.361,0.035,0.024,202379,Jeremy Evans,0.0,0.021,0.014,0.069,DAL,1610612742,0,0.0
231,24.0,0.004,0.0,5,"203087,1610612766",6,0,0.488,0.097,0.138,0.154,0.397,0.036,0.036,203087,Jeremy Lamb,0.028,0.008,0.045,0.057,CHA,1610612766,6,1.0
232,27.0,0.0,0.013,5,"202391,1610612766",6,0,0.483,0.121,0.112,0.16,0.37,0.054,0.109,202391,Jeremy Lin,0.01,0.029,0.064,0.057,CHA,1610612766,6,1.0
233,25.0,0.0,0.0,5,"202719,1610612745",2,1,0.489,0.186,0.169,0.287,0.574,0.152,0.051,202719,Jeremy Tyler,0.034,0.0,0.0,0.0,HOU,1610612745,1,0.5
234,23.0,0.003,0.014,5,"1626170,1610612752",6,2,0.477,0.178,0.086,0.14,0.37,0.034,0.048,1626170,Jerian Grant,0.0,0.034,0.01,0.089,NYK,1610612752,4,0.667
235,27.0,0.009,0.005,5,"201573,1610612749",5,3,0.467,0.128,0.175,0.199,0.36,0.047,0.052,201573,Jerryd Bayless,0.019,0.009,0.043,0.066,MIL,1610612749,2,0.4
236,27.0,0.0,0.017,5,"202690,1610612752",2,2,0.456,0.121,0.294,0.414,0.38,0.017,0.0,202690,Jimmer Fredette,0.035,0.0,0.035,0.035,NYK,1610612752,0,0.0
237,26.0,0.004,0.013,5,"202710,1610612741",8,4,0.49,0.116,0.127,0.163,0.361,0.029,0.058,202710,Jimmy Butler,0.011,0.036,0.042,0.076,CHI,1610612741,4,0.5
238,31.0,0.004,0.016,5,"201149,1610612741",6,3,0.49,0.078,0.109,0.248,0.357,0.074,0.062,201149,Joakim Noah,0.062,0.008,0.016,0.085,CHI,1610612741,3,0.5
239,28.0,0.003,0.003,5,"201975,1610612765",7,5,0.476,0.152,0.108,0.155,0.346,0.022,0.034,201975,Jodie Meeks,0.006,0.019,0.028,0.049,DET,1610612765,2,0.286
240,24.0,0.004,0.011,5,"203925,1610612739",7,6,0.483,0.123,0.12,0.265,0.399,0.04,0.029,203925,Joe Harris,0.004,0.033,0.058,0.044,CLE,1610612739,1,0.143
241,28.0,0.0,0.0,5,"204060,1610612762",6,3,0.488,0.151,0.119,0.197,0.403,0.037,0.018,204060,Joe Ingles,0.0,0.018,0.018,0.055,UTA,1610612762,3,0.5
242,34.0,0.0,0.0,5,"2207,1610612748",4,3,0.471,0.124,0.102,0.181,0.398,0.013,0.062,2207,Joe Johnson,0.035,0.0,0.053,0.027,MIA,1610612748,1,0.25
243,24.0,0.0,0.0,5,"1626202,1610612754",6,2,0.488,0.126,0.106,0.13,0.39,0.045,0.037,1626202,Joe Young,0.02,0.049,0.032,0.073,IND,1610612754,4,0.667
244,33.0,0.047,0.01,5,"201202,1610612765",5,3,0.479,0.189,0.037,0.184,0.325,0.042,0.037,201202,Joel Anthony,0.021,0.0,0.0,0.042,DET,1610612765,2,0.4
245,24.0,0.0,0.012,5,"203530,1610612743",6,2,0.47,0.134,0.149,0.193,0.417,0.05,0.034,203530,Joffrey Lauvergne,0.072,0.012,0.047,0.162,DEN,1610612743,4,0.667
246,25.0,0.043,0.011,5,"203089,1610612749",6,4,0.462,0.129,0.092,0.205,0.215,0.059,0.059,203089,John Henson,0.081,0.022,0.022,0.226,MIL,1610612749,2,0.333
247,25.0,0.007,0.012,5,"203098,1610612756",7,7,0.474,0.152,0.162,0.171,0.432,0.014,0.05,203098,John Jenkins,0.014,0.05,0.052,0.086,PHX,1610612756,0,0.0
248,33.0,0.0,0.0,5,"101249,1610612748",1,1,0.507,0.128,0.064,0.224,0.449,0.0,0.096,101249,John Lucas III,0.0,0.0,0.0,0.0,MIA,1610612748,0,0.0
249,25.0,0.0,0.01,5,"202322,1610612764",6,3,0.449,0.066,0.142,0.199,0.351,0.026,0.056,202322,John Wall,0.026,0.036,0.036,0.053,WAS,1610612764,3,0.5
250,23.0,0.0,0.01,5,"203948,1610612749",6,4,0.477,0.173,0.193,0.178,0.376,0.094,0.025,203948,Johnny O'Bryant,0.049,0.02,0.02,0.079,MIL,1610612749,2,0.333
251,24.0,0.0,0.0,5,"1626281,1610612749",1,1,0.494,0.601,0.0,0.0,0.515,0.0,0.0,1626281,Jon Horford,0.0,0.0,0.0,0.0,MIL,1610612749,0,0.0
252,27.0,0.009,0.005,5,"202720,1610612756",6,2,0.473,0.143,0.166,0.18,0.453,0.065,0.06,202720,Jon Leuer,0.023,0.009,0.055,0.092,PHX,1610612756,4,0.667
253,29.0,0.008,0.0,5,"201973,1610612738",7,1,0.462,0.106,0.11,0.18,0.278,0.065,0.053,201973,Jonas Jerebko,0.033,0.012,0.041,0.082,BOS,1610612738,6,0.857
254,24.0,0.011,0.014,5,"202685,1610612761",7,2,0.498,0.12,0.141,0.169,0.367,0.056,0.07,202685,Jonas Valanciunas,0.056,0.0,0.042,0.162,TOR,1610612761,5,0.714
255,23.0,0.038,0.076,5,"1626182,1610612747",2,1,0.573,0.19,0.0,0.152,0.533,0.076,0.038,1626182,Jonathan Holmes,0.076,0.0,0.0,0.076,LAL,1610612747,1,0.5
256,26.0,0.0,0.0,5,"203613,1610612759",6,4,0.489,0.155,0.229,0.269,0.367,0.052,0.046,203613,Jonathon Simmons,0.011,0.023,0.011,0.046,SAS,1610612759,2,0.333
257,21.0,0.0,0.0,5,"203919,1610612763",1,1,0.518,0.0,0.332,0.362,0.362,0.09,0.09,203919,Jordan Adams,0.09,0.06,0.0,0.06,MEM,1610612763,0,0.0
258,26.0,0.0,0.0,5,"203947,1610612765",2,0,0.54,0.086,0.172,0.344,0.0,0.0,0.172,203947,Jordan Bachynski,0.0,0.172,0.0,0.172,DET,1610612765,2,1.0
259,24.0,0.003,0.014,5,"203903,1610612747",8,5,0.506,0.105,0.122,0.176,0.461,0.04,0.051,203903,Jordan Clarkson,0.037,0.04,0.046,0.142,LAL,1610612747,3,0.375
260,27.0,0.0,0.0,5,"202348,1610612741",5,3,0.484,0.013,0.319,0.319,0.399,0.053,0.027,202348,Jordan Crawford,0.04,0.0,0.0,0.0,CHI,1610612741,2,0.4
261,28.0,0.034,0.007,5,"201941,1610612754",5,1,0.479,0.168,0.148,0.141,0.43,0.054,0.04,201941,Jordan Hill,0.034,0.0,0.04,0.094,IND,1610612754,4,0.8
262,25.0,0.007,0.016,5,"203895,1610612739",7,5,0.457,0.072,0.144,0.203,0.458,0.049,0.052,203895,Jordan McRae,0.01,0.046,0.039,0.085,CLE,1610612739,2,0.286
263,21.0,0.056,0.014,5,"1626175,1610612738",7,1,0.474,0.125,0.104,0.188,0.333,0.028,0.049,1626175,Jordan Mickey,0.056,0.028,0.063,0.236,BOS,1610612738,6,0.857
264,23.0,0.0,0.016,5,"1626296,1610612753",5,2,0.49,0.097,0.081,0.145,0.452,0.048,0.0,1626296,Jordan Sibert,0.0,0.048,0.0,0.0,ORL,1610612753,3,0.6
265,27.0,0.0,0.021,5,"203268,1610612766",4,3,0.488,0.167,0.209,0.167,0.25,0.063,0.042,203268,Jorge Gutierrez,0.0,0.021,0.042,0.042,CHA,1610612766,1,0.25
266,34.0,0.0,0.0,5,"101181,1610612752",5,1,0.47,0.147,0.134,0.13,0.419,0.042,0.025,101181,Jose Calderon,0.013,0.021,0.054,0.017,NYK,1610612752,4,0.8
267,32.0,0.0,0.022,5,"200826,1610612742",6,6,0.467,0.147,0.134,0.139,0.407,0.039,0.065,200826,Jose Juan Barea,0.017,0.052,0.026,0.052,DAL,1610612742,0,0.0
268,27.0,0.052,0.0,5,"202725,1610612764",7,3,0.441,0.129,0.112,0.103,0.344,0.077,0.009,202725,Josh Harrellson,0.043,0.0,0.052,0.069,WAS,1610612764,4,0.571
269,24.0,0.029,0.0,5,"203962,1610612760",4,1,0.517,0.043,0.043,0.086,0.316,0.014,0.0,203962,Josh Huestis,0.0,0.0,0.0,0.0,OKC,1610612760,3,0.75
270,29.0,0.007,0.0,5,"201177,1610612748",5,3,0.492,0.16,0.067,0.16,0.2,0.04,0.027,201177,Josh McRoberts,0.04,0.0,0.027,0.013,MIA,1610612748,2,0.4
271,33.0,0.0,0.02,5,"2694,1610612749",4,3,0.459,0.1,0.2,0.34,0.36,0.14,0.0,2694,Josh Powell,0.0,0.0,0.0,0.0,MIL,1610612749,1,0.25
272,22.0,0.005,0.015,5,"1626196,1610612748",6,4,0.496,0.092,0.163,0.153,0.326,0.036,0.046,1626196,Josh Richardson,0.01,0.025,0.041,0.061,MIA,1610612748,2,0.333
273,30.0,0.012,0.012,5,"2746,1610612745",6,3,0.462,0.133,0.205,0.173,0.434,0.072,0.076,2746,Josh Smith,0.032,0.024,0.016,0.113,HOU,1610612745,3,0.5
274,24.0,0.008,0.025,5,"1626288,1610612745",7,4,0.463,0.1,0.167,0.217,0.451,0.121,0.013,1626288,Joshua Smith,0.075,0.0,0.033,0.184,HOU,1610612745,3,0.429
275,26.0,0.015,0.015,5,"201950,1610612740",7,4,0.463,0.092,0.123,0.067,0.349,0.051,0.082,201950,Jrue Holiday,0.0,0.01,0.031,0.092,NOP,1610612740,3,0.429
276,21.0,0.009,0.017,5,"203944,1610612747",8,5,0.492,0.121,0.112,0.179,0.432,0.052,0.069,203944,Julius Randle,0.086,0.029,0.055,0.208,LAL,1610612747,3,0.375
277,27.0,0.0,0.0,5,"202933,1610612760",1,0,0.565,0.0,0.0,0.131,0.262,0.131,0.0,202933,Julyan Stone,0.0,0.0,0.0,0.0,OKC,1610612760,1,1.0
278,22.0,0.016,0.016,5,"1626147,1610612742",7,7,0.464,0.174,0.169,0.158,0.408,0.035,0.027,1626147,Justin Anderson,0.011,0.049,0.054,0.082,DAL,1610612742,0,0.0
279,26.0,0.004,0.008,5,"202712,1610612765",6,4,0.46,0.097,0.121,0.201,0.419,0.085,0.028,202712,Justin Harper,0.012,0.02,0.06,0.024,DET,1610612765,2,0.333
280,27.0,0.015,0.0,5,"203200,1610612741",5,1,0.466,0.076,0.178,0.188,0.356,0.015,0.056,203200,Justin Holiday,0.025,0.031,0.01,0.01,CHI,1610612741,4,0.8
281,20.0,0.009,0.009,5,"1626159,1610612748",6,4,0.502,0.105,0.103,0.152,0.246,0.05,0.044,1626159,Justise Winslow,0.009,0.038,0.018,0.047,MIA,1610612748,2,0.333
282,24.0,0.0,0.0,5,"1626219,1610612744",1,0,0.479,0.637,0.0,0.098,0.686,0.098,0.098,1626219,Juwan Staten,0.0,0.098,0.0,0.0,GSW,1610612744,1,1.0
283,23.0,0.025,0.012,5,"203909,1610612745",8,5,0.45,0.135,0.196,0.187,0.429,0.064,0.074,203909,KJ McDaniels,0.031,0.043,0.037,0.08,HOU,1610612745,3,0.375
284,23.0,0.151,0.0,5,"1627292,1610612754",1,0,0.547,0.0,0.0,0.0,0.301,0.301,0.0,1627292,Kadeem Jack,0.0,0.0,0.0,0.0,IND,1610612754,1,1.0
285,20.0,0.022,0.016,5,"1626157,1610612750",7,5,0.51,0.168,0.203,0.139,0.45,0.06,0.063,1626157,Karl-Anthony Towns,0.038,0.019,0.044,0.114,MIN,1610612750,2,0.286
286,24.0,0.007,0.007,5,"202695,1610612759",6,4,0.49,0.049,0.227,0.16,0.398,0.031,0.07,202695,Kawhi Leonard,0.049,0.045,0.042,0.056,SAS,1610612759,2,0.333
287,22.0,0.0,0.0,5,"1626208,1610612759",3,2,0.461,0.049,0.197,0.147,0.295,0.025,0.0,1626208,Keifer Sykes,0.0,0.0,0.0,0.0,SAS,1610612759,1,0.333
288,24.0,0.011,0.022,5,"203951,1610612753",5,2,0.477,0.088,0.077,0.176,0.309,0.066,0.022,203951,Keith Appling,0.0,0.022,0.044,0.022,ORL,1610612753,3,0.6
289,27.0,0.017,0.042,5,"202728,1610612748",5,2,0.497,0.093,0.126,0.152,0.32,0.034,0.084,202728,Keith Benson,0.076,0.017,0.067,0.084,MIA,1610612748,3,0.6
290,25.0,0.004,0.0,5,"203482,1610612738",6,1,0.448,0.114,0.088,0.156,0.311,0.072,0.034,203482,Kelly Olynyk,0.008,0.017,0.017,0.084,BOS,1610612738,5,0.833
291,20.0,0.011,0.004,5,"1626162,1610612764",6,3,0.465,0.133,0.17,0.159,0.415,0.056,0.056,1626162,Kelly Oubre,0.007,0.067,0.044,0.059,WAS,1610612764,3,0.5
292,26.0,0.0,0.015,5,"202689,1610612766",7,1,0.47,0.069,0.143,0.119,0.298,0.024,0.075,202689,Kemba Walker,0.015,0.048,0.039,0.072,CHA,1610612766,6,0.857
293,31.0,0.017,0.008,5,"2570,1610612740",7,4,0.474,0.095,0.136,0.141,0.364,0.066,0.008,2570,Kendrick Perkins,0.033,0.0,0.025,0.066,NOP,1610612740,3,0.429
294,26.0,0.027,0.012,5,"202702,1610612743",6,2,0.47,0.113,0.19,0.221,0.373,0.066,0.101,202702,Kenneth Faried,0.066,0.023,0.035,0.132,DEN,1610612743,4,0.667
295,26.0,0.009,0.013,5,"203145,1610612737",5,2,0.475,0.103,0.192,0.192,0.308,0.056,0.056,203145,Kent Bazemore,0.009,0.047,0.051,0.085,ATL,1610612737,3,0.6
296,23.0,0.0,0.003,5,"203484,1610612765",7,5,0.496,0.131,0.08,0.203,0.322,0.018,0.03,203484,Kentavious Caldwell-Pope,0.006,0.042,0.069,0.048,DET,1610612765,2,0.286
297,27.0,0.019,0.011,5,"201142,1610612760",5,0,0.474,0.103,0.141,0.225,0.344,0.034,0.05,201142,Kevin Durant,0.034,0.027,0.057,0.137,OKC,1610612760,5,1.0
298,40.0,0.013,0.0,5,"708,1610612750",6,4,0.503,0.143,0.104,0.143,0.377,0.078,0.026,708,Kevin Garnett,0.0,0.013,0.013,0.039,MIN,1610612750,2,0.333
299,27.0,0.014,0.0,5,"201567,1610612739",2,1,0.5,0.058,0.058,0.101,0.403,0.043,0.129,201567,Kevin Love,0.029,0.029,0.029,0.058,CLE,1610612739,1,0.5
300,33.0,0.0,0.012,5,"2755,1610612759",5,4,0.473,0.13,0.225,0.13,0.51,0.036,0.071,2755,Kevin Martin,0.036,0.036,0.053,0.083,SAS,1610612759,1,0.2
301,26.0,0.0,0.009,5,"202338,1610612752",4,2,0.501,0.098,0.08,0.098,0.321,0.071,0.018,202338,Kevin Seraphin,0.053,0.0,0.071,0.107,NYK,1610612752,2,0.5
302,24.0,0.007,0.0,5,"203114,1610612749",6,4,0.472,0.125,0.108,0.223,0.282,0.075,0.033,203114,Khris Middleton,0.007,0.02,0.033,0.066,MIL,1610612749,2,0.333
303,35.0,0.0,0.0,5,"2550,1610612737",6,3,0.493,0.088,0.2,0.195,0.353,0.06,0.019,2550,Kirk Hinrich,0.009,0.009,0.019,0.028,ATL,1610612737,3,0.5
304,26.0,0.006,0.009,5,"202691,1610612744",6,3,0.443,0.177,0.113,0.216,0.365,0.03,0.058,202691,Klay Thompson,0.03,0.027,0.055,0.067,GSW,1610612744,3,0.5
305,29.0,0.0,0.0,5,"1626285,1610612750",3,3,0.541,0.0,0.0,0.0,0.263,0.197,0.0,1626285,Kleon Penn,0.0,0.0,0.0,0.0,MIN,1610612750,0,0.0
306,37.0,0.0,0.006,5,"977,1610612747",5,4,0.528,0.082,0.117,0.199,0.362,0.041,0.082,977,Kobe Bryant,0.012,0.058,0.064,0.07,LAL,1610612747,1,0.2
307,27.0,0.039,0.008,5,"201585,1610612758",5,0,0.466,0.097,0.108,0.158,0.363,0.035,0.039,201585,Kosta Koufos,0.031,0.008,0.015,0.147,SAC,1610612758,5,1.0
308,31.0,0.005,0.008,5,"2743,1610612737",7,3,0.465,0.097,0.145,0.204,0.371,0.046,0.035,2743,Kris Humphries,0.035,0.016,0.067,0.043,ATL,1610612737,4,0.571
309,20.0,0.025,0.013,5,"204001,1610612752",4,2,0.49,0.126,0.145,0.145,0.417,0.051,0.025,204001,Kristaps Porzingis,0.013,0.0,0.013,0.063,NYK,1610612752,2,0.5
310,22.0,0.008,0.004,5,"203937,1610612759",6,4,0.493,0.082,0.196,0.204,0.321,0.067,0.043,203937,Kyle Anderson,0.0,0.031,0.02,0.047,SAS,1610612759,2,0.333
311,25.0,0.0,0.0,5,"1626271,1610612756",1,0,0.441,0.0,0.0,0.0,0.466,0.0,0.0,1626271,Kyle Casey,0.0,0.0,0.0,0.0,PHX,1610612756,1,1.0
312,35.0,0.004,0.004,5,"2594,1610612737",6,2,0.494,0.125,0.141,0.184,0.289,0.016,0.031,2594,Kyle Korver,0.0,0.051,0.051,0.008,ATL,1610612737,4,0.667
313,30.0,0.0,0.004,5,"200768,1610612761",5,0,0.492,0.151,0.121,0.105,0.362,0.03,0.09,200768,Kyle Lowry,0.008,0.056,0.09,0.121,TOR,1610612761,5,1.0
314,26.0,0.029,0.005,5,"203124,1610612752",5,1,0.482,0.184,0.14,0.145,0.358,0.058,0.063,203124,Kyle O'Quinn,0.039,0.01,0.019,0.126,NYK,1610612752,4,0.8
315,28.0,0.027,0.0,5,"202713,1610612760",5,1,0.467,0.261,0.126,0.18,0.449,0.09,0.018,202713,Kyle Singler,0.027,0.0,0.018,0.018,OKC,1610612760,4,0.8
316,30.0,0.008,0.012,5,"200746,1610612759",5,3,0.493,0.07,0.222,0.16,0.452,0.043,0.055,200746,LaMarcus Aldridge,0.035,0.008,0.02,0.086,SAS,1610612759,2,0.4
317,24.0,0.005,0.014,5,"203934,1610612737",6,2,0.477,0.056,0.13,0.25,0.324,0.042,0.051,203934,Lamar Patterson,0.014,0.042,0.019,0.037,ATL,1610612737,4,0.667
318,25.0,0.0,0.007,5,"202362,1610612763",6,3,0.461,0.117,0.165,0.179,0.4,0.055,0.014,202362,Lance Stephenson,0.017,0.014,0.021,0.048,MEM,1610612763,3,0.5
319,28.0,0.006,0.0,5,"202498,1610612752",6,2,0.483,0.13,0.107,0.124,0.384,0.034,0.017,202498,Lance Thomas,0.0,0.011,0.023,0.011,NYK,1610612752,4,0.667
320,24.0,0.003,0.009,5,"204038,1610612752",6,2,0.477,0.147,0.12,0.135,0.4,0.026,0.021,204038,Langston Galloway,0.009,0.012,0.038,0.012,NYK,1610612752,4,0.667
321,23.0,0.0,0.0,5,"1626204,1610612747",5,2,0.507,0.111,0.083,0.185,0.5,0.065,0.046,1626204,Larry Nance Jr.,0.037,0.0,0.019,0.093,LAL,1610612747,3,0.6
322,27.0,0.016,0.004,5,"202730,1610612754",7,2,0.507,0.12,0.14,0.104,0.368,0.028,0.012,202730,Lavoy Allen,0.016,0.016,0.008,0.056,IND,1610612754,5,0.714
323,25.0,0.0,0.0,5,"1626272,1610612763",6,1,0.52,0.085,0.164,0.218,0.279,0.024,0.042,1626272,Lazeric Jones,0.012,0.012,0.03,0.012,MEM,1610612763,5,0.833
324,31.0,0.0,0.0,5,"2544,1610612739",2,2,0.497,0.103,0.124,0.154,0.309,0.051,0.072,2544,LeBron James,0.0,0.062,0.062,0.082,CLE,1610612739,0,0.0
325,33.0,0.005,0.016,5,"2571,1610612744",7,4,0.47,0.175,0.087,0.115,0.35,0.038,0.049,2571,Leandro Barbosa,0.027,0.076,0.115,0.186,GSW,1610612744,3,0.429
326,23.0,0.0,0.0,5,"1626260,1610612738",2,1,0.44,0.0,0.0,0.0,1.389,0.0,0.694,1626260,Levi Randolph,2.083,0.0,0.0,1.389,BOS,1610612738,1,0.5
327,25.0,0.008,0.008,5,"203485,1610612765",5,4,0.496,0.174,0.083,0.129,0.333,0.045,0.015,203485,Lorenzo Brown,0.0,0.061,0.061,0.091,DET,1610612765,1,0.2
328,33.0,0.047,0.012,5,"200811,1610612752",3,1,0.473,0.187,0.141,0.129,0.539,0.094,0.059,200811,Lou Amundson,0.023,0.047,0.07,0.141,NYK,1610612752,2,0.667
329,29.0,0.006,0.016,5,"101150,1610612747",6,5,0.473,0.113,0.17,0.208,0.435,0.054,0.107,101150,Lou Williams,0.019,0.032,0.063,0.076,LAL,1610612747,1,0.167
330,29.0,0.014,0.028,5,"201601,1610612746",4,2,0.464,0.166,0.11,0.207,0.331,0.041,0.055,201601,Luc Mbah a Moute,0.055,0.0,0.041,0.083,LAC,1610612746,2,0.5
331,23.0,0.0,0.0,5,"1626242,1610612757",2,2,0.445,0.0,0.0,0.235,0.118,0.0,0.0,1626242,Luis Montero,0.0,0.118,0.0,0.118,POR,1610612757,0,0.0
332,36.0,0.0,0.009,5,"2449,1610612761",6,1,0.492,0.096,0.11,0.092,0.377,0.055,0.06,2449,Luis Scola,0.051,0.018,0.051,0.165,TOR,1610612761,5,0.833
333,27.0,0.0,0.0,5,"202337,1610612740",3,1,0.452,0.171,0.226,0.098,0.366,0.024,0.024,202337,Luke Babbitt,0.031,0.018,0.073,0.037,NOP,1610612740,2,0.667
334,31.0,0.0,0.003,5,"2736,1610612748",6,2,0.472,0.158,0.165,0.199,0.432,0.021,0.045,2736,Luol Deng,0.007,0.038,0.027,0.062,MIA,1610612748,4,0.667
335,23.0,0.0,0.0,5,"1626259,1610612738",1,0,0.0,0.0,0.0,0.0,0.0,0.0,0.0,1626259,Malcolm Miller,0.0,0.0,0.0,0.0,BOS,1610612738,1,1.0
336,38.0,0.013,0.0,5,"1938,1610612759",5,3,0.497,0.057,0.191,0.108,0.382,0.051,0.057,1938,Manu Ginobili,0.019,0.045,0.057,0.102,SAS,1610612759,2,0.4
337,31.0,0.036,0.015,5,"201188,1610612763",5,0,0.494,0.047,0.178,0.178,0.283,0.054,0.062,201188,Marc Gasol,0.015,0.004,0.029,0.087,MEM,1610612763,5,1.0
338,33.0,0.008,0.0,5,"1626273,1610612747",3,1,0.448,0.167,0.167,0.142,0.418,0.059,0.033,1626273,Marcelo Huertas,0.0,0.017,0.033,0.05,LAL,1610612747,2,0.667
339,32.0,0.018,0.013,5,"101162,1610612764",7,3,0.451,0.083,0.114,0.187,0.316,0.036,0.07,101162,Marcin Gortat,0.018,0.054,0.026,0.181,WAS,1610612764,4,0.571
340,30.0,0.0,0.006,5,"201158,1610612758",6,1,0.48,0.11,0.135,0.207,0.369,0.026,0.066,201158,Marco Belinelli,0.012,0.029,0.061,0.023,SAC,1610612758,5,0.833
341,30.0,0.023,0.012,5,"202068,1610612749",4,3,0.486,0.092,0.22,0.185,0.231,0.046,0.023,202068,Marcus Landry,0.0,0.023,0.0,0.023,MIL,1610612749,1,0.25
342,26.0,0.008,0.005,5,"202694,1610612765",8,5,0.495,0.108,0.081,0.157,0.304,0.071,0.042,202694,Marcus Morris,0.024,0.037,0.071,0.058,DET,1610612765,3,0.375
343,28.0,0.0,0.0,5,"204136,1610612741",2,0,0.643,0.0,0.6,1.2,0.4,0.0,0.0,204136,Marcus Simmons,0.0,0.0,0.0,0.0,CHI,1610612741,2,1.0
344,22.0,0.0,0.004,5,"203935,1610612738",5,0,0.454,0.075,0.101,0.116,0.345,0.041,0.049,203935,Marcus Smart,0.026,0.026,0.06,0.075,BOS,1610612738,5,1.0
345,29.0,0.0,0.014,5,"201977,1610612764",6,4,0.472,0.125,0.111,0.118,0.402,0.035,0.031,201977,Marcus Thornton,0.049,0.007,0.045,0.062,WAS,1610612764,2,0.333
346,30.0,0.0,0.015,5,"201596,1610612763",5,3,0.469,0.133,0.133,0.158,0.276,0.064,0.089,201596,Mario Chalmers,0.01,0.02,0.059,0.049,MEM,1610612763,2,0.4
347,21.0,0.003,0.006,5,"1626209,1610612753",8,2,0.509,0.125,0.116,0.21,0.274,0.058,0.029,1626209,Mario Hezonja,0.026,0.02,0.064,0.052,ORL,1610612753,6,0.75
348,26.0,0.021,0.017,5,"202693,1610612764",6,2,0.477,0.242,0.107,0.231,0.449,0.062,0.059,202693,Markieff Morris,0.031,0.007,0.083,0.083,WAS,1610612764,4,0.667
349,28.0,0.017,0.004,5,"201578,1610612744",7,4,0.457,0.191,0.114,0.237,0.449,0.059,0.076,201578,Marreese Speights,0.072,0.025,0.025,0.11,GSW,1610612744,3,0.429
350,25.0,0.0,0.0,5,"1626289,1610612758",1,0,0.361,0.0,0.581,0.727,0.291,0.0,0.0,1626289,Marshall Henderson,0.0,0.0,0.0,0.0,SAC,1610612758,1,1.0
351,30.0,0.003,0.01,5,"101107,1610612766",7,0,0.482,0.08,0.128,0.135,0.334,0.026,0.032,101107,Marvin Williams,0.016,0.013,0.019,0.039,CHA,1610612766,7,1.0
352,26.0,0.009,0.0,5,"203486,1610612757",7,4,0.454,0.094,0.21,0.207,0.328,0.058,0.055,203486,Mason Plumlee,0.006,0.021,0.027,0.109,POR,1610612757,3,0.429
353,36.0,0.016,0.022,5,"2440,1610612763",5,0,0.47,0.07,0.108,0.216,0.227,0.06,0.027,2440,Matt Barnes,0.027,0.032,0.005,0.032,MEM,1610612763,5,1.0
354,36.0,0.0,0.0,5,"2588,1610612759",2,2,0.426,0.0,0.07,0.139,0.278,0.0,0.0,2588,Matt Bonner,0.0,0.0,0.0,0.0,SAS,1610612759,0,0.0
355,28.0,0.0,0.0,5,"202394,1610612743",2,0,0.471,0.356,0.153,0.0,0.305,0.153,0.0,202394,Matt Janning,0.0,0.102,0.102,0.0,DEN,1610612743,2,1.0
356,25.0,0.0,0.014,5,"203521,1610612739",6,5,0.484,0.151,0.113,0.209,0.398,0.041,0.01,203521,Matthew Dellavedova,0.027,0.014,0.024,0.069,CLE,1610612739,1,0.167
357,23.0,0.008,0.004,5,"203090,1610612757",5,3,0.478,0.079,0.161,0.165,0.347,0.028,0.047,203090,Maurice Harkless,0.051,0.043,0.059,0.087,POR,1610612757,2,0.4
358,24.0,0.016,0.0,5,"1626254,1610612742",4,4,0.476,0.188,0.177,0.162,0.407,0.052,0.042,1626254,Maurice Ndour,0.0,0.026,0.042,0.042,DAL,1610612742,0,0.0
359,25.0,0.0,0.014,5,"203929,1610612753",4,1,0.437,0.055,0.096,0.233,0.438,0.082,0.027,203929,Melvin Ejim,0.068,0.0,0.041,0.11,ORL,1610612753,3,0.75
360,36.0,0.006,0.006,5,"1897,1610612747",6,3,0.481,0.117,0.152,0.246,0.445,0.064,0.053,1897,Metta World Peace,0.0,0.0,0.029,0.058,LAL,1610612747,3,0.5
361,24.0,0.013,0.0,5,"203086,1610612757",7,4,0.454,0.097,0.171,0.184,0.326,0.047,0.034,203086,Meyers Leonard,0.016,0.008,0.055,0.016,POR,1610612757,3,0.429
362,24.0,0.026,0.013,5,"203487,1610612749",5,3,0.479,0.149,0.107,0.239,0.273,0.06,0.034,203487,Michael Carter-Williams,0.026,0.047,0.051,0.102,MIL,1610612749,2,0.4
363,22.0,0.0,0.02,5,"1626187,1610612747",4,1,0.511,0.059,0.059,0.159,0.515,0.04,0.04,1626187,Michael Frazier,0.0,0.0,0.02,0.0,LAL,1610612747,3,0.75
364,23.0,0.0,0.0,5,"1626261,1610612763",1,0,0.499,0.313,0.251,0.376,0.627,0.125,0.0,1626261,Michael Holyfield,0.0,0.0,0.0,0.0,MEM,1610612763,1,1.0
365,22.0,0.0,0.0,5,"203077,1610612766",1,0,0.5,0.0,0.278,0.159,0.397,0.0,0.079,203077,Michael Kidd-Gilchrist,0.0,0.079,0.0,0.159,CHA,1610612766,1,1.0
366,24.0,0.0,0.0,5,"1626252,1610612761",1,0,0.447,0.0,0.388,0.388,0.581,0.0,0.0,1626252,Michale Kyser,0.0,0.0,0.0,0.0,TOR,1610612761,1,1.0
367,28.0,0.0,0.021,5,"201144,1610612763",5,0,0.509,0.051,0.176,0.184,0.3,0.017,0.086,201144,Mike Conley,0.017,0.0,0.026,0.06,MEM,1610612763,5,1.0
368,36.0,0.0,0.0,5,"2034,1610612743",3,1,0.459,0.177,0.136,0.198,0.355,0.094,0.0,2034,Mike Miller,0.0,0.031,0.031,0.0,DEN,1610612743,2,0.667
369,24.0,0.015,0.01,5,"203488,1610612737",6,3,0.494,0.073,0.161,0.196,0.42,0.049,0.02,203488,Mike Muscala,0.029,0.0,0.02,0.049,ATL,1610612737,3,0.5
370,27.0,0.004,0.009,5,"203118,1610612737",6,2,0.488,0.111,0.154,0.21,0.299,0.043,0.03,203118,Mike Scott,0.026,0.043,0.021,0.145,ATL,1610612737,4,0.667
371,27.0,0.03,0.015,5,"203101,1610612749",3,3,0.453,0.209,0.254,0.209,0.359,0.03,0.12,203101,Miles Plumlee,0.06,0.06,0.03,0.06,MIL,1610612749,0,0.0
372,30.0,0.004,0.008,5,"203141,1610612756",6,2,0.429,0.128,0.136,0.202,0.388,0.05,0.023,203141,Mirza Teletovic,0.016,0.008,0.019,0.031,PHX,1610612756,4,0.667
373,24.0,0.016,0.008,5,"203956,1610612760",4,1,0.47,0.125,0.094,0.187,0.359,0.039,0.039,203956,Mitch McGary,0.016,0.047,0.047,0.14,OKC,1610612760,3,0.75
374,33.0,0.0,0.013,5,"2590,1610612739",5,5,0.485,0.147,0.121,0.23,0.39,0.035,0.03,2590,Mo Williams,0.022,0.026,0.022,0.026,CLE,1610612739,0,0.0
375,30.0,0.004,0.004,5,"101145,1610612754",6,2,0.476,0.137,0.109,0.162,0.373,0.014,0.035,101145,Monta Ellis,0.0,0.049,0.088,0.07,IND,1610612754,4,0.667
376,22.0,0.011,0.004,5,"1626149,1610612745",6,4,0.466,0.176,0.226,0.208,0.517,0.086,0.05,1626149,Montrezl Harrell,0.047,0.047,0.036,0.108,HOU,1610612745,2,0.333
377,20.0,0.074,0.005,5,"1626167,1610612754",6,1,0.501,0.123,0.094,0.153,0.375,0.049,0.064,1626167,Myles Turner,0.01,0.005,0.02,0.059,IND,1610612754,5,0.833
378,32.0,0.0,0.017,5,"101126,1610612740",4,3,0.479,0.181,0.099,0.186,0.501,0.047,0.035,101126,Nate Robinson,0.0,0.023,0.058,0.035,NOP,1610612740,1,0.25
379,28.0,0.004,0.007,5,"202357,1610612750",7,5,0.505,0.166,0.135,0.163,0.453,0.067,0.021,202357,Nemanja Bjelica,0.021,0.007,0.042,0.042,MIN,1610612750,2,0.286
380,33.0,0.01,0.0,5,"2403,1610612764",3,1,0.457,0.06,0.161,0.101,0.363,0.02,0.071,2403,Nene,0.0,0.101,0.04,0.181,WAS,1610612764,2,0.667
381,22.0,0.023,0.003,5,"203457,1610612755",5,4,0.447,0.109,0.172,0.205,0.442,0.036,0.076,203457,Nerlens Noel,0.02,0.03,0.059,0.112,PHI,1610612755,1,0.2
382,35.0,0.0,0.006,5,"2555,1610612760",5,1,0.49,0.096,0.131,0.272,0.511,0.04,0.017,2555,Nick Collison,0.023,0.0,0.011,0.068,OKC,1610612760,4,0.8
383,23.0,0.0,0.009,5,"203910,1610612743",6,2,0.481,0.108,0.127,0.158,0.371,0.054,0.036,203910,Nick Johnson,0.023,0.009,0.0,0.009,DEN,1610612743,4,0.667
384,27.0,0.0,0.0,5,"1626305,1610612739",3,3,0.458,0.141,0.11,0.407,0.532,0.063,0.031,1626305,Nick Minnerath,0.031,0.0,0.031,0.031,CLE,1610612739,0,0.0
385,25.0,0.0,0.04,5,"1626287,1610612750",4,4,0.53,0.0,0.238,0.0,0.159,0.04,0.04,1626287,Nick Wiggins,0.0,0.079,0.119,0.238,MIN,1610612750,0,0.0
386,31.0,0.0,0.003,5,"201156,1610612747",8,5,0.488,0.118,0.104,0.155,0.501,0.052,0.023,201156,Nick Young,0.006,0.032,0.035,0.017,LAL,1610612747,3,0.375
387,27.0,0.003,0.003,5,"201587,1610612766",6,0,0.47,0.099,0.135,0.164,0.347,0.016,0.061,201587,Nicolas Batum,0.003,0.019,0.055,0.077,CHA,1610612766,6,1.0
388,21.0,0.012,0.003,5,"203999,1610612743",7,3,0.472,0.114,0.139,0.173,0.334,0.071,0.077,203999,Nikola Jokic,0.065,0.025,0.043,0.186,DEN,1610612743,4,0.571
389,25.0,0.008,0.003,5,"202703,1610612741",8,4,0.485,0.091,0.145,0.164,0.382,0.056,0.073,202703,Nikola Mirotic,0.046,0.032,0.03,0.059,CHI,1610612741,4,0.5
390,25.0,0.02,0.015,5,"202696,1610612753",7,1,0.487,0.108,0.084,0.172,0.285,0.058,0.064,202696,Nikola Vucevic,0.07,0.006,0.084,0.198,ORL,1610612753,6,0.857
391,23.0,0.022,0.0,5,"1626295,1610612753",5,2,0.469,0.078,0.101,0.134,0.336,0.078,0.034,1626295,Nnanna Egwu,0.045,0.0,0.0,0.067,ORL,1610612753,3,0.6
392,20.0,0.009,0.013,5,"203943,1610612757",7,4,0.495,0.088,0.147,0.197,0.394,0.05,0.034,203943,Noah Vonleh,0.069,0.013,0.013,0.106,POR,1610612757,3,0.429
393,23.0,0.01,0.01,5,"1626181,1610612761",6,2,0.495,0.101,0.116,0.217,0.464,0.05,0.03,1626181,Norman Powell,0.025,0.076,0.091,0.111,TOR,1610612761,4,0.667
394,27.0,0.0,0.024,5,"202708,1610612740",2,1,0.455,0.06,0.12,0.144,0.168,0.06,0.048,202708,Norris Cole,0.072,0.072,0.024,0.024,NOP,1610612740,1,0.5
395,28.0,0.005,0.0,5,"201564,1610612749",6,4,0.454,0.133,0.092,0.147,0.284,0.046,0.028,201564,O.J. Mayo,0.0,0.009,0.028,0.018,MIL,1610612749,2,0.333
396,30.0,0.0,0.0,5,"200762,1610612743",1,0,0.492,0.332,0.0,0.0,0.265,0.0,0.066,200762,Oleksiy Pecherov,0.0,0.0,0.265,0.265,DEN,1610612743,1,1.0
397,27.0,0.0,0.018,5,"204179,1610612757",4,3,0.432,0.074,0.147,0.239,0.258,0.037,0.0,204179,Omari Johnson,0.0,0.092,0.074,0.11,POR,1610612757,1,0.25
398,29.0,0.0,0.0,5,"201600,1610612740",1,0,0.45,0.255,0.085,0.128,0.34,0.043,0.043,201600,Omer Asik,0.043,0.0,0.043,0.085,NOP,1610612740,1,1.0
399,28.0,0.0,0.006,5,"201956,1610612758",5,1,0.447,0.062,0.191,0.231,0.416,0.028,0.034,201956,Omri Casspi,0.022,0.045,0.011,0.135,SAC,1610612758,4,0.8
400,23.0,0.008,0.01,5,"203490,1610612764",7,3,0.453,0.055,0.104,0.164,0.307,0.031,0.036,203490,Otto Porter,0.042,0.057,0.047,0.094,WAS,1610612764,4,0.571
401,23.0,0.0,0.005,5,"203798,1610612763",5,1,0.49,0.075,0.185,0.135,0.4,0.085,0.035,203798,PJ Hairston,0.02,0.015,0.035,0.01,MEM,1610612763,4,0.8
402,31.0,0.004,0.009,5,"200782,1610612756",6,2,0.476,0.232,0.12,0.245,0.447,0.052,0.034,200782,PJ Tucker,0.0,0.004,0.004,0.009,PHX,1610612756,4,0.667
403,39.0,0.0,0.0,5,"203143,1610612746",6,3,0.476,0.112,0.123,0.171,0.428,0.043,0.032,203143,Pablo Prigioni,0.0,0.011,0.0,0.011,LAC,1610612746,3,0.5
404,23.0,0.004,0.0,5,"1626192,1610612757",7,4,0.476,0.084,0.202,0.213,0.301,0.059,0.011,1626192,Pat Connaughton,0.007,0.033,0.018,0.037,POR,1610612757,3,0.429
405,27.0,0.006,0.003,5,"201976,1610612745",7,5,0.466,0.144,0.155,0.211,0.393,0.05,0.039,201976,Patrick Beverley,0.0,0.03,0.014,0.017,HOU,1610612745,2,0.286
406,27.0,0.004,0.004,5,"202335,1610612761",7,2,0.493,0.088,0.077,0.179,0.328,0.022,0.015,202335,Patrick Patterson,0.007,0.007,0.007,0.029,TOR,1610612761,5,0.714
407,27.0,0.0,0.006,5,"201988,1610612759",5,3,0.485,0.044,0.231,0.165,0.418,0.028,0.017,201988,Patty Mills,0.017,0.072,0.055,0.088,SAS,1610612759,2,0.4
408,35.0,0.013,0.0,5,"2200,1610612741",5,2,0.503,0.132,0.137,0.119,0.388,0.044,0.062,2200,Pau Gasol,0.013,0.0,0.009,0.035,CHI,1610612741,3,0.6
409,26.0,0.008,0.011,5,"202331,1610612754",7,2,0.483,0.144,0.105,0.144,0.345,0.034,0.102,202331,Paul George,0.048,0.023,0.062,0.085,IND,1610612754,5,0.714
410,31.0,0.016,0.02,5,"200794,1610612737",5,2,0.48,0.11,0.145,0.165,0.306,0.051,0.051,200794,Paul Millsap,0.0,0.039,0.027,0.086,ATL,1610612737,3,0.6
411,38.0,0.019,0.01,5,"1718,1610612746",6,3,0.457,0.111,0.155,0.15,0.339,0.048,0.048,1718,Paul Pierce,0.0,0.015,0.015,0.019,LAC,1610612746,3,0.5
412,24.0,0.011,0.022,5,"203103,1610612738",5,0,0.461,0.1,0.123,0.179,0.357,0.078,0.0,203103,Perry Jones,0.0,0.0,0.0,0.0,BOS,1610612738,5,1.0
413,25.0,0.007,0.007,5,"203515,1610612756",4,3,0.488,0.074,0.237,0.244,0.4,0.089,0.067,203515,Phil Pressey,0.0,0.022,0.0,0.03,PHX,1610612756,1,0.25
414,24.0,0.0,0.01,5,"203510,1610612755",3,3,0.441,0.062,0.134,0.185,0.473,0.031,0.021,203510,Pierre Jackson,0.0,0.021,0.0,0.0,PHI,1610612755,0,0.0
415,25.0,0.037,0.0,5,"203112,1610612758",2,0,0.502,0.137,0.137,0.224,0.398,0.037,0.025,203112,Quincy Acy,0.0,0.025,0.025,0.05,SAC,1610612758,2,1.0
416,23.0,0.0,0.03,5,"203113,1610612751",4,3,0.442,0.104,0.089,0.148,0.356,0.059,0.015,203113,Quincy Miller,0.03,0.0,0.059,0.059,BKN,1610612751,1,0.25
417,23.0,0.0,0.019,5,"1626188,1610612739",6,6,0.479,0.087,0.155,0.354,0.509,0.074,0.025,1626188,Quinn Cook,0.019,0.025,0.012,0.062,CLE,1610612739,0,0.0
418,22.0,0.011,0.007,5,"1626154,1610612738",7,1,0.472,0.107,0.11,0.175,0.356,0.032,0.014,1626154,RJ Hunter,0.007,0.025,0.018,0.029,BOS,1610612738,6,0.857
419,30.0,0.004,0.004,5,"200765,1610612758",6,1,0.485,0.042,0.13,0.162,0.338,0.018,0.042,200765,Rajon Rondo,0.007,0.011,0.025,0.049,SAC,1610612758,5,0.833
420,24.0,0.021,0.01,5,"1626176,1610612754",6,1,0.516,0.113,0.103,0.082,0.349,0.072,0.051,1626176,Rakeem Christmas,0.051,0.041,0.031,0.103,IND,1610612754,5,0.833
421,30.0,0.003,0.007,5,"201196,1610612764",7,3,0.467,0.086,0.116,0.129,0.318,0.023,0.083,201196,Ramon Sessions,0.007,0.046,0.046,0.093,WAS,1610612764,4,0.571
422,32.0,0.008,0.0,5,"200751,1610612760",3,1,0.464,0.102,0.212,0.28,0.475,0.051,0.0,200751,Randy Foye,0.0,0.0,0.025,0.017,OKC,1610612760,2,0.667
423,19.0,0.0,0.01,5,"1626173,1610612749",6,4,0.465,0.137,0.194,0.19,0.327,0.033,0.02,1626173,Rashad Vaughn,0.01,0.0,0.023,0.06,MIL,1610612749,2,0.333
424,37.0,0.0,0.0,5,"2446,1610612759",5,3,0.504,0.018,0.178,0.151,0.302,0.053,0.009,2446,Rasual Butler,0.018,0.018,0.036,0.071,SAS,1610612759,2,0.4
425,24.0,0.004,0.018,5,"203526,1610612762",7,4,0.525,0.159,0.132,0.229,0.441,0.048,0.04,203526,Raul Neto,0.0,0.009,0.026,0.053,UTA,1610612762,3,0.429
426,25.0,0.006,0.018,5,"203492,1610612763",6,4,0.496,0.123,0.197,0.246,0.307,0.055,0.031,203492,Ray McCallum,0.012,0.025,0.055,0.074,MEM,1610612763,2,0.333
427,32.0,0.005,0.009,5,"101109,1610612742",5,5,0.484,0.173,0.131,0.159,0.374,0.042,0.019,101109,Raymond Felton,0.033,0.028,0.009,0.159,DAL,1610612742,0,0.0
428,25.0,0.0,0.004,5,"203493,1610612765",6,3,0.488,0.118,0.08,0.139,0.355,0.042,0.013,203493,Reggie Bullock,0.008,0.063,0.055,0.076,DET,1610612765,3,0.5
429,26.0,0.008,0.02,5,"202704,1610612765",6,4,0.495,0.11,0.099,0.183,0.349,0.037,0.059,202704,Reggie Jackson,0.014,0.034,0.045,0.09,DET,1610612765,2,0.333
430,29.0,0.008,0.0,5,"202130,1610612759",6,4,0.49,0.106,0.295,0.257,0.363,0.008,0.03,202130,Reggie Williams,0.0,0.0,0.045,0.015,SAS,1610612759,2,0.333
431,36.0,0.0,0.004,5,"2210,1610612739",6,5,0.482,0.109,0.102,0.264,0.345,0.053,0.053,2210,Richard Jefferson,0.021,0.007,0.035,0.056,CLE,1610612739,1,0.167
432,22.0,0.013,0.004,5,"1626158,1610612755",7,5,0.446,0.057,0.114,0.201,0.349,0.087,0.035,1626158,Richaun Holmes,0.013,0.0,0.013,0.044,PHI,1610612755,2,0.286
433,25.0,0.0,0.0,5,"201937,1610612750",3,2,0.502,0.121,0.168,0.148,0.389,0.06,0.067,201937,Ricky Rubio,0.013,0.007,0.013,0.027,MIN,1610612750,1,0.333
434,25.0,0.01,0.01,5,"203496,1610612755",7,5,0.444,0.102,0.178,0.176,0.346,0.052,0.045,203496,Robert Covington,0.042,0.026,0.06,0.047,PHI,1610612755,2,0.286
435,27.0,0.021,0.0,5,"203135,1610612747",4,2,0.454,0.124,0.165,0.134,0.351,0.083,0.041,203135,Robert Sacre,0.01,0.0,0.0,0.062,LAL,1610612747,2,0.5
436,22.0,0.029,0.0,5,"1626193,1610612747",4,1,0.526,0.127,0.088,0.195,0.526,0.097,0.019,1626193,Robert Upshaw,0.0,0.0,0.0,0.058,LAL,1610612747,3,0.75
437,28.0,0.02,0.005,5,"201577,1610612752",5,1,0.465,0.168,0.102,0.117,0.439,0.051,0.051,201577,Robin Lopez,0.036,0.01,0.031,0.071,NYK,1610612752,4,0.8
438,23.0,0.003,0.006,5,"203918,1610612762",7,4,0.489,0.166,0.105,0.172,0.343,0.051,0.048,203918,Rodney Hood,0.015,0.021,0.051,0.102,UTA,1610612762,3,0.429
439,30.0,0.005,0.005,5,"201155,1610612754",6,2,0.501,0.139,0.166,0.102,0.342,0.032,0.032,201155,Rodney Stuckey,0.018,0.046,0.032,0.074,IND,1610612754,4,0.667
440,24.0,0.0,0.0,5,"204040,1610612761",3,1,0.498,0.131,0.109,0.196,0.653,0.087,0.065,204040,Ronald Roberts,0.044,0.0,0.022,0.087,TOR,1610612761,2,0.667
441,21.0,0.006,0.006,5,"1626178,1610612751",5,3,0.494,0.152,0.076,0.187,0.397,0.053,0.041,1626178,Rondae Hollis-Jefferson,0.0,0.023,0.023,0.035,BKN,1610612751,2,0.4
442,33.0,0.0,0.007,5,"101179,1610612756",3,1,0.453,0.162,0.14,0.169,0.393,0.07,0.056,101179,Ronnie Price,0.014,0.0,0.014,0.042,PHX,1610612756,2,0.667
443,29.0,0.034,0.008,5,"201579,1610612747",8,5,0.492,0.11,0.127,0.186,0.434,0.045,0.065,201579,Roy Hibbert,0.059,0.0,0.017,0.09,LAL,1610612747,3,0.375
444,29.0,0.011,0.011,5,"200752,1610612758",5,1,0.481,0.084,0.13,0.179,0.366,0.028,0.053,200752,Rudy Gay,0.028,0.063,0.074,0.113,SAC,1610612758,4,0.8
445,24.0,0.025,0.004,5,"203497,1610612762",6,3,0.494,0.145,0.149,0.227,0.361,0.053,0.067,203497,Rudy Gobert,0.025,0.025,0.039,0.106,UTA,1610612762,3,0.5
446,25.0,0.005,0.019,5,"203893,1610612763",5,1,0.502,0.111,0.134,0.231,0.342,0.037,0.065,203893,Russ Smith,0.023,0.042,0.028,0.102,MEM,1610612763,4,0.8
447,27.0,0.004,0.022,5,"201566,1610612760",5,0,0.468,0.101,0.138,0.209,0.358,0.049,0.086,201566,Russell Westbrook,0.026,0.067,0.052,0.157,OKC,1610612760,5,1.0
448,28.0,0.006,0.011,5,"201583,1610612740",7,4,0.467,0.132,0.13,0.149,0.386,0.041,0.039,201583,Ryan Anderson,0.017,0.022,0.017,0.061,NOP,1610612740,3,0.429
449,23.0,0.008,0.008,5,"1626207,1610612751",4,3,0.441,0.055,0.119,0.19,0.269,0.04,0.024,1626207,Ryan Boatright,0.0,0.016,0.016,0.016,BKN,1610612751,1,0.25
450,31.0,0.018,0.006,5,"200797,1610612763",7,1,0.485,0.072,0.138,0.18,0.288,0.048,0.096,200797,Ryan Hollins,0.042,0.012,0.03,0.156,MEM,1610612763,6,0.857
451,25.0,0.017,0.017,5,"203527,1610612747",7,4,0.465,0.139,0.185,0.202,0.43,0.046,0.055,203527,Ryan Kelly,0.021,0.025,0.046,0.084,LAL,1610612747,3,0.429
452,30.0,0.024,0.012,5,"1626257,1610612742",5,5,0.467,0.122,0.122,0.122,0.341,0.049,0.061,1626257,Salah Mejri,0.043,0.018,0.055,0.073,DAL,1610612742,0,0.0
453,22.0,0.003,0.009,5,"1626155,1610612745",8,5,0.448,0.127,0.191,0.2,0.412,0.033,0.024,1626155,Sam Dekker,0.036,0.021,0.006,0.048,HOU,1610612745,3,0.375
454,23.0,0.0,0.017,5,"1626280,1610612766",5,1,0.51,0.051,0.118,0.202,0.269,0.034,0.0,1626280,Sam Thompson,0.0,0.0,0.0,0.067,CHA,1610612766,4,0.8
455,25.0,0.021,0.0,5,"1627258,1610612763",5,1,0.515,0.0,0.193,0.257,0.257,0.064,0.021,1627258,Sampson Carter,0.0,0.043,0.043,0.043,MEM,1610612763,4,0.8
456,36.0,0.047,0.0,5,"2223,1610612742",4,4,0.476,0.205,0.167,0.177,0.446,0.065,0.028,2223,Samuel Dalembert,0.019,0.0,0.037,0.093,DAL,1610612742,0,0.0
457,31.0,0.009,0.004,5,"201619,1610612739",6,6,0.483,0.098,0.107,0.308,0.348,0.067,0.04,201619,Sasha Kaun,0.018,0.0,0.027,0.045,CLE,1610612739,0,0.0
458,32.0,0.005,0.005,5,"2756,1610612752",5,1,0.479,0.104,0.142,0.132,0.425,0.047,0.061,2756,Sasha Vujacic,0.033,0.024,0.024,0.028,NYK,1610612752,4,0.8
459,23.0,0.0,0.005,5,"203959,1610612755",5,4,0.447,0.066,0.173,0.213,0.477,0.015,0.036,203959,Scottie Wilbekin,0.0,0.041,0.081,0.071,PHI,1610612755,1,0.2
460,26.0,0.0,0.012,5,"203930,1610612751",5,3,0.431,0.127,0.188,0.157,0.508,0.03,0.036,203930,Sean Kilpatrick,0.024,0.048,0.079,0.097,BKN,1610612751,2,0.4
461,26.0,0.03,0.004,5,"201586,1610612760",5,0,0.477,0.106,0.136,0.22,0.379,0.038,0.027,201586,Serge Ibaka,0.034,0.023,0.019,0.083,OKC,1610612760,5,1.0
462,22.0,0.008,0.008,5,"203508,1610612751",3,3,0.453,0.133,0.183,0.208,0.3,0.05,0.033,203508,Sergey Karasev,0.017,0.008,0.0,0.033,BKN,1610612751,0,0.0
463,25.0,0.0,0.0,5,"203552,1610612758",3,0,0.494,0.086,0.137,0.24,0.24,0.069,0.051,203552,Seth Curry,0.0,0.051,0.017,0.069,SAC,1610612758,3,1.0
464,23.0,0.0,0.024,5,"203498,1610612750",7,5,0.497,0.145,0.157,0.161,0.459,0.036,0.077,203498,Shabazz Muhammad,0.036,0.024,0.064,0.121,MIN,1610612750,2,0.286
465,24.0,0.0,0.009,5,"203894,1610612753",6,2,0.519,0.08,0.08,0.132,0.329,0.052,0.052,203894,Shabazz Napier,0.028,0.052,0.042,0.056,ORL,1610612753,4,0.667
466,23.0,0.0,0.016,5,"203499,1610612751",5,3,0.483,0.13,0.126,0.173,0.401,0.047,0.031,203499,Shane Larkin,0.016,0.004,0.012,0.055,BKN,1610612751,2,0.4
467,23.0,0.0,0.0,5,"1626263,1610612761",2,2,0.438,0.168,0.084,0.364,0.336,0.084,0.056,1626263,Shannon Scott,0.0,0.056,0.0,0.056,TOR,1610612761,0,0.0
468,30.0,0.0,0.005,5,"2733,1610612744",6,3,0.457,0.176,0.117,0.189,0.36,0.027,0.036,2733,Shaun Livingston,0.023,0.018,0.0,0.072,GSW,1610612744,3,0.5
469,25.0,0.009,0.009,5,"203963,1610612754",7,2,0.516,0.186,0.177,0.13,0.409,0.121,0.056,203963,Shayne Whittington,0.019,0.0,0.019,0.112,IND,1610612754,5,0.714
470,26.0,0.0,0.0,5,"202714,1610612762",6,2,0.486,0.093,0.144,0.237,0.36,0.01,0.036,202714,Shelvin Mack,0.015,0.036,0.051,0.072,UTA,1610612762,4,0.667
471,25.0,0.0,0.011,5,"203524,1610612754",3,2,0.474,0.172,0.115,0.218,0.412,0.023,0.069,203524,Solomon Hill,0.103,0.0,0.023,0.115,IND,1610612754,1,0.333
472,29.0,0.0,0.003,5,"201603,1610612755",6,2,0.457,0.202,0.129,0.202,0.418,0.042,0.017,201603,Sonny Weems,0.017,0.035,0.028,0.077,PHI,1610612755,4,0.667
473,23.0,0.006,0.009,5,"203915,1610612765",8,5,0.484,0.132,0.072,0.153,0.318,0.054,0.054,203915,Spencer Dinwiddie,0.024,0.024,0.018,0.042,DET,1610612765,3,0.375
474,28.0,0.018,0.004,5,"201150,1610612766",6,0,0.5,0.088,0.119,0.185,0.362,0.044,0.018,201150,Spencer Hawes,0.0,0.0,0.0,0.062,CHA,1610612766,6,1.0
475,20.0,0.007,0.015,5,"1626169,1610612765",8,5,0.477,0.139,0.102,0.185,0.33,0.05,0.048,1626169,Stanley Johnson,0.028,0.035,0.05,0.1,DET,1610612765,3,0.375
476,31.0,0.0,0.0,5,"202513,1610612741",1,0,0.708,0.0,0.0,1.5,0.0,0.5,0.0,202513,Stefhon Hannah,0.0,0.0,0.0,0.0,CHI,1610612741,1,1.0
477,28.0,0.003,0.0,5,"201939,1610612744",6,3,0.448,0.19,0.125,0.215,0.392,0.051,0.058,201939,Stephen Curry,0.0,0.09,0.051,0.077,GSW,1610612744,3,0.5
478,36.0,0.0,0.0,5,"2581,1610612765",1,0,0.523,0.065,0.174,0.109,0.349,0.044,0.022,2581,Steve Blake,0.0,0.0,0.0,0.044,DET,1610612765,1,1.0
479,33.0,0.012,0.0,5,"200779,1610612749",6,1,0.495,0.188,0.141,0.188,0.398,0.0,0.012,200779,Steve Novak,0.023,0.0,0.0,0.0,MIL,1610612749,5,0.833
480,22.0,0.019,0.011,5,"203500,1610612760",5,1,0.48,0.147,0.124,0.211,0.429,0.053,0.094,203500,Steven Adams,0.071,0.0,0.038,0.143,OKC,1610612760,4,0.8
481,24.0,0.004,0.004,5,"204456,1610612755",5,3,0.441,0.08,0.132,0.188,0.463,0.04,0.04,204456,TJ McConnell,0.0,0.016,0.036,0.072,PHI,1610612755,2,0.4
482,22.0,0.0,0.009,5,"203933,1610612756",6,2,0.45,0.139,0.139,0.163,0.397,0.053,0.039,203933,TJ Warren,0.036,0.113,0.095,0.16,PHX,1610612756,4,0.667
483,31.0,0.042,0.007,5,"201959,1610612741",4,2,0.496,0.119,0.098,0.202,0.293,0.035,0.077,201959,Taj Gibson,0.105,0.028,0.014,0.167,CHI,1610612741,2,0.5
484,25.0,0.045,0.0,5,"204075,1610612760",4,1,0.532,0.158,0.045,0.068,0.271,0.023,0.023,204075,Talib Zanna,0.045,0.136,0.045,0.136,OKC,1610612760,3,0.75
485,24.0,0.011,0.022,5,"204028,1610612747",3,1,0.478,0.078,0.089,0.177,0.354,0.055,0.033,204028,Tarik Black,0.066,0.044,0.089,0.221,LAL,1610612747,2,0.667
486,36.0,0.0,0.006,5,"2419,1610612750",6,4,0.503,0.064,0.082,0.157,0.361,0.029,0.023,2419,Tayshaun Prince,0.0,0.017,0.035,0.035,MIN,1610612750,2,0.333
487,23.0,0.0,0.0,5,"1626189,1610612737",3,0,0.478,0.0,0.089,0.289,0.311,0.089,0.022,1626189,Terran Petteway,0.0,0.0,0.0,0.0,ATL,1610612737,3,1.0
488,24.0,0.01,0.022,5,"203093,1610612745",6,5,0.451,0.089,0.175,0.181,0.451,0.022,0.048,203093,Terrence Jones,0.044,0.051,0.029,0.133,HOU,1610612745,1,0.167
489,25.0,0.02,0.0,5,"203082,1610612761",6,1,0.487,0.101,0.069,0.153,0.298,0.044,0.016,203082,Terrence Ross,0.008,0.02,0.012,0.024,TOR,1610612761,5,0.833
490,26.0,0.067,0.0,5,"202358,1610612756",2,0,0.542,0.133,0.333,0.333,0.4,0.0,0.0,202358,Terrico White,0.0,0.0,0.0,0.0,PHX,1610612756,2,1.0
491,22.0,0.0,0.01,5,"1626179,1610612738",5,0,0.462,0.075,0.085,0.134,0.279,0.03,0.05,1626179,Terry Rozier,0.025,0.045,0.08,0.07,BOS,1610612738,5,1.0
492,32.0,0.025,0.008,5,"200757,1610612737",4,2,0.49,0.161,0.093,0.178,0.339,0.034,0.034,200757,Thabo Sefolosha,0.0,0.0,0.017,0.068,ATL,1610612737,2,0.5
493,28.0,0.0,0.011,5,"201152,1610612751",5,3,0.484,0.133,0.095,0.191,0.374,0.042,0.061,201152,Thaddeus Young,0.015,0.019,0.027,0.183,BKN,1610612751,2,0.4
494,23.0,0.035,0.035,5,"203648,1610612752",3,2,0.457,0.279,0.244,0.0,0.489,0.035,0.035,203648,Thanasis Antetokounmpo,0.0,0.0,0.0,0.0,NYK,1610612752,1,0.333
495,25.0,0.029,0.023,5,"203080,1610612751",4,3,0.5,0.146,0.122,0.239,0.442,0.058,0.041,203080,Thomas Robinson,0.07,0.035,0.035,0.175,BKN,1610612751,1,0.25
496,31.0,0.024,0.012,5,"201168,1610612737",5,1,0.473,0.101,0.197,0.143,0.322,0.054,0.072,201168,Tiago Splitter,0.006,0.024,0.042,0.048,ATL,1610612737,4,0.8
497,26.0,0.008,0.016,5,"202353,1610612762",6,3,0.494,0.121,0.073,0.226,0.355,0.081,0.032,202353,Tibor Pleiss,0.016,0.0,0.0,0.065,UTA,1610612762,3,0.5
498,40.0,0.017,0.011,5,"1495,1610612759",5,3,0.506,0.04,0.22,0.192,0.384,0.023,0.034,1495,Tim Duncan,0.023,0.011,0.034,0.158,SAS,1610612759,2,0.4
499,25.0,0.0,0.0,5,"204025,1610612740",4,2,0.466,0.111,0.127,0.23,0.301,0.087,0.04,204025,Tim Frazier,0.016,0.016,0.016,0.032,NOP,1610612740,2,0.5
500,24.0,0.0,0.011,5,"203501,1610612737",7,3,0.484,0.107,0.121,0.185,0.321,0.032,0.021,203501,Tim Hardaway Jr.,0.007,0.0,0.039,0.021,ATL,1610612737,4,0.571
501,29.0,0.012,0.016,5,"202389,1610612739",5,4,0.502,0.093,0.141,0.217,0.378,0.04,0.081,202389,Timofey Mozgov,0.028,0.016,0.016,0.153,CLE,1610612739,1,0.2
502,23.0,0.008,0.008,5,"202699,1610612765",7,2,0.492,0.127,0.105,0.178,0.308,0.059,0.038,202699,Tobias Harris,0.022,0.046,0.03,0.135,DET,1610612765,5,0.714
503,30.0,0.009,0.017,5,"201962,1610612740",5,1,0.507,0.139,0.157,0.122,0.401,0.061,0.078,201962,Toney Douglas,0.035,0.035,0.052,0.07,NOP,1610612740,4,0.8
504,34.0,0.0,0.013,5,"2754,1610612763",4,0,0.487,0.013,0.172,0.185,0.318,0.07,0.045,2754,Tony Allen,0.0,0.038,0.083,0.089,MEM,1610612763,4,1.0
505,34.0,0.0,0.011,5,"2225,1610612759",4,3,0.496,0.07,0.225,0.188,0.397,0.038,0.059,2225,Tony Parker,0.011,0.043,0.054,0.064,SAS,1610612759,1,0.25
506,24.0,0.005,0.012,5,"203503,1610612741",7,3,0.475,0.09,0.161,0.166,0.326,0.038,0.021,203503,Tony Snell,0.009,0.033,0.035,0.062,CHI,1610612741,4,0.571
507,26.0,0.0,0.0,5,"203315,1610612764",4,1,0.423,0.112,0.196,0.252,0.617,0.07,0.042,203315,Toure Murry,0.0,0.056,0.056,0.084,WAS,1610612764,3,0.75
508,23.0,0.0,0.034,5,"1626275,1610612752",2,2,0.48,0.305,0.102,0.0,0.407,0.068,0.034,1626275,Travis Trice II,0.0,0.068,0.0,0.0,NYK,1610612752,0,0.0
509,31.0,0.0,0.0,5,"201645,1610612748",2,1,0.484,0.141,0.281,0.299,0.387,0.035,0.018,201645,Tre Kelley,0.0,0.0,0.035,0.07,MIA,1610612748,1,0.5
510,22.0,0.0,0.054,5,"1626203,1610612762",2,2,0.493,0.352,0.054,0.189,0.595,0.027,0.054,1626203,Treveon Graham,0.027,0.0,0.027,0.0,UTA,1610612762,0,0.0
511,30.0,0.003,0.003,5,"2772,1610612745",6,4,0.461,0.133,0.127,0.165,0.382,0.02,0.017,2772,Trevor Ariza,0.026,0.081,0.067,0.104,HOU,1610612745,2,0.333
512,28.0,0.009,0.013,5,"202344,1610612762",7,4,0.497,0.188,0.146,0.244,0.411,0.039,0.043,202344,Trevor Booker,0.021,0.021,0.026,0.086,UTA,1610612762,3,0.429
513,23.0,0.0,0.02,5,"203504,1610612762",6,3,0.488,0.166,0.129,0.215,0.377,0.017,0.04,203504,Trey Burke,0.007,0.066,0.099,0.113,UTA,1610612762,3,0.5
514,20.0,0.005,0.005,5,"1626168,1610612762",6,3,0.499,0.172,0.081,0.151,0.377,0.054,0.032,1626168,Trey Lyles,0.011,0.022,0.043,0.118,UTA,1610612762,3,0.5
515,24.0,0.0,0.0,5,"203584,1610612766",3,1,0.49,0.088,0.128,0.104,0.336,0.04,0.024,203584,Troy Daniels,0.016,0.024,0.024,0.016,CHA,1610612766,2,0.667
516,28.0,0.0,0.004,5,"201951,1610612754",5,4,0.473,0.121,0.134,0.193,0.469,0.046,0.05,201951,Ty Lawson,0.008,0.05,0.063,0.075,IND,1610612754,1,0.2
517,30.0,0.011,0.027,5,"201946,1610612766",4,1,0.492,0.044,0.202,0.142,0.425,0.071,0.087,201946,Tyler Hansbrough,0.055,0.0,0.038,0.076,CHA,1610612766,3,0.75
518,24.0,0.004,0.014,5,"204020,1610612748",8,4,0.482,0.111,0.072,0.093,0.258,0.043,0.036,204020,Tyler Johnson,0.029,0.036,0.039,0.086,MIA,1610612748,4,0.5
519,26.0,0.022,0.013,5,"203092,1610612738",7,1,0.469,0.116,0.067,0.116,0.435,0.067,0.053,203092,Tyler Zeller,0.067,0.036,0.053,0.187,BOS,1610612738,6,0.857
520,26.0,0.0,0.01,5,"201936,1610612740",2,1,0.468,0.058,0.156,0.175,0.292,0.039,0.068,201936,Tyreke Evans,0.039,0.088,0.0,0.175,NOP,1610612740,1,0.5
521,33.0,0.016,0.0,5,"2199,1610612756",4,1,0.494,0.223,0.095,0.175,0.477,0.056,0.032,2199,Tyson Chandler,0.048,0.008,0.032,0.079,PHX,1610612756,3,0.75
522,20.0,0.0,0.005,5,"1626145,1610612750",6,4,0.482,0.143,0.257,0.187,0.543,0.03,0.039,1626145,Tyus Jones,0.0,0.01,0.01,0.039,MIN,1610612750,2,0.333
523,36.0,0.008,0.015,5,"2617,1610612748",5,2,0.494,0.146,0.131,0.231,0.385,0.1,0.015,2617,Udonis Haslem,0.0,0.0,0.015,0.046,MIA,1610612748,3,0.6
524,24.0,0.005,0.018,5,"203506,1610612753",8,2,0.496,0.121,0.108,0.172,0.318,0.044,0.031,203506,Victor Oladipo,0.028,0.077,0.074,0.082,ORL,1610612753,6,0.75
525,39.0,0.013,0.0,5,"1713,1610612763",5,1,0.48,0.114,0.19,0.26,0.418,0.082,0.044,1713,Vince Carter,0.019,0.0,0.0,0.025,MEM,1610612763,4,0.8
526,21.0,0.0,0.0,5,"1626205,1610612758",1,0,0.361,0.0,0.581,0.727,0.291,0.0,0.0,1626205,Vincent Hunter,0.0,0.0,0.0,0.0,SAC,1610612758,1,1.0
527,24.0,0.042,0.009,5,"204002,1610612737",6,2,0.48,0.07,0.08,0.267,0.244,0.094,0.061,204002,Walter Tavares,0.052,0.028,0.033,0.141,ATL,1610612737,4,0.667
528,28.0,0.0,0.009,5,"201961,1610612751",5,3,0.482,0.161,0.087,0.226,0.453,0.03,0.035,201961,Wayne Ellington,0.026,0.035,0.07,0.017,BKN,1610612751,2,0.4
529,28.0,0.008,0.0,5,"202325,1610612746",6,3,0.459,0.086,0.134,0.122,0.407,0.049,0.02,202325,Wesley Johnson,0.0,0.008,0.016,0.016,LAC,1610612746,3,0.5
530,29.0,0.0,0.033,5,"202083,1610612742",1,1,0.509,0.131,0.131,0.197,0.328,0.033,0.0,202083,Wesley Matthews,0.0,0.0,0.0,0.066,DAL,1610612742,0,0.0
531,23.0,0.0,0.0,5,"1626201,1610612752",2,2,0.457,0.127,0.19,0.0,0.508,0.063,0.0,1626201,Wesley Saunders,0.0,0.0,0.127,0.127,NYK,1610612752,0,0.0
532,25.0,0.011,0.022,5,"203115,1610612743",7,3,0.484,0.155,0.122,0.144,0.348,0.024,0.049,203115,Will Barton,0.024,0.052,0.044,0.093,DEN,1610612743,4,0.571
533,23.0,0.0,0.012,5,"1626270,1610612745",6,3,0.444,0.071,0.285,0.184,0.486,0.077,0.089,1626270,Will Cummings,0.03,0.024,0.0,0.036,HOU,1610612745,3,0.5
534,22.0,0.029,0.014,5,"1626161,1610612758",6,1,0.505,0.075,0.204,0.179,0.294,0.057,0.032,1626161,Willie Cauley-Stein,0.039,0.011,0.029,0.093,SAC,1610612758,5,0.833
535,26.0,0.0,0.0,5,"203186,1610612751",1,1,0.472,0.0,0.093,0.093,0.0,0.0,0.093,203186,Willie Reed,0.0,0.0,0.0,0.0,BKN,1610612751,0,0.0
536,29.0,0.011,0.011,5,"201163,1610612743",5,2,0.475,0.1,0.164,0.196,0.364,0.036,0.046,201163,Wilson Chandler,0.029,0.014,0.032,0.057,DEN,1610612743,3,0.6
537,33.0,0.0,0.005,5,"200821,1610612763",6,1,0.511,0.101,0.133,0.251,0.277,0.032,0.011,200821,Yakhouba Diawara,0.0,0.0,0.0,0.0,MEM,1610612763,5,0.833
538,24.0,0.0,0.0,5,"1626304,1610612759",3,3,0.461,0.153,0.275,0.184,0.428,0.092,0.138,1626304,Youssou Ndoye,0.0,0.046,0.092,0.031,SAS,1610612759,0,0.0
539,21.0,0.009,0.021,5,"203897,1610612750",7,5,0.501,0.178,0.165,0.15,0.471,0.018,0.037,203897,Zach LaVine,0.012,0.04,0.049,0.037,MIN,1610612750,2,0.286
540,34.0,0.009,0.009,5,"2216,1610612763",5,0,0.518,0.041,0.187,0.187,0.31,0.046,0.041,2216,Zach Randolph,0.032,0.005,0.027,0.055,MEM,1610612763,5,1.0
541,32.0,0.004,0.004,5,"2585,1610612742",6,6,0.467,0.164,0.172,0.196,0.344,0.064,0.06,2585,Zaza Pachulia,0.056,0.016,0.016,0.072,DAL,1610612742,0,0.0
