,AGE,AST,BLK,BLKA,CFID,CFPARAMS,DD2,DREB,FG3A,FG3M,FG3_PCT,FGA,FGM,FG_PCT,FTA,FTM,FT_PCT,GP,L,MIN,OREB,PF,PFD,PLAYER_ID,PLAYER_NAME,PLUS_MINUS,PTS,REB,STL,TD3,TEAM_ABBREVIATION,TEAM_ID,TOV,W,W_PCT
0,21.0,0.0,0.0,0.0,5,"1626151,1610612766",0,0.063,0.0,0.0,0.0,0.0,0.0,0.0,0.0,0.0,0.0,2,1,0.463,0.0,0.063,0.0,1626151,Aaron Harrison,-0.438,0.0,0.063,0.0,0,CHA,1610612766,0.0,1,0.5
1,30.0,0.046,0.035,0.004,5,"201143,1610612737",1,0.077,0.041,0.016,0.393,0.171,0.08,0.466,0.024,0.022,0.938,10,6,0.483,0.019,0.037,0.03,201143,Al Horford,-0.056,0.198,0.096,0.018,0,ATL,1610612737,0.025,4,0.4
2,31.0,0.026,0.01,0.023,5,"2744,1610612766",0,0.094,0.0,0.0,0.0,0.268,0.136,0.506,0.042,0.029,0.692,7,4,0.544,0.045,0.039,0.032,2744,Al Jefferson,-0.207,0.3,0.139,0.013,0,CHA,1610612766,0.019,3,0.429
3,25.0,0.026,0.013,0.006,5,"202329,1610612757",4,0.093,0.091,0.036,0.4,0.166,0.073,0.438,0.038,0.027,0.724,11,6,0.482,0.03,0.04,0.027,202329,Al-Farouq Aminu,-0.016,0.209,0.123,0.01,0,POR,1610612757,0.027,5,0.455
4,24.0,0.023,0.002,0.002,5,"203459,1610612757",0,0.042,0.055,0.023,0.429,0.114,0.059,0.521,0.03,0.022,0.737,11,6,0.471,0.008,0.036,0.034,203459,Allen Crabbe,-0.033,0.164,0.05,0.011,0,POR,1610612757,0.009,5,0.455
5,33.0,0.0,0.019,0.0,5,"2405,1610612748",0,0.063,0.0,0.0,0.0,0.12,0.069,0.579,0.05,0.05,1.0,9,5,0.518,0.019,0.088,0.044,2405,Amar'e Stoudemire,-0.113,0.189,0.082,0.031,0,MIA,1610612748,0.057,4,0.444
6,29.0,0.015,0.03,0.015,5,"101161,1610612738",0,0.119,0.007,0.0,0.0,0.122,0.082,0.667,0.033,0.026,0.778,6,4,0.495,0.041,0.048,0.026,101161,Amir Johnson,-0.082,0.189,0.159,0.004,0,BOS,1610612738,0.037,2,0.333
7,33.0,0.07,0.011,0.011,5,"2760,1610612744",0,0.048,0.0,0.0,0.0,0.075,0.027,0.357,0.102,0.053,0.526,17,6,0.497,0.064,0.091,0.118,2760,Anderson Varejao,0.096,0.107,0.112,0.011,0,GSW,1610612744,0.011,11,0.647
8,22.0,0.0,0.025,0.004,5,"203083,1610612765",2,0.099,0.004,0.0,0.0,0.224,0.116,0.519,0.141,0.046,0.324,4,4,0.544,0.05,0.033,0.124,203083,Andre Drummond,-0.041,0.278,0.149,0.004,0,DET,1610612765,0.017,0,0.0
9,32.0,0.056,0.006,0.004,5,"2738,1610612744",1,0.044,0.041,0.016,0.385,0.103,0.049,0.476,0.036,0.02,0.561,24,9,0.481,0.022,0.023,0.034,2738,Andre Iguodala,0.039,0.134,0.066,0.018,0,GSW,1610612744,0.014,15,0.625
10,40.0,0.103,0.0,0.015,5,"1889,1610612759",0,0.044,0.044,0.015,0.333,0.103,0.044,0.429,0.029,0.029,1.0,4,1,0.518,0.029,0.059,0.015,1889,Andre Miller,0.103,0.132,0.074,0.0,0,SAS,1610612759,0.0,3,0.75
11,24.0,0.015,0.02,0.006,5,"203460,1610612760",1,0.079,0.039,0.013,0.324,0.09,0.042,0.465,0.021,0.008,0.4,18,7,0.493,0.026,0.047,0.018,203460,Andre Roberson,0.044,0.105,0.106,0.024,0,OKC,1610612760,0.012,11,0.611
12,31.0,0.041,0.048,0.008,5,"101106,1610612744",2,0.108,0.003,0.0,0.0,0.106,0.066,0.623,0.019,0.007,0.357,22,7,0.504,0.065,0.099,0.028,101106,Andrew Bogut,0.047,0.139,0.173,0.019,0,GSW,1610612744,0.026,15,0.682
13,27.0,0.0,0.0,0.0,5,"202726,1610612745",0,0.088,0.044,0.0,0.0,0.264,0.132,0.5,0.0,0.0,0.0,2,2,0.501,0.0,0.0,0.0,202726,Andrew Goudelock,-0.176,0.264,0.088,0.0,0,HOU,1610612745,0.132,0,0.0
14,30.0,0.006,0.0,0.0,5,"201627,1610612760",0,0.013,0.088,0.031,0.357,0.151,0.069,0.458,0.063,0.063,1.0,14,6,0.48,0.0,0.031,0.038,201627,Anthony Morrow,0.006,0.233,0.013,0.006,0,OKC,1610612760,0.025,8,0.571
15,31.0,0.022,0.022,0.0,5,"201229,1610612765",0,0.065,0.044,0.0,0.0,0.087,0.044,0.5,0.0,0.0,0.0,3,3,0.572,0.022,0.0,0.0,201229,Anthony Tolliver,-0.371,0.087,0.087,0.0,0,DET,1610612765,0.0,0,0.0
16,29.0,0.023,0.0,0.023,5,"203382,1610612765",0,0.058,0.0,0.0,0.0,0.105,0.047,0.444,0.035,0.023,0.667,4,4,0.514,0.035,0.047,0.047,203382,Aron Baynes,-0.374,0.117,0.094,0.0,0,DET,1610612765,0.035,0,0.0
17,23.0,0.056,0.0,0.004,5,"203085,1610612746",0,0.042,0.06,0.014,0.235,0.215,0.091,0.426,0.032,0.021,0.667,6,4,0.506,0.014,0.042,0.039,203085,Austin Rivers,-0.077,0.218,0.056,0.011,0,LAC,1610612746,0.025,2,0.333
18,25.0,0.014,0.014,0.014,5,"202340,1610612738",0,0.014,0.1,0.014,0.143,0.228,0.1,0.438,0.043,0.043,1.0,1,1,0.472,0.028,0.028,0.028,202340,Avery Bradley,0.0,0.256,0.043,0.014,0,BOS,1610612738,0.014,0,0.0
19,23.0,0.008,0.028,0.007,5,"202687,1610612761",3,0.138,0.0,0.0,0.0,0.071,0.041,0.58,0.074,0.044,0.597,20,10,0.522,0.055,0.05,0.065,202687,Bismack Biyombo,-0.035,0.127,0.193,0.008,0,TOR,1610612761,0.022,10,0.5
20,27.0,0.063,0.008,0.02,5,"201933,1610612746",1,0.111,0.008,0.004,0.5,0.21,0.079,0.377,0.099,0.075,0.76,4,2,0.502,0.028,0.036,0.071,201933,Blake Griffin,0.024,0.237,0.138,0.012,0,LAC,1610612746,0.036,2,0.5
21,27.0,0.037,0.025,0.0,5,"1626246,1610612759",0,0.124,0.0,0.0,0.0,0.149,0.1,0.667,0.112,0.1,0.889,7,3,0.521,0.05,0.124,0.062,1626246,Boban Marjanovic,0.012,0.299,0.174,0.0,0,SAS,1610612759,0.037,4,0.571
22,34.0,0.065,0.012,0.012,5,"2564,1610612759",0,0.053,0.019,0.006,0.333,0.143,0.065,0.457,0.012,0.009,0.75,9,3,0.493,0.006,0.028,0.031,2564,Boris Diaw,0.121,0.146,0.059,0.006,0,SAS,1610612759,0.019,6,0.667
23,30.0,0.014,0.009,0.0,5,"201575,1610612744",0,0.108,0.057,0.019,0.333,0.094,0.042,0.45,0.009,0.005,0.5,14,6,0.519,0.0,0.042,0.014,201575,Brandon Rush,-0.005,0.108,0.108,0.009,0,GSW,1610612744,0.009,8,0.571
24,30.0,0.037,0.0,0.0,5,"203148,1610612757",0,0.0,0.049,0.0,0.0,0.11,0.025,0.222,0.074,0.049,0.667,10,6,0.438,0.012,0.061,0.049,203148,Brian Roberts,0.221,0.098,0.012,0.0,0,POR,1610612757,0.012,4,0.4
25,23.0,0.094,0.0,0.0,5,"1627362,1610612748",0,0.0,0.0,0.0,0.0,0.094,0.0,0.0,0.0,0.0,0.0,2,1,0.565,0.0,0.094,0.0,1627362,Briante Weber,0.752,0.0,0.0,0.094,0,MIA,1610612748,0.0,1,0.5
26,24.0,0.039,0.005,0.008,5,"203468,1610612757",0,0.036,0.064,0.022,0.345,0.216,0.092,0.426,0.05,0.041,0.804,11,6,0.485,0.008,0.033,0.041,203468,CJ McCollum,0.007,0.246,0.044,0.011,0,POR,1610612757,0.022,5,0.455
27,29.0,0.023,0.006,0.017,5,"101139,1610612754",0,0.115,0.115,0.011,0.1,0.218,0.057,0.263,0.017,0.011,0.667,7,4,0.528,0.023,0.04,0.006,101139,CJ Miles,-0.103,0.138,0.138,0.006,0,IND,1610612754,0.017,3,0.429
28,25.0,0.061,0.0,0.0,5,"203912,1610612746",0,0.061,0.0,0.0,0.0,0.061,0.0,0.0,0.0,0.0,0.0,2,2,0.458,0.0,0.061,0.0,203912,CJ Wilcox,0.551,0.0,0.061,0.0,0,LAC,1610612746,0.0,0,0.0
29,21.0,0.064,0.016,0.016,5,"1626166,1610612760",0,0.032,0.08,0.016,0.2,0.208,0.056,0.269,0.032,0.016,0.5,10,3,0.513,0.0,0.056,0.032,1626166,Cameron Payne,-0.256,0.144,0.032,0.016,0,OKC,1610612760,0.064,7,0.7
30,33.0,0.011,0.02,0.004,5,"101112,1610612739",0,0.079,0.101,0.057,0.565,0.151,0.09,0.594,0.015,0.013,0.857,17,5,0.519,0.011,0.081,0.026,101112,Channing Frye,0.162,0.25,0.09,0.013,0,CLE,1610612739,0.011,12,0.706
31,31.0,0.023,0.0,0.0,5,"101111,1610612742",0,0.047,0.117,0.023,0.2,0.282,0.07,0.25,0.047,0.047,1.0,4,4,0.479,0.0,0.047,0.023,101111,Charlie Villanueva,-0.258,0.211,0.047,0.0,0,DAL,1610612742,0.023,0,0.0
32,37.0,0.02,0.02,0.0,5,"2365,1610612763",0,0.122,0.0,0.0,0.0,0.081,0.034,0.417,0.054,0.034,0.625,4,4,0.533,0.088,0.027,0.041,2365,Chris Andersen,-0.223,0.101,0.209,0.014,0,MEM,1610612763,0.034,0,0.0
33,34.0,0.015,0.0,0.015,5,"2549,1610612757",0,0.091,0.0,0.0,0.0,0.272,0.106,0.389,0.0,0.0,0.0,4,2,0.489,0.03,0.151,0.0,2549,Chris Kaman,-0.015,0.211,0.121,0.03,0,POR,1610612757,0.091,2,0.5
34,31.0,0.116,0.0,0.016,5,"101108,1610612746",1,0.048,0.08,0.024,0.3,0.304,0.148,0.487,0.06,0.06,1.0,4,2,0.501,0.016,0.048,0.068,101108,Chris Paul,0.12,0.38,0.064,0.036,0,LAC,1610612746,0.016,2,0.5
35,22.0,0.021,0.021,0.011,5,"203991,1610612745",0,0.127,0.0,0.0,0.0,0.095,0.032,0.333,0.053,0.021,0.4,5,4,0.458,0.085,0.053,0.032,203991,Clint Capela,-0.243,0.085,0.212,0.032,0,HOU,1610612745,0.032,1,0.2
36,23.0,0.007,0.011,0.007,5,"203469,1610612766",0,0.099,0.0,0.0,0.0,0.135,0.075,0.553,0.075,0.06,0.81,7,4,0.488,0.032,0.071,0.067,203469,Cody Zeller,0.011,0.209,0.131,0.004,0,CHA,1610612766,0.025,3,0.429
37,27.0,0.019,0.019,0.0,5,"202332,1610612746",0,0.143,0.0,0.0,0.0,0.097,0.065,0.667,0.039,0.019,0.5,6,4,0.499,0.052,0.071,0.039,202332,Cole Aldrich,0.0,0.149,0.195,0.039,0,LAC,1610612746,0.013,2,0.333
38,30.0,0.048,0.006,0.018,5,"201147,1610612745",0,0.024,0.06,0.006,0.1,0.161,0.042,0.259,0.048,0.042,0.875,5,4,0.46,0.018,0.078,0.03,201147,Corey Brewer,-0.095,0.131,0.042,0.0,0,HOU,1610612745,0.036,1,0.2
39,24.0,0.054,0.002,0.013,5,"202709,1610612761",0,0.035,0.028,0.009,0.333,0.171,0.08,0.466,0.037,0.028,0.75,20,10,0.524,0.013,0.054,0.036,202709,Cory Joseph,-0.094,0.197,0.047,0.021,0,TOR,1610612761,0.025,10,0.5
40,30.0,0.018,0.006,0.006,5,"201584,1610612766",0,0.03,0.018,0.008,0.444,0.101,0.042,0.412,0.03,0.028,0.933,7,4,0.511,0.01,0.038,0.016,201584,Courtney Lee,-0.034,0.119,0.04,0.012,0,CHA,1610612766,0.01,3,0.429
41,35.0,0.02,0.01,0.0,5,"2563,1610612739",0,0.071,0.031,0.01,0.333,0.132,0.061,0.462,0.051,0.041,0.8,15,4,0.509,0.0,0.031,0.051,2563,Dahntay Jones,0.0,0.173,0.071,0.01,0,CLE,1610612739,0.01,11,0.733
42,25.0,0.075,0.003,0.02,5,"203081,1610612757",2,0.038,0.116,0.046,0.393,0.263,0.097,0.368,0.085,0.077,0.91,11,6,0.475,0.013,0.025,0.066,203081,Damian Lillard,-0.043,0.316,0.051,0.015,0,POR,1610612757,0.036,5,0.455
43,29.0,0.013,0.015,0.0,5,"201980,1610612759",0,0.059,0.091,0.045,0.5,0.123,0.057,0.462,0.006,0.004,0.667,10,4,0.506,0.0,0.038,0.015,201980,Danny Green,0.095,0.163,0.059,0.04,0,SAS,1610612759,0.011,6,0.6
44,33.0,0.015,0.0,0.0,5,"101135,1610612742",0,0.073,0.0,0.0,0.0,0.117,0.088,0.75,0.0,0.0,0.0,2,2,0.476,0.015,0.102,0.0,101135,David Lee,-0.278,0.175,0.088,0.0,0,DAL,1610612742,0.0,0,0.0
45,35.0,0.037,0.02,0.012,5,"2561,1610612759",0,0.069,0.017,0.009,0.5,0.158,0.072,0.455,0.026,0.014,0.556,10,4,0.507,0.037,0.055,0.037,2561,David West,0.069,0.167,0.107,0.017,0,SAS,1610612759,0.02,6,0.6
46,27.0,0.028,0.041,0.003,5,"201599,1610612746",4,0.173,0.0,0.0,0.0,0.097,0.061,0.632,0.15,0.056,0.373,6,4,0.505,0.076,0.043,0.094,201599,DeAndre Jordan,0.008,0.178,0.25,0.018,0,LAC,1610612746,0.018,2,0.333
47,26.0,0.037,0.002,0.02,5,"201942,1610612761",0,0.048,0.018,0.003,0.154,0.271,0.107,0.394,0.084,0.068,0.813,20,10,0.508,0.009,0.035,0.054,201942,DeMar DeRozan,-0.052,0.285,0.057,0.015,0,TOR,1610612761,0.031,10,0.5
48,29.0,0.015,0.006,0.005,5,"201960,1610612761",0,0.05,0.068,0.022,0.329,0.137,0.053,0.39,0.031,0.023,0.75,20,10,0.512,0.02,0.053,0.024,201960,DeMarre Carroll,-0.03,0.152,0.07,0.015,0,TOR,1610612761,0.015,10,0.5
49,24.0,0.038,0.0,0.0,5,"1626153,1610612761",0,0.038,0.013,0.0,0.0,0.127,0.038,0.3,0.165,0.101,0.615,9,6,0.524,0.013,0.025,0.101,1626153,Delon Wright,0.063,0.177,0.051,0.038,0,TOR,1610612761,0.025,3,0.333
50,22.0,0.096,0.003,0.032,5,"203471,1610612737",0,0.035,0.093,0.032,0.343,0.277,0.125,0.452,0.035,0.029,0.846,10,6,0.508,0.016,0.064,0.045,203471,Dennis Schroder,0.024,0.311,0.051,0.011,0,ATL,1610612737,0.056,4,0.4
51,32.0,0.081,0.0,0.01,5,"101114,1610612742",0,0.02,0.071,0.031,0.429,0.183,0.061,0.333,0.0,0.0,0.0,3,2,0.502,0.0,0.061,0.01,101114,Deron Williams,-0.418,0.153,0.02,0.01,0,DAL,1610612742,0.071,1,0.333
52,33.0,0.034,0.0,0.004,5,"2734,1610612742",0,0.055,0.055,0.017,0.308,0.126,0.063,0.5,0.042,0.021,0.5,5,4,0.508,0.004,0.067,0.038,2734,Devin Harris,-0.118,0.164,0.059,0.013,0,DAL,1610612742,0.013,1,0.2
53,24.0,0.042,0.003,0.007,5,"203079,1610612760",0,0.041,0.056,0.021,0.375,0.131,0.055,0.417,0.03,0.02,0.667,18,7,0.488,0.006,0.042,0.025,203079,Dion Waiters,0.064,0.15,0.047,0.01,0,OKC,1610612760,0.02,11,0.611
54,38.0,0.024,0.009,0.009,5,"1717,1610612742",0,0.062,0.033,0.012,0.364,0.246,0.122,0.494,0.05,0.047,0.941,5,4,0.505,0.009,0.027,0.074,1717,Dirk Nowitzki,-0.134,0.303,0.071,0.006,0,DAL,1610612742,0.021,1,0.2
55,25.0,0.025,0.01,0.01,5,"202700,1610612745",1,0.079,0.044,0.02,0.444,0.183,0.079,0.432,0.084,0.04,0.471,5,4,0.486,0.049,0.054,0.079,202700,Donatas Motiejunas,-0.119,0.217,0.128,0.02,0,HOU,1610612745,0.059,1,0.2
56,30.0,0.056,0.0,0.028,5,"2748,1610612748",0,0.168,0.14,0.056,0.4,0.281,0.14,0.5,0.112,0.112,1.0,5,3,0.531,0.0,0.056,0.084,2748,Dorell Wright,0.028,0.449,0.168,0.0,0,MIA,1610612748,0.0,2,0.4
57,26.0,0.076,0.023,0.01,5,"203110,1610612744",9,0.105,0.057,0.021,0.365,0.152,0.066,0.431,0.059,0.043,0.738,23,8,0.484,0.021,0.045,0.058,203110,Draymond Green,0.077,0.195,0.126,0.02,1,GSW,1610612744,0.031,15,0.652
58,30.0,0.022,0.019,0.013,5,"2730,1610612745",4,0.119,0.003,0.0,0.0,0.129,0.07,0.542,0.102,0.038,0.368,5,4,0.485,0.07,0.057,0.086,2730,Dwight Howard,-0.232,0.178,0.189,0.011,0,HOU,1610612745,0.032,1,0.2
59,24.0,0.034,0.0,0.008,5,"203939,1610612742",0,0.067,0.008,0.0,0.0,0.16,0.076,0.474,0.092,0.05,0.545,4,3,0.537,0.076,0.042,0.067,203939,Dwight Powell,-0.126,0.202,0.143,0.008,0,DAL,1610612742,0.008,1,0.25
60,34.0,0.066,0.014,0.01,5,"2548,1610612748",1,0.074,0.025,0.013,0.522,0.28,0.131,0.469,0.07,0.055,0.781,14,7,0.52,0.013,0.024,0.053,2548,Dwyane Wade,0.013,0.33,0.087,0.012,0,MIA,1610612748,0.042,7,0.5
61,27.0,0.034,0.017,0.014,5,"202334,1610612757",0,0.118,0.005,0.0,0.0,0.096,0.051,0.525,0.08,0.046,0.576,11,6,0.494,0.063,0.08,0.06,202334,Ed Davis,-0.024,0.147,0.181,0.005,0,POR,1610612757,0.024,5,0.455
62,24.0,0.008,0.017,0.015,5,"202683,1610612760",2,0.099,0.022,0.003,0.143,0.182,0.1,0.551,0.069,0.059,0.844,18,7,0.499,0.073,0.062,0.043,202683,Enes Kanter,0.042,0.262,0.171,0.008,0,OKC,1610612760,0.026,11,0.611
63,27.0,0.059,0.013,0.018,5,"202323,1610612738",0,0.057,0.031,0.007,0.214,0.187,0.068,0.365,0.04,0.031,0.778,6,4,0.471,0.018,0.042,0.04,202323,Evan Turner,-0.051,0.174,0.075,0.018,0,BOS,1610612738,0.037,2,0.333
64,26.0,0.019,0.016,0.023,5,"203105,1610612744",0,0.088,0.0,0.0,0.0,0.161,0.086,0.536,0.102,0.044,0.432,23,9,0.472,0.054,0.079,0.063,203105,Festus Ezeli,-0.002,0.216,0.142,0.002,0,GSW,1610612744,0.033,14,0.609
65,23.0,0.022,0.014,0.003,5,"1626163,1610612766",0,0.074,0.047,0.014,0.294,0.126,0.038,0.304,0.057,0.047,0.81,7,4,0.521,0.008,0.041,0.044,1626163,Frank Kaminsky,-0.033,0.137,0.082,0.016,0,CHA,1610612766,0.005,3,0.429
66,30.0,0.034,0.002,0.0,5,"201588,1610612754",0,0.03,0.062,0.03,0.481,0.13,0.073,0.561,0.05,0.041,0.818,7,4,0.537,0.014,0.037,0.046,201588,George Hill,0.084,0.217,0.043,0.014,0,IND,1610612754,0.018,3,0.429
67,30.0,0.005,0.005,0.005,5,"101123,1610612748",0,0.072,0.067,0.019,0.286,0.234,0.076,0.327,0.024,0.019,0.8,12,7,0.525,0.01,0.067,0.029,101123,Gerald Green,0.143,0.191,0.081,0.019,0,MIA,1610612748,0.01,5,0.417
68,28.0,0.035,0.006,0.014,5,"201945,1610612757",0,0.06,0.039,0.014,0.368,0.169,0.062,0.366,0.025,0.019,0.75,11,6,0.483,0.012,0.043,0.025,201945,Gerald Henderson,-0.064,0.157,0.072,0.012,0,POR,1610612757,0.01,5,0.455
69,22.0,0.0,0.049,0.0,5,"203922,1610612754",0,0.0,0.0,0.0,0.0,0.197,0.148,0.75,0.049,0.049,1.0,4,2,0.508,0.0,0.0,0.049,203922,Glenn Robinson,-0.197,0.344,0.0,0.0,0,IND,1610612754,0.0,2,0.5
70,30.0,0.059,0.003,0.01,5,"201609,1610612748",0,0.064,0.05,0.018,0.348,0.226,0.1,0.442,0.047,0.036,0.767,14,7,0.518,0.012,0.05,0.049,201609,Goran Dragic,0.037,0.254,0.076,0.007,0,MIA,1610612748,0.034,7,0.5
71,24.0,0.02,0.003,0.008,5,"203084,1610612744",1,0.056,0.05,0.017,0.342,0.141,0.054,0.385,0.022,0.017,0.765,24,9,0.49,0.018,0.03,0.022,203084,Harrison Barnes,0.028,0.143,0.074,0.011,0,GSW,1610612744,0.012,15,0.625
72,27.0,0.005,0.051,0.009,5,"202355,1610612748",6,0.15,0.0,0.0,0.0,0.125,0.085,0.681,0.08,0.047,0.591,10,5,0.528,0.047,0.062,0.062,202355,Hassan Whiteside,0.082,0.217,0.197,0.014,0,MIA,1610612748,0.024,5,0.5
73,25.0,0.051,0.0,0.016,5,"203546,1610612744",0,0.048,0.057,0.019,0.333,0.168,0.082,0.491,0.032,0.025,0.8,16,6,0.487,0.006,0.057,0.038,203546,Ian Clark,0.051,0.209,0.054,0.025,0,GSW,1610612744,0.029,10,0.625
74,29.0,0.025,0.018,0.003,5,"101133,1610612754",1,0.074,0.0,0.0,0.0,0.129,0.065,0.5,0.077,0.046,0.6,7,4,0.529,0.037,0.077,0.046,101133,Ian Mahinmi,0.022,0.175,0.111,0.015,0,IND,1610612754,0.043,3,0.429
75,26.0,0.025,0.004,0.004,5,"202697,1610612739",0,0.054,0.05,0.019,0.382,0.088,0.037,0.417,0.016,0.01,0.636,21,5,0.536,0.015,0.053,0.032,202697,Iman Shumpert,0.001,0.102,0.069,0.015,0,CLE,1610612739,0.019,16,0.762
76,27.0,0.063,0.01,0.033,5,"202738,1610612738",1,0.033,0.096,0.027,0.283,0.249,0.098,0.395,0.098,0.079,0.809,6,4,0.459,0.004,0.038,0.086,202738,Isaiah Thomas,-0.075,0.303,0.038,0.008,0,BOS,1610612738,0.029,2,0.333
77,30.0,0.02,0.003,0.006,5,"2747,1610612739",0,0.042,0.106,0.045,0.43,0.131,0.057,0.436,0.015,0.009,0.619,21,5,0.511,0.005,0.038,0.024,2747,J.R. Smith,0.116,0.169,0.047,0.018,0,CLE,1610612739,0.008,16,0.762
78,32.0,0.015,0.003,0.012,5,"200755,1610612746",0,0.032,0.091,0.032,0.355,0.233,0.1,0.43,0.009,0.006,0.667,6,4,0.49,0.003,0.032,0.035,200755,JJ Redick,0.0,0.239,0.035,0.003,0,LAC,1610612746,0.015,2,0.333
79,26.0,0.022,0.037,0.015,5,"203210,1610612763",0,0.074,0.007,0.0,0.0,0.163,0.089,0.545,0.044,0.022,0.5,4,4,0.536,0.037,0.089,0.022,203210,JaMychal Green,-0.378,0.2,0.111,0.022,0,MEM,1610612763,0.03,0,0.0
80,28.0,0.0,0.0,0.0,5,"201580,1610612742",0,0.034,0.0,0.0,0.0,0.068,0.034,0.5,0.205,0.068,0.333,2,2,0.488,0.068,0.103,0.137,201580,JaVale McGee,0.103,0.137,0.103,0.034,0,DAL,1610612742,0.103,0,0.0
81,25.0,0.031,0.007,0.007,5,"203109,1610612738",1,0.081,0.098,0.024,0.244,0.172,0.048,0.278,0.026,0.017,0.636,6,4,0.472,0.012,0.041,0.024,203109,Jae Crowder,-0.041,0.136,0.093,0.022,0,BOS,1610612738,0.017,2,0.333
82,36.0,0.032,0.0,0.007,5,"2037,1610612746",0,0.027,0.052,0.01,0.19,0.257,0.097,0.379,0.062,0.055,0.88,6,4,0.497,0.005,0.022,0.05,2037,Jamal Crawford,0.027,0.26,0.032,0.025,0,LAC,1610612746,0.022,2,0.333
83,26.0,0.092,0.002,0.007,5,"201935,1610612745",2,0.046,0.102,0.032,0.31,0.242,0.099,0.41,0.109,0.092,0.844,5,4,0.468,0.017,0.032,0.07,201935,James Harden,-0.199,0.322,0.063,0.029,0,HOU,1610612745,0.063,1,0.2
84,29.0,0.032,0.0,0.005,5,"201949,1610612761",0,0.064,0.048,0.021,0.444,0.134,0.064,0.48,0.016,0.011,0.667,10,6,0.523,0.016,0.07,0.016,201949,James Johnson,-0.123,0.161,0.08,0.016,0,TOR,1610612761,0.038,4,0.4
85,35.0,0.028,0.0,0.0,5,"2592,1610612739",0,0.028,0.066,0.009,0.143,0.094,0.019,0.2,0.037,0.009,0.25,12,3,0.512,0.009,0.028,0.028,2592,James Jones,-0.028,0.056,0.037,0.0,0,CLE,1610612739,0.009,9,0.75
86,23.0,0.025,0.025,0.025,5,"203949,1610612744",0,0.102,0.0,0.0,0.0,0.051,0.025,0.5,0.051,0.013,0.25,8,4,0.482,0.0,0.076,0.064,203949,James Michael McAdoo,-0.153,0.064,0.102,0.038,0,GSW,1610612744,0.013,4,0.5
87,20.0,0.0,0.0,0.0,5,"203923,1610612738",0,0.0,0.06,0.0,0.0,0.179,0.06,0.333,0.0,0.0,0.0,3,3,0.617,0.0,0.06,0.0,203923,James Young,-0.119,0.119,0.0,0.0,0,BOS,1610612738,0.06,0,0.0
88,24.0,0.039,0.0,0.022,5,"203096,1610612738",0,0.095,0.022,0.011,0.5,0.235,0.073,0.31,0.022,0.017,0.75,6,4,0.456,0.056,0.09,0.011,203096,Jared Sullinger,-0.112,0.174,0.151,0.006,0,BOS,1610612738,0.034,2,0.333
89,22.0,0.012,0.0,0.012,5,"1626185,1610612763",0,0.035,0.0,0.0,0.0,0.093,0.035,0.375,0.07,0.035,0.5,2,2,0.537,0.046,0.046,0.07,1626185,Jarell Martin,-0.302,0.105,0.081,0.035,0,MEM,1610612763,0.035,0,0.0
90,38.0,0.022,0.004,0.004,5,"1891,1610612745",0,0.037,0.071,0.022,0.316,0.142,0.049,0.342,0.011,0.011,1.0,5,4,0.463,0.004,0.049,0.004,1891,Jason Terry,-0.243,0.131,0.041,0.007,0,HOU,1610612745,0.011,1,0.2
91,29.0,0.009,0.009,0.0,5,"201574,1610612761",0,0.047,0.009,0.0,0.0,0.084,0.037,0.444,0.028,0.0,0.0,10,7,0.515,0.056,0.056,0.037,201574,Jason Thompson,-0.093,0.075,0.102,0.0,0,TOR,1610612761,0.009,3,0.3
92,29.0,0.0,0.0,0.0,5,"201965,1610612746",0,0.0,0.0,0.0,0.0,0.145,0.145,1.0,0.145,0.145,1.0,2,2,0.349,0.0,0.0,0.145,201965,Jeff Ayres,0.436,0.436,0.0,0.0,0,LAC,1610612746,0.0,0,0.0
93,29.0,0.013,0.006,0.006,5,"201145,1610612746",0,0.051,0.032,0.013,0.4,0.145,0.066,0.457,0.079,0.047,0.6,6,4,0.501,0.009,0.038,0.047,201145,Jeff Green,0.009,0.193,0.06,0.019,0,LAC,1610612746,0.009,2,0.333
94,28.0,0.104,0.003,0.026,5,"201952,1610612737",2,0.027,0.061,0.015,0.25,0.206,0.078,0.38,0.088,0.075,0.846,10,6,0.474,0.005,0.051,0.073,201952,Jeff Teague,-0.022,0.247,0.032,0.01,0,ATL,1610612737,0.043,4,0.4
95,24.0,0.04,0.0,0.04,5,"203087,1610612766",0,0.12,0.04,0.04,1.0,0.36,0.2,0.556,0.0,0.0,0.0,3,2,0.463,0.04,0.0,0.0,203087,Jeremy Lamb,-0.32,0.44,0.16,0.0,0,CHA,1610612766,0.0,1,0.333
96,27.0,0.048,0.0,0.011,5,"202391,1610612766",0,0.035,0.038,0.008,0.214,0.17,0.07,0.413,0.105,0.086,0.821,7,4,0.508,0.008,0.057,0.092,202391,Jeremy Lin,0.013,0.234,0.043,0.013,0,CHA,1610612766,0.03,3,0.429
97,28.0,0.0,0.0,0.0,5,"201975,1610612765",0,0.0,0.0,0.0,0.0,0.333,0.333,1.0,0.0,0.0,0.0,1,1,0.561,0.0,0.0,0.0,201975,Jodie Meeks,-1.0,0.667,0.0,0.0,0,DET,1610612765,0.0,0,0.0
98,34.0,0.037,0.003,0.003,5,"2207,1610612748",0,0.063,0.049,0.014,0.283,0.168,0.072,0.43,0.025,0.022,0.875,14,7,0.522,0.007,0.029,0.03,2207,Joe Johnson,0.031,0.18,0.07,0.008,0,MIA,1610612748,0.019,7,0.5
99,24.0,0.049,0.0,0.049,5,"1626202,1610612754",0,0.049,0.197,0.049,0.25,0.394,0.148,0.375,0.098,0.098,1.0,4,2,0.508,0.0,0.148,0.049,1626202,Joe Young,-0.197,0.443,0.049,0.0,0,IND,1610612754,0.098,2,0.5
100,27.0,0.0,0.0,0.0,5,"204066,1610612738",0,0.0,0.5,0.0,0.0,0.5,0.0,0.0,0.0,0.0,0.0,1,1,0.658,0.0,0.0,0.0,204066,John Holland,-1.0,0.0,0.0,0.0,0,BOS,1610612738,0.0,0,0.0
101,29.0,0.029,0.012,0.009,5,"201973,1610612738",2,0.1,0.065,0.021,0.318,0.135,0.065,0.478,0.015,0.012,0.8,6,4,0.476,0.021,0.044,0.012,201973,Jonas Jerebko,-0.038,0.161,0.12,0.006,0,BOS,1610612738,0.015,2,0.333
102,24.0,0.017,0.022,0.011,5,"202685,1610612761",6,0.128,0.0,0.0,0.0,0.189,0.107,0.567,0.061,0.046,0.744,12,6,0.505,0.076,0.05,0.072,202685,Jonas Valanciunas,0.017,0.26,0.203,0.016,0,TOR,1610612761,0.028,6,0.5
103,26.0,0.042,0.0,0.085,5,"203613,1610612759",0,0.021,0.063,0.042,0.667,0.212,0.085,0.4,0.042,0.021,0.5,3,0,0.541,0.063,0.085,0.042,203613,Jonathon Simmons,-0.063,0.233,0.085,0.042,0,SAS,1610612759,0.021,3,1.0
104,29.0,0.075,0.005,0.0,5,"200770,1610612763",0,0.028,0.056,0.019,0.333,0.145,0.047,0.323,0.014,0.014,1.0,4,4,0.531,0.0,0.019,0.014,200770,Jordan Farmar,-0.174,0.127,0.028,0.014,0,MEM,1610612763,0.047,0,0.0
105,28.0,0.069,0.0,0.0,5,"201941,1610612754",0,0.138,0.0,0.0,0.0,0.103,0.0,0.0,0.0,0.0,0.0,5,2,0.52,0.069,0.034,0.0,201941,Jordan Hill,-0.069,0.0,0.206,0.0,0,IND,1610612754,0.0,3,0.6
106,25.0,0.0,0.0,0.0,5,"203895,1610612739",0,0.25,0.125,0.125,1.0,0.5,0.5,1.0,0.0,0.0,0.0,2,0,0.521,0.0,0.0,0.0,203895,Jordan McRae,1.375,1.125,0.25,0.0,0,CLE,1610612739,0.0,2,1.0
107,21.0,0.119,0.06,0.0,5,"1626175,1610612738",0,0.06,0.0,0.0,0.0,0.239,0.119,0.5,0.0,0.0,0.0,2,2,0.604,0.06,0.0,0.0,1626175,Jordan Mickey,-0.119,0.239,0.119,0.0,0,BOS,1610612738,0.0,0,0.0
108,27.0,0.08,0.0,0.0,5,"203268,1610612766",0,0.08,0.0,0.0,0.0,0.12,0.0,0.0,0.0,0.0,0.0,3,2,0.463,0.0,0.0,0.04,203268,Jorge Gutierrez,-0.32,0.0,0.08,0.0,0,CHA,1610612766,0.04,1,0.333
109,32.0,0.101,0.0,0.01,5,"200826,1610612742",0,0.03,0.04,0.005,0.125,0.171,0.055,0.324,0.01,0.01,1.0,4,4,0.506,0.0,0.04,0.02,200826,Jose Juan Barea,-0.166,0.126,0.03,0.0,0,DAL,1610612742,0.055,0,0.0
110,24.0,0.0,0.0,0.0,5,"203962,1610612760",0,0.1,0.1,0.05,0.5,0.149,0.05,0.333,0.0,0.0,0.0,2,0,0.509,0.05,0.05,0.05,203962,Josh Huestis,0.1,0.149,0.149,0.0,0,OKC,1610612760,0.0,2,1.0
111,29.0,0.035,0.019,0.0,5,"201177,1610612748",0,0.073,0.027,0.0,0.0,0.131,0.062,0.471,0.023,0.023,1.0,10,5,0.515,0.027,0.077,0.031,201177,Josh McRoberts,0.127,0.147,0.1,0.019,0,MIA,1610612748,0.015,5,0.5
112,22.0,0.03,0.018,0.007,5,"1626196,1610612748",0,0.054,0.062,0.023,0.37,0.12,0.045,0.371,0.019,0.014,0.714,14,7,0.523,0.014,0.05,0.02,1626196,Josh Richardson,0.058,0.126,0.068,0.008,0,MIA,1610612748,0.016,7,0.5
113,30.0,0.05,0.012,0.0,5,"2746,1610612745",0,0.012,0.099,0.05,0.5,0.161,0.074,0.462,0.025,0.0,0.0,4,3,0.464,0.012,0.087,0.012,2746,Josh Smith,-0.198,0.198,0.025,0.012,0,HOU,1610612745,0.062,1,0.25
114,22.0,0.039,0.017,0.006,5,"1626147,1610612742",0,0.061,0.072,0.022,0.308,0.204,0.094,0.459,0.077,0.05,0.643,5,4,0.524,0.05,0.066,0.05,1626147,Justin Anderson,-0.083,0.259,0.11,0.022,0,DAL,1610612742,0.028,1,0.2
115,20.0,0.013,0.006,0.013,5,"1626159,1610612748",0,0.074,0.029,0.008,0.278,0.119,0.052,0.432,0.048,0.034,0.7,13,6,0.532,0.027,0.057,0.045,1626159,Justise Winslow,-0.069,0.145,0.102,0.013,0,MIA,1610612748,0.019,7,0.538
116,23.0,0.013,0.039,0.039,5,"203909,1610612745",0,0.078,0.039,0.013,0.333,0.169,0.052,0.308,0.0,0.0,0.0,4,4,0.439,0.013,0.039,0.013,203909,KJ McDaniels,0.013,0.117,0.091,0.0,0,HOU,1610612745,0.0,0,0.0
117,24.0,0.041,0.021,0.016,5,"202695,1610612759",1,0.072,0.058,0.025,0.436,0.245,0.123,0.5,0.075,0.062,0.824,10,4,0.501,0.021,0.031,0.059,202695,Kawhi Leonard,0.098,0.333,0.093,0.038,0,SAS,1610612759,0.024,6,0.6
118,25.0,0.043,0.0,0.028,5,"203482,1610612738",0,0.028,0.043,0.0,0.0,0.128,0.014,0.111,0.0,0.0,0.0,4,3,0.449,0.028,0.071,0.014,203482,Kelly Olynyk,-0.455,0.028,0.057,0.014,0,BOS,1610612738,0.057,1,0.25
119,26.0,0.056,0.008,0.046,5,"202689,1610612766",0,0.036,0.085,0.028,0.326,0.304,0.111,0.366,0.069,0.066,0.943,7,4,0.516,0.006,0.02,0.066,202689,Kemba Walker,-0.123,0.316,0.042,0.018,0,CHA,1610612766,0.024,3,0.429
120,26.0,0.028,0.009,0.015,5,"203145,1610612737",1,0.085,0.09,0.024,0.262,0.178,0.065,0.364,0.032,0.022,0.682,10,6,0.478,0.012,0.021,0.029,203145,Kent Bazemore,-0.069,0.175,0.097,0.022,0,ATL,1610612737,0.015,4,0.4
121,23.0,0.037,0.003,0.003,5,"203484,1610612765",0,0.05,0.09,0.04,0.444,0.167,0.074,0.44,0.023,0.017,0.714,4,4,0.539,0.007,0.023,0.02,203484,Kentavious Caldwell-Pope,-0.064,0.204,0.057,0.023,0,DET,1610612765,0.007,0,0.0
122,27.0,0.04,0.012,0.008,5,"201142,1610612760",2,0.077,0.074,0.021,0.282,0.273,0.117,0.43,0.098,0.087,0.89,18,7,0.486,0.009,0.025,0.068,201142,Kevin Durant,0.067,0.342,0.086,0.012,0,OKC,1610612760,0.044,11,0.611
123,27.0,0.035,0.007,0.013,5,"201567,1610612739",10,0.119,0.093,0.039,0.414,0.201,0.077,0.385,0.063,0.053,0.84,20,5,0.515,0.029,0.029,0.06,201567,Kevin Love,0.135,0.246,0.147,0.008,0,CLE,1610612739,0.023,15,0.75
124,33.0,0.031,0.0,0.01,5,"2755,1610612759",0,0.042,0.083,0.042,0.5,0.209,0.083,0.4,0.031,0.021,0.667,5,2,0.514,0.0,0.052,0.021,2755,Kevin Martin,0.104,0.229,0.042,0.01,0,SAS,1610612759,0.063,3,0.6
125,35.0,0.061,0.0,0.0,5,"2550,1610612737",0,0.081,0.061,0.02,0.333,0.142,0.041,0.286,0.0,0.0,0.0,6,2,0.558,0.0,0.041,0.02,2550,Kirk Hinrich,0.142,0.102,0.081,0.0,0,ATL,1610612737,0.0,4,0.667
126,26.0,0.031,0.005,0.014,5,"202691,1610612744",0,0.041,0.131,0.056,0.424,0.257,0.114,0.444,0.054,0.047,0.854,24,9,0.482,0.009,0.03,0.046,202691,Klay Thompson,0.036,0.33,0.05,0.015,0,GSW,1610612744,0.027,15,0.625
127,31.0,0.037,0.046,0.0,5,"2743,1610612737",0,0.146,0.091,0.046,0.5,0.256,0.119,0.464,0.055,0.055,1.0,4,3,0.513,0.073,0.082,0.037,2743,Kris Humphries,0.155,0.338,0.219,0.018,0,ATL,1610612737,0.018,1,0.25
128,22.0,0.027,0.012,0.004,5,"203937,1610612759",0,0.086,0.012,0.004,0.333,0.098,0.031,0.32,0.027,0.024,0.857,10,4,0.506,0.008,0.043,0.035,203937,Kyle Anderson,-0.02,0.09,0.094,0.024,0,SAS,1610612759,0.016,6,0.6
129,35.0,0.015,0.006,0.003,5,"2594,1610612737",0,0.067,0.081,0.036,0.444,0.112,0.052,0.467,0.013,0.013,1.0,10,6,0.472,0.004,0.034,0.03,2594,Kyle Korver,0.078,0.154,0.072,0.013,0,ATL,1610612737,0.012,4,0.4
130,30.0,0.081,0.002,0.014,5,"200768,1610612761",2,0.052,0.094,0.029,0.304,0.224,0.089,0.397,0.071,0.053,0.75,20,10,0.52,0.012,0.05,0.062,200768,Kyle Lowry,0.007,0.259,0.064,0.022,0,TOR,1610612761,0.043,10,0.5
131,28.0,0.0,0.0,0.0,5,"202713,1610612760",0,0.063,0.042,0.021,0.5,0.095,0.032,0.333,0.021,0.0,0.0,6,3,0.533,0.011,0.042,0.021,202713,Kyle Singler,-0.116,0.084,0.074,0.011,0,OKC,1610612760,0.0,3,0.5
132,24.0,0.065,0.009,0.014,5,"202681,1610612739",0,0.031,0.076,0.034,0.44,0.279,0.132,0.475,0.058,0.051,0.875,21,5,0.51,0.01,0.03,0.042,202681,Kyrie Irving,0.096,0.349,0.041,0.024,0,CLE,1610612739,0.032,16,0.762
133,30.0,0.015,0.021,0.004,5,"200746,1610612759",3,0.091,0.003,0.003,1.0,0.251,0.131,0.521,0.068,0.061,0.891,10,4,0.5,0.033,0.027,0.043,200746,LaMarcus Aldridge,0.083,0.325,0.123,0.006,0,SAS,1610612759,0.016,6,0.6
134,24.0,0.083,0.0,0.028,5,"203934,1610612737",0,0.138,0.083,0.028,0.333,0.193,0.055,0.286,0.028,0.028,1.0,4,2,0.539,0.0,0.028,0.028,203934,Lamar Patterson,0.138,0.165,0.138,0.028,0,ATL,1610612737,0.11,2,0.5
135,25.0,0.039,0.0,0.017,5,"202362,1610612763",0,0.028,0.028,0.011,0.4,0.243,0.127,0.523,0.028,0.022,0.8,4,4,0.524,0.006,0.055,0.028,202362,Lance Stephenson,-0.188,0.287,0.033,0.006,0,MEM,1610612763,0.017,0,0.0
136,27.0,0.02,0.01,0.02,5,"202730,1610612754",0,0.099,0.0,0.0,0.0,0.099,0.03,0.3,0.0,0.0,0.0,6,3,0.501,0.039,0.02,0.0,202730,Lavoy Allen,-0.217,0.059,0.138,0.01,0,IND,1610612754,0.01,3,0.5
137,31.0,0.1,0.017,0.011,5,"2544,1610612739",13,0.099,0.059,0.02,0.34,0.261,0.137,0.525,0.078,0.051,0.661,21,5,0.515,0.026,0.034,0.07,2544,LeBron James,0.131,0.346,0.125,0.031,2,CLE,1610612739,0.047,16,0.762
138,33.0,0.029,0.002,0.015,5,"2571,1610612744",0,0.031,0.054,0.021,0.393,0.17,0.099,0.58,0.041,0.031,0.762,23,9,0.492,0.021,0.046,0.033,2571,Leandro Barbosa,0.058,0.25,0.052,0.021,0,GSW,1610612744,0.021,14,0.609
139,29.0,0.007,0.0,0.007,5,"201601,1610612746",0,0.052,0.0,0.0,0.0,0.039,0.026,0.667,0.007,0.007,1.0,5,3,0.51,0.013,0.059,0.013,201601,Luc Mbah a Moute,-0.124,0.059,0.065,0.02,0,LAC,1610612746,0.013,2,0.4
140,23.0,0.0,0.0,0.0,5,"203512,1610612761",0,0.135,0.0,0.0,0.0,0.077,0.058,0.75,0.0,0.0,0.0,5,4,0.564,0.019,0.058,0.0,203512,Lucas Nogueira,-0.135,0.116,0.155,0.0,0,TOR,1610612761,0.0,1,0.2
141,23.0,0.0,0.0,0.0,5,"1626242,1610612757",0,0.0,0.168,0.168,1.0,0.253,0.253,1.0,0.0,0.0,0.0,6,3,0.641,0.0,0.084,0.0,1626242,Luis Montero,-0.253,0.673,0.0,0.0,0,POR,1610612757,0.0,3,0.5
142,36.0,0.026,0.0,0.011,5,"2449,1610612761",0,0.058,0.077,0.015,0.19,0.113,0.029,0.258,0.04,0.029,0.727,11,6,0.512,0.007,0.08,0.051,2449,Luis Scola,-0.19,0.102,0.066,0.011,0,TOR,1610612761,0.018,5,0.455
143,31.0,0.023,0.009,0.005,5,"2736,1610612748",0,0.067,0.06,0.025,0.421,0.144,0.068,0.471,0.04,0.033,0.842,14,7,0.518,0.02,0.025,0.036,2736,Luol Deng,0.057,0.195,0.087,0.014,0,MIA,1610612748,0.024,7,0.5
144,38.0,0.064,0.008,0.003,5,"1938,1610612759",0,0.054,0.054,0.023,0.429,0.121,0.052,0.426,0.059,0.046,0.783,10,4,0.496,0.015,0.064,0.064,1938,Manu Ginobili,0.155,0.173,0.07,0.021,0,SAS,1610612759,0.018,6,0.6
145,26.0,0.037,0.0,0.0,5,"202694,1610612765",0,0.041,0.067,0.026,0.389,0.176,0.082,0.468,0.086,0.075,0.87,4,4,0.539,0.007,0.064,0.06,202694,Marcus Morris,-0.09,0.266,0.049,0.007,0,DET,1610612765,0.019,0,0.0
146,22.0,0.044,0.012,0.022,5,"203935,1610612738",0,0.046,0.078,0.027,0.344,0.146,0.054,0.367,0.051,0.041,0.81,6,4,0.47,0.02,0.041,0.059,203935,Marcus Smart,-0.041,0.176,0.066,0.024,0,BOS,1610612738,0.037,2,0.333
147,28.0,0.027,0.019,0.01,5,"201578,1610612744",0,0.077,0.104,0.043,0.419,0.285,0.111,0.39,0.075,0.058,0.774,24,9,0.485,0.036,0.104,0.07,201578,Marreese Speights,0.014,0.323,0.113,0.007,0,GSW,1610612744,0.048,15,0.625
148,30.0,0.014,0.007,0.014,5,"101107,1610612766",1,0.093,0.038,0.014,0.353,0.115,0.032,0.275,0.009,0.005,0.5,7,4,0.515,0.016,0.025,0.027,101107,Marvin Williams,-0.152,0.081,0.109,0.014,0,CHA,1610612766,0.005,3,0.429
149,26.0,0.083,0.017,0.019,5,"203486,1610612757",4,0.146,0.0,0.0,0.0,0.11,0.044,0.4,0.052,0.033,0.636,11,6,0.481,0.058,0.066,0.049,203486,Mason Plumlee,-0.016,0.121,0.204,0.011,0,POR,1610612757,0.039,5,0.455
150,36.0,0.042,0.004,0.015,5,"2440,1610612763",1,0.091,0.068,0.011,0.167,0.174,0.06,0.348,0.038,0.03,0.8,4,4,0.525,0.019,0.049,0.034,2440,Matt Barnes,-0.253,0.162,0.109,0.015,0,MEM,1610612763,0.049,0,0.0
151,25.0,0.12,0.002,0.009,5,"203521,1610612739",0,0.024,0.067,0.017,0.258,0.159,0.056,0.351,0.052,0.039,0.75,20,5,0.519,0.009,0.067,0.049,203521,Matthew Dellavedova,0.03,0.168,0.032,0.002,0,CLE,1610612739,0.03,15,0.75
152,23.0,0.013,0.005,0.013,5,"203090,1610612757",1,0.061,0.079,0.027,0.341,0.199,0.085,0.427,0.045,0.022,0.48,11,6,0.49,0.04,0.069,0.049,203090,Maurice Harkless,-0.052,0.218,0.101,0.018,0,POR,1610612757,0.02,5,0.455
153,27.0,0.017,0.0,0.023,5,"201563,1610612745",0,0.096,0.034,0.011,0.333,0.26,0.124,0.478,0.04,0.034,0.857,5,4,0.453,0.023,0.045,0.028,201563,Michael Beasley,-0.13,0.294,0.119,0.006,0,HOU,1610612745,0.04,1,0.2
154,24.0,0.023,0.008,0.008,5,"203488,1610612737",0,0.077,0.046,0.015,0.333,0.155,0.077,0.5,0.015,0.015,1.0,9,5,0.517,0.054,0.046,0.015,203488,Mike Muscala,-0.046,0.186,0.131,0.0,0,ATL,1610612737,0.023,4,0.444
155,27.0,0.015,0.009,0.003,5,"203118,1610612737",0,0.082,0.049,0.024,0.5,0.122,0.076,0.625,0.024,0.021,0.875,10,6,0.489,0.015,0.061,0.033,203118,Mike Scott,0.039,0.197,0.097,0.009,0,ATL,1610612737,0.024,4,0.4
156,33.0,0.023,0.0,0.0,5,"2590,1610612739",0,0.046,0.1,0.023,0.231,0.215,0.061,0.286,0.015,0.008,0.5,13,3,0.522,0.0,0.061,0.038,2590,Mo Williams,-0.153,0.153,0.046,0.031,0,CLE,1610612739,0.077,10,0.769
157,30.0,0.07,0.0,0.009,5,"101145,1610612754",0,0.054,0.049,0.016,0.333,0.177,0.077,0.434,0.023,0.019,0.8,7,4,0.525,0.009,0.04,0.033,101145,Monta Ellis,0.012,0.189,0.063,0.035,0,IND,1610612754,0.04,3,0.429
158,22.0,0.0,0.0,0.0,5,"1626149,1610612745",0,0.082,0.041,0.0,0.0,0.122,0.041,0.333,0.082,0.041,0.5,2,2,0.474,0.0,0.041,0.041,1626149,Montrezl Harrell,-0.204,0.122,0.082,0.0,0,HOU,1610612745,0.041,0,0.0
159,20.0,0.008,0.062,0.005,5,"1626167,1610612754",0,0.078,0.005,0.0,0.0,0.191,0.089,0.465,0.024,0.016,0.667,7,4,0.53,0.043,0.064,0.035,1626167,Myles Turner,0.038,0.193,0.121,0.005,0,IND,1610612754,0.032,3,0.429
160,38.0,0.0,0.059,0.0,5,"1737,1610612760",0,0.118,0.0,0.0,0.0,0.118,0.059,0.5,0.0,0.0,0.0,5,2,0.57,0.059,0.059,0.0,1737,Nazr Mohammed,0.176,0.118,0.176,0.0,0,OKC,1610612760,0.059,3,0.6
161,35.0,0.033,0.0,0.0,5,"2555,1610612760",0,0.053,0.0,0.0,0.0,0.04,0.026,0.667,0.013,0.007,0.5,9,3,0.519,0.02,0.112,0.026,2555,Nick Collison,0.013,0.059,0.073,0.053,0,OKC,1610612760,0.007,6,0.667
162,27.0,0.036,0.0,0.004,5,"201587,1610612766",0,0.058,0.08,0.022,0.273,0.163,0.062,0.378,0.073,0.062,0.85,5,4,0.522,0.007,0.022,0.044,201587,Nicolas Batum,-0.312,0.207,0.065,0.007,0,CHA,1610612766,0.029,1,0.2
163,20.0,0.092,0.0,0.046,5,"203943,1610612757",0,0.139,0.0,0.0,0.0,0.139,0.0,0.0,0.0,0.0,0.0,6,3,0.544,0.046,0.046,0.0,203943,Noah Vonleh,-0.185,0.0,0.185,0.092,0,POR,1610612757,0.0,3,0.5
164,23.0,0.015,0.005,0.005,5,"1626181,1610612761",0,0.058,0.066,0.018,0.269,0.178,0.068,0.386,0.02,0.018,0.875,18,10,0.522,0.01,0.046,0.01,1626181,Norman Powell,-0.048,0.172,0.068,0.033,0,TOR,1610612761,0.013,8,0.444
165,23.0,0.0,0.0,0.0,5,"203798,1610612763",0,0.0,0.078,0.026,0.333,0.155,0.052,0.333,0.052,0.0,0.0,2,2,0.574,0.0,0.026,0.026,203798,PJ Hairston,-0.233,0.129,0.0,0.026,0,MEM,1610612763,0.026,0,0.0
166,39.0,0.124,0.0,0.0,5,"203143,1610612746",0,0.018,0.035,0.0,0.0,0.089,0.0,0.0,0.0,0.0,0.0,5,3,0.458,0.035,0.142,0.0,203143,Pablo Prigioni,-0.071,0.0,0.053,0.0,0,LAC,1610612746,0.053,2,0.4
167,23.0,0.0,0.0,0.0,5,"1626192,1610612757",0,0.078,0.233,0.155,0.667,0.388,0.233,0.6,0.0,0.0,0.0,6,3,0.611,0.0,0.0,0.0,1626192,Pat Connaughton,-0.233,0.621,0.078,0.0,0,POR,1610612757,0.0,3,0.5
168,27.0,0.041,0.007,0.015,5,"201976,1610612745",0,0.067,0.052,0.011,0.214,0.137,0.037,0.27,0.022,0.022,1.0,5,4,0.477,0.015,0.063,0.044,201976,Patrick Beverley,-0.137,0.108,0.082,0.007,0,HOU,1610612745,0.015,1,0.2
169,27.0,0.021,0.008,0.005,5,"202335,1610612761",1,0.043,0.062,0.019,0.3,0.121,0.049,0.404,0.023,0.02,0.846,20,10,0.518,0.026,0.028,0.02,202335,Patrick Patterson,-0.023,0.136,0.068,0.006,0,TOR,1610612761,0.016,10,0.5
170,27.0,0.06,0.0,0.0,5,"201988,1610612759",0,0.042,0.108,0.039,0.361,0.16,0.069,0.434,0.033,0.021,0.636,10,4,0.503,0.0,0.009,0.06,201988,Patty Mills,0.166,0.199,0.042,0.021,0,SAS,1610612759,0.024,6,0.6
171,26.0,0.058,0.01,0.019,5,"202331,1610612754",3,0.085,0.084,0.035,0.419,0.239,0.109,0.455,0.124,0.118,0.953,7,4,0.535,0.017,0.047,0.111,202331,Paul George,0.087,0.371,0.103,0.027,0,IND,1610612754,0.045,3,0.429
172,31.0,0.036,0.031,0.012,5,"200794,1610612737",3,0.088,0.044,0.011,0.242,0.182,0.078,0.431,0.073,0.055,0.745,10,6,0.485,0.037,0.039,0.074,200794,Paul Millsap,-0.019,0.222,0.125,0.017,0,ATL,1610612737,0.035,4,0.4
173,38.0,0.009,0.0,0.0,5,"1718,1610612746",0,0.056,0.047,0.009,0.2,0.112,0.019,0.167,0.037,0.009,0.25,5,4,0.503,0.0,0.056,0.019,1718,Paul Pierce,-0.131,0.056,0.056,0.019,0,LAC,1610612746,0.019,1,0.2
174,22.0,0.037,0.012,0.024,5,"1626154,1610612738",0,0.061,0.061,0.012,0.2,0.11,0.024,0.222,0.0,0.0,0.0,5,4,0.5,0.012,0.037,0.0,1626154,RJ Hunter,0.0,0.061,0.073,0.0,0,BOS,1610612738,0.012,1,0.2
175,32.0,0.035,0.008,0.003,5,"200751,1610612760",0,0.048,0.07,0.021,0.308,0.11,0.038,0.341,0.011,0.011,1.0,16,6,0.509,0.005,0.048,0.019,200751,Randy Foye,-0.027,0.107,0.054,0.005,0,OKC,1610612760,0.029,10,0.625
176,32.0,0.068,0.0,0.021,5,"101109,1610612742",2,0.062,0.042,0.012,0.286,0.205,0.095,0.464,0.033,0.021,0.636,5,4,0.511,0.006,0.042,0.03,101109,Raymond Felton,-0.169,0.223,0.068,0.018,0,DAL,1610612742,0.036,1,0.2
177,25.0,0.075,0.0,0.0,5,"203493,1610612765",0,0.05,0.075,0.05,0.667,0.15,0.125,0.833,0.0,0.0,0.0,2,2,0.547,0.0,0.05,0.0,203493,Reggie Bullock,-0.424,0.299,0.05,0.025,0,DET,1610612765,0.0,0,0.0
178,26.0,0.137,0.007,0.007,5,"202704,1610612765",2,0.041,0.067,0.011,0.167,0.204,0.093,0.455,0.015,0.015,1.0,4,4,0.545,0.007,0.037,0.037,202704,Reggie Jackson,-0.026,0.211,0.048,0.022,0,DET,1610612765,0.037,0,0.0
179,36.0,0.019,0.001,0.011,5,"2210,1610612739",0,0.078,0.038,0.015,0.393,0.114,0.059,0.524,0.027,0.02,0.75,21,5,0.516,0.022,0.046,0.03,2210,Richard Jefferson,0.058,0.154,0.1,0.014,0,CLE,1610612739,0.018,16,0.762
180,30.0,0.06,0.004,0.017,5,"201155,1610612754",0,0.06,0.043,0.022,0.5,0.185,0.073,0.395,0.039,0.022,0.556,7,4,0.537,0.004,0.039,0.047,201155,Rodney Stuckey,0.039,0.189,0.065,0.017,0,IND,1610612754,0.026,3,0.429
181,27.0,0.141,0.001,0.013,5,"201566,1610612760",15,0.059,0.075,0.024,0.324,0.28,0.113,0.405,0.1,0.083,0.829,18,7,0.48,0.029,0.031,0.071,201566,Russell Westbrook,0.085,0.334,0.088,0.033,1,OKC,1610612760,0.056,11,0.611
182,30.0,0.006,0.032,0.006,5,"1626257,1610612742",0,0.051,0.0,0.0,0.0,0.064,0.045,0.7,0.077,0.032,0.417,4,3,0.487,0.032,0.07,0.064,1626257,Salah Mejri,-0.103,0.122,0.083,0.019,0,DAL,1610612742,0.0,1,0.25
183,26.0,0.008,0.019,0.001,5,"201586,1610612760",1,0.072,0.055,0.025,0.449,0.13,0.068,0.521,0.016,0.012,0.75,18,7,0.479,0.018,0.041,0.014,201586,Serge Ibaka,0.099,0.172,0.09,0.011,0,OKC,1610612760,0.007,11,0.611
184,30.0,0.075,0.005,0.008,5,"2733,1610612744",0,0.059,0.001,0.0,0.0,0.158,0.077,0.488,0.035,0.03,0.865,24,9,0.485,0.012,0.045,0.033,2733,Shaun Livingston,0.074,0.185,0.072,0.011,0,GSW,1610612744,0.027,15,0.625
185,25.0,0.021,0.0,0.008,5,"203524,1610612754",0,0.062,0.051,0.03,0.579,0.083,0.038,0.452,0.043,0.04,0.938,7,4,0.532,0.013,0.054,0.038,203524,Solomon Hill,0.054,0.145,0.075,0.005,0,IND,1610612754,0.008,3,0.429
186,23.0,0.333,0.0,0.0,5,"203915,1610612765",0,0.0,0.0,0.0,0.0,0.333,0.333,1.0,0.0,0.0,0.0,1,1,0.561,0.0,0.0,0.0,203915,Spencer Dinwiddie,-1.0,0.667,0.0,0.0,0,DET,1610612765,0.0,0,0.0
187,28.0,0.027,0.018,0.009,5,"201150,1610612766",0,0.115,0.035,0.009,0.25,0.115,0.053,0.462,0.053,0.044,0.833,5,2,0.471,0.027,0.044,0.035,201150,Spencer Hawes,0.221,0.159,0.142,0.009,0,CHA,1610612766,0.035,3,0.6
188,20.0,0.0,0.0,0.0,5,"1626169,1610612765",0,0.11,0.069,0.041,0.6,0.158,0.083,0.522,0.014,0.014,1.0,4,4,0.56,0.0,0.069,0.021,1626169,Stanley Johnson,-0.062,0.22,0.11,0.007,0,DET,1610612765,0.021,0,0.0
189,28.0,0.072,0.004,0.012,5,"201939,1610612744",3,0.066,0.153,0.062,0.404,0.261,0.114,0.438,0.064,0.059,0.916,18,7,0.474,0.011,0.03,0.067,201939,Stephen Curry,0.037,0.349,0.076,0.02,0,GSW,1610612744,0.058,11,0.611
190,36.0,0.124,0.0,0.0,5,"2581,1610612765",0,0.05,0.025,0.012,0.5,0.062,0.012,0.2,0.025,0.012,0.5,4,4,0.535,0.0,0.087,0.025,2581,Steve Blake,-0.297,0.05,0.05,0.0,0,DET,1610612765,0.062,0,0.0
191,22.0,0.012,0.013,0.013,5,"203500,1610612760",6,0.098,0.001,0.0,0.0,0.1,0.061,0.613,0.065,0.041,0.63,18,7,0.496,0.056,0.049,0.061,203500,Steven Adams,0.039,0.163,0.153,0.008,0,OKC,1610612760,0.015,11,0.611
192,25.0,0.017,0.008,0.008,5,"203082,1610612761",0,0.043,0.099,0.032,0.328,0.183,0.071,0.387,0.031,0.02,0.65,20,10,0.517,0.006,0.043,0.025,203082,Terrence Ross,-0.137,0.194,0.049,0.02,0,TOR,1610612761,0.025,10,0.5
193,22.0,0.031,0.015,0.0,5,"1626179,1610612738",0,0.072,0.057,0.021,0.364,0.119,0.046,0.391,0.01,0.01,1.0,5,3,0.509,0.015,0.026,0.021,1626179,Terry Rozier,-0.134,0.124,0.088,0.005,0,BOS,1610612738,0.01,2,0.4
194,32.0,0.043,0.015,0.003,5,"200757,1610612737",0,0.083,0.048,0.018,0.368,0.116,0.056,0.478,0.038,0.02,0.533,10,6,0.512,0.02,0.043,0.02,200757,Thabo Sefolosha,-0.096,0.149,0.104,0.025,0,ATL,1610612737,0.025,4,0.4
195,40.0,0.033,0.031,0.019,5,"1495,1610612759",0,0.09,0.0,0.0,0.0,0.123,0.052,0.423,0.05,0.035,0.714,10,4,0.515,0.024,0.042,0.038,1495,Tim Duncan,0.161,0.139,0.113,0.005,0,SAS,1610612759,0.024,6,0.6
196,24.0,0.041,0.006,0.0,5,"203501,1610612737",0,0.052,0.081,0.012,0.143,0.151,0.041,0.269,0.035,0.023,0.667,9,5,0.507,0.0,0.012,0.035,203501,Tim Hardaway Jr.,0.017,0.116,0.052,0.0,0,ATL,1610612737,0.017,4,0.444
197,29.0,0.013,0.02,0.0,5,"202389,1610612739",0,0.106,0.0,0.0,0.0,0.1,0.04,0.4,0.027,0.02,0.75,13,3,0.502,0.033,0.106,0.04,202389,Timofey Mozgov,-0.192,0.1,0.139,0.02,0,CLE,1610612739,0.053,10,0.769
198,23.0,0.042,0.01,0.014,5,"202699,1610612765",1,0.111,0.042,0.014,0.333,0.16,0.073,0.457,0.045,0.042,0.923,4,4,0.543,0.021,0.038,0.035,202699,Tobias Harris,-0.017,0.202,0.132,0.01,0,DET,1610612765,0.021,0,0.0
199,34.0,0.017,0.011,0.017,5,"2754,1610612763",0,0.028,0.039,0.006,0.143,0.186,0.056,0.303,0.073,0.051,0.692,4,4,0.527,0.034,0.062,0.051,2754,Tony Allen,-0.18,0.169,0.062,0.028,0,MEM,1610612763,0.034,0,0.0
200,34.0,0.101,0.004,0.017,5,"2225,1610612759",0,0.04,0.031,0.008,0.25,0.187,0.084,0.449,0.027,0.023,0.857,10,4,0.505,0.002,0.029,0.036,2225,Tony Parker,0.052,0.199,0.042,0.011,0,SAS,1610612759,0.034,6,0.6
201,30.0,0.01,0.003,0.003,5,"2772,1610612745",0,0.036,0.072,0.01,0.143,0.131,0.033,0.255,0.01,0.008,0.75,5,4,0.465,0.018,0.041,0.013,2772,Trevor Ariza,-0.232,0.085,0.054,0.033,0,HOU,1610612745,0.031,1,0.2
202,25.0,0.012,0.015,0.012,5,"202684,1610612739",3,0.085,0.0,0.0,0.0,0.077,0.041,0.527,0.061,0.035,0.575,21,5,0.516,0.071,0.046,0.051,202684,Tristan Thompson,0.111,0.116,0.156,0.007,0,CLE,1610612739,0.014,16,0.762
203,24.0,0.0,0.0,0.029,5,"203584,1610612766",0,0.057,0.086,0.0,0.0,0.229,0.029,0.125,0.0,0.0,0.0,4,3,0.506,0.0,0.057,0.057,203584,Troy Daniels,-0.257,0.057,0.057,0.0,0,CHA,1610612766,0.0,1,0.25
204,28.0,0.07,0.0,0.014,5,"201951,1610612754",0,0.042,0.021,0.0,0.0,0.126,0.042,0.333,0.042,0.028,0.667,7,4,0.516,0.007,0.056,0.035,201951,Ty Lawson,-0.259,0.112,0.049,0.021,0,IND,1610612754,0.042,3,0.429
205,30.0,0.0,0.0,0.0,5,"201946,1610612766",0,0.0,0.0,0.0,0.0,0.0,0.0,0.0,0.0,0.0,0.0,2,1,0.471,0.0,0.0,0.0,201946,Tyler Hansbrough,-0.25,0.0,0.0,0.0,0,CHA,1610612766,0.0,1,0.5
206,24.0,0.07,0.0,0.0,5,"204020,1610612748",0,0.044,0.052,0.026,0.5,0.096,0.044,0.455,0.096,0.07,0.727,5,2,0.53,0.017,0.07,0.052,204020,Tyler Johnson,0.096,0.183,0.061,0.009,0,MIA,1610612748,0.017,3,0.6
207,26.0,0.025,0.025,0.0,5,"203092,1610612738",0,0.138,0.0,0.0,0.0,0.189,0.088,0.467,0.075,0.05,0.667,3,3,0.478,0.05,0.013,0.088,203092,Tyler Zeller,0.151,0.226,0.189,0.0,0,BOS,1610612738,0.025,0,0.0
208,36.0,0.025,0.006,0.006,5,"2617,1610612748",0,0.126,0.0,0.0,0.0,0.095,0.05,0.533,0.044,0.032,0.714,9,5,0.533,0.069,0.082,0.076,2617,Udonis Haslem,-0.12,0.132,0.195,0.0,0,MIA,1610612748,0.044,4,0.444
209,39.0,0.029,0.006,0.052,5,"1713,1610612763",0,0.058,0.058,0.041,0.7,0.192,0.087,0.455,0.047,0.047,1.0,4,4,0.529,0.029,0.052,0.052,1713,Vince Carter,-0.274,0.262,0.087,0.012,0,MEM,1610612763,0.017,0,0.0
210,28.0,0.013,0.026,0.0,5,"202325,1610612746",0,0.083,0.058,0.019,0.333,0.09,0.032,0.357,0.019,0.019,1.0,6,4,0.491,0.032,0.038,0.013,202325,Wesley Johnson,0.153,0.102,0.115,0.006,0,LAC,1610612746,0.013,2,0.333
211,29.0,0.017,0.0,0.011,5,"202083,1610612742",0,0.04,0.101,0.029,0.286,0.172,0.057,0.333,0.055,0.043,0.789,5,4,0.498,0.011,0.04,0.049,202083,Wesley Matthews,-0.305,0.187,0.052,0.017,0,DAL,1610612742,0.011,1,0.2
212,24.0,0.059,0.018,0.0,5,"204098,1610612763",0,0.047,0.047,0.006,0.125,0.165,0.053,0.321,0.012,0.0,0.0,4,4,0.526,0.006,0.047,0.029,204098,Xavier Munford,-0.277,0.112,0.053,0.035,0,MEM,1610612763,0.029,0,0.0
213,34.0,0.031,0.0,0.066,5,"2216,1610612763",2,0.088,0.0,0.0,0.0,0.272,0.101,0.371,0.031,0.026,0.857,4,4,0.524,0.066,0.044,0.061,2216,Zach Randolph,-0.25,0.228,0.153,0.004,0,MEM,1610612763,0.031,0,0.0
214,32.0,0.077,0.005,0.01,5,"2585,1610612742",0,0.082,0.0,0.0,0.0,0.115,0.043,0.375,0.082,0.072,0.882,5,4,0.537,0.048,0.062,0.067,2585,Zaza Pachulia,-0.345,0.158,0.13,0.014,0,DAL,1610612742,0.01,1,0.2
