,AGE,AST,BLK,BLKA,CFID,CFPARAMS,DD2,DREB,FG3A,FG3M,FG3_PCT,FGA,FGM,FG_PCT,FTA,FTM,FT_PCT,GP,L,MIN,OREB,PF,PFD,PLAYER_ID,PLAYER_NAME,PLUS_MINUS,PTS,REB,STL,TD3,TEAM_ABBREVIATION,TEAM_ID,TOV,W,W_PCT
0,31.0,0.16,0.01,0.03,5,"201166,1610612741",0,0.07,0.17,0.06,0.357,0.42,0.17,0.401,0.06,0.04,0.766,69,33,1107.61,0.02,0.12,0.07,201166,Aaron Brooks,-0.01,0.44,0.09,0.03,0,CHI,1610612741,0.07,36,0.522
1,20.0,0.07,0.03,0.02,5,"203932,1610612753",12,0.19,0.08,0.02,0.296,0.31,0.15,0.473,0.1,0.07,0.668,78,46,1862.92,0.08,0.08,0.08,203932,Aaron Gordon,-0.04,0.39,0.27,0.03,0,ORL,1610612753,0.04,32,0.41
2,21.0,0.02,0.0,0.0,5,"1626151,1610612766",0,0.12,0.11,0.03,0.3,0.2,0.05,0.263,0.13,0.05,0.417,21,6,93.3,0.04,0.11,0.09,1626151,Aaron Harrison,-0.08,0.19,0.16,0.06,0,CHA,1610612766,0.04,15,0.714
3,25.0,0.06,0.02,0.02,5,"203940,1610612750",0,0.19,0.07,0.02,0.281,0.3,0.11,0.366,0.05,0.04,0.654,52,34,485.59,0.04,0.16,0.07,203940,Adreian Payne,-0.25,0.27,0.23,0.03,0,MIN,1610612750,0.07,18,0.346
4,30.0,0.1,0.05,0.01,5,"201143,1610612737",17,0.17,0.1,0.03,0.344,0.4,0.2,0.505,0.05,0.04,0.798,82,34,2631.29833333,0.06,0.06,0.04,201143,Al Horford,0.09,0.47,0.23,0.03,0,ATL,1610612737,0.04,48,0.585
5,31.0,0.06,0.04,0.03,5,"2744,1610612766",7,0.22,0.0,0.0,0.0,0.46,0.22,0.485,0.1,0.07,0.649,47,14,1096.47166667,0.05,0.11,0.07,2744,Al Jefferson,0.04,0.51,0.27,0.03,0,CHA,1610612766,0.03,33,0.702
6,25.0,0.06,0.02,0.01,5,"202329,1610612757",8,0.17,0.15,0.05,0.361,0.31,0.13,0.416,0.07,0.05,0.737,82,38,2340.88833333,0.04,0.07,0.06,202329,Al-Farouq Aminu,0.02,0.36,0.21,0.03,0,POR,1610612757,0.05,44,0.537
7,33.0,0.07,0.01,0.02,5,"101187,1610612764",0,0.14,0.19,0.06,0.324,0.31,0.11,0.356,0.08,0.06,0.733,13,5,192.183333333,0.01,0.13,0.06,101187,Alan Anderson,0.16,0.34,0.14,0.02,0,WAS,1610612764,0.01,8,0.615
8,23.0,0.07,0.07,0.04,5,"1626210,1610612756",1,0.35,0.0,0.0,0.0,0.35,0.15,0.417,0.21,0.13,0.643,10,7,68.15,0.21,0.22,0.18,1626210,Alan Williams,0.01,0.43,0.56,0.06,0,PHX,1610612756,0.09,3,0.3
9,24.0,0.08,0.01,0.03,5,"202692,1610612762",0,0.12,0.1,0.04,0.405,0.42,0.17,0.41,0.18,0.13,0.752,31,18,797.24,0.02,0.09,0.14,202692,Alec Burks,-0.02,0.52,0.14,0.02,0,UTA,1610612762,0.06,13,0.419
10,23.0,0.05,0.03,0.03,5,"203458,1610612756",19,0.23,0.0,0.0,0.143,0.34,0.14,0.423,0.13,0.1,0.728,78,55,1820.795,0.1,0.13,0.1,203458,Alex Len,-0.16,0.39,0.33,0.02,0,PHX,1610612756,0.08,23,0.295
11,28.0,0.03,0.07,0.08,5,"1627293,1610612763",1,0.12,0.0,0.0,0.0,0.37,0.12,0.333,0.17,0.06,0.333,8,6,72.1516666667,0.26,0.17,0.11,1627293,Alex Stepheson,-0.03,0.3,0.39,0.01,0,MEM,1610612763,0.0,2,0.25
12,28.0,0.04,0.04,0.01,5,"201582,1610612740",4,0.23,0.0,0.0,0.0,0.37,0.17,0.476,0.07,0.06,0.839,59,39,860.715,0.09,0.16,0.08,201582,Alexis Ajinca,-0.08,0.41,0.31,0.02,0,NOP,1610612740,0.06,20,0.339
13,24.0,0.05,0.01,0.01,5,"203459,1610612757",0,0.09,0.14,0.05,0.393,0.32,0.15,0.459,0.05,0.05,0.867,81,38,2104.925,0.01,0.09,0.04,203459,Allen Crabbe,0.02,0.4,0.1,0.03,0,POR,1610612757,0.03,43,0.531
14,29.0,0.04,0.01,0.01,5,"202087,1610612740",0,0.11,0.04,0.01,0.283,0.16,0.08,0.518,0.04,0.03,0.667,73,46,1631.985,0.04,0.1,0.03,202087,Alonzo Gee,-0.12,0.2,0.15,0.04,0,NOP,1610612740,0.03,27,0.37
15,33.0,0.04,0.05,0.04,5,"2405,1610612748",2,0.21,0.0,0.0,0.0,0.29,0.16,0.566,0.09,0.07,0.746,52,22,762.285,0.09,0.12,0.1,2405,Amar'e Stoudemire,0.01,0.39,0.29,0.02,0,MIA,1610612748,0.06,30,0.577
16,29.0,0.08,0.05,0.01,5,"101161,1610612738",8,0.18,0.02,0.01,0.233,0.24,0.14,0.585,0.07,0.04,0.57,79,34,1800.16166667,0.1,0.12,0.06,101161,Amir Johnson,0.08,0.32,0.28,0.03,0,BOS,1610612738,0.05,45,0.57
17,33.0,0.07,0.02,0.01,5,"2760,1610612744",0,0.21,0.0,0.0,0.0,0.25,0.11,0.427,0.1,0.06,0.64,53,12,495.573333333,0.07,0.14,0.13,2760,Anderson Varejao,0.04,0.28,0.28,0.03,0,GSW,1610612744,0.04,41,0.774
18,22.0,0.03,0.04,0.03,5,"203083,1610612765",66,0.3,0.0,0.0,0.333,0.4,0.21,0.521,0.22,0.08,0.355,81,38,2665.52333333,0.15,0.09,0.15,203083,Andre Drummond,0.05,0.49,0.45,0.04,0,DET,1610612765,0.06,43,0.531
19,32.0,0.13,0.01,0.01,5,"2738,1610612744",1,0.12,0.09,0.03,0.351,0.21,0.1,0.478,0.05,0.03,0.614,65,6,1731.65833333,0.03,0.06,0.05,2738,Andre Iguodala,0.26,0.26,0.15,0.04,0,GSW,1610612744,0.05,59,0.908
20,40.0,0.19,0.0,0.02,5,"1889,1610612759",0,0.08,0.02,0.0,0.25,0.23,0.13,0.557,0.07,0.05,0.75,39,19,461.19,0.03,0.1,0.06,1889,Andre Miller,0.07,0.31,0.11,0.03,0,SAS,1610612759,0.08,20,0.513
21,24.0,0.03,0.03,0.01,5,"203460,1610612760",0,0.11,0.07,0.02,0.311,0.18,0.09,0.496,0.03,0.02,0.611,70,22,1553.30833333,0.05,0.09,0.03,203460,Andre Roberson,0.17,0.22,0.16,0.03,0,OKC,1610612760,0.02,48,0.686
22,30.0,0.03,0.01,0.02,5,"200745,1610612751",0,0.11,0.03,0.0,0.188,0.44,0.2,0.455,0.09,0.07,0.825,46,35,633.676666667,0.04,0.1,0.08,200745,Andrea Bargnani,-0.3,0.48,0.15,0.01,0,BKN,1610612751,0.04,11,0.239
23,31.0,0.11,0.08,0.0,5,"101106,1610612744",5,0.26,0.0,0.0,1.0,0.19,0.12,0.627,0.03,0.02,0.48,70,8,1451.26,0.08,0.15,0.05,101106,Andrew Bogut,0.27,0.26,0.34,0.02,0,GSW,1610612744,0.06,62,0.886
24,27.0,0.08,0.04,0.0,5,"202726,1610612745",0,0.02,0.18,0.02,0.111,0.4,0.18,0.45,0.08,0.06,0.75,8,3,49.7083333333,0.02,0.08,0.06,202726,Andrew Goudelock,0.2,0.44,0.04,0.12,0,HOU,1610612745,0.14,5,0.625
25,26.0,0.03,0.03,0.01,5,"203094,1610612753",0,0.2,0.14,0.05,0.36,0.38,0.18,0.471,0.08,0.06,0.785,56,34,822.755,0.04,0.08,0.07,203094,Andrew Nicholson,0.04,0.47,0.24,0.01,0,ORL,1610612753,0.05,22,0.393
26,21.0,0.06,0.02,0.03,5,"203952,1610612750",1,0.07,0.07,0.02,0.3,0.45,0.21,0.459,0.2,0.15,0.761,81,52,2844.55666667,0.04,0.06,0.14,203952,Andrew Wiggins,-0.02,0.59,0.1,0.03,0,MIN,1610612750,0.06,29,0.358
27,23.0,0.0,0.0,0.02,5,"203461,1610612761",0,0.2,0.17,0.04,0.214,0.32,0.09,0.296,0.12,0.11,0.9,19,7,84.2133333333,0.07,0.09,0.06,203461,Anthony Bennett,-0.36,0.33,0.27,0.06,0,TOR,1610612761,0.05,12,0.632
28,23.0,0.03,0.01,0.02,5,"1626148,1610612747",0,0.1,0.12,0.03,0.286,0.21,0.07,0.31,0.03,0.03,0.85,29,25,598.65,0.02,0.06,0.03,1626148,Anthony Brown,-0.06,0.19,0.12,0.02,0,LAL,1610612747,0.03,4,0.138
29,23.0,0.05,0.06,0.02,5,"203076,1610612740",36,0.23,0.05,0.02,0.324,0.52,0.26,0.493,0.2,0.15,0.758,61,37,2164.24333333,0.06,0.07,0.17,203076,Anthony Davis,-0.09,0.68,0.29,0.04,0,NOP,1610612740,0.06,24,0.393
30,30.0,0.03,0.01,0.01,5,"201627,1610612760",0,0.06,0.22,0.09,0.387,0.36,0.15,0.408,0.04,0.03,0.744,68,22,926.431666667,0.01,0.07,0.03,201627,Anthony Morrow,0.12,0.41,0.07,0.02,0,OKC,1610612760,0.02,46,0.676
31,31.0,0.04,0.01,0.01,5,"201229,1610612765",0,0.14,0.2,0.07,0.36,0.25,0.1,0.386,0.04,0.02,0.617,72,36,1340.57666667,0.03,0.06,0.04,201229,Anthony Tolliver,0.01,0.29,0.17,0.02,0,DET,1610612765,0.02,36,0.5
32,21.0,0.11,0.01,0.04,5,"203462,1610612756",1,0.1,0.09,0.02,0.232,0.38,0.16,0.417,0.17,0.12,0.674,57,43,1113.82833333,0.02,0.08,0.14,203462,Archie Goodwin,-0.19,0.45,0.13,0.02,0,PHX,1610612756,0.09,14,0.246
33,29.0,0.04,0.04,0.02,5,"203382,1610612765",1,0.2,0.0,0.0,0.0,0.31,0.16,0.505,0.13,0.1,0.764,81,38,1232.89,0.11,0.12,0.12,203382,Aron Baynes,-0.04,0.42,0.31,0.02,0,DET,1610612765,0.05,43,0.531
34,30.0,0.06,0.0,0.02,5,"201167,1610612752",1,0.1,0.1,0.04,0.382,0.34,0.15,0.443,0.06,0.05,0.84,71,44,2370.90666667,0.01,0.06,0.05,201167,Arron Afflalo,-0.06,0.38,0.11,0.01,0,NYK,1610612752,0.03,27,0.38
35,23.0,0.07,0.01,0.02,5,"203085,1610612746",0,0.07,0.13,0.04,0.335,0.35,0.15,0.438,0.08,0.05,0.681,67,25,1463.825,0.02,0.09,0.07,203085,Austin Rivers,-0.11,0.41,0.09,0.03,0,LAC,1610612746,0.04,42,0.627
36,25.0,0.06,0.01,0.02,5,"202340,1610612738",0,0.07,0.16,0.06,0.361,0.4,0.18,0.447,0.05,0.04,0.78,76,31,2536.12333333,0.02,0.06,0.04,202340,Avery Bradley,0.08,0.46,0.09,0.05,0,BOS,1610612738,0.04,45,0.592
37,23.0,0.05,0.02,0.0,5,"1626253,1610612743",0,0.08,0.13,0.04,0.325,0.23,0.08,0.357,0.06,0.04,0.765,21,12,305.325,0.03,0.13,0.04,1626253,Axel Toupane,-0.06,0.25,0.1,0.02,0,DEN,1610612743,0.02,9,0.429
38,23.0,0.05,0.01,0.02,5,"203463,1610612758",0,0.08,0.13,0.05,0.362,0.32,0.14,0.429,0.07,0.05,0.718,68,40,1442.86666667,0.02,0.1,0.06,203463,Ben McLemore,0.01,0.37,0.1,0.04,0,SAC,1610612758,0.07,28,0.412
39,33.0,0.16,0.0,0.01,5,"2757,1610612748",1,0.09,0.06,0.02,0.341,0.28,0.12,0.434,0.03,0.03,0.9,44,18,707.645,0.01,0.07,0.06,2757,Beno Udrih,-0.03,0.29,0.1,0.02,0,MIA,1610612748,0.07,26,0.591
40,23.0,0.02,0.07,0.02,5,"202687,1610612761",9,0.26,0.0,0.0,0.0,0.16,0.09,0.542,0.13,0.08,0.628,82,26,1807.82,0.1,0.12,0.1,202687,Bismack Biyombo,0.05,0.25,0.36,0.01,0,TOR,1610612761,0.04,56,0.683
41,27.0,0.15,0.01,0.01,5,"201933,1610612746",13,0.21,0.02,0.01,0.333,0.52,0.26,0.499,0.17,0.12,0.727,35,13,1170.28166667,0.04,0.08,0.16,201933,Blake Griffin,0.16,0.64,0.25,0.02,0,LAC,1610612746,0.07,22,0.629
42,27.0,0.04,0.05,0.03,5,"1626246,1610612759",3,0.24,0.0,0.0,0.0,0.34,0.21,0.603,0.22,0.17,0.763,54,7,507.805,0.14,0.11,0.16,1626246,Boban Marjanovic,0.11,0.58,0.38,0.02,0,SAS,1610612759,0.06,47,0.87
43,21.0,0.05,0.02,0.02,5,"1626171,1610612741",6,0.19,0.05,0.01,0.308,0.4,0.17,0.427,0.06,0.04,0.727,62,33,1102.08,0.11,0.09,0.06,1626171,Bobby Portis,-0.16,0.4,0.31,0.02,0,CHI,1610612741,0.05,29,0.468
44,27.0,0.05,0.0,0.03,5,"202711,1610612751",1,0.1,0.16,0.06,0.382,0.35,0.15,0.433,0.06,0.05,0.833,79,58,2114.645,0.02,0.06,0.05,202711,Bojan Bogdanovic,-0.18,0.42,0.12,0.01,0,BKN,1610612751,0.05,21,0.266
45,34.0,0.13,0.02,0.01,5,"2564,1610612759",0,0.13,0.05,0.02,0.362,0.28,0.15,0.527,0.05,0.04,0.737,76,12,1385.54666667,0.04,0.07,0.06,2564,Boris Diaw,0.21,0.35,0.17,0.02,0,SAS,1610612759,0.07,64,0.842
46,22.0,0.09,0.01,0.02,5,"203078,1610612764",0,0.09,0.16,0.06,0.387,0.47,0.21,0.449,0.1,0.08,0.767,55,27,1708.245,0.02,0.07,0.08,203078,Bradley Beal,-0.01,0.56,0.11,0.03,0,WAS,1610612764,0.07,28,0.509
47,28.0,0.03,0.07,0.0,5,"201148,1610612763",0,0.14,0.0,0.0,0.0,0.25,0.16,0.673,0.11,0.06,0.542,12,6,212.123333333,0.07,0.1,0.12,201148,Brandan Wright,-0.27,0.39,0.2,0.02,0,MEM,1610612763,0.05,6,0.5
48,23.0,0.0,0.03,0.07,5,"1626183,1610612746",0,0.07,0.0,0.0,0.0,0.17,0.07,0.4,0.03,0.03,1.0,6,1,28.865,0.07,0.07,0.03,1626183,Branden Dawson,-0.52,0.17,0.14,0.0,0,LAC,1610612746,0.0,5,0.833
49,31.0,0.06,0.04,0.03,5,"101138,1610612747",0,0.13,0.0,0.0,0.0,0.24,0.13,0.549,0.11,0.09,0.845,66,50,1342.41166667,0.08,0.09,0.09,101138,Brandon Bass,-0.02,0.35,0.21,0.02,0,LAL,1610612747,0.03,16,0.242
50,26.0,0.2,0.01,0.01,5,"201943,1610612753",1,0.09,0.18,0.06,0.329,0.35,0.13,0.368,0.09,0.07,0.731,48,28,867.455,0.02,0.07,0.07,201943,Brandon Jennings,0.01,0.38,0.11,0.03,0,ORL,1610612753,0.07,20,0.417
51,24.0,0.14,0.01,0.02,5,"202688,1610612756",4,0.09,0.19,0.06,0.342,0.48,0.2,0.415,0.1,0.08,0.852,52,36,1870.38666667,0.02,0.07,0.11,202688,Brandon Knight,-0.11,0.54,0.11,0.03,1,PHX,1610612756,0.09,16,0.308
52,30.0,0.05,0.02,0.01,5,"201575,1610612744",0,0.15,0.15,0.06,0.414,0.25,0.11,0.427,0.03,0.02,0.643,72,9,1054.74166667,0.02,0.05,0.02,201575,Brandon Rush,-0.03,0.29,0.17,0.02,0,GSW,1610612744,0.03,63,0.875
53,30.0,0.11,0.0,0.01,5,"203148,1610612757",0,0.07,0.09,0.03,0.357,0.35,0.16,0.448,0.1,0.09,0.894,51,25,470.146666667,0.01,0.07,0.1,203148,Brian Roberts,-0.13,0.44,0.09,0.02,0,POR,1610612757,0.05,26,0.51
54,23.0,0.12,0.02,0.01,5,"1627362,1610612748",0,0.1,0.03,0.0,0.0,0.23,0.08,0.359,0.02,0.02,0.75,7,4,168.638333333,0.05,0.07,0.05,1627362,Briante Weber,-0.4,0.18,0.15,0.05,0,MIA,1610612748,0.05,3,0.429
55,28.0,0.06,0.05,0.02,5,"201572,1610612751",26,0.15,0.01,0.0,0.143,0.47,0.24,0.511,0.16,0.13,0.787,73,52,2456.57,0.08,0.09,0.14,201572,Brook Lopez,-0.05,0.61,0.23,0.02,0,BKN,1610612751,0.07,21,0.288
56,20.0,0.02,0.02,0.05,5,"203998,1610612761",0,0.02,0.16,0.02,0.143,0.28,0.02,0.083,0.0,0.0,0.0,6,0,42.6833333333,0.02,0.05,0.0,203998,Bruno Caboclo,-0.19,0.07,0.05,0.05,0,TOR,1610612761,0.09,6,1.0
57,23.0,0.08,0.0,0.0,5,"203955,1610612763",0,0.0,0.08,0.0,0.0,0.26,0.1,0.4,0.0,0.0,0.0,8,7,38.7583333333,0.0,0.05,0.0,203955,Bryce Cotton,-0.62,0.21,0.0,0.08,0,MEM,1610612763,0.13,1,0.125
58,23.0,0.05,0.01,0.02,5,"1626214,1610612740",0,0.14,0.11,0.04,0.375,0.25,0.1,0.406,0.08,0.04,0.524,14,6,278.556666667,0.03,0.06,0.06,1626214,Bryce Dejean-Jones,-0.14,0.28,0.17,0.04,0,NOP,1610612740,0.04,8,0.571
59,24.0,0.12,0.01,0.03,5,"203468,1610612757",2,0.08,0.17,0.07,0.417,0.51,0.23,0.448,0.08,0.07,0.827,80,36,2779.895,0.02,0.07,0.07,203468,CJ McCollum,0.06,0.6,0.09,0.03,0,POR,1610612757,0.07,44,0.55
60,29.0,0.04,0.02,0.02,5,"101139,1610612754",0,0.1,0.26,0.1,0.367,0.43,0.18,0.409,0.08,0.06,0.75,64,30,1463.60666667,0.02,0.1,0.07,101139,CJ Miles,0.0,0.51,0.12,0.04,0,IND,1610612754,0.05,34,0.531
61,32.0,0.13,0.01,0.0,5,"201228,1610612753",0,0.09,0.07,0.02,0.292,0.21,0.07,0.343,0.06,0.05,0.872,33,19,655.686666667,0.02,0.07,0.06,201228,CJ Watson,-0.08,0.22,0.1,0.03,0,ORL,1610612753,0.04,14,0.424
62,25.0,0.06,0.01,0.01,5,"203912,1610612746",0,0.07,0.14,0.05,0.391,0.4,0.16,0.394,0.07,0.05,0.75,23,8,166.818333333,0.01,0.09,0.08,203912,CJ Wilcox,0.13,0.42,0.07,0.06,0,LAC,1610612746,0.01,15,0.652
63,25.0,0.06,0.03,0.05,5,"203946,1610612741",0,0.23,0.05,0.01,0.2,0.39,0.13,0.325,0.08,0.07,0.875,18,14,102.6,0.04,0.19,0.06,203946,Cameron Bairstow,-0.08,0.33,0.27,0.02,0,CHI,1610612741,0.04,4,0.222
64,21.0,0.15,0.01,0.02,5,"1626166,1610612760",0,0.11,0.16,0.05,0.324,0.4,0.16,0.41,0.03,0.03,0.792,57,13,697.613333333,0.01,0.11,0.04,1626166,Cameron Payne,-0.04,0.41,0.12,0.05,0,OKC,1610612760,0.06,44,0.772
65,32.0,0.06,0.02,0.03,5,"201171,1610612755",0,0.17,0.02,0.01,0.462,0.44,0.24,0.556,0.16,0.12,0.736,36,31,569.39,0.09,0.12,0.11,201171,Carl Landry,-0.19,0.62,0.26,0.02,0,PHI,1610612755,0.04,5,0.139
66,32.0,0.12,0.02,0.03,5,"2546,1610612752",22,0.18,0.12,0.04,0.339,0.52,0.22,0.434,0.16,0.13,0.829,72,40,2529.8,0.04,0.07,0.13,2546,Carmelo Anthony,-0.02,0.62,0.22,0.02,0,NYK,1610612752,0.07,32,0.444
67,36.0,0.06,0.01,0.0,5,"2406,1610612758",0,0.1,0.1,0.02,0.167,0.34,0.14,0.424,0.07,0.06,0.833,17,15,175.668333333,0.03,0.11,0.05,2406,Caron Butler,-0.23,0.36,0.13,0.05,0,SAC,1610612758,0.02,2,0.118
68,27.0,0.09,0.01,0.02,5,"202718,1610612742",3,0.14,0.14,0.06,0.414,0.36,0.18,0.492,0.08,0.05,0.684,61,32,1799.20666667,0.02,0.06,0.07,202718,Chandler Parsons,0.0,0.47,0.16,0.03,0,DAL,1610612742,0.05,29,0.475
69,33.0,0.06,0.02,0.01,5,"101112,1610612739",0,0.17,0.2,0.08,0.387,0.29,0.13,0.438,0.03,0.03,0.857,70,35,1199.15666667,0.03,0.11,0.05,101112,Channing Frye,0.09,0.35,0.2,0.02,0,CLE,1610612739,0.04,35,0.5
70,33.0,0.08,0.0,0.0,5,"101236,1610612745",0,0.34,0.0,0.0,0.0,0.08,0.04,0.5,0.08,0.08,1.0,2,1,23.8333333333,0.0,0.25,0.04,101236,Charles Hayes,-0.13,0.17,0.34,0.0,0,HOU,1610612745,0.13,1,0.5
71,31.0,0.04,0.02,0.02,5,"101111,1610612742",0,0.19,0.26,0.07,0.273,0.49,0.19,0.382,0.04,0.03,0.917,62,33,665.036666667,0.04,0.11,0.02,101111,Charlie Villanueva,-0.13,0.48,0.23,0.03,0,DAL,1610612742,0.05,29,0.468
72,28.0,0.07,0.01,0.01,5,"201978,1610612756",0,0.12,0.09,0.03,0.279,0.26,0.11,0.435,0.06,0.04,0.696,66,37,929.716666667,0.05,0.07,0.05,201978,Chase Budinger,0.0,0.29,0.16,0.03,0,PHX,1610612756,0.05,29,0.439
73,37.0,0.03,0.03,0.01,5,"2365,1610612763",0,0.15,0.03,0.01,0.286,0.18,0.09,0.528,0.09,0.06,0.694,27,16,402.531666667,0.09,0.07,0.09,2365,Chris Andersen,-0.17,0.26,0.24,0.04,0,MEM,1610612763,0.02,11,0.407
74,32.0,0.07,0.02,0.02,5,"2547,1610612748",15,0.19,0.12,0.05,0.365,0.43,0.2,0.467,0.15,0.12,0.795,53,24,1777.92666667,0.03,0.06,0.12,2547,Chris Bosh,0.02,0.57,0.22,0.02,0,MIA,1610612748,0.04,29,0.547
75,32.0,0.07,0.0,0.01,5,"203142,1610612749",0,0.06,0.23,0.06,0.278,0.33,0.11,0.333,0.04,0.04,0.857,24,14,155.93,0.01,0.11,0.04,203142,Chris Copeland,-0.51,0.32,0.06,0.01,0,MIL,1610612749,0.04,10,0.417
76,26.0,0.05,0.02,0.02,5,"203187,1610612762",0,0.12,0.12,0.03,0.273,0.23,0.08,0.371,0.05,0.04,0.81,70,32,856.803333333,0.03,0.12,0.03,203187,Chris Johnson,0.0,0.24,0.15,0.04,0,UTA,1610612762,0.05,38,0.543
77,34.0,0.1,0.01,0.02,5,"2549,1610612757",0,0.15,0.04,0.01,0.25,0.38,0.18,0.465,0.03,0.03,1.0,16,5,111.766666667,0.06,0.13,0.03,2549,Chris Kaman,-0.28,0.39,0.21,0.01,0,POR,1610612757,0.07,11,0.688
78,21.0,0.02,0.03,0.02,5,"1626191,1610612751",0,0.12,0.09,0.04,0.382,0.3,0.12,0.404,0.06,0.03,0.478,24,17,362.12,0.07,0.11,0.05,1626191,Chris McCullough,-0.33,0.31,0.19,0.08,0,BKN,1610612751,0.04,7,0.292
79,31.0,0.3,0.01,0.01,5,"101108,1610612746",38,0.11,0.14,0.05,0.371,0.46,0.21,0.462,0.14,0.12,0.896,74,24,2420.27166667,0.02,0.08,0.12,101108,Chris Paul,0.23,0.6,0.13,0.06,0,LAC,1610612746,0.08,50,0.676
80,20.0,0.02,0.05,0.07,5,"1626174,1610612755",0,0.17,0.08,0.03,0.364,0.37,0.15,0.415,0.15,0.09,0.619,17,17,144.781666667,0.09,0.08,0.14,1626174,Christian Wood,-0.34,0.42,0.26,0.03,0,PHI,1610612755,0.01,0,0.0
81,25.0,0.04,0.02,0.03,5,"203921,1610612752",0,0.14,0.1,0.03,0.267,0.26,0.08,0.3,0.03,0.02,0.75,17,11,153.823333333,0.03,0.1,0.03,203921,Cleanthony Early,0.0,0.2,0.17,0.01,0,NYK,1610612752,0.06,6,0.353
82,20.0,0.0,0.06,0.03,5,"1626146,1610612757",0,0.11,0.0,0.0,0.0,0.28,0.14,0.5,0.0,0.0,0.0,8,5,35.9583333333,0.06,0.03,0.0,1626146,Cliff Alexander,-0.36,0.28,0.17,0.03,0,POR,1610612757,0.03,3,0.375
83,22.0,0.03,0.06,0.03,5,"203991,1610612745",10,0.2,0.0,0.0,0.0,0.27,0.16,0.582,0.14,0.05,0.379,77,38,1470.71,0.13,0.13,0.1,203991,Clint Capela,0.07,0.37,0.34,0.04,0,HOU,1610612745,0.04,39,0.506
84,23.0,0.04,0.04,0.03,5,"203469,1610612766",5,0.18,0.01,0.0,0.1,0.25,0.13,0.529,0.13,0.1,0.754,73,31,1773.715,0.08,0.12,0.1,203469,Cody Zeller,0.09,0.36,0.26,0.03,0,CHA,1610612766,0.04,42,0.575
85,27.0,0.06,0.09,0.02,5,"202332,1610612746",3,0.25,0.0,0.0,0.0,0.28,0.17,0.596,0.11,0.08,0.714,60,19,799.703333333,0.11,0.17,0.09,202332,Cole Aldrich,-0.03,0.41,0.36,0.06,0,LAC,1610612746,0.08,41,0.683
86,30.0,0.07,0.01,0.02,5,"201147,1610612745",0,0.09,0.13,0.04,0.272,0.33,0.13,0.384,0.08,0.06,0.75,82,41,1668.86666667,0.03,0.1,0.08,201147,Corey Brewer,-0.05,0.35,0.12,0.05,0,HOU,1610612745,0.05,41,0.5
87,25.0,0.0,0.02,0.06,5,"203928,1610612756",0,0.2,0.02,0.0,0.0,0.44,0.18,0.409,0.12,0.08,0.667,8,6,50.0633333333,0.12,0.16,0.08,203928,Cory Jefferson,-0.1,0.44,0.32,0.0,0,PHX,1610612756,0.0,2,0.25
88,24.0,0.12,0.01,0.02,5,"202709,1610612761",0,0.08,0.05,0.01,0.273,0.29,0.13,0.439,0.09,0.06,0.764,80,26,2046.185,0.02,0.06,0.08,202709,Cory Joseph,0.13,0.33,0.1,0.03,0,TOR,1610612761,0.05,54,0.675
89,23.0,0.0,0.0,0.0,5,"1626262,1610612738",0,0.17,0.34,0.34,1.0,0.69,0.34,0.5,0.0,0.0,0.0,3,3,5.80166666667,0.0,0.0,0.0,1626262,Coty Clarke,0.69,1.03,0.17,0.0,0,BOS,1610612738,0.17,0,0.0
90,30.0,0.06,0.01,0.01,5,"201584,1610612766",0,0.08,0.09,0.04,0.378,0.27,0.12,0.454,0.05,0.04,0.839,79,30,2334.47333333,0.01,0.06,0.03,201584,Courtney Lee,0.06,0.33,0.09,0.04,0,CHA,1610612766,0.03,49,0.62
91,23.0,0.08,0.04,0.02,5,"1626245,1610612741",0,0.22,0.01,0.0,0.0,0.22,0.12,0.556,0.11,0.08,0.714,31,17,320.603333333,0.09,0.1,0.07,1626245,Cristiano Felicio,0.17,0.33,0.32,0.02,0,CHI,1610612741,0.04,14,0.452
92,20.0,0.12,0.01,0.02,5,"1626156,1610612747",1,0.1,0.16,0.06,0.351,0.42,0.17,0.41,0.08,0.06,0.737,80,63,2259.03,0.02,0.06,0.08,1626156,D'Angelo Russell,-0.24,0.47,0.12,0.04,0,LAL,1610612747,0.09,17,0.213
93,28.0,0.17,0.0,0.03,5,"201571,1610612743",2,0.07,0.14,0.06,0.405,0.3,0.13,0.423,0.11,0.09,0.805,62,27,1177.74,0.01,0.07,0.11,201571,D.J. Augustin,-0.03,0.4,0.08,0.03,0,DEN,1610612743,0.07,35,0.565
94,35.0,0.05,0.05,0.05,5,"2563,1610612739",0,0.09,0.05,0.02,0.5,0.33,0.14,0.429,0.0,0.0,0.0,1,1,42.35,0.02,0.14,0.02,2563,Dahntay Jones,-0.02,0.31,0.12,0.02,0,CLE,1610612739,0.0,0,0.0
95,25.0,0.19,0.01,0.03,5,"203081,1610612757",15,0.1,0.23,0.09,0.375,0.55,0.23,0.419,0.17,0.15,0.892,75,35,2675.62,0.02,0.06,0.14,203081,Damian Lillard,0.04,0.7,0.11,0.02,0,POR,1610612757,0.09,40,0.533
96,21.0,0.06,0.02,0.02,5,"203996,1610612749",0,0.19,0.08,0.02,0.231,0.24,0.08,0.351,0.05,0.04,0.875,20,15,156.351666667,0.01,0.07,0.04,203996,Damien Inglis,-0.28,0.23,0.2,0.04,0,MIL,1610612749,0.07,5,0.25
97,30.0,0.04,0.0,0.01,5,"204014,1610612750",0,0.05,0.18,0.06,0.34,0.22,0.09,0.403,0.03,0.03,1.0,33,24,277.285,0.02,0.12,0.02,204014,Damjan Rudez,-0.05,0.27,0.07,0.01,0,MIN,1610612750,0.05,9,0.273
98,27.0,0.07,0.01,0.03,5,"201568,1610612743",3,0.12,0.13,0.05,0.364,0.38,0.16,0.41,0.23,0.2,0.868,53,31,1838.70666667,0.03,0.05,0.18,201568,Danilo Gallinari,-0.06,0.56,0.15,0.02,0,DEN,1610612743,0.04,22,0.415
99,29.0,0.07,0.03,0.01,5,"201980,1610612759",0,0.12,0.17,0.06,0.332,0.27,0.1,0.376,0.02,0.02,0.739,79,14,2061.57,0.02,0.07,0.03,201980,Danny Green,0.25,0.28,0.15,0.04,0,SAS,1610612759,0.04,65,0.823
100,29.0,0.04,0.02,0.01,5,"201967,1610612740",0,0.09,0.09,0.03,0.316,0.21,0.09,0.451,0.04,0.03,0.695,80,52,1970.94833333,0.03,0.09,0.03,201967,Dante Cunningham,-0.14,0.25,0.12,0.02,0,NOP,1610612740,0.02,28,0.35
101,28.0,0.06,0.03,0.01,5,"201589,1610612743",2,0.14,0.08,0.03,0.385,0.32,0.15,0.452,0.03,0.03,0.755,70,44,1516.04166667,0.06,0.12,0.03,201589,Darrell Arthur,-0.03,0.35,0.19,0.03,0,DEN,1610612743,0.04,26,0.371
102,28.0,0.14,0.0,0.03,5,"201954,1610612758",4,0.06,0.1,0.04,0.401,0.35,0.17,0.486,0.1,0.09,0.858,74,45,2218.83666667,0.01,0.06,0.08,201954,Darren Collison,-0.03,0.47,0.08,0.03,0,SAC,1610612758,0.06,29,0.392
103,23.0,0.07,0.0,0.01,5,"1626199,1610612765",0,0.1,0.13,0.05,0.38,0.34,0.14,0.397,0.1,0.08,0.725,38,21,382.983333333,0.01,0.07,0.08,1626199,Darrun Hilliard,-0.01,0.4,0.12,0.02,0,DET,1610612765,0.05,17,0.447
104,33.0,0.09,0.03,0.05,5,"101135,1610612742",4,0.23,0.0,0.0,0.0,0.37,0.2,0.531,0.1,0.08,0.763,55,28,902.93,0.11,0.13,0.08,101135,David Lee,-0.09,0.47,0.34,0.02,0,DAL,1610612742,0.07,27,0.491
105,35.0,0.1,0.04,0.02,5,"2561,1610612759",1,0.17,0.0,0.0,0.429,0.32,0.17,0.545,0.06,0.04,0.788,78,15,1404.22833333,0.05,0.1,0.07,2561,David West,0.24,0.39,0.22,0.03,0,SAS,1610612759,0.05,63,0.808
106,27.0,0.03,0.07,0.01,5,"201599,1610612746",49,0.3,0.0,0.0,0.0,0.2,0.14,0.703,0.24,0.1,0.43,77,26,2597.615,0.1,0.08,0.18,201599,DeAndre Jordan,0.17,0.38,0.41,0.02,0,LAC,1610612746,0.04,51,0.662
107,27.0,0.05,0.01,0.02,5,"201971,1610612764",0,0.17,0.0,0.0,0.0,0.31,0.13,0.412,0.06,0.02,0.385,29,17,218.07,0.09,0.24,0.09,201971,DeJuan Blair,-0.18,0.28,0.26,0.04,0,WAS,1610612764,0.07,12,0.414
108,26.0,0.11,0.01,0.03,5,"201942,1610612761",3,0.1,0.05,0.02,0.338,0.49,0.22,0.446,0.23,0.2,0.85,78,25,2803.795,0.02,0.06,0.15,201942,DeMar DeRozan,0.06,0.65,0.12,0.03,0,TOR,1610612761,0.06,53,0.679
109,25.0,0.1,0.04,0.05,5,"202326,1610612758",47,0.26,0.09,0.03,0.333,0.59,0.27,0.451,0.3,0.21,0.718,65,36,2245.83833333,0.07,0.11,0.26,202326,DeMarcus Cousins,0.02,0.78,0.33,0.04,1,SAC,1610612758,0.11,29,0.446
110,29.0,0.03,0.01,0.02,5,"201960,1610612761",0,0.12,0.15,0.06,0.39,0.34,0.13,0.389,0.06,0.04,0.6,26,10,786.441666667,0.04,0.08,0.06,201960,DeMarre Carroll,0.06,0.36,0.16,0.06,0,TOR,1610612761,0.04,16,0.615
111,24.0,0.14,0.01,0.03,5,"1626153,1610612761",0,0.13,0.06,0.02,0.385,0.35,0.16,0.45,0.15,0.11,0.743,27,8,229.241666667,0.03,0.03,0.1,1626153,Delon Wright,0.06,0.45,0.16,0.03,0,TOR,1610612761,0.07,19,0.704
112,22.0,0.22,0.01,0.04,5,"203471,1610612737",2,0.11,0.15,0.05,0.322,0.48,0.2,0.421,0.11,0.09,0.791,80,33,1620.95833333,0.02,0.09,0.11,203471,Dennis Schroder,0.14,0.54,0.13,0.04,0,ATL,1610612737,0.11,47,0.588
113,32.0,0.18,0.01,0.02,5,"101114,1610612742",4,0.08,0.13,0.05,0.344,0.37,0.15,0.414,0.1,0.08,0.869,65,34,2106.02166667,0.01,0.07,0.08,101114,Deron Williams,0.0,0.44,0.09,0.03,0,DAL,1610612742,0.07,31,0.477
114,24.0,0.05,0.05,0.03,5,"202324,1610612762",19,0.17,0.0,0.0,0.0,0.41,0.21,0.515,0.13,0.09,0.709,62,32,1983.16833333,0.09,0.08,0.1,202324,Derrick Favors,0.05,0.51,0.25,0.04,0,UTA,1610612762,0.05,30,0.484
115,27.0,0.15,0.01,0.04,5,"201565,1610612741",1,0.09,0.07,0.02,0.293,0.5,0.21,0.427,0.09,0.07,0.793,66,34,2097.42333333,0.02,0.04,0.07,201565,Derrick Rose,-0.08,0.51,0.11,0.02,0,CHI,1610612741,0.08,32,0.485
116,25.0,0.05,0.01,0.03,5,"202682,1610612752",4,0.17,0.1,0.03,0.293,0.39,0.18,0.45,0.18,0.14,0.758,80,48,1434.865,0.03,0.05,0.12,202682,Derrick Williams,-0.14,0.52,0.21,0.02,0,NYK,1610612752,0.04,32,0.4
117,19.0,0.09,0.01,0.03,5,"1626164,1610612756",3,0.08,0.14,0.05,0.343,0.41,0.17,0.423,0.12,0.1,0.84,76,56,2107.68166667,0.01,0.11,0.12,1626164,Devin Booker,-0.18,0.5,0.09,0.02,0,PHX,1610612756,0.08,20,0.263
118,33.0,0.09,0.01,0.01,5,"2734,1610612742",0,0.09,0.12,0.04,0.329,0.29,0.13,0.447,0.11,0.08,0.721,64,29,1280.45,0.01,0.1,0.11,2734,Devin Harris,-0.07,0.38,0.11,0.05,0,DAL,1610612742,0.05,35,0.547
119,23.0,0.05,0.0,0.01,5,"203906,1610612753",0,0.13,0.13,0.03,0.25,0.29,0.08,0.296,0.1,0.04,0.417,28,16,248.88,0.02,0.1,0.07,203906,Devyn Marble,-0.05,0.24,0.15,0.05,0,ORL,1610612753,0.03,12,0.429
120,26.0,0.02,0.07,0.02,5,"203473,1610612753",1,0.23,0.0,0.0,0.0,0.25,0.14,0.559,0.11,0.08,0.75,58,37,705.091666667,0.1,0.15,0.09,203473,Dewayne Dedmon,-0.05,0.36,0.32,0.03,0,ORL,1610612753,0.05,21,0.362
121,24.0,0.07,0.01,0.02,5,"203079,1610612760",0,0.08,0.11,0.04,0.358,0.33,0.13,0.399,0.07,0.05,0.713,78,25,2151.61833333,0.02,0.07,0.06,203079,Dion Waiters,0.1,0.35,0.09,0.04,0,OKC,1610612760,0.06,53,0.679
122,38.0,0.06,0.02,0.01,5,"1717,1610612742",10,0.18,0.14,0.05,0.368,0.47,0.21,0.448,0.12,0.11,0.893,75,37,2363.49,0.02,0.07,0.13,1717,Dirk Nowitzki,0.11,0.58,0.21,0.02,0,DAL,1610612742,0.04,38,0.507
123,28.0,0.2,0.0,0.02,5,"202388,1610612751",3,0.12,0.08,0.03,0.384,0.27,0.12,0.44,0.08,0.06,0.75,61,48,1317.88666667,0.01,0.06,0.07,202388,Donald Sloan,-0.09,0.32,0.13,0.02,0,BKN,1610612751,0.06,13,0.213
124,25.0,0.08,0.01,0.02,5,"202700,1610612745",0,0.13,0.1,0.03,0.281,0.38,0.16,0.439,0.1,0.06,0.642,37,18,546.643333333,0.07,0.13,0.12,202700,Donatas Motiejunas,0.08,0.42,0.2,0.03,0,HOU,1610612745,0.08,19,0.514
125,24.0,0.03,0.0,0.02,5,"203926,1610612741",0,0.08,0.14,0.06,0.425,0.35,0.16,0.452,0.05,0.04,0.857,81,40,1860.56,0.02,0.07,0.04,203926,Doug McDermott,-0.04,0.41,0.1,0.01,0,CHI,1610612741,0.03,41,0.506
126,26.0,0.21,0.04,0.02,5,"203110,1610612744",33,0.23,0.09,0.04,0.388,0.29,0.14,0.49,0.12,0.08,0.696,81,8,2807.99833333,0.05,0.09,0.11,203110,Draymond Green,0.38,0.4,0.27,0.04,13,GSW,1610612744,0.09,73,0.901
127,34.0,0.04,0.04,0.02,5,"2400,1610612764",2,0.19,0.13,0.02,0.171,0.34,0.11,0.32,0.05,0.03,0.643,30,12,305.178333333,0.09,0.13,0.06,2400,Drew Gooden,-0.27,0.27,0.28,0.03,0,WAS,1610612764,0.04,18,0.6
128,24.0,0.04,0.0,0.0,5,"1626251,1610612758",0,0.08,0.21,0.08,0.4,0.41,0.08,0.2,0.0,0.0,0.0,1,1,24.2333333333,0.08,0.08,0.0,1626251,Duje Dukan,-0.33,0.25,0.17,0.04,0,SAC,1610612758,0.0,0,0.0
129,30.0,0.04,0.05,0.02,5,"2730,1610612745",38,0.26,0.0,0.0,0.0,0.26,0.16,0.62,0.21,0.1,0.489,71,37,2279.69666667,0.1,0.1,0.17,2730,Dwight Howard,0.01,0.43,0.37,0.03,0,HOU,1610612745,0.07,34,0.479
130,24.0,0.04,0.02,0.02,5,"203939,1610612742",3,0.19,0.02,0.0,0.125,0.3,0.15,0.493,0.14,0.11,0.739,69,34,991.628333333,0.08,0.12,0.12,203939,Dwight Powell,-0.08,0.4,0.28,0.04,0,DAL,1610612742,0.04,35,0.507
131,34.0,0.15,0.02,0.02,5,"2548,1610612748",2,0.1,0.02,0.0,0.159,0.52,0.24,0.456,0.18,0.14,0.793,74,31,2257.795,0.04,0.05,0.12,2548,Dwyane Wade,0.0,0.62,0.13,0.03,0,MIA,1610612748,0.09,43,0.581
132,27.0,0.08,0.01,0.02,5,"202734,1610612741",0,0.09,0.08,0.04,0.452,0.31,0.15,0.481,0.03,0.02,0.629,59,30,1263.2,0.02,0.08,0.03,202734,E'Twaun Moore,-0.03,0.35,0.11,0.03,0,CHI,1610612741,0.04,29,0.492
133,27.0,0.05,0.04,0.01,5,"202334,1610612757",9,0.22,0.0,0.0,0.0,0.2,0.12,0.611,0.12,0.07,0.559,81,38,1684.37,0.13,0.12,0.09,202334,Ed Davis,0.02,0.31,0.36,0.03,0,POR,1610612757,0.04,43,0.531
134,22.0,0.22,0.01,0.04,5,"203901,1610612753",14,0.09,0.04,0.01,0.326,0.34,0.15,0.436,0.09,0.05,0.589,73,41,2144.93666667,0.04,0.07,0.08,203901,Elfrid Payton,-0.03,0.36,0.12,0.04,1,ORL,1610612753,0.08,32,0.438
135,28.0,0.11,0.02,0.02,5,"202407,1610612762",0,0.17,0.07,0.01,0.083,0.23,0.06,0.282,0.1,0.08,0.722,20,11,172.775,0.03,0.19,0.09,202407,Elijah Millsap,0.12,0.21,0.2,0.04,0,UTA,1610612762,0.05,9,0.45
136,27.0,0.09,0.0,0.0,5,"202343,1610612763",0,0.07,0.09,0.02,0.25,0.22,0.04,0.2,0.09,0.07,0.75,5,1,45.1383333333,0.02,0.04,0.11,202343,Elliot Williams,-0.07,0.18,0.09,0.0,0,MEM,1610612763,0.02,4,0.8
137,37.0,0.08,0.04,0.01,5,"1882,1610612755",1,0.24,0.0,0.0,0.0,0.32,0.14,0.431,0.04,0.04,0.889,17,15,224.695,0.04,0.14,0.08,1882,Elton Brand,-0.17,0.31,0.28,0.04,0,PHI,1610612755,0.05,2,0.118
138,20.0,0.18,0.02,0.04,5,"1626144,1610612743",4,0.1,0.11,0.04,0.319,0.44,0.16,0.364,0.1,0.07,0.67,68,39,2067.78666667,0.02,0.07,0.08,1626144,Emmanuel Mudiay,-0.06,0.42,0.11,0.03,0,DEN,1610612743,0.1,29,0.426
139,24.0,0.02,0.02,0.05,5,"202683,1610612760",25,0.24,0.01,0.01,0.476,0.42,0.24,0.576,0.15,0.12,0.797,82,27,1720.67833333,0.14,0.1,0.12,202683,Enes Kanter,0.07,0.6,0.39,0.02,0,OKC,1610612760,0.07,55,0.671
140,26.0,0.18,0.02,0.02,5,"202339,1610612756",3,0.1,0.12,0.05,0.372,0.46,0.21,0.453,0.16,0.13,0.802,31,19,1058.77166667,0.02,0.07,0.14,202339,Eric Bledsoe,-0.05,0.6,0.12,0.06,0,PHX,1610612756,0.1,12,0.387
141,27.0,0.08,0.01,0.02,5,"201569,1610612740",0,0.06,0.2,0.08,0.384,0.37,0.16,0.418,0.08,0.07,0.888,45,31,1481.35166667,0.01,0.07,0.08,201569,Eric Gordon,-0.05,0.46,0.07,0.03,0,NOP,1610612740,0.05,14,0.311
142,24.0,0.02,0.08,0.04,5,"203961,1610612758",0,0.17,0.0,0.0,0.0,0.13,0.06,0.5,0.08,0.04,0.5,8,7,47.5833333333,0.06,0.08,0.06,203961,Eric Moreland,0.13,0.17,0.23,0.0,0,SAC,1610612758,0.06,1,0.125
143,25.0,0.07,0.0,0.0,5,"203475,1610612762",0,0.07,0.12,0.02,0.2,0.31,0.12,0.385,0.05,0.05,1.0,9,3,42.1333333333,0.07,0.09,0.05,203475,Erick Green,-0.02,0.31,0.14,0.02,0,UTA,1610612762,0.0,6,0.667
144,29.0,0.04,0.02,0.02,5,"101141,1610612753",4,0.14,0.14,0.05,0.371,0.35,0.15,0.424,0.08,0.06,0.721,74,39,1880.37,0.08,0.09,0.09,101141,Ersan Ilyasova,-0.07,0.41,0.21,0.03,0,ORL,1610612753,0.04,35,0.473
145,23.0,0.08,0.0,0.03,5,"203095,1610612753",0,0.07,0.15,0.06,0.4,0.36,0.17,0.462,0.09,0.08,0.836,79,46,2565.97166667,0.01,0.08,0.08,203095,Evan Fournier,-0.07,0.47,0.09,0.04,0,ORL,1610612753,0.05,33,0.418
146,27.0,0.16,0.01,0.02,5,"202323,1610612738",4,0.15,0.04,0.01,0.241,0.33,0.15,0.456,0.08,0.07,0.827,81,34,2270.715,0.02,0.06,0.07,202323,Evan Turner,0.04,0.38,0.17,0.04,0,BOS,1610612738,0.07,47,0.58
147,26.0,0.04,0.06,0.03,5,"203105,1610612744",6,0.22,0.0,0.0,0.0,0.3,0.16,0.548,0.17,0.09,0.53,46,4,770.188333333,0.12,0.12,0.14,203105,Festus Ezeli,0.29,0.42,0.33,0.02,0,GSW,1610612744,0.05,42,0.913
148,23.0,0.06,0.03,0.03,5,"1626163,1610612766",1,0.16,0.12,0.04,0.337,0.31,0.13,0.41,0.09,0.06,0.73,81,34,1707.65666667,0.04,0.07,0.06,1626163,Frank Kaminsky,-0.01,0.35,0.2,0.02,0,CHA,1610612766,0.03,47,0.58
149,30.0,0.07,0.01,0.02,5,"202066,1610612764",0,0.09,0.13,0.05,0.345,0.26,0.1,0.398,0.06,0.05,0.728,80,40,1951.16166667,0.02,0.1,0.07,202066,Garrett Temple,-0.02,0.3,0.11,0.04,0,WAS,1610612764,0.03,40,0.5
150,21.0,0.06,0.01,0.02,5,"203914,1610612743",0,0.07,0.12,0.04,0.354,0.31,0.15,0.469,0.05,0.04,0.82,76,45,2438.67,0.02,0.06,0.04,203914,Gary Harris,-0.09,0.38,0.09,0.04,0,DEN,1610612743,0.04,31,0.408
151,31.0,0.06,0.0,0.01,5,"202390,1610612764",0,0.09,0.12,0.05,0.41,0.4,0.19,0.465,0.07,0.06,0.855,40,22,807.43,0.01,0.07,0.05,202390,Gary Neal,-0.2,0.48,0.1,0.02,0,WAS,1610612764,0.04,18,0.45
152,30.0,0.1,0.01,0.01,5,"201588,1610612754",0,0.1,0.12,0.05,0.408,0.29,0.13,0.441,0.06,0.05,0.76,74,33,2524.39166667,0.02,0.06,0.08,201588,George Hill,0.04,0.35,0.12,0.03,0,IND,1610612754,0.04,41,0.554
153,30.0,0.04,0.01,0.01,5,"101123,1610612748",0,0.09,0.17,0.05,0.323,0.38,0.15,0.392,0.06,0.05,0.783,69,29,1557.21833333,0.02,0.08,0.05,101123,Gerald Green,0.03,0.4,0.1,0.02,0,MIA,1610612748,0.03,40,0.58
154,28.0,0.05,0.01,0.01,5,"201945,1610612757",0,0.13,0.1,0.03,0.353,0.37,0.16,0.439,0.1,0.08,0.767,72,33,1431.1,0.02,0.06,0.09,201945,Gerald Henderson,0.02,0.44,0.15,0.03,0,POR,1610612757,0.05,39,0.542
155,21.0,0.12,0.04,0.02,5,"203507,1610612749",21,0.18,0.04,0.01,0.257,0.36,0.18,0.506,0.14,0.1,0.724,80,48,2823.41333333,0.04,0.09,0.12,203507,Giannis Antetokounmpo,-0.06,0.48,0.22,0.03,5,MIL,1610612749,0.07,32,0.4
156,22.0,0.05,0.02,0.03,5,"203922,1610612754",0,0.11,0.07,0.03,0.378,0.3,0.13,0.43,0.08,0.05,0.692,45,21,508.181666667,0.02,0.04,0.07,203922,Glenn Robinson,-0.07,0.34,0.13,0.03,0,IND,1610612754,0.04,24,0.533
157,30.0,0.18,0.01,0.02,5,"201609,1610612748",5,0.09,0.09,0.03,0.312,0.37,0.18,0.477,0.07,0.05,0.727,72,28,2362.66166667,0.02,0.08,0.08,201609,Goran Dragic,0.09,0.43,0.12,0.03,0,MIA,1610612748,0.08,44,0.611
158,26.0,0.1,0.01,0.02,5,"202330,1610612762",4,0.12,0.14,0.05,0.349,0.42,0.18,0.433,0.16,0.14,0.824,80,42,2892.95666667,0.02,0.06,0.13,202330,Gordon Hayward,0.03,0.55,0.14,0.03,0,UTA,1610612762,0.07,38,0.475
159,26.0,0.06,0.04,0.02,5,"203476,1610612750",15,0.19,0.01,0.0,0.3,0.26,0.14,0.532,0.11,0.09,0.827,82,53,2220.05166667,0.07,0.1,0.09,203476,Gorgui Dieng,0.0,0.37,0.26,0.04,0,MIN,1610612750,0.06,29,0.354
160,26.0,0.08,0.03,0.04,5,"202328,1610612749",32,0.21,0.0,0.0,0.0,0.41,0.21,0.522,0.13,0.1,0.74,79,47,2314.185,0.09,0.07,0.11,202328,Greg Monroe,-0.05,0.52,0.3,0.03,0,MIL,1610612749,0.06,32,0.405
161,25.0,0.03,0.01,0.04,5,"202962,1610612750",0,0.16,0.0,0.0,0.0,0.17,0.09,0.563,0.09,0.04,0.412,18,10,191.94,0.06,0.15,0.07,202962,Greg Smith,-0.4,0.22,0.22,0.02,0,MIN,1610612750,0.04,8,0.444
162,29.0,0.2,0.0,0.02,5,"202349,1610612749",0,0.09,0.16,0.04,0.247,0.3,0.1,0.326,0.06,0.05,0.846,23,14,459.911666667,0.01,0.09,0.06,202349,Greivis Vasquez,-0.2,0.28,0.1,0.02,0,MIL,1610612749,0.09,9,0.391
163,24.0,0.06,0.0,0.02,5,"203084,1610612744",1,0.12,0.1,0.04,0.383,0.31,0.14,0.466,0.07,0.05,0.761,66,7,2041.57666667,0.04,0.07,0.06,203084,Harrison Barnes,0.22,0.38,0.16,0.02,0,GSW,1610612744,0.03,59,0.894
164,27.0,0.01,0.13,0.02,5,"202355,1610612748",41,0.3,0.0,0.0,0.0,0.32,0.19,0.606,0.15,0.1,0.65,73,31,2125.32333333,0.11,0.09,0.13,202355,Hassan Whiteside,0.04,0.49,0.41,0.02,3,MIA,1610612748,0.06,42,0.575
165,26.0,0.03,0.05,0.0,5,"203156,1610612751",0,0.19,0.0,0.0,0.0,0.29,0.13,0.429,0.11,0.1,0.833,14,12,263.038333333,0.08,0.14,0.08,203156,Henry Sims,-0.36,0.35,0.27,0.03,0,BKN,1610612751,0.05,2,0.143
166,25.0,0.05,0.01,0.01,5,"203138,1610612755",0,0.1,0.18,0.07,0.38,0.32,0.13,0.397,0.04,0.03,0.719,77,67,2153.9,0.03,0.09,0.04,203138,Hollis Thompson,-0.17,0.35,0.13,0.02,0,PHI,1610612755,0.04,10,0.13
167,25.0,0.11,0.02,0.02,5,"203546,1610612744",0,0.1,0.15,0.05,0.357,0.35,0.15,0.441,0.06,0.05,0.824,66,7,578.496666667,0.02,0.1,0.04,203546,Ian Clark,-0.14,0.41,0.12,0.03,0,GSW,1610612744,0.07,59,0.894
168,29.0,0.06,0.04,0.02,5,"101133,1610612754",9,0.2,0.0,0.0,0.0,0.25,0.15,0.589,0.12,0.07,0.587,71,30,1815.74666667,0.08,0.12,0.1,101133,Ian Mahinmi,0.06,0.36,0.28,0.04,0,IND,1610612754,0.06,41,0.577
169,26.0,0.07,0.01,0.01,5,"202697,1610612739",1,0.13,0.11,0.03,0.295,0.23,0.09,0.374,0.04,0.03,0.784,54,15,1316.33,0.02,0.09,0.05,202697,Iman Shumpert,0.14,0.24,0.15,0.04,0,CLE,1610612739,0.04,39,0.722
170,25.0,0.07,0.01,0.02,5,"203477,1610612755",0,0.08,0.25,0.09,0.363,0.37,0.13,0.36,0.09,0.08,0.833,77,67,1966.08166667,0.01,0.07,0.07,203477,Isaiah Canaan,-0.25,0.43,0.09,0.03,0,PHI,1610612755,0.05,10,0.13
171,27.0,0.19,0.0,0.04,5,"202738,1610612738",7,0.07,0.18,0.06,0.359,0.52,0.22,0.428,0.21,0.18,0.871,82,34,2644.38666667,0.02,0.06,0.17,202738,Isaiah Thomas,0.11,0.69,0.09,0.03,0,BOS,1610612738,0.08,48,0.585
172,27.0,0.22,0.01,0.02,5,"202397,1610612755",12,0.12,0.08,0.03,0.329,0.43,0.18,0.411,0.08,0.05,0.693,77,61,2238.79833333,0.02,0.06,0.08,202397,Ish Smith,-0.15,0.43,0.14,0.04,0,PHI,1610612755,0.08,16,0.208
173,24.0,0.0,0.0,0.0,5,"1626266,1610612762",0,0.16,0.0,0.0,0.0,0.16,0.0,0.0,0.0,0.0,0.0,2,0,6.26666666667,0.0,0.16,0.0,1626266,J.J. O'Brien,-1.28,0.0,0.16,0.16,0,UTA,1610612762,0.0,2,1.0
174,30.0,0.06,0.01,0.01,5,"2747,1610612739",1,0.07,0.22,0.09,0.4,0.36,0.15,0.415,0.03,0.02,0.634,77,24,2362.00166667,0.02,0.09,0.04,2747,J.R. Smith,0.13,0.4,0.09,0.03,0,CLE,1610612739,0.02,53,0.688
175,27.0,0.05,0.03,0.03,5,"201581,1610612764",2,0.21,0.0,0.0,0.0,0.36,0.18,0.516,0.24,0.11,0.447,35,18,436.546666667,0.09,0.11,0.14,201581,JJ Hickson,-0.14,0.47,0.3,0.03,0,WAS,1610612764,0.06,17,0.486
176,32.0,0.05,0.0,0.01,5,"200755,1610612746",0,0.06,0.2,0.1,0.475,0.42,0.2,0.48,0.1,0.09,0.888,75,25,2096.78166667,0.0,0.06,0.09,200755,JJ Redick,0.24,0.58,0.07,0.02,0,LAC,1610612746,0.04,50,0.667
177,23.0,0.04,0.03,0.03,5,"203960,1610612743",0,0.12,0.05,0.01,0.222,0.27,0.12,0.442,0.11,0.07,0.656,73,55,1159.695,0.04,0.12,0.07,203960,JaKarr Sampson,-0.2,0.32,0.16,0.02,0,DEN,1610612743,0.06,18,0.247
178,26.0,0.05,0.02,0.03,5,"203210,1610612763",7,0.16,0.03,0.01,0.333,0.34,0.16,0.465,0.09,0.07,0.752,78,39,1446.12,0.1,0.13,0.08,203210,JaMychal Green,-0.03,0.4,0.26,0.03,0,MEM,1610612763,0.06,39,0.5
179,28.0,0.01,0.07,0.03,5,"201580,1610612742",1,0.22,0.0,0.0,0.0,0.36,0.21,0.575,0.1,0.05,0.5,34,19,369.8,0.14,0.13,0.1,201580,JaVale McGee,-0.15,0.47,0.36,0.01,0,DAL,1610612742,0.06,15,0.441
180,21.0,0.05,0.01,0.03,5,"203953,1610612749",6,0.11,0.01,0.0,0.257,0.37,0.18,0.493,0.09,0.07,0.768,76,44,2407.97166667,0.05,0.06,0.07,203953,Jabari Parker,-0.08,0.44,0.16,0.03,0,MIL,1610612749,0.05,32,0.421
181,25.0,0.06,0.02,0.01,5,"203109,1610612738",5,0.13,0.16,0.05,0.336,0.35,0.16,0.443,0.1,0.08,0.82,73,30,2308.25166667,0.03,0.09,0.08,203109,Jae Crowder,0.09,0.45,0.16,0.05,0,BOS,1610612738,0.04,43,0.589
182,20.0,0.04,0.04,0.04,5,"1626143,1610612755",11,0.16,0.0,0.0,0.167,0.49,0.25,0.508,0.12,0.08,0.686,53,47,1590.565,0.08,0.09,0.1,1626143,Jahlil Okafor,-0.31,0.58,0.23,0.01,0,PHI,1610612755,0.08,6,0.113
183,36.0,0.09,0.01,0.01,5,"2037,1610612746",0,0.06,0.16,0.06,0.34,0.44,0.18,0.404,0.13,0.12,0.904,79,28,2126.16666667,0.01,0.06,0.1,2037,Jamal Crawford,0.08,0.53,0.07,0.02,0,LAC,1610612746,0.05,51,0.646
184,34.0,0.18,0.0,0.01,5,"2749,1610612743",0,0.09,0.14,0.04,0.299,0.3,0.11,0.368,0.03,0.03,0.857,39,27,1035.655,0.02,0.1,0.05,2749,Jameer Nelson,-0.13,0.29,0.11,0.02,0,DEN,1610612743,0.06,12,0.308
185,27.0,0.06,0.02,0.02,5,"202341,1610612758",0,0.1,0.12,0.03,0.267,0.25,0.09,0.376,0.04,0.03,0.759,51,32,721.01,0.02,0.07,0.04,202341,James Anderson,-0.11,0.25,0.12,0.03,0,SAC,1610612758,0.06,19,0.373
186,25.0,0.06,0.02,0.02,5,"203516,1610612740",0,0.06,0.18,0.08,0.448,0.34,0.16,0.478,0.1,0.08,0.735,22,11,328.515,0.06,0.09,0.1,203516,James Ennis,-0.14,0.48,0.13,0.05,0,NOP,1610612740,0.06,11,0.5
187,26.0,0.2,0.02,0.03,5,"201935,1610612745",23,0.14,0.21,0.08,0.359,0.52,0.23,0.439,0.27,0.23,0.86,82,41,3124.635,0.02,0.07,0.18,201935,James Harden,0.04,0.76,0.16,0.04,3,HOU,1610612745,0.12,41,0.5
188,29.0,0.07,0.04,0.01,5,"201949,1610612761",0,0.11,0.07,0.02,0.303,0.26,0.12,0.475,0.07,0.04,0.574,57,22,925.72,0.03,0.09,0.06,201949,James Johnson,0.0,0.31,0.14,0.03,0,TOR,1610612761,0.06,35,0.614
189,35.0,0.03,0.02,0.01,5,"2592,1610612739",0,0.09,0.22,0.09,0.394,0.31,0.13,0.408,0.06,0.05,0.808,48,15,463.42,0.02,0.11,0.06,2592,James Jones,-0.05,0.38,0.11,0.02,0,CLE,1610612739,0.03,33,0.688
190,23.0,0.07,0.03,0.06,5,"203949,1610612744",0,0.11,0.01,0.0,0.5,0.32,0.17,0.536,0.19,0.1,0.531,41,4,261.525,0.11,0.15,0.12,203949,James Michael McAdoo,-0.34,0.45,0.22,0.04,0,GSW,1610612744,0.06,37,0.902
191,20.0,0.05,0.01,0.01,5,"203923,1610612738",0,0.11,0.13,0.03,0.231,0.18,0.06,0.306,0.02,0.01,0.25,29,17,198.901666667,0.02,0.09,0.02,203923,James Young,-0.14,0.15,0.13,0.03,0,BOS,1610612738,0.03,12,0.414
192,25.0,0.05,0.0,0.04,5,"203099,1610612749",0,0.09,0.1,0.03,0.308,0.26,0.09,0.343,0.13,0.09,0.655,44,13,410.368333333,0.01,0.1,0.11,203099,Jared Cunningham,-0.11,0.29,0.09,0.03,0,MIL,1610612749,0.05,31,0.705
193,30.0,0.08,0.01,0.0,5,"201162,1610612764",0,0.11,0.11,0.05,0.42,0.23,0.11,0.478,0.05,0.03,0.735,81,41,2097.655,0.03,0.09,0.05,201162,Jared Dudley,0.03,0.3,0.14,0.04,0,WAS,1610612764,0.04,40,0.494
194,24.0,0.1,0.02,0.03,5,"203096,1610612738",25,0.25,0.05,0.02,0.282,0.42,0.18,0.435,0.08,0.05,0.64,81,34,1914.63333333,0.1,0.11,0.09,203096,Jared Sullinger,0.11,0.44,0.35,0.04,0,BOS,1610612738,0.05,47,0.58
195,24.0,0.03,0.01,0.02,5,"204067,1610612764",0,0.14,0.32,0.1,0.319,0.44,0.14,0.308,0.05,0.05,1.0,26,13,146.766666667,0.01,0.03,0.03,204067,Jarell Eddie,-0.22,0.43,0.16,0.03,0,WAS,1610612764,0.01,13,0.5
196,22.0,0.04,0.02,0.04,5,"1626185,1610612763",0,0.12,0.01,0.0,0.0,0.31,0.14,0.466,0.16,0.12,0.726,27,17,379.54,0.1,0.15,0.11,1626185,Jarell Martin,-0.1,0.4,0.23,0.02,0,MEM,1610612763,0.05,10,0.37
197,22.0,0.05,0.0,0.0,5,"203950,1610612748",0,0.16,0.0,0.0,0.0,0.27,0.16,0.6,0.11,0.05,0.5,7,6,18.5833333333,0.05,0.05,0.05,203950,Jarnell Stokes,0.48,0.38,0.22,0.05,0,MIA,1610612748,0.0,1,0.143
198,32.0,0.23,0.01,0.02,5,"101127,1610612751",6,0.12,0.1,0.03,0.304,0.35,0.14,0.391,0.11,0.1,0.893,32,22,1026.65333333,0.01,0.08,0.08,101127,Jarrett Jack,-0.13,0.4,0.13,0.03,0,BKN,1610612751,0.09,10,0.313
199,30.0,0.05,0.06,0.02,5,"201160,1610612753",1,0.14,0.01,0.0,0.25,0.43,0.21,0.485,0.06,0.05,0.806,76,43,1180.995,0.04,0.14,0.07,201160,Jason Smith,-0.03,0.46,0.19,0.03,0,ORL,1610612753,0.05,33,0.434
200,38.0,0.08,0.01,0.0,5,"1891,1610612745",0,0.05,0.21,0.07,0.356,0.3,0.12,0.402,0.03,0.02,0.818,72,35,1257.65,0.01,0.07,0.03,1891,Jason Terry,0.03,0.34,0.06,0.04,0,HOU,1610612745,0.04,37,0.514
201,29.0,0.06,0.04,0.02,5,"201574,1610612761",0,0.22,0.03,0.01,0.333,0.23,0.11,0.481,0.11,0.08,0.704,47,9,471.381666667,0.07,0.17,0.08,201574,Jason Thompson,-0.01,0.31,0.28,0.03,0,TOR,1610612761,0.03,38,0.809
202,29.0,0.05,0.03,0.03,5,"201965,1610612746",0,0.17,0.01,0.0,0.0,0.22,0.11,0.522,0.06,0.06,1.0,17,6,106.618333333,0.04,0.17,0.07,201965,Jeff Ayres,-0.43,0.28,0.21,0.0,0,LAC,1610612746,0.06,11,0.647
203,29.0,0.06,0.02,0.02,5,"201145,1610612746",1,0.11,0.09,0.03,0.315,0.37,0.16,0.43,0.1,0.07,0.745,80,32,2253.245,0.03,0.07,0.08,201145,Jeff Green,-0.02,0.42,0.15,0.03,0,LAC,1610612746,0.04,48,0.6
204,28.0,0.21,0.01,0.04,5,"201952,1610612737",4,0.08,0.12,0.05,0.401,0.44,0.19,0.439,0.14,0.12,0.837,79,32,2254.76833333,0.01,0.07,0.11,201952,Jeff Teague,0.03,0.55,0.09,0.04,0,ATL,1610612737,0.1,47,0.595
205,26.0,0.03,0.08,0.02,5,"203481,1610612762",2,0.18,0.0,0.0,0.0,0.25,0.13,0.537,0.09,0.07,0.729,51,26,657.783333333,0.09,0.11,0.07,203481,Jeff Withey,0.09,0.33,0.26,0.03,0,UTA,1610612762,0.04,25,0.49
206,22.0,0.07,0.06,0.04,5,"203924,1610612755",3,0.13,0.07,0.02,0.24,0.29,0.12,0.419,0.16,0.1,0.658,77,68,2066.35833333,0.05,0.1,0.14,203924,Jerami Grant,-0.24,0.36,0.17,0.03,0,PHI,1610612755,0.05,9,0.117
207,28.0,0.01,0.04,0.01,5,"202379,1610612742",0,0.17,0.06,0.02,0.25,0.19,0.1,0.542,0.08,0.06,0.714,30,14,251.408333333,0.04,0.08,0.08,202379,Jeremy Evans,-0.17,0.28,0.21,0.02,0,DAL,1610612742,0.03,16,0.533
208,24.0,0.06,0.02,0.02,5,"203087,1610612766",1,0.17,0.15,0.05,0.309,0.42,0.19,0.451,0.07,0.05,0.727,66,26,1227.255,0.04,0.09,0.07,203087,Jeremy Lamb,0.12,0.47,0.21,0.03,0,CHA,1610612766,0.04,40,0.606
209,27.0,0.11,0.02,0.03,5,"202391,1610612766",1,0.1,0.11,0.04,0.336,0.36,0.15,0.412,0.14,0.12,0.815,78,31,2047.53833333,0.02,0.08,0.15,202391,Jeremy Lin,0.04,0.45,0.12,0.03,0,CHA,1610612766,0.07,47,0.603
210,23.0,0.14,0.01,0.02,5,"1626170,1610612752",0,0.09,0.08,0.02,0.22,0.31,0.12,0.394,0.1,0.08,0.78,76,47,1264.89,0.02,0.08,0.09,1626170,Jerian Grant,-0.13,0.34,0.11,0.04,0,NYK,1610612752,0.07,29,0.382
211,27.0,0.11,0.01,0.01,5,"201573,1610612749",1,0.08,0.15,0.07,0.437,0.29,0.12,0.423,0.06,0.05,0.778,52,31,1504.81833333,0.01,0.07,0.06,201573,Jerryd Bayless,-0.12,0.36,0.09,0.03,0,MIL,1610612749,0.05,21,0.404
212,27.0,0.06,0.0,0.0,5,"202690,1610612752",0,0.0,0.11,0.06,0.5,0.28,0.11,0.4,0.28,0.23,0.8,6,5,17.5583333333,0.0,0.11,0.11,202690,Jimmer Fredette,-1.42,0.51,0.0,0.06,0,NYK,1610612752,0.11,1,0.167
213,26.0,0.13,0.02,0.02,5,"202710,1610612741",10,0.11,0.08,0.03,0.312,0.42,0.19,0.454,0.19,0.16,0.832,67,30,2473.725,0.03,0.05,0.15,202710,Jimmy Butler,-0.01,0.57,0.14,0.04,2,CHI,1610612741,0.05,37,0.552
214,31.0,0.17,0.05,0.03,5,"201149,1610612741",1,0.26,0.0,0.0,0.0,0.21,0.08,0.383,0.07,0.03,0.489,29,14,635.423333333,0.14,0.12,0.07,201149,Joakim Noah,-0.06,0.2,0.4,0.03,0,CHI,1610612741,0.08,15,0.517
215,28.0,0.07,0.0,0.05,5,"201975,1610612765",0,0.09,0.21,0.09,0.444,0.46,0.16,0.35,0.09,0.09,1.0,3,0,43.4866666667,0.02,0.05,0.05,201975,Jodie Meeks,0.21,0.51,0.11,0.0,0,DET,1610612765,0.02,3,1.0
216,24.0,0.13,0.0,0.0,5,"203925,1610612739",0,0.2,0.26,0.07,0.25,0.26,0.07,0.25,0.0,0.0,0.0,5,0,15.1033333333,0.0,0.07,0.0,203925,Joe Harris,-1.39,0.2,0.2,0.0,0,CLE,1610612739,0.07,5,1.0
217,28.0,0.08,0.0,0.01,5,"204060,1610612762",0,0.11,0.17,0.07,0.386,0.23,0.1,0.426,0.01,0.01,0.722,81,41,1241.39166667,0.02,0.08,0.03,204060,Joe Ingles,0.0,0.28,0.12,0.04,0,UTA,1610612762,0.05,40,0.494
218,34.0,0.12,0.0,0.01,5,"2207,1610612748",3,0.09,0.12,0.04,0.383,0.32,0.14,0.439,0.05,0.04,0.831,81,50,2703.23333333,0.02,0.05,0.05,2207,Joe Johnson,-0.02,0.37,0.11,0.02,0,MIA,1610612748,0.06,31,0.383
219,24.0,0.17,0.0,0.02,5,"1626202,1610612754",0,0.11,0.12,0.03,0.217,0.44,0.16,0.367,0.07,0.05,0.8,41,22,383.496666667,0.02,0.08,0.07,1626202,Joe Young,-0.09,0.4,0.13,0.04,0,IND,1610612754,0.09,19,0.463
220,33.0,0.01,0.13,0.01,5,"201202,1610612765",0,0.14,0.0,0.0,0.0,0.1,0.06,0.6,0.08,0.06,0.75,19,7,95.7033333333,0.08,0.16,0.06,201202,Joel Anthony,-0.18,0.19,0.22,0.02,0,DET,1610612765,0.02,12,0.632
221,24.0,0.05,0.01,0.03,5,"203530,1610612743",5,0.2,0.05,0.01,0.245,0.36,0.19,0.513,0.07,0.06,0.899,59,35,1041.24333333,0.07,0.11,0.06,203530,Joffrey Lauvergne,-0.21,0.45,0.28,0.01,0,DEN,1610612743,0.05,24,0.407
222,25.0,0.06,0.11,0.01,5,"203089,1610612749",3,0.14,0.0,0.0,0.0,0.3,0.17,0.564,0.12,0.07,0.59,57,35,959.473333333,0.09,0.14,0.09,203089,John Henson,-0.15,0.41,0.23,0.02,0,MIL,1610612749,0.07,22,0.386
223,25.0,0.07,0.0,0.01,5,"203098,1610612756",0,0.1,0.11,0.03,0.314,0.33,0.15,0.444,0.05,0.04,0.833,43,25,480.303333333,0.02,0.05,0.05,203098,John Jenkins,-0.14,0.37,0.12,0.02,0,PHX,1610612756,0.06,18,0.419
224,25.0,0.28,0.02,0.03,5,"202322,1610612764",49,0.12,0.12,0.04,0.351,0.48,0.21,0.424,0.12,0.1,0.791,77,40,2783.99833333,0.02,0.06,0.1,202322,John Wall,0.04,0.55,0.14,0.05,4,WAS,1610612764,0.11,37,0.481
225,23.0,0.04,0.01,0.02,5,"203948,1610612749",0,0.13,0.0,0.0,1.0,0.24,0.1,0.411,0.04,0.03,0.684,66,39,857.085,0.08,0.12,0.05,203948,Johnny O'Bryant,-0.15,0.23,0.21,0.02,0,MIL,1610612749,0.04,27,0.409
226,27.0,0.06,0.02,0.02,5,"202720,1610612756",10,0.24,0.09,0.03,0.382,0.37,0.18,0.481,0.08,0.06,0.762,67,45,1255.30166667,0.06,0.1,0.08,202720,Jon Leuer,-0.05,0.45,0.3,0.03,0,PHX,1610612756,0.06,22,0.328
227,29.0,0.05,0.02,0.02,5,"201973,1610612738",1,0.18,0.09,0.04,0.398,0.24,0.1,0.413,0.07,0.05,0.782,78,31,1176.48,0.07,0.12,0.06,201973,Jonas Jerebko,0.03,0.29,0.24,0.02,0,BOS,1610612738,0.04,47,0.603
228,24.0,0.03,0.05,0.03,5,"202685,1610612761",22,0.23,0.0,0.0,0.0,0.34,0.19,0.565,0.14,0.1,0.761,60,20,1556.955,0.12,0.1,0.12,202685,Jonas Valanciunas,0.09,0.49,0.35,0.02,0,TOR,1610612761,0.05,40,0.667
229,26.0,0.07,0.01,0.03,5,"203613,1610612759",0,0.1,0.06,0.02,0.383,0.3,0.15,0.504,0.11,0.08,0.75,55,8,812.813333333,0.02,0.13,0.11,203613,Jonathon Simmons,0.12,0.41,0.12,0.03,0,SAS,1610612759,0.07,47,0.855
230,21.0,0.2,0.0,0.0,5,"203919,1610612763",0,0.14,0.07,0.0,0.0,0.41,0.14,0.333,0.34,0.2,0.6,2,2,14.6666666667,0.0,0.14,0.14,203919,Jordan Adams,0.27,0.48,0.14,0.2,0,MEM,1610612763,0.14,0,0.0
231,24.0,0.08,0.0,0.03,5,"203903,1610612747",1,0.09,0.13,0.04,0.347,0.43,0.19,0.433,0.08,0.06,0.804,79,62,2552.485,0.04,0.07,0.07,203903,Jordan Clarkson,-0.25,0.48,0.12,0.03,0,LAL,1610612747,0.05,17,0.215
232,29.0,0.13,0.01,0.02,5,"200770,1610612763",0,0.07,0.15,0.05,0.356,0.34,0.14,0.42,0.03,0.03,1.0,12,10,291.293333333,0.01,0.08,0.06,200770,Jordan Farmar,-0.22,0.38,0.09,0.05,0,MEM,1610612763,0.06,2,0.167
233,25.0,0.08,0.01,0.02,5,"202706,1610612740",1,0.16,0.15,0.04,0.289,0.38,0.16,0.422,0.07,0.05,0.667,11,7,303.658333333,0.04,0.08,0.06,202706,Jordan Hamilton,-0.21,0.41,0.2,0.03,0,NOP,1610612740,0.06,4,0.364
234,28.0,0.06,0.02,0.02,5,"201941,1610612754",9,0.2,0.0,0.0,0.0,0.36,0.18,0.506,0.08,0.06,0.712,73,33,1512.68333333,0.1,0.1,0.06,201941,Jordan Hill,0.03,0.43,0.3,0.02,0,IND,1610612754,0.06,40,0.548
235,25.0,0.13,0.01,0.04,5,"203895,1610612739",0,0.08,0.11,0.05,0.455,0.4,0.17,0.436,0.14,0.11,0.75,22,12,195.935,0.02,0.09,0.12,203895,Jordan McRae,0.22,0.51,0.1,0.02,0,CLE,1610612739,0.08,10,0.455
236,21.0,0.02,0.19,0.09,5,"1626175,1610612738",0,0.12,0.0,0.0,0.0,0.38,0.14,0.364,0.17,0.09,0.5,16,7,57.1783333333,0.1,0.09,0.12,1626175,Jordan Mickey,0.1,0.37,0.23,0.0,0,BOS,1610612738,0.02,9,0.563
237,27.0,0.27,0.0,0.0,5,"203268,1610612766",0,0.11,0.03,0.0,0.0,0.17,0.09,0.545,0.17,0.16,0.909,12,3,63.3,0.0,0.05,0.16,203268,Jorge Gutierrez,0.13,0.35,0.11,0.05,0,CHA,1610612766,0.09,9,0.75
238,34.0,0.15,0.0,0.0,5,"101181,1610612752",1,0.1,0.1,0.04,0.414,0.22,0.1,0.459,0.02,0.02,0.875,72,43,2023.72166667,0.01,0.07,0.04,101181,Jose Calderon,-0.04,0.27,0.11,0.03,0,NYK,1610612752,0.04,29,0.403
239,32.0,0.18,0.0,0.03,5,"200826,1610612742",2,0.08,0.16,0.06,0.385,0.43,0.19,0.446,0.06,0.04,0.771,74,36,1666.90833333,0.02,0.07,0.08,200826,Jose Juan Barea,-0.04,0.48,0.09,0.02,0,DAL,1610612742,0.07,38,0.514
240,24.0,0.0,0.04,0.0,5,"203962,1610612760",0,0.15,0.11,0.07,0.667,0.22,0.09,0.417,0.07,0.0,0.0,5,3,54.9833333333,0.04,0.05,0.04,203962,Josh Huestis,0.04,0.25,0.18,0.02,0,OKC,1610612760,0.05,2,0.4
241,29.0,0.14,0.01,0.01,5,"201177,1610612748",1,0.14,0.08,0.02,0.245,0.25,0.09,0.372,0.07,0.05,0.7,42,15,594.676666667,0.04,0.11,0.06,201177,Josh McRoberts,0.01,0.25,0.18,0.03,0,MIA,1610612748,0.05,27,0.643
242,22.0,0.07,0.02,0.02,5,"1626196,1610612748",0,0.08,0.1,0.05,0.461,0.25,0.11,0.452,0.06,0.04,0.667,52,23,1106.96666667,0.02,0.1,0.06,1626196,Josh Richardson,0.04,0.31,0.1,0.03,0,MIA,1610612748,0.03,29,0.558
243,30.0,0.1,0.05,0.02,5,"2746,1610612745",0,0.16,0.16,0.05,0.287,0.4,0.14,0.364,0.08,0.04,0.552,55,24,879.973333333,0.06,0.13,0.07,2746,Josh Smith,-0.1,0.38,0.22,0.04,0,HOU,1610612745,0.09,31,0.564
244,26.0,0.21,0.01,0.03,5,"201950,1610612740",5,0.09,0.14,0.05,0.336,0.51,0.22,0.439,0.12,0.1,0.843,65,38,1830.915,0.01,0.08,0.1,201950,Jrue Holiday,0.01,0.59,0.11,0.05,0,NOP,1610612740,0.09,27,0.415
245,21.0,0.06,0.01,0.04,5,"203944,1610612747",34,0.29,0.02,0.0,0.278,0.37,0.16,0.429,0.12,0.08,0.715,81,64,2286.13,0.08,0.11,0.09,203944,Julius Randle,-0.3,0.4,0.36,0.02,1,LAL,1610612747,0.07,17,0.21
246,22.0,0.04,0.04,0.02,5,"1626147,1610612742",1,0.18,0.13,0.03,0.265,0.27,0.11,0.406,0.09,0.07,0.8,55,27,646.876666667,0.03,0.07,0.05,1626147,Justin Anderson,0.01,0.32,0.2,0.03,0,DAL,1610612742,0.04,28,0.509
247,26.0,0.0,0.0,0.0,5,"202712,1610612765",0,0.03,0.26,0.11,0.444,0.29,0.11,0.4,0.06,0.03,0.5,5,1,35.0833333333,0.0,0.09,0.03,202712,Justin Harper,-0.91,0.37,0.03,0.03,0,DET,1610612765,0.06,4,0.8
248,27.0,0.07,0.02,0.03,5,"203200,1610612741",0,0.1,0.14,0.05,0.343,0.3,0.11,0.386,0.05,0.03,0.73,53,25,772.486666667,0.02,0.08,0.06,203200,Justin Holiday,-0.12,0.31,0.12,0.04,0,CHI,1610612741,0.05,28,0.528
249,20.0,0.05,0.01,0.02,5,"1626159,1610612748",0,0.14,0.05,0.01,0.276,0.21,0.09,0.422,0.05,0.04,0.684,78,32,2232.285,0.04,0.08,0.04,1626159,Justise Winslow,0.05,0.22,0.18,0.03,0,MIA,1610612748,0.04,46,0.59
250,21.0,0.07,0.08,0.05,5,"203994,1610612743",4,0.2,0.01,0.0,0.0,0.44,0.18,0.417,0.18,0.11,0.616,32,18,547.091666667,0.12,0.17,0.17,203994,Jusuf Nurkic,-0.01,0.48,0.32,0.04,0,DEN,1610612743,0.1,14,0.438
251,23.0,0.04,0.03,0.01,5,"203909,1610612745",0,0.11,0.11,0.03,0.28,0.31,0.12,0.403,0.13,0.1,0.8,37,20,235.39,0.07,0.13,0.09,203909,KJ McDaniels,0.32,0.38,0.18,0.03,0,HOU,1610612745,0.07,17,0.459
252,20.0,0.06,0.05,0.03,5,"1626157,1610612750",52,0.24,0.03,0.01,0.341,0.44,0.24,0.542,0.1,0.08,0.811,82,53,2626.54166667,0.09,0.09,0.09,1626157,Karl-Anthony Towns,-0.05,0.57,0.33,0.02,0,MIN,1610612750,0.07,29,0.354
253,24.0,0.08,0.03,0.01,5,"202695,1610612759",12,0.17,0.12,0.05,0.443,0.46,0.23,0.506,0.14,0.12,0.874,72,12,2379.62166667,0.04,0.06,0.12,202695,Kawhi Leonard,0.27,0.64,0.21,0.05,0,SAS,1610612759,0.04,60,0.833
254,24.0,0.04,0.0,0.0,5,"203951,1610612753",0,0.04,0.11,0.0,0.0,0.3,0.07,0.25,0.07,0.07,1.0,5,5,26.85,0.0,0.19,0.07,203951,Keith Appling,0.52,0.22,0.04,0.04,0,ORL,1610612753,0.11,0,0.0
255,25.0,0.08,0.02,0.02,5,"203482,1610612738",1,0.15,0.15,0.06,0.405,0.4,0.18,0.455,0.09,0.07,0.75,69,29,1394.785,0.05,0.12,0.09,203482,Kelly Olynyk,0.16,0.49,0.2,0.04,0,BOS,1610612738,0.05,40,0.58
256,20.0,0.02,0.01,0.03,5,"1626162,1610612764",0,0.16,0.12,0.04,0.316,0.31,0.13,0.427,0.07,0.05,0.633,63,32,671.381666667,0.04,0.15,0.08,1626162,Kelly Oubre,-0.07,0.35,0.2,0.03,0,WAS,1610612764,0.05,31,0.492
257,26.0,0.15,0.01,0.04,5,"202689,1610612766",3,0.1,0.17,0.06,0.371,0.46,0.2,0.427,0.15,0.13,0.847,81,34,2885.01666667,0.02,0.04,0.12,202689,Kemba Walker,0.08,0.59,0.12,0.04,0,CHA,1610612766,0.06,47,0.58
258,24.0,0.18,0.01,0.01,5,"203088,1610612755",0,0.07,0.12,0.04,0.327,0.3,0.11,0.364,0.03,0.02,0.692,30,27,399.63,0.01,0.08,0.05,203088,Kendall Marshall,-0.29,0.28,0.07,0.04,0,PHI,1610612755,0.11,3,0.1
259,31.0,0.06,0.02,0.01,5,"2570,1610612740",0,0.19,0.0,0.0,0.0,0.14,0.07,0.533,0.05,0.02,0.44,37,24,542.008333333,0.05,0.12,0.05,2570,Kendrick Perkins,-0.14,0.17,0.24,0.02,0,NOP,1610612740,0.08,13,0.351
260,26.0,0.05,0.04,0.03,5,"202702,1610612743",21,0.2,0.0,0.0,0.5,0.37,0.21,0.558,0.13,0.08,0.613,67,41,1694.46833333,0.14,0.1,0.12,202702,Kenneth Faried,-0.06,0.49,0.34,0.02,0,DEN,1610612743,0.05,26,0.388
261,26.0,0.08,0.02,0.02,5,"203145,1610612737",1,0.17,0.15,0.05,0.357,0.35,0.15,0.441,0.07,0.06,0.815,75,31,2082.66333333,0.01,0.08,0.08,203145,Kent Bazemore,0.04,0.42,0.18,0.05,0,ATL,1610612737,0.07,44,0.587
262,23.0,0.05,0.01,0.01,5,"203484,1610612765",1,0.08,0.13,0.04,0.309,0.34,0.14,0.42,0.08,0.07,0.811,76,35,2788.73166667,0.03,0.06,0.07,203484,Kentavious Caldwell-Pope,0.06,0.4,0.1,0.04,0,DET,1610612765,0.04,41,0.539
263,27.0,0.14,0.03,0.01,5,"201142,1610612760",27,0.21,0.19,0.07,0.387,0.54,0.27,0.505,0.19,0.17,0.898,72,20,2577.58666667,0.02,0.05,0.13,201142,Kevin Durant,0.25,0.79,0.23,0.03,1,OKC,1610612760,0.1,52,0.722
264,40.0,0.11,0.02,0.0,5,"708,1610612750",0,0.24,0.0,0.0,0.0,0.21,0.1,0.47,0.04,0.03,0.667,38,24,555.705,0.03,0.13,0.05,708,Kevin Garnett,0.1,0.22,0.27,0.05,0,MIN,1610612750,0.03,14,0.368
265,27.0,0.08,0.02,0.02,5,"201567,1610612739",35,0.25,0.18,0.07,0.36,0.4,0.17,0.419,0.13,0.11,0.822,77,24,2424.38333333,0.06,0.07,0.12,201567,Kevin Love,0.18,0.51,0.31,0.02,0,CLE,1610612739,0.06,53,0.688
266,33.0,0.05,0.0,0.02,5,"2755,1610612759",0,0.09,0.12,0.04,0.36,0.38,0.14,0.372,0.16,0.14,0.89,55,31,1094.95,0.01,0.08,0.1,2755,Kevin Martin,-0.11,0.47,0.1,0.02,0,SAS,1610612759,0.05,24,0.436
267,26.0,0.09,0.07,0.02,5,"202338,1610612752",0,0.18,0.0,0.0,0.0,0.39,0.16,0.41,0.04,0.04,0.826,48,33,526.521666667,0.06,0.13,0.04,202338,Kevin Seraphin,-0.17,0.36,0.24,0.02,0,NYK,1610612752,0.08,15,0.313
268,20.0,0.0,0.0,0.05,5,"1626172,1610612744",0,0.29,0.1,0.05,0.5,0.34,0.19,0.571,0.0,0.0,0.0,5,1,20.5983333333,0.19,0.1,0.0,1626172,Kevon Looney,-1.07,0.44,0.49,0.0,0,GSW,1610612744,0.05,4,0.8
269,24.0,0.12,0.01,0.01,5,"203114,1610612749",1,0.09,0.13,0.05,0.396,0.4,0.18,0.444,0.11,0.1,0.888,79,46,2852.0,0.02,0.07,0.09,203114,Khris Middleton,-0.01,0.5,0.11,0.05,0,MIL,1610612749,0.06,33,0.418
270,35.0,0.12,0.0,0.01,5,"2550,1610612737",0,0.1,0.1,0.04,0.387,0.2,0.08,0.38,0.03,0.02,0.938,46,20,630.998333333,0.01,0.1,0.05,2550,Kirk Hinrich,0.02,0.22,0.11,0.02,0,ATL,1610612737,0.05,26,0.565
271,26.0,0.06,0.02,0.02,5,"202691,1610612744",0,0.1,0.24,0.1,0.425,0.52,0.24,0.47,0.08,0.07,0.873,80,9,2666.08166667,0.01,0.06,0.06,202691,Klay Thompson,0.31,0.66,0.11,0.02,0,GSW,1610612744,0.05,71,0.888
272,37.0,0.1,0.01,0.02,5,"977,1610612747",2,0.11,0.25,0.07,0.285,0.6,0.21,0.358,0.15,0.12,0.826,66,53,1863.32333333,0.02,0.06,0.09,977,Kobe Bryant,-0.31,0.62,0.13,0.03,0,LAL,1610612747,0.07,13,0.197
273,27.0,0.02,0.05,0.02,5,"201585,1610612758",5,0.17,0.0,0.0,0.0,0.3,0.16,0.532,0.07,0.04,0.548,78,46,1482.41666667,0.11,0.12,0.06,201585,Kosta Koufos,-0.15,0.36,0.29,0.03,0,SAC,1610612758,0.03,32,0.41
274,25.0,0.05,0.02,0.03,5,"203123,1610612743",0,0.11,0.11,0.03,0.313,0.22,0.08,0.364,0.05,0.03,0.643,26,18,294.015,0.03,0.08,0.06,203123,Kostas Papanikolaou,-0.03,0.23,0.14,0.04,0,DEN,1610612743,0.07,8,0.308
275,31.0,0.04,0.03,0.02,5,"2743,1610612737",1,0.19,0.13,0.04,0.315,0.35,0.14,0.41,0.1,0.08,0.798,53,24,834.695,0.07,0.11,0.09,2743,Kris Humphries,-0.12,0.41,0.26,0.02,0,ATL,1610612737,0.05,29,0.547
276,20.0,0.05,0.07,0.01,5,"204001,1610612752",21,0.19,0.12,0.04,0.333,0.43,0.18,0.421,0.12,0.1,0.838,72,44,2046.47,0.06,0.1,0.11,204001,Kristaps Porzingis,0.01,0.5,0.26,0.03,0,NYK,1610612752,0.06,28,0.389
277,22.0,0.1,0.02,0.01,5,"203937,1610612759",1,0.18,0.03,0.01,0.324,0.24,0.11,0.468,0.07,0.05,0.747,78,14,1244.96166667,0.02,0.08,0.06,203937,Kyle Anderson,0.16,0.28,0.2,0.05,0,SAS,1610612759,0.05,64,0.821
278,35.0,0.07,0.01,0.0,5,"2594,1610612737",0,0.1,0.17,0.07,0.398,0.26,0.11,0.434,0.02,0.02,0.833,80,34,2400.815,0.01,0.07,0.03,2594,Kyle Korver,0.18,0.31,0.11,0.02,0,ATL,1610612737,0.04,46,0.575
279,30.0,0.17,0.01,0.03,5,"200768,1610612761",12,0.11,0.19,0.07,0.388,0.42,0.18,0.427,0.17,0.14,0.811,77,23,2851.405,0.02,0.07,0.15,200768,Kyle Lowry,0.13,0.57,0.13,0.06,1,TOR,1610612761,0.08,54,0.701
280,26.0,0.09,0.06,0.02,5,"203124,1610612752",1,0.23,0.03,0.01,0.227,0.35,0.17,0.476,0.08,0.06,0.767,65,39,764.256666667,0.1,0.14,0.07,203124,Kyle O'Quinn,-0.08,0.4,0.33,0.03,0,NYK,1610612752,0.08,26,0.4
281,28.0,0.02,0.01,0.01,5,"202713,1610612760",0,0.09,0.1,0.03,0.309,0.23,0.09,0.389,0.05,0.03,0.659,68,25,977.135,0.05,0.12,0.04,202713,Kyle Singler,-0.02,0.24,0.14,0.03,0,OKC,1610612760,0.03,43,0.632
282,24.0,0.15,0.01,0.03,5,"202681,1610612739",1,0.07,0.16,0.05,0.321,0.53,0.24,0.448,0.11,0.1,0.885,53,16,1667.43833333,0.03,0.06,0.09,202681,Kyrie Irving,0.12,0.62,0.09,0.03,0,CLE,1610612739,0.07,37,0.698
283,30.0,0.05,0.04,0.02,5,"200746,1610612759",26,0.2,0.01,0.0,0.0,0.46,0.24,0.513,0.13,0.11,0.858,74,13,2260.90166667,0.08,0.07,0.11,200746,LaMarcus Aldridge,0.22,0.59,0.28,0.02,0,SAS,1610612759,0.04,61,0.824
284,24.0,0.1,0.01,0.01,5,"203934,1610612737",0,0.12,0.12,0.03,0.245,0.2,0.07,0.35,0.06,0.04,0.727,35,12,395.033333333,0.01,0.11,0.06,203934,Lamar Patterson,0.08,0.21,0.13,0.02,0,ATL,1610612737,0.06,23,0.657
285,25.0,0.1,0.01,0.02,5,"202362,1610612763",1,0.13,0.06,0.02,0.385,0.35,0.17,0.481,0.08,0.06,0.784,69,33,1372.32333333,0.03,0.1,0.07,202362,Lance Stephenson,-0.05,0.42,0.16,0.03,0,MEM,1610612763,0.07,36,0.522
286,28.0,0.04,0.01,0.02,5,"202498,1610612752",0,0.07,0.08,0.03,0.404,0.29,0.13,0.442,0.09,0.08,0.857,59,34,1313.40166667,0.03,0.08,0.08,202498,Lance Thomas,-0.03,0.37,0.1,0.02,0,NYK,1610612752,0.04,25,0.424
287,24.0,0.1,0.01,0.01,5,"204038,1610612752",1,0.12,0.11,0.04,0.344,0.29,0.11,0.393,0.06,0.04,0.754,82,50,2033.29833333,0.02,0.09,0.04,204038,Langston Galloway,-0.05,0.31,0.14,0.04,0,NYK,1610612752,0.03,32,0.39
288,23.0,0.03,0.02,0.02,5,"1626204,1610612747",3,0.17,0.01,0.0,0.1,0.24,0.12,0.527,0.04,0.03,0.681,63,49,1265.73166667,0.08,0.1,0.05,1626204,Larry Nance Jr.,-0.08,0.28,0.25,0.04,0,LAL,1610612747,0.03,14,0.222
289,27.0,0.05,0.03,0.01,5,"202730,1610612754",4,0.16,0.0,0.0,0.0,0.23,0.12,0.516,0.05,0.03,0.63,79,36,1598.82333333,0.1,0.09,0.05,202730,Lavoy Allen,0.12,0.27,0.27,0.02,0,IND,1610612754,0.04,43,0.544
290,31.0,0.19,0.02,0.03,5,"2544,1610612739",28,0.17,0.1,0.03,0.309,0.52,0.27,0.52,0.18,0.13,0.731,76,20,2708.39666667,0.04,0.05,0.15,2544,LeBron James,0.23,0.71,0.21,0.04,3,CLE,1610612739,0.09,56,0.737
291,33.0,0.08,0.01,0.02,5,"2571,1610612744",0,0.08,0.1,0.04,0.355,0.34,0.16,0.462,0.06,0.05,0.839,68,8,1079.155,0.03,0.1,0.06,2571,Leandro Barbosa,0.04,0.4,0.11,0.04,0,GSW,1610612744,0.05,60,0.882
292,25.0,0.18,0.02,0.0,5,"203485,1610612765",0,0.12,0.13,0.02,0.125,0.41,0.13,0.32,0.07,0.05,0.75,8,7,60.7333333333,0.0,0.07,0.05,203485,Lorenzo Brown,-0.49,0.33,0.12,0.05,0,DET,1610612765,0.15,1,0.125
293,33.0,0.06,0.03,0.01,5,"200811,1610612752",0,0.13,0.0,0.0,0.0,0.26,0.09,0.358,0.13,0.07,0.519,29,18,204.435,0.11,0.22,0.11,200811,Lou Amundson,-0.24,0.25,0.24,0.03,0,NYK,1610612752,0.07,11,0.379
294,29.0,0.09,0.01,0.02,5,"101150,1610612747",0,0.07,0.17,0.06,0.344,0.36,0.15,0.408,0.22,0.18,0.83,67,53,1906.745,0.02,0.06,0.14,101150,Lou Williams,-0.21,0.54,0.09,0.03,0,LAL,1610612747,0.06,14,0.209
295,29.0,0.02,0.01,0.03,5,"201601,1610612746",0,0.09,0.03,0.01,0.325,0.16,0.07,0.454,0.04,0.02,0.526,75,26,1273.835,0.05,0.08,0.04,201601,Luc Mbah a Moute,0.12,0.18,0.13,0.03,0,LAC,1610612746,0.03,49,0.653
296,23.0,0.03,0.05,0.01,5,"203512,1610612761",0,0.12,0.01,0.0,0.333,0.2,0.12,0.636,0.07,0.04,0.533,29,12,224.696666667,0.08,0.13,0.05,203512,Lucas Nogueira,0.11,0.29,0.2,0.05,0,TOR,1610612761,0.05,17,0.586
297,23.0,0.02,0.0,0.05,5,"1626242,1610612757",0,0.1,0.21,0.02,0.111,0.45,0.12,0.263,0.1,0.07,0.75,12,6,42.0366666667,0.0,0.02,0.07,1626242,Luis Montero,-0.93,0.33,0.1,0.0,0,POR,1610612757,0.1,6,0.5
298,36.0,0.04,0.02,0.02,5,"2449,1610612761",3,0.17,0.1,0.04,0.404,0.37,0.16,0.45,0.05,0.04,0.726,76,26,1636.23,0.05,0.11,0.07,2449,Luis Scola,-0.02,0.41,0.22,0.03,0,TOR,1610612761,0.04,50,0.658
299,27.0,0.06,0.01,0.03,5,"202337,1610612740",1,0.15,0.13,0.05,0.404,0.34,0.14,0.422,0.06,0.05,0.78,47,31,845.1,0.03,0.11,0.06,202337,Luke Babbitt,-0.03,0.39,0.18,0.01,0,NOP,1610612740,0.03,16,0.34
300,31.0,0.06,0.01,0.01,5,"2736,1610612748",13,0.14,0.11,0.04,0.344,0.31,0.14,0.455,0.08,0.06,0.755,74,29,2393.94333333,0.05,0.05,0.07,2736,Luol Deng,0.01,0.38,0.19,0.03,0,MIA,1610612748,0.03,45,0.608
301,38.0,0.16,0.01,0.02,5,"1938,1610612759",0,0.11,0.16,0.06,0.391,0.38,0.17,0.453,0.1,0.08,0.813,58,11,1134.12666667,0.02,0.09,0.12,1938,Manu Ginobili,0.29,0.49,0.13,0.06,0,SAS,1610612759,0.09,47,0.81
302,31.0,0.11,0.04,0.01,5,"201188,1610612763",9,0.17,0.0,0.0,0.667,0.39,0.18,0.464,0.14,0.11,0.829,52,22,1791.045,0.03,0.08,0.13,201188,Marc Gasol,0.01,0.48,0.2,0.03,1,MEM,1610612763,0.07,30,0.577
303,33.0,0.21,0.01,0.02,5,"1626273,1610612747",0,0.08,0.07,0.02,0.262,0.26,0.11,0.422,0.03,0.03,0.931,53,45,868.816666667,0.02,0.09,0.04,1626273,Marcelo Huertas,0.02,0.27,0.1,0.03,0,LAL,1610612747,0.09,8,0.151
304,32.0,0.05,0.04,0.02,5,"101162,1610612764",41,0.23,0.0,0.0,0.0,0.34,0.19,0.567,0.09,0.06,0.705,75,40,2255.91666667,0.1,0.09,0.09,101162,Marcin Gortat,0.03,0.45,0.33,0.02,0,WAS,1610612764,0.05,35,0.467
305,30.0,0.08,0.0,0.01,5,"201158,1610612758",0,0.06,0.18,0.05,0.306,0.38,0.15,0.386,0.08,0.07,0.833,68,41,1671.58166667,0.01,0.05,0.08,201158,Marco Belinelli,-0.11,0.42,0.07,0.02,0,SAC,1610612758,0.05,27,0.397
306,26.0,0.07,0.01,0.01,5,"202694,1610612765",4,0.11,0.1,0.04,0.362,0.33,0.14,0.434,0.09,0.07,0.749,80,38,2856.485,0.03,0.06,0.09,202694,Marcus Morris,0.05,0.4,0.14,0.02,0,DET,1610612765,0.05,42,0.525
307,22.0,0.11,0.01,0.02,5,"203935,1610612738",2,0.11,0.14,0.04,0.253,0.32,0.11,0.348,0.1,0.08,0.777,61,25,1666.775,0.05,0.11,0.11,203935,Marcus Smart,0.05,0.33,0.15,0.05,1,BOS,1610612738,0.05,36,0.59
308,29.0,0.08,0.0,0.02,5,"201977,1610612764",0,0.1,0.24,0.08,0.337,0.49,0.19,0.399,0.07,0.06,0.848,61,29,1108.12833333,0.03,0.08,0.05,201977,Marcus Thornton,0.04,0.53,0.14,0.04,0,WAS,1610612764,0.05,32,0.525
309,30.0,0.17,0.01,0.02,5,"201596,1610612763",0,0.1,0.11,0.03,0.309,0.32,0.13,0.41,0.19,0.16,0.832,61,23,1372.76666667,0.02,0.13,0.17,201596,Mario Chalmers,0.06,0.46,0.11,0.06,0,MEM,1610612763,0.08,38,0.623
310,21.0,0.08,0.01,0.01,5,"1626209,1610612753",0,0.1,0.14,0.05,0.349,0.3,0.13,0.433,0.04,0.03,0.907,79,46,1412.83666667,0.02,0.09,0.04,1626209,Mario Hezonja,0.0,0.34,0.12,0.03,0,ORL,1610612753,0.07,33,0.418
311,24.0,0.09,0.02,0.01,5,"203900,1610612751",1,0.1,0.12,0.04,0.314,0.33,0.13,0.394,0.1,0.07,0.755,62,50,982.346666667,0.02,0.1,0.09,203900,Markel Brown,-0.24,0.37,0.12,0.04,0,BKN,1610612751,0.05,12,0.194
312,26.0,0.08,0.02,0.02,5,"202693,1610612764",2,0.17,0.1,0.03,0.303,0.44,0.19,0.425,0.09,0.07,0.735,64,42,1628.875,0.04,0.11,0.08,202693,Markieff Morris,-0.05,0.47,0.22,0.04,0,WAS,1610612764,0.08,22,0.344
313,28.0,0.07,0.04,0.04,5,"201578,1610612744",1,0.19,0.07,0.03,0.387,0.55,0.24,0.432,0.14,0.11,0.825,72,8,832.45,0.09,0.14,0.14,201578,Marreese Speights,0.01,0.62,0.29,0.02,0,GSW,1610612744,0.08,64,0.889
314,30.0,0.05,0.03,0.01,5,"101107,1610612766",10,0.17,0.16,0.07,0.402,0.32,0.14,0.452,0.06,0.05,0.833,81,34,2338.08166667,0.05,0.06,0.06,101107,Marvin Williams,0.11,0.41,0.22,0.02,0,CHA,1610612766,0.03,47,0.58
315,26.0,0.11,0.04,0.03,5,"203486,1610612757",15,0.2,0.0,0.0,0.0,0.25,0.13,0.516,0.16,0.1,0.642,82,38,2083.36333333,0.1,0.12,0.13,203486,Mason Plumlee,0.02,0.36,0.3,0.03,0,POR,1610612757,0.07,44,0.537
316,36.0,0.07,0.03,0.02,5,"2440,1610612763",7,0.15,0.17,0.05,0.322,0.32,0.12,0.381,0.06,0.05,0.804,76,38,2190.15333333,0.04,0.11,0.05,2440,Matt Barnes,-0.1,0.35,0.19,0.04,1,MEM,1610612763,0.06,38,0.5
317,36.0,0.04,0.0,0.01,5,"2588,1610612759",0,0.12,0.17,0.07,0.441,0.28,0.14,0.509,0.02,0.01,0.75,30,5,205.895,0.01,0.08,0.02,2588,Matt Bonner,0.31,0.37,0.13,0.03,0,SAS,1610612759,0.01,25,0.833
318,25.0,0.18,0.0,0.01,5,"203521,1610612739",1,0.07,0.13,0.05,0.41,0.27,0.11,0.405,0.04,0.03,0.864,76,22,1867.235,0.02,0.1,0.05,203521,Matthew Dellavedova,0.2,0.3,0.09,0.02,0,CLE,1610612739,0.06,54,0.711
319,23.0,0.05,0.02,0.02,5,"203090,1610612757",4,0.12,0.1,0.03,0.279,0.28,0.13,0.474,0.08,0.05,0.622,78,38,1457.01166667,0.07,0.09,0.05,203090,Maurice Harkless,0.02,0.34,0.19,0.03,0,POR,1610612757,0.04,40,0.513
320,36.0,0.05,0.02,0.03,5,"1897,1610612747",0,0.12,0.14,0.04,0.31,0.3,0.09,0.311,0.1,0.07,0.702,35,29,589.876666667,0.03,0.11,0.07,1897,Metta World Peace,-0.11,0.3,0.15,0.04,0,LAL,1610612747,0.03,6,0.171
321,24.0,0.07,0.01,0.01,5,"203086,1610612757",4,0.2,0.17,0.06,0.377,0.33,0.15,0.448,0.03,0.03,0.761,61,28,1332.59333333,0.04,0.14,0.05,203086,Meyers Leonard,0.07,0.38,0.24,0.01,0,POR,1610612757,0.06,33,0.541
322,27.0,0.04,0.02,0.04,5,"201563,1610612745",1,0.19,0.02,0.01,0.333,0.57,0.3,0.522,0.14,0.1,0.776,20,10,362.586666667,0.08,0.11,0.09,201563,Michael Beasley,-0.18,0.7,0.27,0.03,0,HOU,1610612745,0.07,10,0.5
323,24.0,0.17,0.02,0.03,5,"203487,1610612749",6,0.14,0.03,0.01,0.273,0.34,0.15,0.452,0.1,0.06,0.663,54,33,1649.30333333,0.03,0.1,0.11,203487,Michael Carter-Williams,-0.08,0.38,0.17,0.05,0,MIL,1610612749,0.09,21,0.389
324,22.0,0.04,0.01,0.04,5,"203077,1610612766",2,0.16,0.03,0.01,0.429,0.3,0.16,0.541,0.14,0.1,0.69,7,2,204.741666667,0.06,0.04,0.11,203077,Michael Kidd-Gilchrist,0.28,0.43,0.22,0.01,0,CHA,1610612766,0.04,5,0.714
325,28.0,0.19,0.01,0.02,5,"201144,1610612763",4,0.08,0.12,0.04,0.363,0.4,0.17,0.422,0.13,0.11,0.834,56,23,1760.47833333,0.01,0.06,0.1,201144,Mike Conley,0.04,0.49,0.09,0.04,0,MEM,1610612763,0.05,33,0.589
326,35.0,0.06,0.01,0.02,5,"2399,1610612741",0,0.11,0.14,0.06,0.394,0.27,0.11,0.41,0.05,0.04,0.784,31,18,702.636666667,0.01,0.09,0.05,2399,Mike Dunleavy,-0.09,0.32,0.12,0.02,0,CHI,1610612741,0.04,13,0.419
327,36.0,0.11,0.01,0.01,5,"2034,1610612743",0,0.13,0.14,0.05,0.365,0.17,0.06,0.355,0.0,0.0,0.0,47,26,372.96,0.02,0.14,0.02,2034,Mike Miller,-0.24,0.17,0.14,0.03,0,DEN,1610612743,0.05,21,0.447
328,24.0,0.06,0.05,0.0,5,"203488,1610612737",0,0.14,0.07,0.02,0.308,0.27,0.13,0.5,0.07,0.05,0.795,60,26,564.891666667,0.07,0.13,0.06,203488,Mike Muscala,-0.06,0.35,0.21,0.02,0,ATL,1610612737,0.05,34,0.567
329,27.0,0.07,0.01,0.01,5,"203118,1610612737",0,0.13,0.14,0.05,0.392,0.33,0.15,0.468,0.05,0.04,0.794,75,29,1145.90833333,0.05,0.09,0.05,203118,Mike Scott,0.1,0.4,0.18,0.02,0,ATL,1610612737,0.04,46,0.613
330,27.0,0.02,0.06,0.02,5,"203101,1610612749",0,0.16,0.0,0.0,0.0,0.27,0.16,0.601,0.07,0.04,0.576,61,38,869.896666667,0.11,0.08,0.06,203101,Miles Plumlee,-0.11,0.36,0.27,0.02,0,MIL,1610612749,0.05,23,0.377
331,30.0,0.05,0.01,0.02,5,"203141,1610612756",2,0.15,0.27,0.11,0.393,0.46,0.2,0.427,0.09,0.07,0.774,79,56,1685.52666667,0.03,0.09,0.08,203141,Mirza Teletovic,-0.1,0.57,0.18,0.02,0,PHX,1610612756,0.05,23,0.291
332,24.0,0.04,0.03,0.04,5,"203956,1610612760",0,0.19,0.06,0.0,0.0,0.32,0.15,0.478,0.14,0.06,0.4,20,3,72.45,0.06,0.14,0.08,203956,Mitch McGary,-0.68,0.36,0.25,0.01,0,OKC,1610612760,0.1,17,0.85
333,33.0,0.13,0.01,0.02,5,"2590,1610612739",0,0.09,0.14,0.05,0.353,0.4,0.18,0.437,0.06,0.05,0.905,41,14,747.946666667,0.01,0.08,0.05,2590,Mo Williams,-0.07,0.45,0.1,0.02,0,CLE,1610612739,0.08,27,0.659
334,30.0,0.14,0.01,0.01,5,"101145,1610612754",1,0.08,0.1,0.03,0.309,0.37,0.16,0.427,0.08,0.06,0.786,81,37,2734.00666667,0.02,0.06,0.07,101145,Monta Ellis,0.04,0.41,0.1,0.05,0,IND,1610612754,0.07,44,0.543
335,22.0,0.04,0.03,0.02,5,"1626149,1610612745",0,0.11,0.0,0.0,0.0,0.24,0.15,0.644,0.12,0.06,0.522,39,22,378.611666667,0.07,0.13,0.08,1626149,Montrezl Harrell,0.1,0.37,0.17,0.03,0,HOU,1610612745,0.04,17,0.436
336,20.0,0.03,0.06,0.02,5,"1626167,1610612754",4,0.19,0.01,0.0,0.214,0.39,0.19,0.498,0.09,0.06,0.727,60,28,1367.185,0.05,0.12,0.09,1626167,Myles Turner,-0.05,0.45,0.24,0.02,0,IND,1610612754,0.05,32,0.533
337,32.0,0.17,0.0,0.0,5,"101126,1610612740",0,0.0,0.04,0.0,0.0,0.04,0.0,0.0,0.0,0.0,0.0,2,2,23.2966666667,0.0,0.21,0.0,101126,Nate Robinson,-0.86,0.0,0.0,0.04,0,NOP,1610612740,0.0,0,0.0
338,38.0,0.0,0.0,0.0,5,"1737,1610612760",0,0.15,0.0,0.0,0.0,0.26,0.15,0.6,0.1,0.1,1.0,5,0,19.4583333333,0.05,0.21,0.05,1737,Nazr Mohammed,-0.15,0.41,0.21,0.0,0,OKC,1610612760,0.15,5,1.0
339,28.0,0.08,0.02,0.01,5,"202357,1610612750",3,0.15,0.12,0.04,0.384,0.22,0.1,0.468,0.05,0.04,0.727,60,40,1074.80333333,0.05,0.14,0.06,202357,Nemanja Bjelica,-0.12,0.29,0.2,0.02,0,MIN,1610612750,0.04,20,0.333
340,33.0,0.09,0.02,0.02,5,"2403,1610612764",1,0.19,0.0,0.0,0.0,0.35,0.19,0.544,0.17,0.1,0.578,57,29,1093.91,0.05,0.14,0.15,2403,Nene,0.03,0.48,0.24,0.05,0,WAS,1610612764,0.07,28,0.491
341,22.0,0.06,0.05,0.02,5,"203457,1610612755",16,0.2,0.0,0.0,0.5,0.3,0.16,0.521,0.12,0.07,0.59,67,57,1965.26166667,0.08,0.1,0.1,203457,Nerlens Noel,-0.23,0.38,0.28,0.06,0,PHI,1610612755,0.08,10,0.149
342,35.0,0.07,0.02,0.01,5,"2555,1610612760",0,0.15,0.0,0.0,0.0,0.16,0.07,0.459,0.05,0.03,0.697,59,20,699.261666667,0.1,0.15,0.06,2555,Nick Collison,0.03,0.18,0.24,0.02,0,OKC,1610612760,0.07,39,0.661
343,31.0,0.03,0.01,0.01,5,"201156,1610612747",0,0.08,0.23,0.07,0.325,0.36,0.12,0.339,0.07,0.06,0.829,54,41,1033.39333333,0.01,0.05,0.04,201156,Nick Young,-0.19,0.38,0.09,0.02,0,LAL,1610612747,0.03,13,0.241
344,27.0,0.16,0.02,0.01,5,"201587,1610612766",11,0.15,0.16,0.06,0.348,0.36,0.15,0.426,0.08,0.07,0.849,70,29,2447.71,0.02,0.05,0.06,201587,Nicolas Batum,0.09,0.43,0.17,0.03,2,CHA,1610612766,0.08,41,0.586
345,22.0,0.08,0.01,0.02,5,"203917,1610612755",0,0.09,0.18,0.06,0.326,0.3,0.12,0.385,0.07,0.05,0.771,73,65,1808.80333333,0.01,0.06,0.05,203917,Nik Stauskas,-0.22,0.34,0.1,0.02,0,PHI,1610612755,0.05,8,0.11
346,21.0,0.11,0.03,0.03,5,"203999,1610612743",16,0.22,0.05,0.02,0.333,0.35,0.18,0.512,0.11,0.09,0.811,80,49,1732.56833333,0.1,0.12,0.11,203999,Nikola Jokic,0.05,0.46,0.32,0.05,0,DEN,1610612743,0.06,31,0.388
347,25.0,0.06,0.03,0.01,5,"202703,1610612741",5,0.18,0.21,0.08,0.39,0.37,0.15,0.407,0.11,0.09,0.807,66,29,1646.11,0.04,0.09,0.08,202703,Nikola Mirotic,0.02,0.47,0.22,0.04,0,CHI,1610612741,0.06,37,0.561
348,30.0,0.07,0.0,0.01,5,"201593,1610612750",0,0.09,0.0,0.0,0.0,0.32,0.12,0.38,0.13,0.1,0.8,12,10,156.315,0.04,0.14,0.12,201593,Nikola Pekovic,-0.4,0.35,0.13,0.01,0,MIN,1610612750,0.06,2,0.167
349,25.0,0.09,0.03,0.03,5,"202696,1610612753",29,0.2,0.0,0.0,0.222,0.51,0.26,0.51,0.07,0.06,0.753,65,37,2036.73,0.09,0.08,0.08,202696,Nikola Vucevic,-0.02,0.58,0.28,0.03,0,ORL,1610612753,0.06,28,0.431
350,20.0,0.03,0.02,0.02,5,"203943,1610612757",0,0.18,0.04,0.01,0.239,0.24,0.1,0.421,0.04,0.03,0.745,78,37,1173.50166667,0.08,0.13,0.04,203943,Noah Vonleh,-0.05,0.24,0.26,0.02,0,POR,1610612757,0.04,41,0.526
351,23.0,0.06,0.01,0.03,5,"1626181,1610612761",0,0.13,0.12,0.05,0.404,0.32,0.13,0.424,0.07,0.06,0.811,49,17,725.226666667,0.02,0.08,0.06,1626181,Norman Powell,0.09,0.38,0.15,0.04,0,TOR,1610612761,0.04,32,0.653
352,27.0,0.14,0.0,0.01,5,"202708,1610612740",2,0.12,0.09,0.03,0.324,0.4,0.16,0.405,0.05,0.04,0.8,45,25,1198.31333333,0.01,0.09,0.06,202708,Norris Cole,-0.09,0.4,0.13,0.03,0,NOP,1610612740,0.06,20,0.444
353,28.0,0.11,0.01,0.02,5,"201564,1610612749",0,0.08,0.15,0.05,0.321,0.29,0.11,0.371,0.04,0.03,0.775,41,24,1089.67666667,0.01,0.12,0.04,201564,O.J. Mayo,-0.05,0.29,0.1,0.04,0,MIL,1610612749,0.07,17,0.415
354,29.0,0.02,0.02,0.03,5,"201600,1610612740",2,0.25,0.0,0.0,0.0,0.17,0.09,0.533,0.1,0.05,0.545,68,39,1178.10666667,0.1,0.11,0.09,201600,Omer Asik,-0.17,0.23,0.35,0.02,0,NOP,1610612740,0.05,29,0.426
355,28.0,0.05,0.01,0.02,5,"201956,1610612758",6,0.19,0.15,0.06,0.409,0.33,0.16,0.481,0.08,0.05,0.648,69,42,1880.405,0.03,0.08,0.07,201956,Omri Casspi,0.01,0.43,0.22,0.03,0,SAC,1610612758,0.05,27,0.391
356,27.0,0.02,0.03,0.03,5,"203111,1610612740",0,0.11,0.1,0.02,0.2,0.33,0.09,0.265,0.08,0.06,0.75,7,6,101.71,0.04,0.09,0.06,203111,Orlando Johnson,-0.36,0.26,0.15,0.03,0,NOP,1610612740,0.04,1,0.143
357,23.0,0.05,0.01,0.01,5,"203490,1610612764",5,0.13,0.12,0.04,0.367,0.32,0.15,0.473,0.06,0.04,0.754,75,39,2275.90666667,0.04,0.07,0.05,203490,Otto Porter,0.02,0.38,0.17,0.05,0,WAS,1610612764,0.03,36,0.48
358,23.0,0.03,0.01,0.01,5,"203798,1610612763",1,0.11,0.18,0.05,0.29,0.31,0.11,0.355,0.05,0.04,0.781,66,35,1313.09333333,0.02,0.1,0.05,203798,PJ Hairston,-0.15,0.31,0.13,0.02,0,MEM,1610612763,0.03,31,0.47
359,31.0,0.07,0.01,0.02,5,"200782,1610612756",7,0.14,0.08,0.03,0.33,0.23,0.09,0.411,0.06,0.04,0.746,82,59,2539.565,0.06,0.08,0.06,200782,PJ Tucker,-0.14,0.26,0.2,0.04,0,PHX,1610612756,0.04,23,0.28
360,39.0,0.16,0.0,0.01,5,"203143,1610612746",0,0.09,0.12,0.03,0.295,0.18,0.07,0.374,0.01,0.01,0.875,59,22,822.603333333,0.05,0.1,0.04,203143,Pablo Prigioni,-0.08,0.18,0.14,0.06,0,LAC,1610612746,0.06,37,0.627
361,23.0,0.07,0.0,0.03,5,"1626192,1610612757",0,0.15,0.15,0.03,0.238,0.34,0.09,0.265,0.03,0.03,1.0,34,17,143.466666667,0.08,0.04,0.03,1626192,Pat Connaughton,-0.09,0.25,0.22,0.01,0,POR,1610612757,0.07,17,0.5
362,27.0,0.12,0.01,0.02,5,"201976,1610612745",1,0.09,0.15,0.06,0.4,0.29,0.13,0.434,0.04,0.03,0.682,71,36,2040.7,0.04,0.11,0.05,201976,Patrick Beverley,0.07,0.34,0.12,0.05,0,HOU,1610612745,0.04,35,0.493
363,27.0,0.05,0.02,0.0,5,"202335,1610612761",0,0.13,0.15,0.05,0.362,0.24,0.1,0.414,0.02,0.01,0.853,79,25,2019.59166667,0.04,0.06,0.03,202335,Patrick Patterson,0.2,0.27,0.17,0.03,0,TOR,1610612761,0.03,54,0.684
364,27.0,0.14,0.0,0.01,5,"201988,1610612759",0,0.08,0.19,0.07,0.384,0.37,0.16,0.425,0.03,0.03,0.81,81,15,1662.04333333,0.02,0.06,0.07,201988,Patty Mills,0.23,0.42,0.1,0.04,0,SAS,1610612759,0.05,66,0.815
365,35.0,0.13,0.06,0.03,5,"2200,1610612741",46,0.28,0.03,0.01,0.348,0.43,0.2,0.469,0.13,0.1,0.792,72,36,2291.475,0.07,0.06,0.11,2200,Pau Gasol,0.0,0.52,0.35,0.02,2,CHI,1610612741,0.07,36,0.5
366,26.0,0.12,0.01,0.03,5,"202331,1610612754",15,0.17,0.2,0.07,0.371,0.51,0.21,0.418,0.19,0.16,0.86,81,37,2818.93333333,0.03,0.08,0.15,202331,Paul George,0.06,0.66,0.2,0.05,0,IND,1610612754,0.09,44,0.543
367,31.0,0.1,0.05,0.03,5,"200794,1610612737",32,0.2,0.09,0.03,0.319,0.4,0.19,0.47,0.15,0.12,0.757,81,33,2647.225,0.07,0.09,0.14,200794,Paul Millsap,0.08,0.52,0.28,0.06,0,ATL,1610612737,0.07,48,0.593
368,38.0,0.06,0.01,0.01,5,"1718,1610612746",0,0.14,0.2,0.06,0.31,0.32,0.12,0.363,0.05,0.04,0.818,68,24,1230.51333333,0.01,0.1,0.05,1718,Paul Pierce,0.05,0.34,0.15,0.03,0,LAC,1610612746,0.05,44,0.647
369,25.0,0.26,0.01,0.03,5,"203515,1610612756",0,0.1,0.06,0.01,0.222,0.28,0.11,0.385,0.09,0.05,0.52,23,20,283.443333333,0.01,0.1,0.07,203515,Phil Pressey,-0.13,0.27,0.11,0.06,0,PHX,1610612756,0.12,3,0.13
370,25.0,0.03,0.03,0.01,5,"203112,1610612758",0,0.14,0.06,0.02,0.388,0.24,0.14,0.556,0.08,0.06,0.735,59,38,875.91,0.07,0.12,0.09,203112,Quincy Acy,-0.15,0.35,0.21,0.03,0,SAC,1610612758,0.03,21,0.356
371,22.0,0.04,0.01,0.01,5,"1626154,1610612738",0,0.11,0.2,0.06,0.302,0.31,0.11,0.367,0.02,0.02,0.857,36,15,314.568333333,0.01,0.09,0.03,1626154,RJ Hunter,-0.09,0.31,0.12,0.04,0,BOS,1610612738,0.03,21,0.583
372,30.0,0.33,0.0,0.02,5,"200765,1610612758",37,0.14,0.07,0.02,0.365,0.31,0.14,0.454,0.06,0.03,0.58,72,43,2536.68833333,0.03,0.07,0.06,200765,Rajon Rondo,-0.06,0.34,0.17,0.06,6,SAC,1610612758,0.11,29,0.403
373,24.0,0.0,0.0,0.0,5,"1626176,1610612754",0,0.0,0.0,0.0,0.0,0.33,0.33,1.0,0.0,0.0,0.0,1,0,6.1,0.16,0.16,0.0,1626176,Rakeem Christmas,-1.64,0.66,0.16,0.0,0,IND,1610612754,0.0,1,1.0
374,30.0,0.14,0.0,0.02,5,"201196,1610612764",3,0.11,0.07,0.02,0.324,0.36,0.17,0.473,0.17,0.13,0.756,82,41,1667.05166667,0.01,0.06,0.13,201196,Ramon Sessions,-0.03,0.49,0.12,0.03,0,WAS,1610612764,0.07,41,0.5
375,32.0,0.1,0.02,0.02,5,"200751,1610612760",0,0.08,0.15,0.05,0.3,0.29,0.1,0.351,0.05,0.04,0.824,81,44,1641.52166667,0.01,0.08,0.04,200751,Randy Foye,0.02,0.29,0.1,0.02,0,OKC,1610612760,0.05,37,0.457
376,19.0,0.04,0.02,0.02,5,"1626173,1610612749",0,0.08,0.15,0.04,0.293,0.27,0.08,0.305,0.01,0.01,0.8,70,40,1000.69333333,0.01,0.07,0.02,1626173,Rashad Vaughn,-0.15,0.22,0.09,0.03,0,MIL,1610612749,0.03,30,0.429
377,37.0,0.06,0.05,0.01,5,"2446,1610612759",0,0.12,0.11,0.03,0.306,0.24,0.11,0.471,0.04,0.03,0.688,46,5,431.528333333,0.01,0.03,0.03,2446,Rasual Butler,0.18,0.29,0.13,0.03,0,SAS,1610612759,0.02,41,0.891
378,24.0,0.12,0.0,0.02,5,"203526,1610612762",0,0.07,0.11,0.04,0.395,0.28,0.12,0.431,0.05,0.03,0.743,81,41,1498.65166667,0.01,0.08,0.07,203526,Raul Neto,0.05,0.32,0.08,0.04,0,UTA,1610612762,0.07,40,0.494
379,25.0,0.13,0.01,0.03,5,"203492,1610612763",0,0.08,0.09,0.03,0.357,0.31,0.12,0.377,0.03,0.03,0.8,41,11,474.381666667,0.02,0.06,0.04,203492,Ray McCallum,0.04,0.29,0.1,0.03,0,MEM,1610612763,0.05,30,0.732
380,32.0,0.13,0.01,0.01,5,"101109,1610612742",3,0.1,0.1,0.03,0.282,0.31,0.13,0.406,0.08,0.07,0.847,80,40,2192.195,0.02,0.06,0.07,101109,Raymond Felton,-0.03,0.35,0.12,0.03,1,DAL,1610612742,0.06,40,0.5
381,25.0,0.06,0.0,0.01,5,"203493,1610612765",0,0.13,0.12,0.05,0.415,0.23,0.1,0.439,0.03,0.03,0.933,37,15,428.845,0.03,0.07,0.03,203493,Reggie Bullock,-0.14,0.28,0.16,0.02,0,DET,1610612765,0.02,22,0.595
382,26.0,0.2,0.0,0.03,5,"202704,1610612765",9,0.08,0.14,0.05,0.353,0.51,0.22,0.434,0.14,0.12,0.864,79,36,2424.245,0.02,0.08,0.11,202704,Reggie Jackson,0.05,0.61,0.1,0.02,0,DET,1610612765,0.09,43,0.544
383,36.0,0.04,0.01,0.01,5,"2210,1610612739",0,0.09,0.13,0.05,0.382,0.24,0.11,0.458,0.07,0.04,0.667,74,23,1325.65333333,0.01,0.1,0.06,2210,Richard Jefferson,-0.03,0.31,0.1,0.02,0,CLE,1610612739,0.03,51,0.689
384,22.0,0.05,0.06,0.03,5,"1626158,1610612755",0,0.1,0.06,0.01,0.182,0.32,0.16,0.514,0.11,0.07,0.689,51,44,702.001666667,0.09,0.13,0.09,1626158,Richaun Holmes,-0.07,0.41,0.19,0.03,0,PHI,1610612755,0.05,7,0.137
385,25.0,0.28,0.0,0.01,5,"201937,1610612750",14,0.12,0.08,0.03,0.326,0.25,0.09,0.374,0.14,0.11,0.847,76,48,2322.58666667,0.02,0.09,0.11,201937,Ricky Rubio,0.01,0.33,0.14,0.07,0,MIN,1610612750,0.08,28,0.368
386,25.0,0.05,0.02,0.02,5,"203496,1610612755",7,0.19,0.25,0.09,0.353,0.37,0.14,0.385,0.09,0.07,0.791,67,57,1903.01166667,0.03,0.12,0.07,203496,Robert Covington,-0.15,0.45,0.22,0.06,0,PHI,1610612755,0.08,10,0.149
387,27.0,0.04,0.03,0.03,5,"203135,1610612747",0,0.12,0.0,0.0,0.0,0.23,0.1,0.413,0.12,0.08,0.658,25,23,320.09,0.1,0.13,0.08,203135,Robert Sacre,-0.1,0.27,0.22,0.01,0,LAL,1610612747,0.04,2,0.08
388,28.0,0.05,0.06,0.01,5,"201577,1610612752",15,0.15,0.0,0.0,0.0,0.3,0.16,0.539,0.07,0.06,0.795,82,50,2218.91833333,0.12,0.08,0.06,201577,Robin Lopez,-0.04,0.38,0.27,0.01,0,NYK,1610612752,0.06,32,0.39
389,23.0,0.08,0.01,0.02,5,"203918,1610612762",0,0.09,0.18,0.06,0.359,0.38,0.16,0.42,0.08,0.07,0.86,79,40,2540.81666667,0.01,0.08,0.06,203918,Rodney Hood,0.05,0.45,0.11,0.03,0,UTA,1610612762,0.05,39,0.494
390,30.0,0.11,0.01,0.02,5,"201155,1610612754",0,0.11,0.07,0.02,0.241,0.35,0.14,0.413,0.12,0.1,0.829,58,25,1275.46333333,0.01,0.06,0.11,201155,Rodney Stuckey,0.01,0.41,0.12,0.03,0,IND,1610612754,0.06,33,0.569
391,21.0,0.07,0.03,0.01,5,"1626178,1610612751",2,0.19,0.02,0.01,0.286,0.22,0.1,0.457,0.08,0.06,0.712,29,22,615.456666667,0.06,0.1,0.08,1626178,Rondae Hollis-Jefferson,-0.1,0.27,0.25,0.06,0,BKN,1610612751,0.04,7,0.241
392,33.0,0.12,0.01,0.01,5,"101179,1610612756",0,0.06,0.16,0.06,0.347,0.25,0.1,0.384,0.03,0.03,0.756,62,42,1211.18333333,0.02,0.13,0.06,101179,Ronnie Price,-0.06,0.27,0.08,0.06,0,PHX,1610612756,0.06,20,0.323
393,29.0,0.05,0.06,0.02,5,"201579,1610612747",3,0.14,0.0,0.0,0.0,0.22,0.1,0.443,0.08,0.06,0.807,81,64,1877.78666667,0.07,0.13,0.08,201579,Roy Hibbert,-0.36,0.26,0.21,0.02,0,LAL,1610612747,0.04,17,0.21
394,29.0,0.05,0.02,0.03,5,"200752,1610612758",7,0.15,0.09,0.03,0.344,0.42,0.2,0.463,0.11,0.08,0.78,70,41,2378.71,0.04,0.08,0.09,200752,Rudy Gay,-0.03,0.51,0.19,0.04,0,SAC,1610612758,0.06,29,0.414
395,24.0,0.05,0.07,0.02,5,"203497,1610612762",20,0.24,0.0,0.0,0.0,0.18,0.1,0.559,0.15,0.08,0.569,61,28,1932.13,0.11,0.08,0.12,203497,Rudy Gobert,0.08,0.29,0.35,0.02,0,UTA,1610612762,0.06,33,0.541
396,25.0,0.17,0.02,0.08,5,"203893,1610612763",0,0.12,0.08,0.02,0.2,0.33,0.11,0.318,0.2,0.12,0.615,15,9,66.185,0.02,0.08,0.12,203893,Russ Smith,-0.62,0.35,0.14,0.08,0,MEM,1610612763,0.11,6,0.4
397,27.0,0.3,0.01,0.03,5,"201566,1610612760",54,0.17,0.12,0.04,0.296,0.53,0.24,0.454,0.21,0.17,0.812,80,25,2749.46833333,0.05,0.07,0.16,201566,Russell Westbrook,0.23,0.68,0.23,0.06,18,OKC,1610612760,0.12,55,0.688
398,28.0,0.04,0.01,0.02,5,"201583,1610612740",8,0.13,0.18,0.07,0.366,0.46,0.2,0.427,0.11,0.1,0.873,66,42,2008.32,0.07,0.05,0.1,201583,Ryan Anderson,0.02,0.56,0.2,0.02,0,NOP,1610612740,0.04,24,0.364
399,31.0,0.02,0.05,0.03,5,"200797,1610612763",0,0.11,0.0,0.0,0.0,0.17,0.11,0.62,0.09,0.06,0.619,37,19,459.673333333,0.1,0.13,0.11,200797,Ryan Hollins,-0.32,0.27,0.21,0.01,0,MEM,1610612763,0.05,18,0.486
400,25.0,0.04,0.02,0.03,5,"203527,1610612747",0,0.21,0.08,0.01,0.135,0.32,0.12,0.369,0.11,0.08,0.685,36,33,469.873333333,0.04,0.08,0.09,203527,Ryan Kelly,0.0,0.32,0.26,0.03,0,LAL,1610612747,0.04,3,0.083
401,30.0,0.03,0.09,0.04,5,"1626257,1610612742",3,0.21,0.0,0.0,0.0,0.2,0.12,0.628,0.12,0.07,0.587,34,18,397.23,0.1,0.14,0.11,1626257,Salah Mejri,0.1,0.31,0.31,0.02,0,DAL,1610612742,0.06,16,0.471
402,22.0,0.0,0.0,0.0,5,"1626155,1610612745",0,0.16,0.0,0.0,0.0,0.0,0.0,0.0,0.0,0.0,0.0,3,2,6.14833333333,0.0,0.0,0.0,1626155,Sam Dekker,-0.33,0.0,0.16,0.16,0,HOU,1610612745,0.0,1,0.333
403,31.0,0.03,0.05,0.05,5,"201619,1610612739",0,0.15,0.0,0.0,0.0,0.18,0.09,0.529,0.12,0.05,0.455,25,7,95.395,0.13,0.12,0.06,201619,Sasha Kaun,-0.04,0.24,0.27,0.04,0,CLE,1610612739,0.07,18,0.72
404,32.0,0.09,0.01,0.01,5,"2756,1610612752",0,0.14,0.16,0.06,0.364,0.3,0.12,0.383,0.04,0.04,0.821,61,39,908.408333333,0.03,0.09,0.06,2756,Sasha Vujacic,-0.05,0.33,0.16,0.04,0,NYK,1610612752,0.05,22,0.361
405,26.0,0.05,0.0,0.02,5,"203930,1610612751",0,0.07,0.19,0.06,0.342,0.44,0.2,0.456,0.11,0.1,0.896,31,24,616.175,0.02,0.06,0.08,203930,Sean Kilpatrick,-0.24,0.56,0.09,0.02,0,BKN,1610612751,0.05,7,0.226
406,26.0,0.03,0.06,0.01,5,"201586,1610612760",9,0.16,0.07,0.02,0.326,0.35,0.17,0.479,0.05,0.04,0.752,78,24,2500.29333333,0.06,0.08,0.04,201586,Serge Ibaka,0.21,0.39,0.21,0.02,0,OKC,1610612760,0.04,54,0.692
407,22.0,0.09,0.01,0.01,5,"203508,1610612751",0,0.13,0.09,0.03,0.297,0.19,0.08,0.405,0.07,0.07,0.929,40,31,399.423333333,0.02,0.07,0.08,203508,Sergey Karasev,-0.02,0.24,0.15,0.02,0,BKN,1610612751,0.06,9,0.225
408,25.0,0.1,0.0,0.02,5,"203552,1610612758",1,0.07,0.16,0.07,0.45,0.32,0.15,0.455,0.08,0.07,0.833,44,27,691.743333333,0.01,0.06,0.06,203552,Seth Curry,-0.05,0.43,0.09,0.03,0,SAC,1610612758,0.05,17,0.386
409,23.0,0.03,0.0,0.03,5,"203498,1610612750",0,0.1,0.09,0.03,0.289,0.4,0.19,0.465,0.14,0.11,0.764,82,53,1681.915,0.06,0.06,0.11,203498,Shabazz Muhammad,-0.16,0.51,0.16,0.01,0,MIN,1610612750,0.04,29,0.354
410,24.0,0.16,0.0,0.01,5,"203894,1610612753",0,0.08,0.17,0.06,0.327,0.34,0.11,0.338,0.08,0.06,0.733,55,32,599.865,0.02,0.06,0.08,203894,Shabazz Napier,-0.09,0.34,0.09,0.04,0,ORL,1610612753,0.08,23,0.418
411,23.0,0.2,0.01,0.02,5,"203499,1610612751",0,0.09,0.06,0.02,0.361,0.29,0.13,0.442,0.06,0.05,0.776,78,58,1750.56833333,0.02,0.07,0.07,203499,Shane Larkin,-0.2,0.32,0.1,0.05,0,BKN,1610612751,0.08,20,0.256
412,30.0,0.16,0.02,0.01,5,"2733,1610612744",0,0.08,0.01,0.0,0.167,0.25,0.13,0.536,0.06,0.05,0.86,78,9,1519.53333333,0.03,0.09,0.06,2733,Shaun Livingston,0.14,0.32,0.11,0.04,0,GSW,1610612744,0.05,69,0.885
413,25.0,0.07,0.02,0.0,5,"203963,1610612754",0,0.17,0.05,0.0,0.0,0.27,0.12,0.455,0.05,0.02,0.5,7,3,40.7166666667,0.12,0.17,0.05,203963,Shayne Whittington,-0.15,0.27,0.29,0.02,0,IND,1610612754,0.12,4,0.571
414,26.0,0.18,0.0,0.02,5,"202714,1610612762",3,0.11,0.12,0.04,0.312,0.39,0.17,0.439,0.06,0.04,0.738,52,25,1057.88666667,0.01,0.07,0.07,202714,Shelvin Mack,0.09,0.42,0.12,0.03,0,UTA,1610612762,0.09,27,0.519
415,25.0,0.07,0.01,0.02,5,"203524,1610612754",1,0.15,0.09,0.03,0.324,0.24,0.11,0.447,0.05,0.04,0.857,59,28,866.15,0.05,0.08,0.04,203524,Solomon Hill,0.05,0.28,0.19,0.04,0,IND,1610612754,0.04,31,0.525
416,29.0,0.1,0.0,0.02,5,"201603,1610612755",0,0.09,0.08,0.03,0.366,0.22,0.08,0.382,0.03,0.02,0.533,43,37,498.308333333,0.01,0.09,0.03,201603,Sonny Weems,-0.2,0.21,0.11,0.02,0,PHI,1610612755,0.08,6,0.14
417,23.0,0.14,0.0,0.03,5,"203915,1610612765",0,0.08,0.06,0.01,0.1,0.34,0.12,0.352,0.21,0.12,0.576,12,7,159.23,0.03,0.13,0.19,203915,Spencer Dinwiddie,-0.35,0.36,0.11,0.02,0,DET,1610612765,0.04,5,0.417
418,28.0,0.11,0.03,0.01,5,"201150,1610612766",1,0.19,0.1,0.04,0.373,0.3,0.12,0.405,0.06,0.05,0.831,57,27,1034.90333333,0.05,0.11,0.06,201150,Spencer Hawes,0.04,0.33,0.24,0.02,0,CHA,1610612766,0.06,30,0.526
419,20.0,0.07,0.01,0.02,5,"1626169,1610612765",3,0.15,0.12,0.04,0.307,0.36,0.13,0.375,0.06,0.05,0.784,73,36,1687.07166667,0.03,0.11,0.05,1626169,Stanley Johnson,-0.08,0.35,0.18,0.03,0,DET,1610612765,0.07,37,0.507
420,28.0,0.2,0.01,0.02,5,"201939,1610612744",15,0.13,0.33,0.15,0.454,0.59,0.3,0.504,0.15,0.13,0.908,79,8,2700.025,0.03,0.06,0.13,201939,Stephen Curry,0.38,0.88,0.16,0.06,2,GSW,1610612744,0.1,71,0.899
421,36.0,0.2,0.01,0.01,5,"2581,1610612765",0,0.08,0.15,0.05,0.344,0.24,0.09,0.388,0.02,0.02,0.8,58,24,986.4,0.01,0.07,0.05,2581,Steve Blake,-0.06,0.26,0.09,0.02,0,DET,1610612765,0.08,34,0.586
422,33.0,0.0,0.0,0.0,5,"200779,1610612749",0,0.11,0.34,0.16,0.467,0.41,0.18,0.444,0.02,0.02,1.0,10,2,44.2883333333,0.0,0.07,0.05,200779,Steve Novak,0.16,0.54,0.11,0.0,0,MIL,1610612749,0.02,8,0.8
423,22.0,0.03,0.04,0.02,5,"203500,1610612760",6,0.16,0.0,0.0,0.0,0.21,0.13,0.613,0.1,0.06,0.582,80,26,2014.37666667,0.11,0.11,0.1,203500,Steven Adams,0.24,0.32,0.26,0.02,0,OKC,1610612760,0.04,54,0.675
424,24.0,0.23,0.01,0.01,5,"204456,1610612755",0,0.13,0.06,0.02,0.348,0.29,0.14,0.47,0.03,0.02,0.634,81,71,1605.98666667,0.03,0.07,0.05,204456,TJ McConnell,-0.17,0.31,0.16,0.06,0,PHI,1610612755,0.09,10,0.123
425,22.0,0.04,0.01,0.01,5,"203933,1610612756",1,0.08,0.07,0.03,0.4,0.41,0.21,0.501,0.06,0.04,0.703,47,33,1070.19,0.05,0.09,0.06,203933,TJ Warren,-0.11,0.48,0.14,0.03,0,PHX,1610612756,0.03,14,0.298
426,31.0,0.05,0.04,0.03,5,"201959,1610612741",7,0.15,0.0,0.0,0.0,0.26,0.14,0.526,0.08,0.05,0.692,73,36,1935.54166667,0.11,0.09,0.08,201959,Taj Gibson,-0.08,0.32,0.26,0.02,0,CHI,1610612741,0.04,37,0.507
427,24.0,0.03,0.04,0.02,5,"204028,1610612747",0,0.23,0.0,0.0,0.0,0.21,0.11,0.548,0.09,0.04,0.422,39,33,495.656666667,0.09,0.16,0.08,204028,Tarik Black,0.04,0.27,0.32,0.03,0,LAL,1610612747,0.04,6,0.154
428,36.0,0.05,0.01,0.0,5,"2419,1610612750",0,0.08,0.02,0.0,0.174,0.16,0.07,0.445,0.01,0.01,0.684,77,50,1461.59166667,0.02,0.04,0.02,2419,Tayshaun Prince,-0.09,0.15,0.1,0.02,0,MIN,1610612750,0.02,27,0.351
429,24.0,0.04,0.04,0.04,5,"203093,1610612745",0,0.14,0.08,0.02,0.316,0.35,0.16,0.452,0.11,0.07,0.664,50,26,1044.25166667,0.06,0.08,0.08,203093,Terrence Jones,-0.23,0.42,0.2,0.02,0,HOU,1610612745,0.05,24,0.48
430,25.0,0.03,0.01,0.01,5,"203082,1610612761",1,0.09,0.19,0.07,0.388,0.36,0.15,0.431,0.04,0.03,0.79,73,20,1747.37666667,0.01,0.07,0.03,203082,Terrence Ross,0.14,0.41,0.11,0.03,0,TOR,1610612761,0.03,53,0.726
431,22.0,0.12,0.0,0.01,5,"1626179,1610612738",0,0.13,0.09,0.02,0.222,0.34,0.09,0.274,0.03,0.03,0.8,39,15,311.325,0.08,0.07,0.05,1626179,Terry Rozier,-0.15,0.23,0.2,0.02,0,BOS,1610612738,0.06,24,0.615
432,32.0,0.06,0.02,0.01,5,"200757,1610612737",1,0.16,0.07,0.02,0.341,0.21,0.11,0.507,0.06,0.04,0.626,75,33,1757.54833333,0.03,0.06,0.05,200757,Thabo Sefolosha,-0.01,0.27,0.19,0.05,0,ATL,1610612737,0.04,42,0.56
433,28.0,0.06,0.02,0.03,5,"201152,1610612751",28,0.2,0.01,0.0,0.233,0.4,0.21,0.514,0.07,0.04,0.644,73,52,2407.5,0.07,0.08,0.07,201152,Thaddeus Young,-0.1,0.46,0.27,0.05,0,BKN,1610612751,0.06,21,0.288
434,23.0,0.0,0.0,0.0,5,"203648,1610612752",0,0.16,0.16,0.0,0.0,0.64,0.48,0.75,0.0,0.0,0.0,2,1,6.25,0.0,0.32,0.0,203648,Thanasis Antetokounmpo,-0.96,0.96,0.16,0.0,0,NYK,1610612752,0.0,1,0.5
435,25.0,0.05,0.04,0.03,5,"203080,1610612751",8,0.24,0.0,0.0,0.0,0.32,0.14,0.447,0.12,0.05,0.431,71,55,916.443333333,0.15,0.12,0.1,203080,Thomas Robinson,-0.3,0.33,0.39,0.04,0,BKN,1610612751,0.08,16,0.225
436,31.0,0.05,0.02,0.03,5,"201168,1610612737",0,0.13,0.0,0.0,0.0,0.27,0.14,0.523,0.08,0.07,0.813,36,15,579.473333333,0.08,0.12,0.08,201168,Tiago Splitter,0.18,0.35,0.21,0.03,0,ATL,1610612737,0.04,21,0.583
437,26.0,0.02,0.02,0.05,5,"202353,1610612762",0,0.11,0.02,0.0,0.0,0.31,0.13,0.44,0.02,0.02,1.0,12,5,81.54,0.07,0.23,0.01,202353,Tibor Pleiss,-0.2,0.29,0.18,0.01,0,UTA,1610612762,0.1,7,0.583
438,40.0,0.11,0.05,0.02,5,"1495,1610612759",11,0.22,0.0,0.0,0.0,0.29,0.14,0.488,0.09,0.06,0.702,61,11,1536.35666667,0.07,0.08,0.07,1495,Tim Duncan,0.28,0.34,0.29,0.03,0,SAS,1610612759,0.06,50,0.82
439,25.0,0.22,0.0,0.03,5,"204025,1610612740",2,0.11,0.06,0.02,0.333,0.31,0.13,0.419,0.1,0.07,0.716,51,26,741.255,0.04,0.1,0.11,204025,Tim Frazier,-0.04,0.35,0.15,0.04,0,NOP,1610612740,0.09,25,0.49
440,24.0,0.06,0.01,0.02,5,"203501,1610612737",0,0.09,0.17,0.06,0.336,0.31,0.13,0.43,0.06,0.06,0.893,51,22,864.016666667,0.01,0.06,0.05,203501,Tim Hardaway Jr.,0.12,0.38,0.1,0.02,0,ATL,1610612737,0.03,29,0.569
441,29.0,0.02,0.04,0.02,5,"202389,1610612739",2,0.17,0.01,0.0,0.143,0.27,0.15,0.565,0.07,0.05,0.716,76,24,1325.575,0.08,0.12,0.09,202389,Timofey Mozgov,0.0,0.36,0.25,0.02,0,CLE,1610612739,0.05,52,0.684
442,23.0,0.07,0.02,0.03,5,"202699,1610612765",12,0.16,0.1,0.03,0.335,0.35,0.17,0.469,0.1,0.08,0.831,76,39,2513.42,0.04,0.06,0.08,202699,Tobias Harris,0.01,0.44,0.2,0.03,0,DET,1610612765,0.04,37,0.487
443,30.0,0.12,0.0,0.02,5,"201962,1610612740",1,0.09,0.16,0.06,0.399,0.35,0.14,0.411,0.08,0.07,0.848,61,39,1262.19833333,0.02,0.1,0.08,201962,Toney Douglas,-0.11,0.42,0.11,0.06,0,NOP,1610612740,0.05,22,0.361
444,34.0,0.04,0.01,0.04,5,"2754,1610612763",1,0.12,0.03,0.01,0.357,0.29,0.13,0.458,0.09,0.06,0.652,64,30,1619.82166667,0.06,0.11,0.06,2754,Tony Allen,-0.06,0.33,0.18,0.07,0,MEM,1610612763,0.05,34,0.531
445,34.0,0.19,0.01,0.02,5,"2225,1610612759",3,0.08,0.03,0.01,0.415,0.36,0.18,0.493,0.09,0.07,0.76,72,13,1980.45833333,0.01,0.06,0.07,2225,Tony Parker,0.21,0.43,0.09,0.03,0,SAS,1610612759,0.07,59,0.819
446,24.0,0.05,0.01,0.02,5,"203503,1610612741",1,0.14,0.12,0.04,0.361,0.26,0.1,0.372,0.03,0.02,0.909,64,31,1301.01333333,0.01,0.08,0.03,203503,Tony Snell,0.07,0.26,0.15,0.01,0,CHI,1610612741,0.04,33,0.516
447,23.0,0.14,0.0,0.08,5,"203100,1610612752",0,0.13,0.12,0.02,0.176,0.45,0.15,0.338,0.26,0.14,0.541,8,8,144.3,0.01,0.08,0.17,203100,Tony Wroten,-0.47,0.46,0.15,0.02,0,NYK,1610612752,0.2,0,0.0
448,30.0,0.07,0.01,0.01,5,"2772,1610612745",1,0.1,0.17,0.06,0.371,0.3,0.12,0.416,0.06,0.04,0.783,81,41,2859.03833333,0.02,0.06,0.04,2772,Trevor Ariza,0.01,0.36,0.13,0.06,0,HOU,1610612745,0.04,40,0.494
449,28.0,0.05,0.03,0.01,5,"202344,1610612762",4,0.18,0.03,0.01,0.293,0.24,0.12,0.49,0.06,0.04,0.67,79,40,1632.1,0.1,0.1,0.05,202344,Trevor Booker,0.04,0.28,0.28,0.04,0,UTA,1610612762,0.05,39,0.494
450,23.0,0.11,0.0,0.02,5,"203504,1610612762",0,0.07,0.19,0.06,0.344,0.46,0.19,0.413,0.06,0.05,0.817,64,33,1365.84333333,0.01,0.06,0.06,203504,Trey Burke,0.0,0.5,0.08,0.03,0,UTA,1610612762,0.06,31,0.484
451,20.0,0.04,0.01,0.01,5,"1626168,1610612762",2,0.17,0.09,0.04,0.383,0.32,0.14,0.438,0.06,0.04,0.695,80,42,1382.34333333,0.04,0.08,0.06,1626168,Trey Lyles,-0.03,0.35,0.22,0.02,0,UTA,1610612762,0.05,38,0.475
452,25.0,0.03,0.02,0.02,5,"202684,1610612739",23,0.21,0.0,0.0,0.0,0.19,0.11,0.588,0.11,0.07,0.616,82,25,2269.33,0.12,0.09,0.1,202684,Tristan Thompson,0.16,0.28,0.33,0.02,0,CLE,1610612739,0.03,57,0.695
453,24.0,0.04,0.01,0.01,5,"203584,1610612766",0,0.1,0.26,0.12,0.484,0.39,0.19,0.476,0.02,0.01,0.556,43,18,476.266666667,0.01,0.08,0.02,203584,Troy Daniels,-0.09,0.51,0.12,0.02,0,CHA,1610612766,0.05,25,0.581
454,28.0,0.17,0.0,0.02,5,"201951,1610612754",1,0.07,0.08,0.03,0.333,0.25,0.1,0.393,0.06,0.04,0.686,66,35,1411.20833333,0.02,0.06,0.06,201951,Ty Lawson,-0.11,0.26,0.09,0.04,0,IND,1610612754,0.07,31,0.47
455,21.0,0.15,0.0,0.03,5,"203898,1610612749",0,0.09,0.06,0.02,0.333,0.29,0.13,0.449,0.05,0.04,0.735,46,29,654.478333333,0.02,0.1,0.06,203898,Tyler Ennis,-0.11,0.31,0.11,0.04,0,MIL,1610612749,0.07,17,0.37
456,30.0,0.02,0.02,0.04,5,"201946,1610612766",1,0.14,0.01,0.01,0.667,0.21,0.09,0.451,0.19,0.11,0.585,44,16,342.741666667,0.12,0.16,0.15,201946,Tyler Hansbrough,-0.1,0.3,0.26,0.04,0,CHA,1610612766,0.04,28,0.636
457,24.0,0.09,0.02,0.02,5,"204020,1610612748",0,0.09,0.08,0.03,0.38,0.28,0.14,0.486,0.07,0.06,0.797,36,17,862.573333333,0.03,0.08,0.07,204020,Tyler Johnson,0.01,0.36,0.13,0.03,0,MIA,1610612748,0.05,19,0.528
458,26.0,0.04,0.03,0.03,5,"203092,1610612738",1,0.16,0.0,0.0,0.0,0.41,0.19,0.476,0.15,0.12,0.815,60,22,709.938333333,0.09,0.14,0.13,203092,Tyler Zeller,-0.09,0.51,0.25,0.01,0,BOS,1610612738,0.06,38,0.633
459,26.0,0.21,0.01,0.03,5,"201936,1610612740",6,0.14,0.11,0.04,0.388,0.41,0.18,0.433,0.12,0.1,0.796,25,14,765.335,0.03,0.09,0.1,201936,Tyreke Evans,-0.02,0.5,0.17,0.04,0,NOP,1610612740,0.1,11,0.44
460,33.0,0.04,0.03,0.01,5,"2199,1610612756",20,0.25,0.0,0.0,0.0,0.19,0.11,0.583,0.11,0.07,0.62,66,48,1617.94333333,0.11,0.09,0.1,2199,Tyson Chandler,-0.24,0.29,0.36,0.02,0,PHX,1610612756,0.06,18,0.273
461,20.0,0.19,0.01,0.02,5,"1626145,1610612750",0,0.07,0.09,0.03,0.302,0.27,0.1,0.359,0.07,0.05,0.718,37,24,572.72,0.01,0.06,0.06,1626145,Tyus Jones,-0.24,0.27,0.08,0.05,0,MIN,1610612750,0.06,13,0.351
462,36.0,0.05,0.01,0.0,5,"2617,1610612748",0,0.25,0.03,0.0,0.111,0.24,0.09,0.377,0.05,0.04,0.786,37,12,259.571666667,0.04,0.1,0.08,2617,Udonis Haslem,-0.07,0.22,0.29,0.02,0,MIA,1610612748,0.02,25,0.676
463,24.0,0.12,0.02,0.03,5,"203506,1610612753",3,0.12,0.12,0.04,0.348,0.41,0.18,0.438,0.1,0.09,0.83,72,40,2379.58,0.02,0.07,0.09,203506,Victor Oladipo,-0.01,0.48,0.14,0.05,1,ORL,1610612753,0.06,32,0.444
464,39.0,0.06,0.02,0.01,5,"1713,1610612763",0,0.11,0.17,0.06,0.349,0.34,0.13,0.388,0.08,0.07,0.833,60,27,1005.38666667,0.03,0.1,0.08,1713,Vince Carter,-0.03,0.39,0.15,0.04,0,MEM,1610612763,0.03,33,0.55
465,24.0,0.04,0.08,0.03,5,"204002,1610612737",0,0.19,0.0,0.0,0.0,0.26,0.15,0.579,0.11,0.04,0.375,11,4,72.5166666667,0.1,0.11,0.06,204002,Walter Tavares,-0.14,0.34,0.29,0.01,0,ATL,1610612737,0.07,7,0.636
466,28.0,0.05,0.0,0.01,5,"201961,1610612751",0,0.1,0.17,0.06,0.358,0.35,0.13,0.389,0.04,0.03,0.857,76,58,1615.03166667,0.01,0.05,0.03,201961,Wayne Ellington,-0.2,0.36,0.11,0.03,0,BKN,1610612751,0.03,18,0.237
467,28.0,0.03,0.03,0.0,5,"202325,1610612746",0,0.13,0.19,0.06,0.333,0.31,0.12,0.404,0.03,0.02,0.652,80,29,1665.895,0.02,0.1,0.02,202325,Wesley Johnson,0.07,0.33,0.15,0.05,0,LAC,1610612746,0.03,51,0.638
468,29.0,0.06,0.01,0.01,5,"202083,1610612742",0,0.08,0.2,0.07,0.36,0.32,0.13,0.388,0.06,0.05,0.863,78,38,2644.30166667,0.01,0.07,0.06,202083,Wesley Matthews,0.04,0.37,0.09,0.03,0,DAL,1610612742,0.03,40,0.513
469,25.0,0.09,0.02,0.02,5,"203115,1610612743",6,0.18,0.14,0.05,0.345,0.42,0.18,0.432,0.11,0.09,0.806,82,49,2353.33833333,0.03,0.06,0.09,203115,Will Barton,-0.05,0.5,0.2,0.03,0,DEN,1610612743,0.06,33,0.402
470,22.0,0.03,0.05,0.02,5,"1626161,1610612758",3,0.15,0.0,0.0,0.0,0.24,0.14,0.563,0.09,0.06,0.648,66,40,1411.50833333,0.09,0.1,0.06,1626161,Willie Cauley-Stein,-0.05,0.33,0.25,0.03,0,SAC,1610612758,0.03,26,0.394
471,26.0,0.02,0.07,0.02,5,"203186,1610612751",0,0.17,0.0,0.0,0.0,0.31,0.18,0.571,0.13,0.07,0.545,39,31,425.616666667,0.12,0.11,0.15,203186,Willie Reed,-0.19,0.43,0.29,0.01,0,BKN,1610612751,0.04,8,0.205
472,24.0,0.09,0.01,0.03,5,"204098,1610612763",0,0.11,0.09,0.04,0.391,0.32,0.13,0.416,0.06,0.03,0.5,14,11,244.293333333,0.01,0.1,0.06,204098,Xavier Munford,-0.1,0.33,0.13,0.05,0,MEM,1610612763,0.06,3,0.214
473,21.0,0.11,0.01,0.03,5,"203897,1610612750",0,0.09,0.14,0.05,0.389,0.42,0.19,0.452,0.09,0.07,0.793,82,53,2293.55,0.01,0.08,0.07,203897,Zach LaVine,-0.13,0.5,0.1,0.03,0,MIN,1610612750,0.07,29,0.354
474,34.0,0.07,0.01,0.04,5,"2216,1610612763",17,0.17,0.01,0.0,0.231,0.45,0.21,0.475,0.11,0.09,0.796,68,31,2016.405,0.09,0.07,0.09,2216,Zach Randolph,-0.01,0.52,0.26,0.02,1,MEM,1610612763,0.05,37,0.544
475,32.0,0.06,0.01,0.02,5,"2585,1610612742",26,0.23,0.0,0.0,0.0,0.23,0.11,0.466,0.14,0.11,0.768,76,36,2004.09,0.12,0.09,0.13,2585,Zaza Pachulia,0.0,0.32,0.36,0.03,0,DAL,1610612742,0.06,40,0.526
