,AGE,AST,BLK,BLKA,CFID,CFPARAMS,DD2,DREB,FG3A,FG3M,FG3_PCT,FGA,FGM,FG_PCT,FTA,FTM,FT_PCT,GP,L,MIN,OREB,PF,PFD,PLAYER_ID,PLAYER_NAME,PLUS_MINUS,PTS,REB,STL,TD3,TEAM_ABBREVIATION,TEAM_ID,TOV,W,W_PCT
0,21.0,0.0,0.0,0.0,5,"1626151,1610612766",0,0.14,0.0,0.0,0.0,0.0,0.0,0.0,0.0,0.0,0.0,2,1,7.4,0.0,0.14,0.0,1626151,Aaron Harrison,-0.95,0.0,0.14,0.0,0,CHA,1610612766,0.0,1,0.5
1,30.0,0.09,0.07,0.01,5,"201143,1610612737",1,0.16,0.09,0.03,0.393,0.35,0.16,0.466,0.05,0.05,0.938,10,6,327.403333333,0.04,0.08,0.06,201143,Al Horford,-0.12,0.41,0.2,0.04,0,ATL,1610612737,0.05,4,0.4
2,31.0,0.05,0.02,0.04,5,"2744,1610612766",0,0.17,0.0,0.0,0.0,0.49,0.25,0.506,0.08,0.05,0.692,7,4,168.38,0.08,0.07,0.06,2744,Al Jefferson,-0.38,0.55,0.26,0.02,0,CHA,1610612766,0.04,3,0.429
3,25.0,0.05,0.03,0.01,5,"202329,1610612757",4,0.19,0.19,0.08,0.4,0.34,0.15,0.438,0.08,0.06,0.724,11,6,371.536666667,0.06,0.08,0.06,202329,Al-Farouq Aminu,-0.03,0.43,0.26,0.02,0,POR,1610612757,0.06,5,0.455
4,24.0,0.05,0.0,0.0,5,"203459,1610612757",0,0.09,0.12,0.05,0.429,0.24,0.13,0.521,0.06,0.05,0.737,11,6,302.06,0.02,0.08,0.07,203459,Allen Crabbe,-0.07,0.35,0.11,0.02,0,POR,1610612757,0.02,5,0.455
5,33.0,0.0,0.04,0.0,5,"2405,1610612748",0,0.12,0.0,0.0,0.0,0.23,0.13,0.579,0.1,0.1,1.0,9,5,82.3416666667,0.04,0.17,0.09,2405,Amar'e Stoudemire,-0.22,0.36,0.16,0.06,0,MIA,1610612748,0.11,4,0.444
6,29.0,0.03,0.06,0.03,5,"101161,1610612738",0,0.24,0.01,0.0,0.0,0.25,0.16,0.667,0.07,0.05,0.778,6,4,133.511666667,0.08,0.1,0.05,101161,Amir Johnson,-0.16,0.38,0.32,0.01,0,BOS,1610612738,0.07,2,0.333
7,33.0,0.14,0.02,0.02,5,"2760,1610612744",0,0.1,0.0,0.0,0.0,0.15,0.05,0.357,0.2,0.11,0.526,17,6,92.8916666667,0.13,0.18,0.24,2760,Anderson Varejao,0.19,0.22,0.23,0.02,0,GSW,1610612744,0.02,11,0.647
8,22.0,0.0,0.05,0.01,5,"203083,1610612765",2,0.18,0.01,0.0,0.0,0.41,0.21,0.519,0.26,0.08,0.324,4,4,131.416666667,0.09,0.06,0.23,203083,Andre Drummond,-0.08,0.51,0.27,0.01,0,DET,1610612765,0.03,0,0.0
9,32.0,0.12,0.01,0.01,5,"2738,1610612744",1,0.09,0.08,0.03,0.385,0.21,0.1,0.476,0.07,0.04,0.561,24,9,767.45,0.05,0.05,0.07,2738,Andre Iguodala,0.08,0.28,0.14,0.04,0,GSW,1610612744,0.03,15,0.625
10,40.0,0.2,0.0,0.03,5,"1889,1610612759",0,0.09,0.09,0.03,0.333,0.2,0.09,0.429,0.06,0.06,1.0,4,1,35.2333333333,0.06,0.11,0.03,1889,Andre Miller,0.2,0.26,0.14,0.0,0,SAS,1610612759,0.0,3,0.75
11,24.0,0.03,0.04,0.01,5,"203460,1610612760",1,0.16,0.08,0.03,0.324,0.18,0.08,0.465,0.04,0.02,0.4,18,7,471.406666667,0.05,0.1,0.04,203460,Andre Roberson,0.09,0.21,0.21,0.05,0,OKC,1610612760,0.02,11,0.611
12,31.0,0.08,0.1,0.02,5,"101106,1610612744",2,0.21,0.01,0.0,0.0,0.21,0.13,0.623,0.04,0.01,0.357,22,7,365.35,0.13,0.2,0.05,101106,Andrew Bogut,0.09,0.28,0.34,0.04,0,GSW,1610612744,0.05,15,0.682
13,27.0,0.0,0.0,0.0,5,"202726,1610612745",0,0.18,0.09,0.0,0.0,0.53,0.26,0.5,0.0,0.0,0.0,2,2,11.4016666667,0.0,0.0,0.0,202726,Andrew Goudelock,-0.35,0.53,0.18,0.0,0,HOU,1610612745,0.26,0,0.0
14,30.0,0.01,0.0,0.0,5,"201627,1610612760",0,0.03,0.18,0.07,0.357,0.31,0.14,0.458,0.13,0.13,1.0,14,6,76.275,0.0,0.07,0.08,201627,Anthony Morrow,0.01,0.49,0.03,0.01,0,OKC,1610612760,0.05,8,0.571
15,31.0,0.04,0.04,0.0,5,"201229,1610612765",0,0.11,0.08,0.0,0.0,0.15,0.08,0.5,0.0,0.0,0.0,3,3,26.2033333333,0.04,0.0,0.0,201229,Anthony Tolliver,-0.65,0.15,0.15,0.0,0,DET,1610612765,0.0,0,0.0
16,29.0,0.05,0.0,0.05,5,"203382,1610612765",0,0.11,0.0,0.0,0.0,0.2,0.09,0.444,0.07,0.05,0.667,4,4,43.965,0.07,0.09,0.09,203382,Aron Baynes,-0.73,0.23,0.18,0.0,0,DET,1610612765,0.07,0,0.0
17,23.0,0.11,0.0,0.01,5,"203085,1610612746",0,0.08,0.12,0.03,0.235,0.42,0.18,0.426,0.06,0.04,0.667,6,4,143.755,0.03,0.08,0.08,203085,Austin Rivers,-0.15,0.43,0.11,0.02,0,LAC,1610612746,0.05,2,0.333
18,25.0,0.03,0.03,0.03,5,"202340,1610612738",0,0.03,0.21,0.03,0.143,0.48,0.21,0.438,0.09,0.09,1.0,1,1,33.15,0.06,0.06,0.06,202340,Avery Bradley,0.0,0.54,0.09,0.03,0,BOS,1610612738,0.03,0,0.0
19,23.0,0.02,0.05,0.01,5,"202687,1610612761",3,0.27,0.0,0.0,0.0,0.14,0.08,0.58,0.14,0.09,0.597,20,10,505.541666667,0.1,0.09,0.12,202687,Bismack Biyombo,-0.07,0.24,0.37,0.02,0,TOR,1610612761,0.04,10,0.5
20,27.0,0.13,0.02,0.04,5,"201933,1610612746",1,0.22,0.02,0.01,0.5,0.42,0.16,0.377,0.2,0.15,0.76,4,2,126.936666667,0.06,0.07,0.14,201933,Blake Griffin,0.05,0.47,0.28,0.02,0,LAC,1610612746,0.07,2,0.5
21,27.0,0.07,0.05,0.0,5,"1626246,1610612759",0,0.24,0.0,0.0,0.0,0.29,0.19,0.667,0.21,0.19,0.889,7,3,41.8833333333,0.1,0.24,0.12,1626246,Boban Marjanovic,0.02,0.57,0.33,0.0,0,SAS,1610612759,0.07,4,0.571
22,34.0,0.13,0.03,0.03,5,"2564,1610612759",0,0.11,0.04,0.01,0.333,0.29,0.13,0.457,0.03,0.02,0.75,9,3,158.51,0.01,0.06,0.06,2564,Boris Diaw,0.25,0.3,0.12,0.01,0,SAS,1610612759,0.04,6,0.667
23,30.0,0.03,0.02,0.0,5,"201575,1610612744",0,0.21,0.11,0.04,0.333,0.18,0.08,0.45,0.02,0.01,0.5,14,6,110.005,0.0,0.08,0.03,201575,Brandon Rush,-0.01,0.21,0.21,0.02,0,GSW,1610612744,0.02,8,0.571
24,30.0,0.08,0.0,0.0,5,"203148,1610612757",0,0.0,0.11,0.0,0.0,0.25,0.06,0.222,0.17,0.11,0.667,10,6,35.6816666667,0.03,0.14,0.11,203148,Brian Roberts,0.5,0.22,0.03,0.0,0,POR,1610612757,0.03,4,0.4
25,23.0,0.17,0.0,0.0,5,"1627362,1610612748",0,0.0,0.0,0.0,0.0,0.17,0.0,0.0,0.0,0.0,0.0,2,1,6.01666666667,0.0,0.17,0.0,1627362,Briante Weber,1.33,0.0,0.0,0.17,0,MIA,1610612748,0.0,1,0.5
26,24.0,0.08,0.01,0.02,5,"203468,1610612757",0,0.07,0.13,0.05,0.345,0.45,0.19,0.426,0.1,0.08,0.804,11,6,442.446666667,0.02,0.07,0.08,203468,CJ McCollum,0.01,0.51,0.09,0.02,0,POR,1610612757,0.05,5,0.455
27,29.0,0.04,0.01,0.03,5,"101139,1610612754",0,0.22,0.22,0.02,0.1,0.41,0.11,0.263,0.03,0.02,0.667,7,4,91.905,0.04,0.08,0.01,101139,CJ Miles,-0.2,0.26,0.26,0.01,0,IND,1610612754,0.03,3,0.429
28,25.0,0.13,0.0,0.0,5,"203912,1610612746",0,0.13,0.0,0.0,0.0,0.13,0.0,0.0,0.0,0.0,0.0,2,2,7.46666666667,0.0,0.13,0.0,203912,CJ Wilcox,1.21,0.0,0.13,0.0,0,LAC,1610612746,0.0,0,0.0
29,21.0,0.12,0.03,0.03,5,"1626166,1610612760",0,0.06,0.16,0.03,0.2,0.4,0.11,0.269,0.06,0.03,0.5,10,3,64.28,0.0,0.11,0.06,1626166,Cameron Payne,-0.5,0.28,0.06,0.03,0,OKC,1610612760,0.12,7,0.7
30,33.0,0.02,0.04,0.01,5,"101112,1610612739",0,0.15,0.19,0.11,0.565,0.29,0.17,0.594,0.03,0.03,0.857,17,5,237.266666667,0.02,0.16,0.05,101112,Channing Frye,0.31,0.48,0.17,0.03,0,CLE,1610612739,0.02,12,0.706
31,31.0,0.05,0.0,0.0,5,"101111,1610612742",0,0.1,0.25,0.05,0.2,0.59,0.15,0.25,0.1,0.1,1.0,4,4,20.375,0.0,0.1,0.05,101111,Charlie Villanueva,-0.54,0.44,0.1,0.0,0,DAL,1610612742,0.05,0,0.0
32,37.0,0.04,0.04,0.0,5,"2365,1610612763",0,0.23,0.0,0.0,0.0,0.15,0.06,0.417,0.1,0.06,0.625,4,4,78.8133333333,0.16,0.05,0.08,2365,Chris Andersen,-0.42,0.19,0.39,0.03,0,MEM,1610612763,0.06,0,0.0
33,34.0,0.03,0.0,0.03,5,"2549,1610612757",0,0.19,0.0,0.0,0.0,0.56,0.22,0.389,0.0,0.0,0.0,4,2,32.3783333333,0.06,0.31,0.0,2549,Chris Kaman,-0.03,0.43,0.25,0.06,0,POR,1610612757,0.19,2,0.5
34,31.0,0.23,0.0,0.03,5,"101108,1610612746",1,0.1,0.16,0.05,0.3,0.61,0.3,0.487,0.12,0.12,1.0,4,2,125.293333333,0.03,0.1,0.14,101108,Chris Paul,0.24,0.76,0.13,0.07,0,LAC,1610612746,0.03,2,0.5
35,22.0,0.05,0.05,0.02,5,"203991,1610612745",0,0.28,0.0,0.0,0.0,0.21,0.07,0.333,0.12,0.05,0.4,5,4,43.295,0.18,0.12,0.07,203991,Clint Capela,-0.53,0.18,0.46,0.07,0,HOU,1610612745,0.07,1,0.2
36,23.0,0.01,0.02,0.01,5,"203469,1610612766",0,0.2,0.0,0.0,0.0,0.28,0.15,0.553,0.15,0.12,0.81,7,4,137.376666667,0.07,0.15,0.14,203469,Cody Zeller,0.02,0.43,0.27,0.01,0,CHA,1610612766,0.05,3,0.429
37,27.0,0.04,0.04,0.0,5,"202332,1610612746",0,0.29,0.0,0.0,0.0,0.2,0.13,0.667,0.08,0.04,0.5,6,4,76.9,0.1,0.14,0.08,202332,Cole Aldrich,0.0,0.3,0.39,0.08,0,LAC,1610612746,0.03,2,0.333
38,30.0,0.1,0.01,0.04,5,"201147,1610612745",0,0.05,0.13,0.01,0.1,0.35,0.09,0.259,0.1,0.09,0.875,5,4,77.2283333333,0.04,0.17,0.06,201147,Corey Brewer,-0.21,0.28,0.09,0.0,0,HOU,1610612745,0.08,1,0.2
39,24.0,0.1,0.0,0.02,5,"202709,1610612761",0,0.07,0.05,0.02,0.333,0.33,0.15,0.466,0.07,0.05,0.75,20,10,452.341666667,0.02,0.1,0.07,202709,Cory Joseph,-0.18,0.38,0.09,0.04,0,TOR,1610612761,0.05,10,0.5
40,30.0,0.04,0.01,0.01,5,"201584,1610612766",0,0.06,0.04,0.02,0.444,0.2,0.08,0.412,0.06,0.05,0.933,7,4,256.666666667,0.02,0.07,0.03,201584,Courtney Lee,-0.07,0.23,0.08,0.02,0,CHA,1610612766,0.02,3,0.429
41,35.0,0.04,0.02,0.0,5,"2563,1610612739",0,0.14,0.06,0.02,0.333,0.26,0.12,0.462,0.1,0.08,0.8,15,4,50.03,0.0,0.06,0.1,2563,Dahntay Jones,0.0,0.34,0.14,0.02,0,CLE,1610612739,0.02,11,0.733
42,25.0,0.16,0.01,0.04,5,"203081,1610612757",2,0.08,0.24,0.1,0.393,0.55,0.2,0.368,0.18,0.16,0.91,11,6,437.443333333,0.03,0.05,0.14,203081,Damian Lillard,-0.09,0.67,0.11,0.03,0,POR,1610612757,0.08,5,0.455
43,29.0,0.03,0.03,0.0,5,"201980,1610612759",0,0.12,0.18,0.09,0.5,0.24,0.11,0.462,0.01,0.01,0.667,10,4,267.418333333,0.0,0.07,0.03,201980,Danny Green,0.19,0.32,0.12,0.08,0,SAS,1610612759,0.02,6,0.6
44,33.0,0.03,0.0,0.0,5,"101135,1610612742",0,0.15,0.0,0.0,0.0,0.25,0.18,0.75,0.0,0.0,0.0,2,2,32.5533333333,0.03,0.22,0.0,101135,David Lee,-0.58,0.37,0.18,0.0,0,DAL,1610612742,0.0,0,0.0
45,35.0,0.07,0.04,0.02,5,"2561,1610612759",0,0.14,0.03,0.02,0.5,0.31,0.14,0.455,0.05,0.03,0.556,10,4,175.8,0.07,0.11,0.07,2561,David West,0.14,0.33,0.21,0.03,0,SAS,1610612759,0.04,6,0.6
46,27.0,0.06,0.08,0.01,5,"201599,1610612746",4,0.34,0.0,0.0,0.0,0.19,0.12,0.632,0.3,0.11,0.373,6,4,198.313333333,0.15,0.09,0.19,201599,DeAndre Jordan,0.02,0.35,0.49,0.04,0,LAC,1610612746,0.04,2,0.333
47,26.0,0.07,0.0,0.04,5,"201942,1610612761",0,0.09,0.03,0.01,0.154,0.53,0.21,0.394,0.16,0.13,0.813,20,10,745.925,0.02,0.07,0.11,201942,DeMar DeRozan,-0.1,0.56,0.11,0.03,0,TOR,1610612761,0.06,10,0.5
48,29.0,0.03,0.01,0.01,5,"201960,1610612761",0,0.1,0.13,0.04,0.329,0.27,0.1,0.39,0.06,0.05,0.75,20,10,595.948333333,0.04,0.1,0.05,201960,DeMarre Carroll,-0.06,0.3,0.14,0.03,0,TOR,1610612761,0.03,10,0.5
49,24.0,0.07,0.0,0.0,5,"1626153,1610612761",0,0.07,0.02,0.0,0.0,0.24,0.07,0.3,0.31,0.19,0.615,9,6,41.4333333333,0.02,0.05,0.19,1626153,Delon Wright,0.12,0.34,0.1,0.07,0,TOR,1610612761,0.05,3,0.333
50,22.0,0.19,0.01,0.06,5,"203471,1610612737",0,0.07,0.18,0.06,0.343,0.54,0.25,0.452,0.07,0.06,0.846,10,6,191.213333333,0.03,0.13,0.09,203471,Dennis Schroder,0.05,0.61,0.1,0.02,0,ATL,1610612737,0.11,4,0.4
51,32.0,0.16,0.0,0.02,5,"101114,1610612742",0,0.04,0.14,0.06,0.429,0.36,0.12,0.333,0.0,0.0,0.0,3,2,49.3166666667,0.0,0.12,0.02,101114,Deron Williams,-0.83,0.3,0.04,0.02,0,DAL,1610612742,0.14,1,0.333
52,33.0,0.07,0.0,0.01,5,"2734,1610612742",0,0.11,0.11,0.03,0.308,0.25,0.12,0.5,0.08,0.04,0.5,5,4,120.558333333,0.01,0.13,0.07,2734,Devin Harris,-0.23,0.32,0.12,0.02,0,DAL,1610612742,0.02,1,0.2
53,24.0,0.09,0.01,0.01,5,"203079,1610612760",0,0.08,0.11,0.04,0.375,0.27,0.11,0.417,0.06,0.04,0.667,18,7,491.066666667,0.01,0.09,0.05,203079,Dion Waiters,0.13,0.31,0.1,0.02,0,OKC,1610612760,0.04,11,0.611
54,38.0,0.05,0.02,0.02,5,"1717,1610612742",0,0.12,0.06,0.02,0.364,0.49,0.24,0.494,0.1,0.09,0.941,5,4,170.076666667,0.02,0.05,0.15,1717,Dirk Nowitzki,-0.26,0.6,0.14,0.01,0,DAL,1610612742,0.04,1,0.2
55,25.0,0.05,0.02,0.02,5,"202700,1610612745",1,0.16,0.09,0.04,0.444,0.38,0.16,0.432,0.17,0.08,0.471,5,4,98.2883333333,0.1,0.11,0.16,202700,Donatas Motiejunas,-0.24,0.45,0.26,0.04,0,HOU,1610612745,0.12,1,0.2
56,30.0,0.11,0.0,0.05,5,"2748,1610612748",0,0.32,0.26,0.11,0.4,0.53,0.26,0.5,0.21,0.21,1.0,5,3,18.91,0.0,0.11,0.16,2748,Dorell Wright,0.05,0.85,0.32,0.0,0,MIA,1610612748,0.0,2,0.4
57,26.0,0.16,0.05,0.02,5,"203110,1610612744",9,0.22,0.12,0.04,0.365,0.31,0.14,0.431,0.12,0.09,0.738,23,8,879.356666667,0.04,0.09,0.12,203110,Draymond Green,0.16,0.4,0.26,0.04,1,GSW,1610612744,0.06,15,0.652
58,30.0,0.04,0.04,0.03,5,"2730,1610612745",4,0.24,0.01,0.0,0.0,0.27,0.14,0.542,0.21,0.08,0.368,5,4,179.898333333,0.14,0.12,0.18,2730,Dwight Howard,-0.48,0.37,0.39,0.02,0,HOU,1610612745,0.07,1,0.2
59,24.0,0.06,0.0,0.02,5,"203939,1610612742",0,0.13,0.02,0.0,0.0,0.3,0.14,0.474,0.17,0.09,0.545,4,3,63.9266666667,0.14,0.08,0.13,203939,Dwight Powell,-0.23,0.38,0.27,0.02,0,DAL,1610612742,0.02,1,0.25
60,34.0,0.13,0.03,0.02,5,"2548,1610612748",1,0.14,0.05,0.03,0.522,0.54,0.25,0.469,0.14,0.11,0.781,14,7,472.626666667,0.03,0.05,0.1,2548,Dwyane Wade,0.03,0.63,0.17,0.02,0,MIA,1610612748,0.08,7,0.5
61,27.0,0.07,0.03,0.03,5,"202334,1610612757",0,0.24,0.01,0.0,0.0,0.2,0.1,0.525,0.16,0.09,0.576,11,6,204.816666667,0.13,0.16,0.12,202334,Ed Davis,-0.05,0.3,0.37,0.01,0,POR,1610612757,0.05,5,0.455
62,24.0,0.02,0.03,0.03,5,"202683,1610612760",2,0.2,0.04,0.01,0.143,0.37,0.2,0.551,0.14,0.12,0.844,18,7,323.223333333,0.15,0.12,0.09,202683,Enes Kanter,0.08,0.53,0.34,0.02,0,OKC,1610612760,0.05,11,0.611
63,27.0,0.13,0.03,0.04,5,"202323,1610612738",0,0.12,0.07,0.01,0.214,0.4,0.14,0.365,0.08,0.07,0.778,6,4,214.221666667,0.04,0.09,0.08,202323,Evan Turner,-0.11,0.37,0.16,0.04,0,BOS,1610612738,0.08,2,0.333
64,26.0,0.04,0.03,0.05,5,"203105,1610612744",0,0.19,0.0,0.0,0.0,0.34,0.18,0.536,0.22,0.09,0.432,23,9,202.913333333,0.11,0.17,0.13,203105,Festus Ezeli,0.0,0.46,0.3,0.0,0,GSW,1610612744,0.07,14,0.609
65,23.0,0.04,0.03,0.01,5,"1626163,1610612766",0,0.14,0.09,0.03,0.294,0.24,0.07,0.304,0.11,0.09,0.81,7,4,190.498333333,0.02,0.08,0.08,1626163,Frank Kaminsky,-0.06,0.26,0.16,0.03,0,CHA,1610612766,0.01,3,0.429
66,30.0,0.06,0.0,0.0,5,"201588,1610612754",0,0.06,0.11,0.06,0.481,0.24,0.14,0.561,0.09,0.08,0.818,7,4,235.158333333,0.03,0.07,0.09,201588,George Hill,0.16,0.4,0.08,0.03,0,IND,1610612754,0.03,3,0.429
67,30.0,0.01,0.01,0.01,5,"101123,1610612748",0,0.14,0.13,0.04,0.286,0.45,0.15,0.327,0.05,0.04,0.8,12,7,109.818333333,0.02,0.13,0.05,101123,Gerald Green,0.27,0.36,0.15,0.04,0,MIA,1610612748,0.02,5,0.417
68,28.0,0.07,0.01,0.03,5,"201945,1610612757",0,0.12,0.08,0.03,0.368,0.35,0.13,0.366,0.05,0.04,0.75,11,6,233.675,0.03,0.09,0.05,201945,Gerald Henderson,-0.13,0.33,0.15,0.03,0,POR,1610612757,0.02,5,0.455
69,22.0,0.0,0.1,0.0,5,"203922,1610612754",0,0.0,0.0,0.0,0.0,0.39,0.29,0.75,0.1,0.1,1.0,4,2,10.3166666667,0.0,0.0,0.1,203922,Glenn Robinson,-0.39,0.68,0.0,0.0,0,IND,1610612754,0.0,2,0.5
70,30.0,0.11,0.01,0.02,5,"201609,1610612748",0,0.12,0.1,0.03,0.348,0.44,0.19,0.442,0.09,0.07,0.767,14,7,471.956666667,0.02,0.1,0.1,201609,Goran Dragic,0.07,0.49,0.15,0.01,0,MIA,1610612748,0.07,7,0.5
71,24.0,0.04,0.01,0.02,5,"203084,1610612744",1,0.11,0.1,0.04,0.342,0.29,0.11,0.385,0.05,0.04,0.765,24,9,742.808333333,0.04,0.06,0.04,203084,Harrison Barnes,0.06,0.29,0.15,0.02,0,GSW,1610612744,0.02,15,0.625
72,27.0,0.01,0.1,0.02,5,"202355,1610612748",6,0.29,0.0,0.0,0.0,0.24,0.16,0.681,0.15,0.09,0.591,10,5,291.198333333,0.09,0.12,0.12,202355,Hassan Whiteside,0.15,0.41,0.37,0.03,0,MIA,1610612748,0.04,5,0.5
73,25.0,0.1,0.0,0.03,5,"203546,1610612744",0,0.1,0.12,0.04,0.333,0.35,0.17,0.491,0.07,0.05,0.8,16,6,153.538333333,0.01,0.12,0.08,203546,Ian Clark,0.1,0.43,0.11,0.05,0,GSW,1610612744,0.06,10,0.625
74,29.0,0.05,0.03,0.01,5,"101133,1610612754",1,0.14,0.0,0.0,0.0,0.24,0.12,0.5,0.15,0.09,0.6,7,4,171.933333333,0.07,0.15,0.09,101133,Ian Mahinmi,0.04,0.33,0.21,0.03,0,IND,1610612754,0.08,3,0.429
75,26.0,0.05,0.01,0.01,5,"202697,1610612739",0,0.1,0.09,0.04,0.382,0.16,0.07,0.417,0.03,0.02,0.636,21,5,366.831666667,0.03,0.1,0.06,202697,Iman Shumpert,0.0,0.19,0.13,0.03,0,CLE,1610612739,0.04,16,0.762
76,27.0,0.14,0.02,0.07,5,"202738,1610612738",1,0.07,0.21,0.06,0.283,0.54,0.21,0.395,0.21,0.17,0.809,6,4,219.535,0.01,0.08,0.19,202738,Isaiah Thomas,-0.16,0.66,0.08,0.02,0,BOS,1610612738,0.06,2,0.333
77,30.0,0.04,0.01,0.01,5,"2747,1610612739",0,0.08,0.21,0.09,0.43,0.26,0.11,0.436,0.03,0.02,0.619,21,5,730.235,0.01,0.08,0.05,2747,J.R. Smith,0.23,0.33,0.09,0.04,0,CLE,1610612739,0.02,16,0.762
78,32.0,0.03,0.01,0.02,5,"200755,1610612746",0,0.07,0.19,0.07,0.355,0.47,0.2,0.43,0.02,0.01,0.667,6,4,166.386666667,0.01,0.07,0.07,200755,JJ Redick,0.0,0.49,0.07,0.01,0,LAC,1610612746,0.03,2,0.333
79,26.0,0.04,0.07,0.03,5,"203210,1610612763",0,0.14,0.01,0.0,0.0,0.3,0.17,0.545,0.08,0.04,0.5,4,4,72.25,0.07,0.17,0.04,203210,JaMychal Green,-0.71,0.37,0.21,0.04,0,MEM,1610612763,0.06,0,0.0
80,28.0,0.0,0.0,0.0,5,"201580,1610612742",0,0.07,0.0,0.0,0.0,0.14,0.07,0.5,0.42,0.14,0.333,2,2,14.2833333333,0.14,0.21,0.28,201580,JaVale McGee,0.21,0.28,0.21,0.07,0,DAL,1610612742,0.21,0,0.0
81,25.0,0.07,0.02,0.02,5,"203109,1610612738",1,0.17,0.21,0.05,0.244,0.36,0.1,0.278,0.06,0.04,0.636,6,4,197.356666667,0.03,0.09,0.05,203109,Jae Crowder,-0.09,0.29,0.2,0.05,0,BOS,1610612738,0.04,2,0.333
82,36.0,0.07,0.0,0.02,5,"2037,1610612746",0,0.06,0.11,0.02,0.19,0.52,0.2,0.379,0.13,0.11,0.88,6,4,199.211666667,0.01,0.05,0.1,2037,Jamal Crawford,0.06,0.52,0.07,0.05,0,LAC,1610612746,0.05,2,0.333
83,26.0,0.2,0.01,0.02,5,"201935,1610612745",2,0.1,0.22,0.07,0.31,0.52,0.21,0.41,0.23,0.2,0.844,5,4,193.168333333,0.04,0.07,0.15,201935,James Harden,-0.42,0.69,0.13,0.06,0,HOU,1610612745,0.13,1,0.2
84,29.0,0.06,0.0,0.01,5,"201949,1610612761",0,0.12,0.09,0.04,0.444,0.26,0.12,0.48,0.03,0.02,0.667,10,6,97.57,0.03,0.13,0.03,201949,James Johnson,-0.24,0.31,0.15,0.03,0,TOR,1610612761,0.07,4,0.4
85,35.0,0.05,0.0,0.0,5,"2592,1610612739",0,0.05,0.13,0.02,0.143,0.18,0.04,0.2,0.07,0.02,0.25,12,3,54.7,0.02,0.05,0.05,2592,James Jones,-0.05,0.11,0.07,0.0,0,CLE,1610612739,0.02,9,0.75
86,23.0,0.05,0.05,0.05,5,"203949,1610612744",0,0.21,0.0,0.0,0.0,0.11,0.05,0.5,0.11,0.03,0.25,8,4,37.815,0.0,0.16,0.13,203949,James Michael McAdoo,-0.32,0.13,0.21,0.08,0,GSW,1610612744,0.03,4,0.5
87,20.0,0.0,0.0,0.0,5,"203923,1610612738",0,0.0,0.1,0.0,0.0,0.29,0.1,0.333,0.0,0.0,0.0,3,3,10.3433333333,0.0,0.1,0.0,203923,James Young,-0.19,0.19,0.0,0.0,0,BOS,1610612738,0.1,0,0.0
88,24.0,0.09,0.0,0.05,5,"203096,1610612738",0,0.21,0.05,0.02,0.5,0.52,0.16,0.31,0.05,0.04,0.75,6,4,81.4616666667,0.12,0.2,0.02,203096,Jared Sullinger,-0.25,0.38,0.33,0.01,0,BOS,1610612738,0.07,2,0.333
89,22.0,0.02,0.0,0.02,5,"1626185,1610612763",0,0.06,0.0,0.0,0.0,0.17,0.06,0.375,0.13,0.06,0.5,2,2,46.235,0.09,0.09,0.13,1626185,Jarell Martin,-0.56,0.19,0.15,0.06,0,MEM,1610612763,0.06,0,0.0
90,38.0,0.05,0.01,0.01,5,"1891,1610612745",0,0.08,0.15,0.05,0.316,0.31,0.1,0.342,0.02,0.02,1.0,5,4,123.993333333,0.01,0.1,0.01,1891,Jason Terry,-0.52,0.28,0.09,0.02,0,HOU,1610612745,0.02,1,0.2
91,29.0,0.02,0.02,0.0,5,"201574,1610612761",0,0.09,0.02,0.0,0.0,0.16,0.07,0.444,0.05,0.0,0.0,10,7,55.2333333333,0.11,0.11,0.07,201574,Jason Thompson,-0.18,0.14,0.2,0.0,0,TOR,1610612761,0.02,3,0.3
92,29.0,0.0,0.0,0.0,5,"201965,1610612746",0,0.0,0.0,0.0,0.0,0.42,0.42,1.0,0.42,0.42,1.0,2,2,2.4,0.0,0.0,0.42,201965,Jeff Ayres,1.25,1.25,0.0,0.0,0,LAC,1610612746,0.0,0,0.0
93,29.0,0.03,0.01,0.01,5,"201145,1610612746",0,0.1,0.06,0.03,0.4,0.29,0.13,0.457,0.16,0.09,0.6,6,4,158.646666667,0.02,0.08,0.09,201145,Jeff Green,0.02,0.38,0.12,0.04,0,LAC,1610612746,0.02,2,0.333
94,28.0,0.22,0.01,0.05,5,"201952,1610612737",2,0.06,0.13,0.03,0.25,0.43,0.17,0.38,0.19,0.16,0.846,10,6,278.638333333,0.01,0.11,0.15,201952,Jeff Teague,-0.05,0.52,0.07,0.02,0,ATL,1610612737,0.09,4,0.4
95,24.0,0.09,0.0,0.09,5,"203087,1610612766",0,0.26,0.09,0.09,1.0,0.78,0.43,0.556,0.0,0.0,0.0,3,2,11.5833333333,0.09,0.0,0.0,203087,Jeremy Lamb,-0.69,0.95,0.35,0.0,0,CHA,1610612766,0.0,1,0.333
96,27.0,0.1,0.0,0.02,5,"202391,1610612766",0,0.07,0.07,0.02,0.214,0.33,0.14,0.413,0.21,0.17,0.821,7,4,188.706666667,0.02,0.11,0.18,202391,Jeremy Lin,0.03,0.46,0.08,0.03,0,CHA,1610612766,0.06,3,0.429
97,28.0,0.0,0.0,0.0,5,"201975,1610612765",0,0.0,0.0,0.0,0.0,0.59,0.59,1.0,0.0,0.0,0.0,1,1,1.68333333333,0.0,0.0,0.0,201975,Jodie Meeks,-1.78,1.19,0.0,0.0,0,DET,1610612765,0.0,0,0.0
98,34.0,0.07,0.01,0.01,5,"2207,1610612748",0,0.12,0.09,0.03,0.283,0.32,0.14,0.43,0.05,0.04,0.875,14,7,492.393333333,0.01,0.05,0.06,2207,Joe Johnson,0.06,0.35,0.13,0.02,0,MIA,1610612748,0.04,7,0.5
99,24.0,0.1,0.0,0.1,5,"1626202,1610612754",0,0.1,0.39,0.1,0.25,0.78,0.29,0.375,0.19,0.19,1.0,4,2,10.3166666667,0.0,0.29,0.1,1626202,Joe Young,-0.39,0.87,0.1,0.0,0,IND,1610612754,0.19,2,0.5
100,27.0,0.0,0.0,0.0,5,"204066,1610612738",0,0.0,0.76,0.0,0.0,0.76,0.0,0.0,0.0,0.0,0.0,1,1,1.31666666667,0.0,0.0,0.0,204066,John Holland,-1.52,0.0,0.0,0.0,0,BOS,1610612738,0.0,0,0.0
101,29.0,0.06,0.02,0.02,5,"201973,1610612738",2,0.21,0.14,0.04,0.318,0.28,0.14,0.478,0.03,0.02,0.8,6,4,162.226666667,0.04,0.09,0.02,201973,Jonas Jerebko,-0.08,0.34,0.25,0.01,0,BOS,1610612738,0.03,2,0.333
102,24.0,0.03,0.04,0.02,5,"202685,1610612761",6,0.25,0.0,0.0,0.0,0.37,0.21,0.567,0.12,0.09,0.744,12,6,320.753333333,0.15,0.1,0.14,202685,Jonas Valanciunas,0.03,0.51,0.4,0.03,0,TOR,1610612761,0.06,6,0.5
103,26.0,0.08,0.0,0.16,5,"203613,1610612759",0,0.04,0.12,0.08,0.667,0.39,0.16,0.4,0.08,0.04,0.5,3,0,25.5766666667,0.12,0.16,0.08,203613,Jonathon Simmons,-0.12,0.43,0.16,0.08,0,SAS,1610612759,0.04,3,1.0
104,29.0,0.14,0.01,0.0,5,"200770,1610612763",0,0.05,0.11,0.04,0.333,0.27,0.09,0.323,0.03,0.03,1.0,4,4,113.245,0.0,0.04,0.03,200770,Jordan Farmar,-0.33,0.24,0.05,0.03,0,MEM,1610612763,0.09,0,0.0
105,28.0,0.13,0.0,0.0,5,"201941,1610612754",0,0.26,0.0,0.0,0.0,0.2,0.0,0.0,0.0,0.0,0.0,5,2,15.1333333333,0.13,0.07,0.0,201941,Jordan Hill,-0.13,0.0,0.4,0.0,0,IND,1610612754,0.0,3,0.6
106,25.0,0.0,0.0,0.0,5,"203895,1610612739",0,0.48,0.24,0.24,1.0,0.96,0.96,1.0,0.0,0.0,0.0,2,0,4.16666666667,0.0,0.0,0.0,203895,Jordan McRae,2.64,2.16,0.48,0.0,0,CLE,1610612739,0.0,2,1.0
107,21.0,0.2,0.1,0.0,5,"1626175,1610612738",0,0.1,0.0,0.0,0.0,0.4,0.2,0.5,0.0,0.0,0.0,2,2,10.1166666667,0.1,0.0,0.0,1626175,Jordan Mickey,-0.2,0.4,0.2,0.0,0,BOS,1610612738,0.0,0,0.0
108,27.0,0.17,0.0,0.0,5,"203268,1610612766",0,0.17,0.0,0.0,0.0,0.26,0.0,0.0,0.0,0.0,0.0,3,2,11.5833333333,0.0,0.0,0.09,203268,Jorge Gutierrez,-0.69,0.0,0.17,0.0,0,CHA,1610612766,0.09,1,0.333
109,32.0,0.2,0.0,0.02,5,"200826,1610612742",0,0.06,0.08,0.01,0.125,0.34,0.11,0.324,0.02,0.02,1.0,4,4,100.441666667,0.0,0.08,0.04,200826,Jose Juan Barea,-0.33,0.25,0.06,0.0,0,DAL,1610612742,0.11,0,0.0
110,24.0,0.0,0.0,0.0,5,"203962,1610612760",0,0.2,0.2,0.1,0.5,0.29,0.1,0.333,0.0,0.0,0.0,2,0,10.2166666667,0.1,0.1,0.1,203962,Josh Huestis,0.2,0.29,0.29,0.0,0,OKC,1610612760,0.0,2,1.0
111,29.0,0.07,0.04,0.0,5,"201177,1610612748",0,0.14,0.05,0.0,0.0,0.25,0.12,0.471,0.04,0.04,1.0,10,5,133.6,0.05,0.15,0.06,201177,Josh McRoberts,0.25,0.28,0.19,0.04,0,MIA,1610612748,0.03,5,0.5
112,22.0,0.06,0.03,0.01,5,"1626196,1610612748",0,0.1,0.12,0.04,0.37,0.23,0.09,0.371,0.04,0.03,0.714,14,7,386.663333333,0.03,0.1,0.04,1626196,Josh Richardson,0.11,0.24,0.13,0.02,0,MIA,1610612748,0.03,7,0.5
113,30.0,0.11,0.03,0.0,5,"2746,1610612745",0,0.03,0.21,0.11,0.5,0.35,0.16,0.462,0.05,0.0,0.0,4,3,37.4933333333,0.03,0.19,0.03,2746,Josh Smith,-0.43,0.43,0.05,0.03,0,HOU,1610612745,0.13,1,0.25
114,22.0,0.07,0.03,0.01,5,"1626147,1610612742",0,0.12,0.14,0.04,0.308,0.39,0.18,0.459,0.15,0.09,0.643,5,4,94.9433333333,0.09,0.13,0.09,1626147,Justin Anderson,-0.16,0.5,0.21,0.04,0,DAL,1610612742,0.05,1,0.2
115,20.0,0.02,0.01,0.02,5,"1626159,1610612748",0,0.14,0.05,0.02,0.278,0.22,0.1,0.432,0.09,0.06,0.7,13,6,329.55,0.05,0.11,0.08,1626159,Justise Winslow,-0.13,0.27,0.19,0.02,0,MIA,1610612748,0.04,7,0.538
116,23.0,0.03,0.09,0.09,5,"203909,1610612745",0,0.18,0.09,0.03,0.333,0.39,0.12,0.308,0.0,0.0,0.0,4,4,33.7466666667,0.03,0.09,0.03,203909,KJ McDaniels,0.03,0.27,0.21,0.0,0,HOU,1610612745,0.0,0,0.0
117,24.0,0.08,0.04,0.03,5,"202695,1610612759",1,0.14,0.12,0.05,0.436,0.49,0.25,0.5,0.15,0.12,0.824,10,4,338.605,0.04,0.06,0.12,202695,Kawhi Leonard,0.19,0.66,0.19,0.08,0,SAS,1610612759,0.05,6,0.6
118,25.0,0.1,0.0,0.06,5,"203482,1610612738",0,0.06,0.1,0.0,0.0,0.29,0.03,0.111,0.0,0.0,0.0,4,3,31.545,0.06,0.16,0.03,203482,Kelly Olynyk,-1.01,0.06,0.13,0.03,0,BOS,1610612738,0.13,1,0.25
119,26.0,0.11,0.02,0.09,5,"202689,1610612766",0,0.07,0.17,0.05,0.326,0.59,0.22,0.366,0.13,0.13,0.943,7,4,259.826666667,0.01,0.04,0.13,202689,Kemba Walker,-0.24,0.61,0.08,0.03,0,CHA,1610612766,0.05,3,0.429
120,26.0,0.06,0.02,0.03,5,"203145,1610612737",1,0.18,0.19,0.05,0.262,0.37,0.14,0.364,0.07,0.05,0.682,10,6,325.423333333,0.02,0.04,0.06,203145,Kent Bazemore,-0.14,0.37,0.2,0.05,0,ATL,1610612737,0.03,4,0.4
121,23.0,0.07,0.01,0.01,5,"203484,1610612765",0,0.09,0.17,0.07,0.444,0.31,0.14,0.44,0.04,0.03,0.714,4,4,161.066666667,0.01,0.04,0.04,203484,Kentavious Caldwell-Pope,-0.12,0.38,0.11,0.04,0,DET,1610612765,0.01,0,0.0
122,27.0,0.08,0.02,0.02,5,"201142,1610612760",2,0.16,0.15,0.04,0.282,0.56,0.24,0.43,0.2,0.18,0.89,18,7,725.598333333,0.02,0.05,0.14,201142,Kevin Durant,0.14,0.7,0.18,0.02,0,OKC,1610612760,0.09,11,0.611
123,27.0,0.07,0.01,0.02,5,"201567,1610612739",10,0.23,0.18,0.08,0.414,0.39,0.15,0.385,0.12,0.1,0.84,20,5,612.495,0.06,0.06,0.12,201567,Kevin Love,0.26,0.48,0.29,0.01,0,CLE,1610612739,0.04,15,0.75
124,33.0,0.06,0.0,0.02,5,"2755,1610612759",0,0.08,0.16,0.08,0.5,0.41,0.16,0.4,0.06,0.04,0.667,5,2,49.2666666667,0.0,0.1,0.04,2755,Kevin Martin,0.2,0.45,0.08,0.02,0,SAS,1610612759,0.12,3,0.6
125,35.0,0.11,0.0,0.0,5,"2550,1610612737",0,0.15,0.11,0.04,0.333,0.26,0.07,0.286,0.0,0.0,0.0,6,2,27.4433333333,0.0,0.07,0.04,2550,Kirk Hinrich,0.26,0.18,0.15,0.0,0,ATL,1610612737,0.0,4,0.667
126,26.0,0.06,0.01,0.03,5,"202691,1610612744",0,0.09,0.27,0.12,0.424,0.53,0.24,0.444,0.11,0.1,0.854,24,9,848.848333333,0.02,0.06,0.1,202691,Klay Thompson,0.08,0.69,0.1,0.03,0,GSW,1610612744,0.06,15,0.625
127,31.0,0.07,0.09,0.0,5,"2743,1610612737",0,0.29,0.18,0.09,0.5,0.5,0.23,0.464,0.11,0.11,1.0,4,3,56.1216666667,0.14,0.16,0.07,2743,Kris Humphries,0.3,0.66,0.43,0.04,0,ATL,1610612737,0.04,1,0.25
128,22.0,0.05,0.02,0.01,5,"203937,1610612759",0,0.17,0.02,0.01,0.333,0.19,0.06,0.32,0.05,0.05,0.857,10,4,128.743333333,0.02,0.09,0.07,203937,Kyle Anderson,-0.04,0.18,0.19,0.05,0,SAS,1610612759,0.03,6,0.6
129,35.0,0.03,0.01,0.01,5,"2594,1610612737",0,0.14,0.17,0.08,0.444,0.24,0.11,0.467,0.03,0.03,1.0,10,6,316.445,0.01,0.07,0.06,2594,Kyle Korver,0.16,0.33,0.15,0.03,0,ATL,1610612737,0.03,4,0.4
130,30.0,0.16,0.0,0.03,5,"200768,1610612761",2,0.1,0.18,0.05,0.304,0.43,0.17,0.397,0.14,0.1,0.75,20,10,766.223333333,0.02,0.1,0.12,200768,Kyle Lowry,0.01,0.5,0.12,0.04,0,TOR,1610612761,0.08,10,0.5
131,28.0,0.0,0.0,0.0,5,"202713,1610612760",0,0.12,0.08,0.04,0.5,0.18,0.06,0.333,0.04,0.0,0.0,6,3,50.54,0.02,0.08,0.04,202713,Kyle Singler,-0.22,0.16,0.14,0.02,0,OKC,1610612760,0.0,3,0.5
132,24.0,0.13,0.02,0.03,5,"202681,1610612739",0,0.06,0.15,0.07,0.44,0.55,0.26,0.475,0.11,0.1,0.875,21,5,773.71,0.02,0.06,0.08,202681,Kyrie Irving,0.19,0.69,0.08,0.05,0,CLE,1610612739,0.06,16,0.762
133,30.0,0.03,0.04,0.01,5,"200746,1610612759",3,0.18,0.01,0.01,1.0,0.5,0.26,0.521,0.14,0.12,0.891,10,4,337.2,0.07,0.05,0.09,200746,LaMarcus Aldridge,0.17,0.65,0.25,0.01,0,SAS,1610612759,0.03,6,0.6
134,24.0,0.15,0.0,0.05,5,"203934,1610612737",0,0.26,0.15,0.05,0.333,0.36,0.1,0.286,0.05,0.05,1.0,4,2,19.56,0.0,0.05,0.05,203934,Lamar Patterson,0.26,0.31,0.26,0.05,0,ATL,1610612737,0.2,2,0.5
135,25.0,0.07,0.0,0.03,5,"202362,1610612763",0,0.05,0.05,0.02,0.4,0.46,0.24,0.523,0.05,0.04,0.8,4,4,94.95,0.01,0.11,0.05,202362,Lance Stephenson,-0.36,0.55,0.06,0.01,0,MEM,1610612763,0.03,0,0.0
136,27.0,0.04,0.02,0.04,5,"202730,1610612754",0,0.2,0.0,0.0,0.0,0.2,0.06,0.3,0.0,0.0,0.0,6,3,50.865,0.08,0.04,0.0,202730,Lavoy Allen,-0.43,0.12,0.28,0.02,0,IND,1610612754,0.02,3,0.5
137,31.0,0.19,0.03,0.02,5,"2544,1610612739",13,0.19,0.11,0.04,0.34,0.51,0.27,0.525,0.15,0.1,0.661,21,5,821.788333333,0.05,0.07,0.14,2544,LeBron James,0.25,0.67,0.24,0.06,2,CLE,1610612739,0.09,16,0.762
138,33.0,0.06,0.0,0.03,5,"2571,1610612744",0,0.06,0.11,0.04,0.393,0.35,0.2,0.58,0.08,0.06,0.762,23,9,254.368333333,0.04,0.09,0.07,2571,Leandro Barbosa,0.12,0.51,0.11,0.04,0,GSW,1610612744,0.04,14,0.609
139,29.0,0.01,0.0,0.01,5,"201601,1610612746",0,0.1,0.0,0.0,0.0,0.08,0.05,0.667,0.01,0.01,1.0,5,3,78.3766666667,0.03,0.11,0.03,201601,Luc Mbah a Moute,-0.24,0.11,0.13,0.04,0,LAC,1610612746,0.03,2,0.4
140,23.0,0.0,0.0,0.0,5,"203512,1610612761",0,0.24,0.0,0.0,0.0,0.14,0.1,0.75,0.0,0.0,0.0,5,4,29.15,0.03,0.1,0.0,203512,Lucas Nogueira,-0.24,0.21,0.27,0.0,0,TOR,1610612761,0.0,1,0.2
141,23.0,0.0,0.0,0.0,5,"1626242,1610612757",0,0.0,0.26,0.26,1.0,0.39,0.39,1.0,0.0,0.0,0.0,6,3,7.61333333333,0.0,0.13,0.0,1626242,Luis Montero,-0.39,1.05,0.0,0.0,0,POR,1610612757,0.0,3,0.5
142,36.0,0.05,0.0,0.02,5,"2449,1610612761",0,0.11,0.15,0.03,0.19,0.22,0.06,0.258,0.08,0.06,0.727,11,6,140.283333333,0.01,0.16,0.1,2449,Luis Scola,-0.37,0.2,0.13,0.02,0,TOR,1610612761,0.04,5,0.455
143,31.0,0.04,0.02,0.01,5,"2736,1610612748",0,0.13,0.12,0.05,0.421,0.28,0.13,0.471,0.08,0.06,0.842,14,7,494.631666667,0.04,0.05,0.07,2736,Luol Deng,0.11,0.38,0.17,0.03,0,MIA,1610612748,0.05,7,0.5
144,38.0,0.13,0.02,0.01,5,"1938,1610612759",0,0.11,0.11,0.05,0.429,0.24,0.1,0.426,0.12,0.09,0.783,10,4,192.326666667,0.03,0.13,0.13,1938,Manu Ginobili,0.31,0.35,0.14,0.04,0,SAS,1610612759,0.04,6,0.6
145,26.0,0.07,0.0,0.0,5,"202694,1610612765",0,0.08,0.12,0.05,0.389,0.33,0.15,0.468,0.16,0.14,0.87,4,4,144.1,0.01,0.12,0.11,202694,Marcus Morris,-0.17,0.49,0.09,0.01,0,DET,1610612765,0.03,0,0.0
146,22.0,0.09,0.03,0.05,5,"203935,1610612738",0,0.1,0.17,0.06,0.344,0.31,0.11,0.367,0.11,0.09,0.81,6,4,192.521666667,0.04,0.09,0.12,203935,Marcus Smart,-0.09,0.37,0.14,0.05,0,BOS,1610612738,0.08,2,0.333
147,28.0,0.05,0.04,0.02,5,"201578,1610612744",0,0.16,0.21,0.09,0.419,0.59,0.23,0.39,0.15,0.12,0.774,24,9,201.066666667,0.07,0.21,0.14,201578,Marreese Speights,0.03,0.67,0.23,0.01,0,GSW,1610612744,0.1,15,0.625
148,30.0,0.03,0.01,0.03,5,"101107,1610612766",1,0.18,0.07,0.03,0.353,0.22,0.06,0.275,0.02,0.01,0.5,7,4,227.585,0.03,0.05,0.05,101107,Marvin Williams,-0.29,0.16,0.21,0.03,0,CHA,1610612766,0.01,3,0.429
149,26.0,0.17,0.04,0.04,5,"203486,1610612757",4,0.3,0.0,0.0,0.0,0.23,0.09,0.4,0.11,0.07,0.636,11,6,306.065,0.12,0.14,0.1,203486,Mason Plumlee,-0.03,0.25,0.42,0.02,0,POR,1610612757,0.08,5,0.455
150,36.0,0.08,0.01,0.03,5,"2440,1610612763",1,0.17,0.13,0.02,0.167,0.33,0.11,0.348,0.07,0.06,0.8,4,4,139.133333333,0.04,0.09,0.06,2440,Matt Barnes,-0.48,0.31,0.21,0.03,0,MEM,1610612763,0.09,0,0.0
151,25.0,0.23,0.0,0.02,5,"203521,1610612739",0,0.05,0.13,0.03,0.258,0.31,0.11,0.351,0.1,0.07,0.75,20,5,241.433333333,0.02,0.13,0.1,203521,Matthew Dellavedova,0.06,0.32,0.06,0.0,0,CLE,1610612739,0.06,15,0.75
152,23.0,0.03,0.01,0.03,5,"203090,1610612757",1,0.13,0.16,0.06,0.341,0.4,0.17,0.427,0.09,0.04,0.48,11,6,271.655,0.08,0.14,0.1,203090,Maurice Harkless,-0.11,0.45,0.21,0.04,0,POR,1610612757,0.04,5,0.455
153,27.0,0.04,0.0,0.05,5,"201563,1610612745",0,0.21,0.07,0.02,0.333,0.57,0.27,0.478,0.09,0.07,0.857,5,4,80.26,0.05,0.1,0.06,201563,Michael Beasley,-0.29,0.65,0.26,0.01,0,HOU,1610612745,0.09,1,0.2
154,24.0,0.04,0.01,0.01,5,"203488,1610612737",0,0.15,0.09,0.03,0.333,0.3,0.15,0.5,0.03,0.03,1.0,9,5,66.8183333333,0.1,0.09,0.03,203488,Mike Muscala,-0.09,0.36,0.25,0.0,0,ATL,1610612737,0.04,4,0.444
155,27.0,0.03,0.02,0.01,5,"203118,1610612737",0,0.17,0.1,0.05,0.5,0.25,0.16,0.625,0.05,0.04,0.875,10,6,160.983333333,0.03,0.12,0.07,203118,Mike Scott,0.08,0.4,0.2,0.02,0,ATL,1610612737,0.05,4,0.4
156,33.0,0.04,0.0,0.0,5,"2590,1610612739",0,0.09,0.19,0.04,0.231,0.41,0.12,0.286,0.03,0.01,0.5,13,3,68.0933333333,0.0,0.12,0.07,2590,Mo Williams,-0.29,0.29,0.09,0.06,0,CLE,1610612739,0.15,10,0.769
157,30.0,0.13,0.0,0.02,5,"101145,1610612754",0,0.1,0.09,0.03,0.333,0.34,0.15,0.434,0.04,0.04,0.8,7,4,225.295,0.02,0.08,0.06,101145,Monta Ellis,0.02,0.36,0.12,0.07,0,IND,1610612754,0.08,3,0.429
158,22.0,0.0,0.0,0.0,5,"1626149,1610612745",0,0.17,0.09,0.0,0.0,0.26,0.09,0.333,0.17,0.09,0.5,2,2,11.6166666667,0.0,0.09,0.09,1626149,Montrezl Harrell,-0.43,0.26,0.17,0.0,0,HOU,1610612745,0.09,0,0.0
159,20.0,0.02,0.12,0.01,5,"1626167,1610612754",0,0.15,0.01,0.0,0.0,0.36,0.17,0.465,0.05,0.03,0.667,7,4,197.171666667,0.08,0.12,0.07,1626167,Myles Turner,0.07,0.37,0.23,0.01,0,IND,1610612754,0.06,3,0.429
160,38.0,0.0,0.1,0.0,5,"1737,1610612760",0,0.21,0.0,0.0,0.0,0.21,0.1,0.5,0.0,0.0,0.0,5,2,9.69333333333,0.1,0.1,0.0,1737,Nazr Mohammed,0.31,0.21,0.31,0.0,0,OKC,1610612760,0.1,3,0.6
161,35.0,0.06,0.0,0.0,5,"2555,1610612760",0,0.1,0.0,0.0,0.0,0.08,0.05,0.667,0.03,0.01,0.5,9,3,78.5383333333,0.04,0.22,0.05,2555,Nick Collison,0.03,0.11,0.14,0.1,0,OKC,1610612760,0.01,6,0.667
162,27.0,0.07,0.0,0.01,5,"201587,1610612766",0,0.11,0.15,0.04,0.273,0.31,0.12,0.378,0.14,0.12,0.85,5,4,143.815,0.01,0.04,0.08,201587,Nicolas Batum,-0.6,0.4,0.13,0.01,0,CHA,1610612766,0.06,1,0.2
163,20.0,0.17,0.0,0.09,5,"203943,1610612757",0,0.26,0.0,0.0,0.0,0.26,0.0,0.0,0.0,0.0,0.0,6,3,11.7633333333,0.09,0.09,0.0,203943,Noah Vonleh,-0.34,0.0,0.34,0.17,0,POR,1610612757,0.0,3,0.5
164,23.0,0.03,0.01,0.01,5,"1626181,1610612761",0,0.11,0.13,0.03,0.269,0.34,0.13,0.386,0.04,0.03,0.875,18,10,206.008333333,0.02,0.09,0.02,1626181,Norman Powell,-0.09,0.33,0.13,0.06,0,TOR,1610612761,0.02,8,0.444
165,23.0,0.0,0.0,0.0,5,"203798,1610612763",0,0.0,0.14,0.05,0.333,0.27,0.09,0.333,0.09,0.0,0.0,2,2,22.1833333333,0.0,0.05,0.05,203798,PJ Hairston,-0.41,0.23,0.0,0.05,0,MEM,1610612763,0.05,0,0.0
166,39.0,0.27,0.0,0.0,5,"203143,1610612746",0,0.04,0.08,0.0,0.0,0.19,0.0,0.0,0.0,0.0,0.0,5,3,25.825,0.08,0.31,0.0,203143,Pablo Prigioni,-0.15,0.0,0.12,0.0,0,LAC,1610612746,0.12,2,0.4
167,23.0,0.0,0.0,0.0,5,"1626192,1610612757",0,0.13,0.38,0.25,0.667,0.64,0.38,0.6,0.0,0.0,0.0,6,3,7.865,0.0,0.0,0.0,1626192,Pat Connaughton,-0.38,1.02,0.13,0.0,0,POR,1610612757,0.0,3,0.5
168,27.0,0.09,0.02,0.03,5,"201976,1610612745",0,0.14,0.11,0.02,0.214,0.29,0.08,0.27,0.05,0.05,1.0,5,4,128.718333333,0.03,0.13,0.09,201976,Patrick Beverley,-0.29,0.23,0.17,0.02,0,HOU,1610612745,0.03,1,0.2
169,27.0,0.04,0.02,0.01,5,"202335,1610612761",1,0.08,0.12,0.04,0.3,0.23,0.09,0.404,0.04,0.04,0.846,20,10,582.983333333,0.05,0.05,0.04,202335,Patrick Patterson,-0.04,0.26,0.13,0.01,0,TOR,1610612761,0.03,10,0.5
170,27.0,0.12,0.0,0.0,5,"201988,1610612759",0,0.08,0.22,0.08,0.361,0.32,0.14,0.434,0.07,0.04,0.636,10,4,167.005,0.0,0.02,0.12,201988,Patty Mills,0.33,0.4,0.08,0.04,0,SAS,1610612759,0.05,6,0.6
171,26.0,0.11,0.02,0.04,5,"202331,1610612754",3,0.16,0.16,0.07,0.419,0.45,0.2,0.455,0.23,0.22,0.953,7,4,275.42,0.03,0.09,0.21,202331,Paul George,0.16,0.69,0.19,0.05,0,IND,1610612754,0.08,3,0.429
172,31.0,0.07,0.06,0.02,5,"200794,1610612737",3,0.18,0.09,0.02,0.242,0.38,0.16,0.431,0.15,0.11,0.745,10,6,365.063333333,0.08,0.08,0.15,200794,Paul Millsap,-0.04,0.46,0.26,0.04,0,ATL,1610612737,0.07,4,0.4
173,38.0,0.02,0.0,0.0,5,"1718,1610612746",0,0.11,0.09,0.02,0.2,0.22,0.04,0.167,0.07,0.02,0.25,5,4,53.6616666667,0.0,0.11,0.04,1718,Paul Pierce,-0.26,0.11,0.11,0.04,0,LAC,1610612746,0.04,1,0.2
174,22.0,0.07,0.02,0.05,5,"1626154,1610612738",0,0.12,0.12,0.02,0.2,0.22,0.05,0.222,0.0,0.0,0.0,5,4,41.06,0.02,0.07,0.0,1626154,RJ Hunter,0.0,0.12,0.15,0.0,0,BOS,1610612738,0.02,1,0.2
175,32.0,0.07,0.02,0.01,5,"200751,1610612760",0,0.09,0.14,0.04,0.308,0.22,0.07,0.341,0.02,0.02,1.0,16,6,189.9,0.01,0.09,0.04,200751,Randy Foye,-0.05,0.21,0.11,0.01,0,OKC,1610612760,0.06,10,0.625
176,32.0,0.13,0.0,0.04,5,"101109,1610612742",2,0.12,0.08,0.02,0.286,0.4,0.19,0.464,0.06,0.04,0.636,5,4,172.323333333,0.01,0.08,0.06,101109,Raymond Felton,-0.33,0.44,0.13,0.03,0,DAL,1610612742,0.07,1,0.2
177,25.0,0.14,0.0,0.0,5,"203493,1610612765",0,0.09,0.14,0.09,0.667,0.27,0.23,0.833,0.0,0.0,0.0,2,2,21.935,0.0,0.09,0.0,203493,Reggie Bullock,-0.78,0.55,0.09,0.05,0,DET,1610612765,0.0,0,0.0
178,26.0,0.25,0.01,0.01,5,"202704,1610612765",2,0.07,0.12,0.02,0.167,0.37,0.17,0.455,0.03,0.03,1.0,4,4,147.1,0.01,0.07,0.07,202704,Reggie Jackson,-0.05,0.39,0.09,0.04,0,DET,1610612765,0.07,0,0.0
179,36.0,0.04,0.0,0.02,5,"2210,1610612739",0,0.15,0.07,0.03,0.393,0.22,0.12,0.524,0.05,0.04,0.75,21,5,381.535,0.04,0.09,0.06,2210,Richard Jefferson,0.11,0.3,0.19,0.03,0,CLE,1610612739,0.03,16,0.762
180,30.0,0.11,0.01,0.03,5,"201155,1610612754",0,0.11,0.08,0.04,0.5,0.34,0.14,0.395,0.07,0.04,0.556,7,4,124.655,0.01,0.07,0.09,201155,Rodney Stuckey,0.07,0.35,0.12,0.03,0,IND,1610612754,0.05,3,0.429
181,27.0,0.29,0.0,0.03,5,"201566,1610612760",15,0.12,0.16,0.05,0.324,0.58,0.24,0.405,0.21,0.17,0.829,18,7,674.02,0.06,0.06,0.15,201566,Russell Westbrook,0.18,0.69,0.18,0.07,1,OKC,1610612760,0.12,11,0.611
182,30.0,0.01,0.07,0.01,5,"1626257,1610612742",0,0.11,0.0,0.0,0.0,0.13,0.09,0.7,0.16,0.07,0.417,4,3,75.97,0.07,0.14,0.13,1626257,Salah Mejri,-0.21,0.25,0.17,0.04,0,DAL,1610612742,0.0,1,0.25
183,26.0,0.02,0.04,0.0,5,"201586,1610612760",1,0.15,0.11,0.05,0.449,0.27,0.14,0.521,0.03,0.02,0.75,18,7,602.428333333,0.04,0.08,0.03,201586,Serge Ibaka,0.21,0.36,0.19,0.02,0,OKC,1610612760,0.01,11,0.611
184,30.0,0.16,0.01,0.02,5,"2733,1610612744",0,0.12,0.0,0.0,0.0,0.33,0.16,0.488,0.07,0.06,0.865,24,9,514.308333333,0.03,0.09,0.07,2733,Shaun Livingston,0.15,0.38,0.15,0.02,0,GSW,1610612744,0.06,15,0.625
185,25.0,0.04,0.0,0.02,5,"203524,1610612754",0,0.12,0.1,0.06,0.579,0.16,0.07,0.452,0.08,0.08,0.938,7,4,198.255,0.03,0.1,0.07,203524,Solomon Hill,0.1,0.27,0.14,0.01,0,IND,1610612754,0.02,3,0.429
186,23.0,0.59,0.0,0.0,5,"203915,1610612765",0,0.0,0.0,0.0,0.0,0.59,0.59,1.0,0.0,0.0,0.0,1,1,1.68333333333,0.0,0.0,0.0,203915,Spencer Dinwiddie,-1.78,1.19,0.0,0.0,0,DET,1610612765,0.0,0,0.0
187,28.0,0.06,0.04,0.02,5,"201150,1610612766",0,0.24,0.08,0.02,0.25,0.24,0.11,0.462,0.11,0.09,0.833,5,2,53.245,0.06,0.09,0.08,201150,Spencer Hawes,0.47,0.34,0.3,0.02,0,CHA,1610612766,0.08,3,0.6
188,20.0,0.0,0.0,0.0,5,"1626169,1610612765",0,0.2,0.12,0.07,0.6,0.28,0.15,0.522,0.02,0.02,1.0,4,4,81.48,0.0,0.12,0.04,1626169,Stanley Johnson,-0.11,0.39,0.2,0.01,0,DET,1610612765,0.04,0,0.0
189,28.0,0.15,0.01,0.02,5,"201939,1610612744",3,0.14,0.32,0.13,0.404,0.55,0.24,0.438,0.14,0.12,0.916,18,7,614.28,0.02,0.06,0.14,201939,Stephen Curry,0.08,0.74,0.16,0.04,0,GSW,1610612744,0.12,11,0.611
190,36.0,0.23,0.0,0.0,5,"2581,1610612765",0,0.09,0.05,0.02,0.5,0.12,0.02,0.2,0.05,0.02,0.5,4,4,43.2166666667,0.0,0.16,0.05,2581,Steve Blake,-0.56,0.09,0.09,0.0,0,DET,1610612765,0.12,0,0.0
191,22.0,0.02,0.03,0.03,5,"203500,1610612760",6,0.2,0.0,0.0,0.0,0.2,0.12,0.613,0.13,0.08,0.63,18,7,552.813333333,0.11,0.1,0.12,203500,Steven Adams,0.08,0.33,0.31,0.02,0,OKC,1610612760,0.03,11,0.611
192,25.0,0.03,0.01,0.01,5,"203082,1610612761",0,0.08,0.19,0.06,0.328,0.35,0.14,0.387,0.06,0.04,0.65,20,10,335.605,0.01,0.08,0.05,203082,Terrence Ross,-0.27,0.38,0.1,0.04,0,TOR,1610612761,0.05,10,0.5
193,22.0,0.06,0.03,0.0,5,"1626179,1610612738",0,0.14,0.11,0.04,0.364,0.23,0.09,0.391,0.02,0.02,1.0,5,3,98.605,0.03,0.05,0.04,1626179,Terry Rozier,-0.26,0.24,0.17,0.01,0,BOS,1610612738,0.02,2,0.4
194,32.0,0.08,0.03,0.0,5,"200757,1610612737",0,0.16,0.09,0.03,0.368,0.23,0.11,0.478,0.07,0.04,0.533,10,6,202.606666667,0.04,0.08,0.04,200757,Thabo Sefolosha,-0.19,0.29,0.2,0.05,0,ATL,1610612737,0.05,4,0.4
195,40.0,0.06,0.06,0.04,5,"1495,1610612759",0,0.17,0.0,0.0,0.0,0.24,0.1,0.423,0.1,0.07,0.714,10,4,218.263333333,0.05,0.08,0.07,1495,Tim Duncan,0.31,0.27,0.22,0.01,0,SAS,1610612759,0.05,6,0.6
196,24.0,0.08,0.01,0.0,5,"203501,1610612737",0,0.1,0.16,0.02,0.143,0.3,0.08,0.269,0.07,0.05,0.667,9,5,87.28,0.0,0.02,0.07,203501,Tim Hardaway Jr.,0.03,0.23,0.1,0.0,0,ATL,1610612737,0.03,4,0.444
197,29.0,0.03,0.04,0.0,5,"202389,1610612739",0,0.21,0.0,0.0,0.0,0.2,0.08,0.4,0.05,0.04,0.75,13,3,75.5716666667,0.07,0.21,0.08,202389,Timofey Mozgov,-0.38,0.2,0.28,0.04,0,CLE,1610612739,0.11,10,0.769
198,23.0,0.08,0.02,0.03,5,"202699,1610612765",1,0.2,0.08,0.03,0.333,0.29,0.13,0.457,0.08,0.08,0.923,4,4,156.15,0.04,0.07,0.06,202699,Tobias Harris,-0.03,0.37,0.24,0.02,0,DET,1610612765,0.04,0,0.0
199,34.0,0.03,0.02,0.03,5,"2754,1610612763",0,0.05,0.07,0.01,0.143,0.35,0.11,0.303,0.14,0.1,0.692,4,4,93.5266666667,0.06,0.12,0.1,2754,Tony Allen,-0.34,0.32,0.12,0.05,0,MEM,1610612763,0.06,0,0.0
200,34.0,0.2,0.01,0.03,5,"2225,1610612759",0,0.08,0.06,0.02,0.25,0.37,0.17,0.449,0.05,0.05,0.857,10,4,264.168333333,0.0,0.06,0.07,2225,Tony Parker,0.1,0.39,0.08,0.02,0,SAS,1610612759,0.07,6,0.6
201,30.0,0.02,0.01,0.01,5,"2772,1610612745",0,0.08,0.15,0.02,0.143,0.28,0.07,0.255,0.02,0.02,0.75,5,4,180.891666667,0.04,0.09,0.03,2772,Trevor Ariza,-0.5,0.18,0.12,0.07,0,HOU,1610612745,0.07,1,0.2
202,25.0,0.02,0.03,0.02,5,"202684,1610612739",3,0.16,0.0,0.0,0.0,0.15,0.08,0.527,0.12,0.07,0.575,21,5,622.143333333,0.14,0.09,0.1,202684,Tristan Thompson,0.22,0.23,0.3,0.01,0,CLE,1610612739,0.03,16,0.762
203,24.0,0.0,0.0,0.06,5,"203584,1610612766",0,0.11,0.17,0.0,0.0,0.45,0.06,0.125,0.0,0.0,0.0,4,3,17.6833333333,0.0,0.11,0.11,203584,Troy Daniels,-0.51,0.11,0.11,0.0,0,CHA,1610612766,0.0,1,0.25
204,28.0,0.14,0.0,0.03,5,"201951,1610612754",0,0.08,0.04,0.0,0.0,0.24,0.08,0.333,0.08,0.05,0.667,7,4,73.575,0.01,0.11,0.07,201951,Ty Lawson,-0.5,0.22,0.1,0.04,0,IND,1610612754,0.08,3,0.429
205,30.0,0.0,0.0,0.0,5,"201946,1610612766",0,0.0,0.0,0.0,0.0,0.0,0.0,0.0,0.0,0.0,0.0,2,1,5.65,0.0,0.0,0.0,201946,Tyler Hansbrough,-0.53,0.0,0.0,0.0,0,CHA,1610612766,0.0,1,0.5
206,24.0,0.13,0.0,0.0,5,"204020,1610612748",0,0.08,0.1,0.05,0.5,0.18,0.08,0.455,0.18,0.13,0.727,5,2,60.7216666667,0.03,0.13,0.1,204020,Tyler Johnson,0.18,0.35,0.12,0.02,0,MIA,1610612748,0.03,3,0.6
207,26.0,0.05,0.05,0.0,5,"203092,1610612738",0,0.29,0.0,0.0,0.0,0.39,0.18,0.467,0.16,0.11,0.667,3,3,38.0283333333,0.11,0.03,0.18,203092,Tyler Zeller,0.32,0.47,0.39,0.0,0,BOS,1610612738,0.05,0,0.0
208,36.0,0.05,0.01,0.01,5,"2617,1610612748",0,0.24,0.0,0.0,0.0,0.18,0.09,0.533,0.08,0.06,0.714,9,5,84.5716666667,0.13,0.15,0.14,2617,Udonis Haslem,-0.22,0.25,0.37,0.0,0,MIA,1610612748,0.08,4,0.444
209,39.0,0.06,0.01,0.1,5,"1713,1610612763",0,0.11,0.11,0.08,0.7,0.36,0.17,0.455,0.09,0.09,1.0,4,4,90.8416666667,0.06,0.1,0.1,1713,Vince Carter,-0.52,0.5,0.17,0.02,0,MEM,1610612763,0.03,0,0.0
210,28.0,0.03,0.05,0.0,5,"202325,1610612746",0,0.17,0.12,0.04,0.333,0.18,0.07,0.357,0.04,0.04,1.0,6,4,76.8266666667,0.07,0.08,0.03,202325,Wesley Johnson,0.31,0.21,0.23,0.01,0,LAC,1610612746,0.03,2,0.333
211,29.0,0.03,0.0,0.02,5,"202083,1610612742",0,0.08,0.2,0.06,0.286,0.35,0.12,0.333,0.11,0.09,0.789,5,4,173.348333333,0.02,0.08,0.1,202083,Wesley Matthews,-0.61,0.37,0.1,0.03,0,DAL,1610612742,0.02,1,0.2
212,24.0,0.11,0.03,0.0,5,"204098,1610612763",0,0.09,0.09,0.01,0.125,0.31,0.1,0.321,0.02,0.0,0.0,4,4,89.1683333333,0.01,0.09,0.06,204098,Xavier Munford,-0.53,0.21,0.1,0.07,0,MEM,1610612763,0.06,0,0.0
213,34.0,0.06,0.0,0.13,5,"2216,1610612763",2,0.17,0.0,0.0,0.0,0.52,0.19,0.371,0.06,0.05,0.857,4,4,119.653333333,0.13,0.08,0.12,2216,Zach Randolph,-0.48,0.43,0.29,0.01,0,MEM,1610612763,0.06,0,0.0
214,32.0,0.14,0.01,0.02,5,"2585,1610612742",0,0.15,0.0,0.0,0.0,0.21,0.08,0.375,0.15,0.13,0.882,5,4,111.883333333,0.09,0.12,0.13,2585,Zaza Pachulia,-0.64,0.29,0.24,0.03,0,DAL,1610612742,0.02,1,0.2
