,AGE,BLK,BLKA,CFID,CFPARAMS,GP,L,MIN,OPP_PTS_2ND_CHANCE,OPP_PTS_FB,OPP_PTS_OFF_TOV,OPP_PTS_PAINT,PF,PFD,PLAYER_ID,PLAYER_NAME,PTS_2ND_CHANCE,PTS_FB,PTS_OFF_TOV,PTS_PAINT,TEAM_ABBREVIATION,TEAM_ID,W,W_PCT
0,31.0,0.1,0.5,5,"201166,1610612741",69,33,16.1,4.2,4.6,5.2,13.8,1.9,1.1,201166,Aaron Brooks,0.2,0.6,0.6,2.7,CHI,1610612741,36,0.522
1,20.0,0.7,0.4,5,"203932,1610612753",78,46,23.9,5.2,6.7,7.8,21.9,2.0,1.9,203932,Aaron Gordon,2.2,1.6,1.9,5.1,ORL,1610612753,32,0.41
2,21.0,0.0,0.0,5,"1626151,1610612766",21,6,4.4,1.0,2.2,1.9,4.2,0.5,0.4,1626151,Aaron Harrison,0.1,0.1,0.0,0.2,CHA,1610612766,15,0.714
3,25.0,0.2,0.2,5,"203940,1610612750",52,34,9.3,2.9,3.1,4.0,10.3,1.5,0.6,203940,Adreian Payne,0.3,0.2,0.4,1.1,MIN,1610612750,18,0.346
4,30.0,1.5,0.4,5,"201143,1610612737",82,34,32.1,8.7,7.6,10.0,26.7,2.0,1.4,201143,Al Horford,1.9,1.4,2.2,7.1,ATL,1610612737,48,0.585
5,31.0,0.9,0.8,5,"2744,1610612766",47,14,23.3,5.5,5.7,6.0,20.4,2.5,1.7,2744,Al Jefferson,0.8,0.3,1.7,6.9,CHA,1610612766,33,0.702
6,25.0,0.6,0.4,5,"202329,1610612757",82,38,28.5,7.5,6.5,10.0,26.2,2.1,1.7,202329,Al-Farouq Aminu,1.4,1.2,1.4,3.4,POR,1610612757,44,0.537
7,33.0,0.1,0.2,5,"101187,1610612764",13,5,14.8,2.8,2.9,3.4,9.5,1.9,0.8,101187,Alan Anderson,0.8,0.7,0.5,0.9,WAS,1610612764,8,0.615
8,23.0,0.5,0.3,5,"1626210,1610612756",10,7,6.8,1.9,2.8,2.0,7.6,1.5,1.2,1626210,Alan Williams,1.0,0.0,0.0,1.8,PHX,1610612756,3,0.3
9,24.0,0.1,0.9,5,"202692,1610612762",31,18,25.7,5.6,7.0,7.6,19.9,2.3,3.5,202692,Alec Burks,1.2,1.6,1.7,4.8,UTA,1610612762,13,0.419
10,23.0,0.8,0.8,5,"203458,1610612756",78,55,23.3,6.3,8.0,10.0,20.6,2.9,2.3,203458,Alex Len,1.8,0.4,1.2,5.1,PHX,1610612756,23,0.295
11,28.0,0.6,0.8,5,"1627293,1610612763",8,6,9.0,2.1,4.9,2.5,7.5,1.5,1.0,1627293,Alex Stepheson,1.8,0.3,0.5,2.0,MEM,1610612763,2,0.25
12,28.0,0.6,0.2,5,"201582,1610612740",59,39,14.6,2.8,3.1,4.2,11.6,2.3,1.2,201582,Alexis Ajinca,1.2,0.1,0.6,3.0,NOP,1610612740,20,0.339
13,24.0,0.2,0.2,5,"203459,1610612757",81,38,26.0,6.9,6.1,8.7,21.6,2.4,1.0,203459,Allen Crabbe,1.3,1.5,2.0,2.1,POR,1610612757,43,0.531
14,29.0,0.2,0.3,5,"202087,1610612740",73,46,22.4,6.1,5.3,6.8,21.0,2.3,0.7,202087,Alonzo Gee,0.6,1.5,1.3,3.0,NOP,1610612740,27,0.37
15,33.0,0.8,0.6,5,"2405,1610612748",52,22,14.7,3.3,4.1,4.7,13.0,1.8,1.4,2405,Amar'e Stoudemire,1.2,0.2,0.9,4.0,MIA,1610612748,30,0.577
16,29.0,1.1,0.3,5,"101161,1610612738",79,34,22.8,6.7,4.8,7.2,20.1,2.7,1.5,101161,Amir Johnson,1.8,1.0,1.4,5.9,BOS,1610612738,45,0.57
17,33.0,0.2,0.1,5,"2760,1610612744",53,12,9.4,2.6,2.3,3.3,7.6,1.3,1.2,2760,Anderson Varejao,0.4,0.1,0.2,1.5,GSW,1610612744,41,0.774
18,22.0,1.4,0.9,5,"203083,1610612765",81,38,32.9,7.1,7.0,9.6,30.6,3.0,5.0,203083,Andre Drummond,5.3,1.2,2.2,13.2,DET,1610612765,43,0.531
19,32.0,0.3,0.2,5,"2738,1610612744",65,6,26.6,7.8,7.9,9.5,25.1,1.6,1.4,2738,Andre Iguodala,0.7,1.8,1.9,2.9,GSW,1610612744,59,0.908
20,40.0,0.0,0.3,5,"1889,1610612759",39,19,11.8,3.0,3.2,4.3,9.3,1.2,0.7,1889,Andre Miller,0.2,0.3,0.7,2.2,SAS,1610612759,20,0.513
21,24.0,0.6,0.3,5,"203460,1610612760",70,22,22.2,6.4,5.4,7.8,20.3,1.9,0.6,203460,Andre Roberson,0.9,1.2,0.9,3.0,OKC,1610612760,48,0.686
22,30.0,0.2,0.3,5,"200745,1610612751",46,35,13.8,3.0,3.4,5.2,13.8,1.3,1.1,200745,Andrea Bargnani,0.8,0.2,0.9,2.1,BKN,1610612751,11,0.239
23,31.0,1.6,0.1,5,"101106,1610612744",70,8,20.7,5.5,5.8,6.9,17.6,3.2,1.1,101106,Andrew Bogut,1.3,0.4,0.6,4.9,GSW,1610612744,62,0.886
24,27.0,0.3,0.0,5,"202726,1610612745",8,3,6.2,4.0,1.6,3.9,6.0,0.5,0.4,202726,Andrew Goudelock,0.3,0.0,0.5,1.0,HOU,1610612745,5,0.625
25,26.0,0.4,0.1,5,"203094,1610612753",56,34,14.7,4.0,3.2,4.3,12.1,1.2,1.1,203094,Andrew Nicholson,0.7,0.2,1.0,3.1,ORL,1610612753,22,0.393
26,21.0,0.6,1.1,5,"203952,1610612750",81,52,35.1,9.5,9.9,12.3,33.6,2.0,4.9,203952,Andrew Wiggins,2.3,2.6,3.4,9.4,MIN,1610612750,29,0.358
27,23.0,0.0,0.1,5,"203461,1610612761",19,7,4.4,0.3,1.5,1.8,3.8,0.4,0.3,203461,Anthony Bennett,0.4,0.0,0.3,0.5,TOR,1610612761,12,0.632
28,23.0,0.2,0.3,5,"1626148,1610612747",29,25,20.6,5.0,6.7,6.1,19.7,1.2,0.6,1626148,Anthony Brown,0.6,0.5,0.7,0.6,LAL,1610612747,4,0.138
29,23.0,2.0,0.9,5,"203076,1610612740",61,37,35.5,8.4,9.0,10.7,31.7,2.4,5.9,203076,Anthony Davis,3.2,2.2,3.3,11.0,NOP,1610612740,24,0.393
30,30.0,0.1,0.1,5,"201627,1610612760",68,22,13.6,4.0,3.9,5.1,13.4,0.9,0.4,201627,Anthony Morrow,0.8,0.4,0.8,0.8,OKC,1610612760,46,0.676
31,31.0,0.2,0.2,5,"201229,1610612765",72,36,18.6,4.0,3.9,4.8,16.8,1.2,0.8,201229,Anthony Tolliver,0.6,0.3,0.8,0.6,DET,1610612765,36,0.5
32,21.0,0.2,0.8,5,"203462,1610612756",57,43,19.5,5.4,7.7,8.7,18.8,1.5,2.8,203462,Archie Goodwin,0.8,2.1,1.5,4.8,PHX,1610612756,14,0.246
33,29.0,0.6,0.3,5,"203382,1610612765",81,38,15.2,3.4,3.4,4.8,13.5,1.9,1.9,203382,Aron Baynes,1.5,0.3,0.9,3.9,DET,1610612765,43,0.531
34,30.0,0.1,0.7,5,"201167,1610612752",71,44,33.4,8.9,8.9,10.1,30.6,2.0,1.7,201167,Arron Afflalo,0.9,1.1,1.3,3.7,NYK,1610612752,27,0.38
35,23.0,0.1,0.5,5,"203085,1610612746",67,25,21.8,7.6,6.0,7.8,19.5,2.0,1.4,203085,Austin Rivers,0.6,1.3,1.7,3.9,LAC,1610612746,42,0.627
36,25.0,0.3,0.6,5,"202340,1610612738",76,31,33.4,10.7,7.4,10.1,29.7,2.2,1.3,202340,Avery Bradley,1.6,3.4,3.6,4.7,BOS,1610612738,45,0.592
37,23.0,0.3,0.0,5,"1626253,1610612743",21,12,14.5,4.2,3.9,5.4,14.3,1.9,0.6,1626253,Axel Toupane,0.1,0.7,0.4,0.9,DEN,1610612743,9,0.429
38,23.0,0.1,0.4,5,"203463,1610612758",68,40,21.2,5.4,6.7,8.9,18.7,2.1,1.3,203463,Ben McLemore,0.9,1.9,1.3,2.9,SAC,1610612758,28,0.412
39,33.0,0.0,0.2,5,"2757,1610612748",44,18,16.1,3.4,2.9,5.0,12.7,1.2,0.9,2757,Beno Udrih,0.3,0.4,0.6,1.5,MIA,1610612748,26,0.591
40,23.0,1.6,0.5,5,"202687,1610612761",82,26,22.0,5.3,4.7,6.6,17.6,2.7,2.2,202687,Bismack Biyombo,1.6,0.2,0.8,3.4,TOR,1610612761,56,0.683
41,27.0,0.5,0.3,5,"201933,1610612746",35,13,33.4,8.4,7.6,9.8,28.1,2.7,5.3,201933,Blake Griffin,2.4,2.8,3.0,10.0,LAC,1610612746,22,0.629
42,27.0,0.4,0.2,5,"1626246,1610612759",54,7,9.4,2.0,3.0,3.3,7.6,1.0,1.5,1626246,Boban Marjanovic,1.9,0.1,1.0,3.3,SAS,1610612759,47,0.87
43,21.0,0.4,0.4,5,"1626171,1610612741",62,33,17.8,4.9,5.0,5.9,16.4,1.6,1.1,1626171,Bobby Portis,1.6,0.8,0.8,3.8,CHI,1610612741,29,0.468
44,27.0,0.1,0.9,5,"202711,1610612751",79,58,26.8,6.5,8.9,10.8,27.8,1.5,1.4,202711,Bojan Bogdanovic,1.0,2.1,1.7,3.8,BKN,1610612751,21,0.266
45,34.0,0.3,0.2,5,"2564,1610612759",76,12,18.2,4.1,4.2,5.6,16.6,1.3,1.2,2564,Boris Diaw,0.6,0.3,0.8,4.2,SAS,1610612759,64,0.842
46,22.0,0.2,0.5,5,"203078,1610612764",55,27,31.1,7.5,8.3,10.5,26.7,2.1,2.5,203078,Bradley Beal,1.3,2.8,2.5,6.3,WAS,1610612764,28,0.509
47,28.0,1.3,0.1,5,"201148,1610612763",12,6,17.7,5.1,5.1,7.2,14.8,1.8,2.1,201148,Brandan Wright,1.3,0.5,0.5,5.2,MEM,1610612763,6,0.5
48,23.0,0.2,0.3,5,"1626183,1610612746",6,1,4.8,2.0,3.7,2.3,7.0,0.3,0.2,1626183,Branden Dawson,0.0,0.5,0.0,0.7,LAC,1610612746,5,0.833
49,31.0,0.8,0.5,5,"101138,1610612747",66,50,20.3,5.8,6.2,6.6,20.6,1.9,1.7,101138,Brandon Bass,1.3,1.0,1.2,4.5,LAL,1610612747,16,0.242
50,26.0,0.1,0.2,5,"201943,1610612753",48,28,18.1,3.9,4.6,5.6,15.8,1.2,1.4,201943,Brandon Jennings,0.4,1.1,0.9,1.6,ORL,1610612753,20,0.417
51,24.0,0.4,0.7,5,"202688,1610612756",52,36,36.0,9.5,12.8,14.8,32.7,2.4,3.9,202688,Brandon Knight,1.1,3.3,3.6,6.3,PHX,1610612756,16,0.308
52,30.0,0.3,0.1,5,"201575,1610612744",72,9,14.6,4.9,4.8,5.6,14.5,0.8,0.3,201575,Brandon Rush,0.3,1.0,0.6,0.9,GSW,1610612744,63,0.875
53,30.0,0.0,0.1,5,"203148,1610612757",51,25,9.2,2.0,2.4,2.7,7.2,0.7,1.0,203148,Brian Roberts,0.5,0.5,0.6,1.1,POR,1610612757,26,0.51
54,23.0,0.4,0.3,5,"1627362,1610612748",7,4,24.1,5.9,9.0,8.9,22.3,1.7,1.1,1627362,Briante Weber,0.6,0.6,0.7,2.0,MIA,1610612748,3,0.429
55,28.0,1.7,0.8,5,"201572,1610612751",73,52,33.7,7.9,10.0,12.4,31.5,2.9,4.6,201572,Brook Lopez,3.4,0.5,2.1,12.2,BKN,1610612751,21,0.288
56,20.0,0.2,0.3,5,"203998,1610612761",6,0,7.1,2.2,1.8,2.2,7.3,0.3,0.0,203998,Bruno Caboclo,0.0,0.0,0.5,0.0,TOR,1610612761,6,1.0
57,23.0,0.0,0.0,5,"203955,1610612763",8,7,4.8,2.1,1.3,2.4,5.8,0.3,0.0,203955,Bryce Cotton,0.0,0.0,0.0,0.3,MEM,1610612763,1,0.125
58,23.0,0.1,0.4,5,"1626214,1610612740",14,6,19.9,3.6,4.6,5.3,19.4,1.2,1.3,1626214,Bryce Dejean-Jones,0.6,0.9,0.4,1.4,NOP,1610612740,8,0.571
59,24.0,0.3,1.1,5,"203468,1610612757",80,36,34.7,8.6,8.0,11.5,29.2,2.3,2.6,203468,CJ McCollum,1.5,2.2,3.1,6.0,POR,1610612757,44,0.55
60,29.0,0.5,0.4,5,"101139,1610612754",64,30,22.9,6.5,6.0,8.0,20.4,2.2,1.7,101139,CJ Miles,1.0,1.9,2.2,2.5,IND,1610612754,34,0.531
61,32.0,0.2,0.1,5,"201228,1610612753",33,19,19.9,5.2,4.9,6.7,19.9,1.5,1.2,201228,CJ Watson,0.1,0.8,1.0,1.1,ORL,1610612753,14,0.424
62,25.0,0.1,0.1,5,"203912,1610612746",23,8,7.3,2.5,2.3,2.1,6.7,0.7,0.6,203912,CJ Wilcox,0.2,0.5,0.5,0.7,LAC,1610612746,15,0.652
63,25.0,0.2,0.3,5,"203946,1610612741",18,14,5.7,1.5,2.1,1.9,3.3,1.1,0.3,203946,Cameron Bairstow,0.1,0.1,0.6,0.8,CHI,1610612741,4,0.222
64,21.0,0.1,0.2,5,"1626166,1610612760",57,13,12.2,3.5,3.8,4.6,11.2,1.4,0.5,1626166,Cameron Payne,0.3,0.5,0.7,1.5,OKC,1610612760,44,0.772
65,32.0,0.3,0.4,5,"201171,1610612755",36,31,15.8,4.9,5.1,5.8,15.9,1.9,1.7,201171,Carl Landry,1.9,0.3,1.0,4.4,PHI,1610612755,5,0.139
66,32.0,0.5,1.1,5,"2546,1610612752",72,40,35.1,9.2,9.6,11.1,31.4,2.5,4.4,2546,Carmelo Anthony,2.7,1.0,2.0,5.4,NYK,1610612752,32,0.444
67,36.0,0.1,0.0,5,"2406,1610612758",17,15,10.3,2.9,3.2,4.2,9.5,1.1,0.5,2406,Caron Butler,0.5,0.4,0.0,0.4,SAC,1610612758,2,0.118
68,27.0,0.3,0.7,5,"202718,1610612742",61,32,29.5,8.0,9.9,8.8,25.9,1.9,2.1,202718,Chandler Parsons,1.2,2.4,2.2,5.8,DAL,1610612742,29,0.475
69,33.0,0.4,0.1,5,"101112,1610612739",70,35,17.1,3.8,4.2,5.5,13.7,1.8,0.9,101112,Channing Frye,0.8,0.1,1.0,1.1,CLE,1610612739,35,0.5
70,33.0,0.0,0.0,5,"101236,1610612745",2,1,11.9,5.0,4.5,6.5,15.0,3.0,0.5,101236,Charles Hayes,0.0,0.0,0.0,1.0,HOU,1610612745,1,0.5
71,31.0,0.2,0.2,5,"101111,1610612742",62,33,10.7,2.5,3.5,3.1,9.6,1.1,0.3,101111,Charlie Villanueva,0.5,0.5,0.6,2.2,DAL,1610612742,29,0.468
72,28.0,0.2,0.2,5,"201978,1610612756",66,37,14.1,4.0,4.0,5.0,13.3,0.9,0.7,201978,Chase Budinger,0.9,1.0,0.8,2.1,PHX,1610612756,29,0.439
73,37.0,0.5,0.2,5,"2365,1610612763",27,16,14.9,4.1,4.3,4.3,12.4,1.1,1.3,2365,Chris Andersen,1.0,0.5,0.6,2.3,MEM,1610612763,11,0.407
74,32.0,0.6,0.6,5,"2547,1610612748",53,24,33.5,9.1,6.7,10.5,26.8,1.9,3.9,2547,Chris Bosh,1.9,0.6,2.5,5.6,MIA,1610612748,29,0.547
75,32.0,0.0,0.1,5,"203142,1610612749",24,14,6.5,1.8,1.6,2.8,5.6,0.7,0.3,203142,Chris Copeland,0.3,0.1,0.3,0.6,MIL,1610612749,10,0.417
76,26.0,0.3,0.2,5,"203187,1610612762",70,32,12.2,3.0,2.6,4.0,9.6,1.4,0.4,203187,Chris Johnson,0.4,0.5,0.7,1.0,UTA,1610612762,38,0.543
77,34.0,0.1,0.1,5,"2549,1610612757",16,5,7.0,1.4,1.5,2.7,5.0,0.9,0.2,2549,Chris Kaman,0.5,0.0,0.3,1.3,POR,1610612757,11,0.688
78,21.0,0.5,0.4,5,"1626191,1610612751",24,17,15.1,4.9,4.8,6.8,16.9,1.6,0.7,1626191,Chris McCullough,1.0,0.5,1.1,1.7,BKN,1610612751,7,0.292
79,31.0,0.2,0.4,5,"101108,1610612746",74,24,32.7,8.1,7.6,8.9,27.1,2.5,4.0,101108,Chris Paul,1.4,2.2,3.6,4.9,LAC,1610612746,50,0.676
80,20.0,0.4,0.6,5,"1626174,1610612755",17,17,8.5,3.8,3.5,3.0,8.7,0.6,1.2,1626174,Christian Wood,0.6,0.4,1.2,1.9,PHI,1610612755,0,0.0
81,25.0,0.2,0.2,5,"203921,1610612752",17,11,9.0,2.2,2.2,2.5,7.4,0.9,0.2,203921,Cleanthony Early,0.2,0.6,0.1,0.7,NYK,1610612752,6,0.353
82,20.0,0.3,0.1,5,"1626146,1610612757",8,5,4.5,1.5,1.0,1.3,3.0,0.1,0.0,1626146,Cliff Alexander,0.5,0.0,0.3,1.0,POR,1610612757,3,0.375
83,22.0,1.2,0.6,5,"203991,1610612745",77,38,19.1,5.5,5.4,7.5,17.1,2.5,1.9,203991,Clint Capela,2.2,0.7,1.2,6.0,HOU,1610612745,39,0.506
84,23.0,0.9,0.8,5,"203469,1610612766",73,31,24.3,5.6,6.0,7.2,19.4,2.8,2.5,203469,Cody Zeller,1.6,1.0,1.5,5.8,CHA,1610612766,42,0.575
85,27.0,1.1,0.3,5,"202332,1610612746",60,19,13.3,4.4,3.5,4.4,11.6,2.3,1.2,202332,Cole Aldrich,1.0,0.1,0.8,4.4,LAC,1610612746,41,0.683
86,30.0,0.2,0.3,5,"201147,1610612745",82,41,20.4,6.6,5.9,8.4,18.5,2.0,1.7,201147,Corey Brewer,0.6,2.4,1.5,3.4,HOU,1610612745,41,0.5
87,25.0,0.1,0.4,5,"203928,1610612756",8,6,6.3,1.5,3.1,2.6,6.5,1.0,0.5,203928,Cory Jefferson,0.8,0.3,0.0,2.0,PHX,1610612756,2,0.25
88,24.0,0.3,0.6,5,"202709,1610612761",80,26,25.6,6.2,5.5,6.7,20.4,1.6,2.0,202709,Cory Joseph,0.4,1.0,1.5,4.1,TOR,1610612761,54,0.675
89,23.0,0.0,0.0,5,"1626262,1610612738",3,3,1.9,0.0,0.7,0.7,2.0,0.0,0.0,1626262,Coty Clarke,0.0,0.0,0.0,0.0,BOS,1610612738,0,0.0
90,30.0,0.4,0.3,5,"201584,1610612766",79,30,29.6,7.2,9.1,8.6,25.2,1.7,0.9,201584,Courtney Lee,0.5,1.6,1.8,2.8,CHA,1610612766,49,0.62
91,23.0,0.4,0.2,5,"1626245,1610612741",31,17,10.3,2.4,2.8,3.5,8.3,1.0,0.7,1626245,Cristiano Felicio,0.6,0.3,0.8,1.9,CHI,1610612741,14,0.452
92,20.0,0.2,0.6,5,"1626156,1610612747",80,63,28.2,8.4,10.9,10.3,28.6,1.8,2.2,1626156,D'Angelo Russell,1.2,2.0,1.6,4.4,LAL,1610612747,17,0.213
93,28.0,0.1,0.5,5,"201571,1610612743",62,27,19.0,5.4,5.5,7.2,18.2,1.4,2.2,201571,D.J. Augustin,0.6,1.1,1.1,2.0,DEN,1610612743,35,0.565
94,35.0,2.0,2.0,5,"2563,1610612739",1,1,42.4,15.0,7.0,14.0,24.0,6.0,1.0,2563,Dahntay Jones,4.0,0.0,2.0,4.0,CLE,1610612739,0,0.0
95,25.0,0.4,1.2,5,"203081,1610612757",75,35,35.7,9.2,8.6,12.2,32.5,2.2,5.1,203081,Damian Lillard,2.1,2.0,2.8,7.1,POR,1610612757,40,0.533
96,21.0,0.2,0.2,5,"203996,1610612749",20,15,7.8,1.9,1.1,3.4,7.7,0.6,0.4,203996,Damien Inglis,0.3,0.5,0.6,0.9,MIL,1610612749,5,0.25
97,30.0,0.0,0.1,5,"204014,1610612750",33,24,8.4,2.0,2.5,3.7,7.6,1.0,0.2,204014,Damjan Rudez,0.4,0.2,0.4,0.5,MIN,1610612750,9,0.273
98,27.0,0.4,0.9,5,"201568,1610612743",53,31,34.7,8.3,9.5,11.8,31.2,1.6,6.3,201568,Danilo Gallinari,2.4,2.2,2.6,4.8,DEN,1610612743,22,0.415
99,29.0,0.8,0.3,5,"201980,1610612759",79,14,26.1,5.7,6.1,6.7,20.7,1.8,0.8,201980,Danny Green,0.9,1.5,1.4,1.7,SAS,1610612759,65,0.823
100,29.0,0.4,0.3,5,"201967,1610612740",80,52,24.6,4.9,5.5,7.8,22.5,2.2,0.8,201967,Dante Cunningham,0.5,1.2,1.1,2.4,NOP,1610612740,28,0.35
101,28.0,0.7,0.3,5,"201589,1610612743",70,44,21.7,5.9,6.2,7.7,17.8,2.6,0.7,201589,Darrell Arthur,1.2,0.6,1.0,2.2,DEN,1610612743,26,0.371
102,28.0,0.1,0.8,5,"201954,1610612758",74,45,30.0,8.5,8.5,10.2,27.1,1.9,2.3,201954,Darren Collison,0.8,4.0,3.2,5.0,SAC,1610612758,29,0.392
103,23.0,0.0,0.1,5,"1626199,1610612765",38,21,10.1,2.6,2.0,2.9,8.2,0.7,0.8,1626199,Darrun Hilliard,0.4,0.2,0.8,1.0,DET,1610612765,17,0.447
104,33.0,0.5,0.8,5,"101135,1610612742",55,28,16.4,4.5,4.7,6.1,13.9,2.1,1.3,101135,David Lee,1.6,0.7,1.2,5.9,DAL,1610612742,27,0.491
105,35.0,0.7,0.3,5,"2561,1610612759",78,15,18.0,4.1,4.3,5.0,14.9,1.8,1.2,2561,David West,1.1,0.2,0.9,3.5,SAS,1610612759,63,0.808
106,27.0,2.3,0.3,5,"201599,1610612746",77,26,33.7,9.0,8.3,9.4,28.1,2.7,6.0,201599,DeAndre Jordan,2.6,1.1,1.7,9.2,LAC,1610612746,51,0.662
107,27.0,0.1,0.1,5,"201971,1610612764",29,17,7.5,1.7,1.7,2.1,7.2,1.8,0.7,201971,DeJuan Blair,0.2,0.3,0.3,1.4,WAS,1610612764,12,0.414
108,26.0,0.3,1.2,5,"201942,1610612761",78,25,35.9,8.8,8.6,11.1,30.5,2.1,5.5,201942,DeMar DeRozan,1.4,1.8,3.1,9.1,TOR,1610612761,53,0.679
109,25.0,1.4,1.8,5,"202326,1610612758",65,36,34.6,9.4,10.5,13.2,30.5,3.6,8.9,202326,DeMarcus Cousins,3.6,2.1,3.4,13.4,SAC,1610612758,29,0.446
110,29.0,0.2,0.7,5,"201960,1610612761",26,10,30.2,6.1,8.2,9.6,24.0,2.4,1.7,201960,DeMarre Carroll,1.7,2.0,2.7,4.0,TOR,1610612761,16,0.615
111,24.0,0.1,0.3,5,"1626153,1610612761",27,8,8.5,2.3,1.6,2.6,6.8,0.3,0.8,1626153,Delon Wright,0.1,0.7,0.3,2.1,TOR,1610612761,19,0.704
112,22.0,0.1,0.9,5,"203471,1610612737",80,33,20.3,5.4,4.4,6.3,16.2,1.7,2.2,203471,Dennis Schroder,0.8,1.1,1.9,4.5,ATL,1610612737,47,0.588
113,32.0,0.2,0.6,5,"101114,1610612742",65,34,32.4,8.8,9.9,10.3,27.4,2.4,2.7,101114,Deron Williams,0.8,1.8,2.2,4.3,DAL,1610612742,31,0.477
114,24.0,1.5,1.0,5,"202324,1610612762",62,32,32.0,6.8,8.4,10.4,26.3,2.4,3.2,202324,Derrick Favors,3.0,0.3,1.8,10.3,UTA,1610612762,30,0.484
115,27.0,0.2,1.2,5,"201565,1610612741",66,34,31.8,9.9,9.1,10.4,30.8,1.3,2.3,201565,Derrick Rose,1.0,1.8,1.9,7.7,CHI,1610612741,32,0.485
116,25.0,0.1,0.5,5,"202682,1610612752",80,48,17.9,4.8,5.0,5.5,16.9,0.9,2.2,202682,Derrick Williams,1.0,1.6,1.4,4.0,NYK,1610612752,32,0.4
117,19.0,0.3,0.8,5,"1626164,1610612756",76,56,27.7,8.0,10.1,11.9,25.4,3.0,3.2,1626164,Devin Booker,1.0,2.9,2.4,4.3,PHX,1610612756,20,0.263
118,33.0,0.2,0.3,5,"2734,1610612742",64,29,20.0,5.7,6.9,6.5,16.7,1.9,2.2,2734,Devin Harris,0.6,1.6,1.5,2.9,DAL,1610612742,35,0.547
119,23.0,0.0,0.1,5,"203906,1610612753",28,16,8.9,2.5,1.9,1.9,7.9,0.9,0.6,203906,Devyn Marble,0.2,0.4,0.3,0.8,ORL,1610612753,12,0.429
120,26.0,0.8,0.3,5,"203473,1610612753",58,37,12.2,3.3,2.9,4.7,11.7,1.9,1.1,203473,Dewayne Dedmon,1.0,0.3,0.8,3.1,ORL,1610612753,21,0.362
121,24.0,0.2,0.4,5,"203079,1610612760",78,25,27.6,8.1,7.8,10.5,26.3,1.8,1.6,203079,Dion Waiters,0.9,1.5,1.7,3.2,OKC,1610612760,53,0.679
122,38.0,0.7,0.2,5,"1717,1610612742",75,37,31.5,8.7,10.1,9.2,25.0,2.1,4.0,1717,Dirk Nowitzki,1.8,1.1,2.5,2.9,DAL,1610612742,38,0.507
123,28.0,0.1,0.4,5,"202388,1610612751",61,48,21.6,5.6,6.3,7.2,22.0,1.2,1.6,202388,Donald Sloan,0.4,1.3,0.9,3.0,BKN,1610612751,13,0.213
124,25.0,0.1,0.2,5,"202700,1610612745",37,18,14.8,4.7,5.6,6.4,14.9,1.9,1.8,202700,Donatas Motiejunas,1.0,0.4,0.9,3.5,HOU,1610612745,19,0.514
125,24.0,0.1,0.4,5,"203926,1610612741",81,40,23.0,6.5,6.9,8.0,20.7,1.6,0.8,203926,Doug McDermott,1.2,1.1,1.4,3.0,CHI,1610612741,41,0.506
126,26.0,1.4,0.7,5,"203110,1610612744",81,8,34.7,9.4,10.3,11.5,31.2,3.0,3.8,203110,Draymond Green,1.7,2.5,1.7,7.2,GSW,1610612744,73,0.901
127,34.0,0.4,0.2,5,"2400,1610612764",30,12,10.2,3.2,3.7,3.1,9.7,1.3,0.6,2400,Drew Gooden,0.9,0.2,0.3,1.2,WAS,1610612764,18,0.6
128,24.0,0.0,0.0,5,"1626251,1610612758",1,1,24.2,9.0,12.0,6.0,30.0,2.0,0.0,1626251,Duje Dukan,0.0,0.0,3.0,0.0,SAC,1610612758,0,0.0
129,30.0,1.6,0.7,5,"2730,1610612745",71,37,32.1,9.4,9.1,13.6,28.5,3.1,5.4,2730,Dwight Howard,3.0,1.0,1.9,10.3,HOU,1610612745,34,0.479
130,24.0,0.3,0.3,5,"203939,1610612742",69,34,14.4,3.7,4.7,4.6,12.7,1.7,1.7,203939,Dwight Powell,0.9,0.5,0.9,3.2,DAL,1610612742,35,0.507
131,34.0,0.6,0.6,5,"2548,1610612748",74,31,30.5,8.4,7.8,10.6,28.1,1.6,3.7,2548,Dwyane Wade,2.1,2.4,3.0,9.7,MIA,1610612748,43,0.581
132,27.0,0.3,0.4,5,"202734,1610612741",59,30,21.4,6.6,6.6,7.4,20.2,1.7,0.7,202734,E'Twaun Moore,0.8,1.0,1.3,3.4,CHI,1610612741,29,0.492
133,27.0,0.9,0.3,5,"202334,1610612757",81,38,20.8,5.5,5.0,6.7,16.3,2.5,1.9,202334,Ed Davis,2.5,0.1,0.6,5.0,POR,1610612757,43,0.531
134,22.0,0.3,1.2,5,"203901,1610612753",73,41,29.4,6.9,8.4,9.8,27.1,2.2,2.3,203901,Elfrid Payton,1.3,1.6,1.7,6.6,ORL,1610612753,32,0.438
135,28.0,0.2,0.2,5,"202407,1610612762",20,11,8.6,2.2,2.1,2.5,5.7,1.7,0.8,202407,Elijah Millsap,0.2,0.3,0.5,1.0,UTA,1610612762,9,0.45
136,27.0,0.0,0.0,5,"202343,1610612763",5,1,9.0,1.4,1.8,2.0,6.0,0.4,1.0,202343,Elliot Williams,0.0,0.0,0.0,0.0,MEM,1610612763,4,0.8
137,37.0,0.5,0.1,5,"1882,1610612755",17,15,13.2,3.6,3.8,3.9,12.0,1.9,1.0,1882,Elton Brand,0.7,0.3,0.6,2.1,PHI,1610612755,2,0.118
138,20.0,0.5,1.2,5,"1626144,1610612743",68,39,30.4,7.2,8.5,10.7,27.0,2.1,2.3,1626144,Emmanuel Mudiay,1.0,1.8,1.8,5.2,DEN,1610612743,29,0.426
139,24.0,0.4,1.0,5,"202683,1610612760",82,27,21.0,6.0,5.6,8.2,20.3,2.0,2.5,202683,Enes Kanter,3.7,1.3,1.8,8.4,OKC,1610612760,55,0.671
140,26.0,0.6,0.8,5,"202339,1610612756",31,19,34.2,9.2,11.0,12.8,31.0,2.4,4.8,202339,Eric Bledsoe,1.4,4.0,4.0,7.6,PHX,1610612756,12,0.387
141,27.0,0.3,0.7,5,"201569,1610612740",45,31,32.9,8.2,8.7,10.5,28.2,2.2,2.5,201569,Eric Gordon,1.1,2.3,2.3,3.9,NOP,1610612740,14,0.311
142,24.0,0.5,0.3,5,"203961,1610612758",8,7,5.9,3.3,2.3,1.8,4.8,0.5,0.4,203961,Eric Moreland,0.0,0.5,0.0,0.8,SAC,1610612758,1,0.125
143,25.0,0.0,0.0,5,"203475,1610612762",9,3,4.7,0.7,1.1,1.6,4.2,0.4,0.2,203475,Erick Green,0.0,0.2,0.2,0.4,UTA,1610612762,6,0.667
144,29.0,0.4,0.6,5,"101141,1610612753",74,39,25.4,5.9,6.6,8.8,25.1,2.3,2.4,101141,Ersan Ilyasova,1.9,1.0,1.5,3.6,ORL,1610612753,35,0.473
145,23.0,0.0,0.9,5,"203095,1610612753",79,46,32.5,7.7,9.4,11.2,29.7,2.7,2.7,203095,Evan Fournier,1.4,2.4,3.2,5.8,ORL,1610612753,33,0.418
146,27.0,0.3,0.5,5,"202323,1610612738",81,34,28.0,7.4,6.2,9.3,25.2,1.7,2.0,202323,Evan Turner,0.9,1.4,1.8,5.1,BOS,1610612738,47,0.58
147,26.0,1.1,0.4,5,"203105,1610612744",46,4,16.7,3.7,5.1,6.1,15.8,2.0,2.4,203105,Festus Ezeli,1.2,0.7,0.6,5.4,GSW,1610612744,42,0.913
148,23.0,0.5,0.6,5,"1626163,1610612766",81,34,21.1,5.0,5.7,6.3,17.2,1.6,1.3,1626163,Frank Kaminsky,1.3,0.4,0.8,3.3,CHA,1610612766,47,0.58
149,30.0,0.2,0.4,5,"202066,1610612764",80,40,24.4,5.7,5.8,7.4,20.0,2.4,1.7,202066,Garrett Temple,0.8,2.4,1.5,2.2,WAS,1610612764,40,0.5
150,21.0,0.2,0.6,5,"203914,1610612743",76,45,32.1,7.8,8.6,11.2,29.6,1.9,1.3,203914,Gary Harris,1.0,2.8,2.4,5.2,DEN,1610612743,31,0.408
151,31.0,0.0,0.3,5,"202390,1610612764",40,22,20.2,5.4,5.5,6.7,18.3,1.4,1.1,202390,Gary Neal,0.6,1.0,1.6,2.5,WAS,1610612764,18,0.45
152,30.0,0.2,0.4,5,"201588,1610612754",74,33,34.1,8.7,7.7,11.0,28.4,2.0,2.6,201588,George Hill,1.3,2.1,2.8,3.7,IND,1610612754,41,0.554
153,30.0,0.3,0.3,5,"101123,1610612748",69,29,22.6,6.1,4.2,7.0,19.1,1.8,1.1,101123,Gerald Green,0.6,1.3,1.2,2.2,MIA,1610612748,40,0.58
154,28.0,0.3,0.3,5,"201945,1610612757",72,33,19.9,5.3,4.5,6.6,15.7,1.2,1.8,201945,Gerald Henderson,0.9,0.9,1.2,2.3,POR,1610612757,39,0.542
155,21.0,1.4,0.8,5,"203507,1610612749",80,48,35.3,10.5,9.3,12.5,32.1,3.2,4.1,203507,Giannis Antetokounmpo,2.1,4.0,3.9,10.5,MIL,1610612749,32,0.4
156,22.0,0.2,0.3,5,"203922,1610612754",45,21,11.3,2.6,3.6,3.8,10.1,0.5,0.8,203922,Glenn Robinson,0.4,0.8,1.1,1.7,IND,1610612754,24,0.533
157,30.0,0.2,0.6,5,"201609,1610612748",72,28,32.8,9.4,7.6,10.2,29.4,2.6,2.6,201609,Goran Dragic,0.9,2.9,2.6,7.2,MIA,1610612748,44,0.611
158,26.0,0.3,0.7,5,"202330,1610612762",80,42,36.2,8.6,9.0,11.9,29.9,2.3,4.7,202330,Gordon Hayward,1.8,2.7,4.0,6.7,UTA,1610612762,38,0.475
159,26.0,1.2,0.6,5,"203476,1610612750",82,53,27.1,7.3,7.3,9.6,25.1,2.7,2.5,203476,Gorgui Dieng,1.7,0.8,1.6,5.2,MIN,1610612750,29,0.354
160,26.0,0.8,1.2,5,"202328,1610612749",79,47,29.3,8.7,8.1,10.3,27.2,2.1,3.2,202328,Greg Monroe,3.3,0.6,2.3,11.0,MIL,1610612749,32,0.405
161,25.0,0.1,0.4,5,"202962,1610612750",18,10,10.7,2.1,3.7,4.7,11.7,1.6,0.8,202962,Greg Smith,0.3,0.1,0.3,2.0,MIN,1610612750,8,0.444
162,29.0,0.0,0.3,5,"202349,1610612749",23,14,20.0,5.3,5.7,8.3,19.1,1.8,1.2,202349,Greivis Vasquez,0.6,0.5,0.9,1.6,MIL,1610612749,9,0.391
163,24.0,0.2,0.5,5,"203084,1610612744",66,7,30.9,8.5,8.5,9.7,29.0,2.1,2.0,203084,Harrison Barnes,1.3,1.8,2.0,4.0,GSW,1610612744,59,0.894
164,27.0,3.7,0.6,5,"202355,1610612748",73,31,29.1,8.6,6.1,9.4,25.8,2.8,3.8,202355,Hassan Whiteside,4.0,0.4,1.6,10.0,MIA,1610612748,42,0.575
165,26.0,1.0,0.1,5,"203156,1610612751",14,12,18.8,5.4,6.3,7.5,23.0,2.6,1.5,203156,Henry Sims,1.1,0.4,0.9,3.0,BKN,1610612751,2,0.143
166,25.0,0.3,0.2,5,"203138,1610612755",77,67,28.0,9.3,9.7,11.8,26.7,2.4,1.1,203138,Hollis Thompson,0.8,1.1,1.4,2.1,PHI,1610612755,10,0.13
167,25.0,0.2,0.2,5,"203546,1610612744",66,7,8.8,2.8,3.4,3.6,8.7,0.9,0.3,203546,Ian Clark,0.5,0.5,0.6,1.3,GSW,1610612744,59,0.894
168,29.0,1.1,0.6,5,"101133,1610612754",71,30,25.6,6.0,6.0,8.4,20.8,3.1,2.4,101133,Ian Mahinmi,1.4,0.5,1.6,7.0,IND,1610612754,41,0.577
169,26.0,0.4,0.3,5,"202697,1610612739",54,15,24.4,5.5,5.7,7.6,19.8,2.2,1.1,202697,Iman Shumpert,0.3,0.9,1.0,1.5,CLE,1610612739,39,0.722
170,25.0,0.2,0.5,5,"203477,1610612755",77,67,25.5,7.9,8.9,10.2,24.4,1.7,1.7,203477,Isaiah Canaan,0.9,1.6,2.1,1.7,PHI,1610612755,10,0.13
171,27.0,0.1,1.3,5,"202738,1610612738",82,34,32.2,9.8,7.0,9.7,29.0,2.0,5.5,202738,Isaiah Thomas,1.7,5.1,3.7,8.5,BOS,1610612738,48,0.585
172,27.0,0.3,0.7,5,"202397,1610612755",77,61,29.1,9.1,9.2,10.7,27.9,1.7,2.2,202397,Ish Smith,0.9,2.1,1.9,6.4,PHI,1610612755,16,0.208
173,24.0,0.0,0.0,5,"1626266,1610612762",2,0,3.1,2.0,2.0,2.0,2.0,0.5,0.0,1626266,J.J. O'Brien,0.0,0.0,0.0,0.0,UTA,1610612762,2,1.0
174,30.0,0.3,0.3,5,"2747,1610612739",77,24,30.7,7.4,7.5,9.7,27.1,2.6,1.3,2747,J.R. Smith,1.6,0.9,1.7,2.2,CLE,1610612739,53,0.688
175,27.0,0.4,0.4,5,"201581,1610612764",35,18,12.5,3.7,3.8,4.2,11.0,1.3,1.8,201581,JJ Hickson,1.3,0.8,0.7,4.3,WAS,1610612764,17,0.486
176,32.0,0.1,0.3,5,"200755,1610612746",75,25,28.0,7.0,6.5,7.3,23.5,1.8,2.6,200755,JJ Redick,1.1,1.9,2.5,1.8,LAC,1610612746,50,0.667
177,23.0,0.5,0.4,5,"203960,1610612743",73,55,15.9,4.3,4.8,6.1,14.5,1.9,1.2,203960,JaKarr Sampson,0.8,0.8,0.9,3.2,DEN,1610612743,18,0.247
178,26.0,0.4,0.6,5,"203210,1610612763",78,39,18.5,4.1,5.4,6.1,14.3,2.4,1.4,203210,JaMychal Green,1.8,0.9,1.4,4.1,MEM,1610612763,39,0.5
179,28.0,0.8,0.3,5,"201580,1610612742",34,19,10.9,3.6,3.4,3.1,9.0,1.4,1.1,201580,JaVale McGee,1.1,0.3,0.7,4.1,DAL,1610612742,15,0.441
180,21.0,0.4,1.0,5,"203953,1610612749",76,44,31.7,9.6,8.9,11.6,29.7,2.0,2.3,203953,Jabari Parker,1.6,2.5,2.9,8.7,MIL,1610612749,32,0.421
181,25.0,0.5,0.3,5,"203109,1610612738",73,30,31.6,10.2,6.4,8.8,28.2,2.7,2.5,203109,Jae Crowder,1.7,2.6,3.2,4.7,BOS,1610612738,43,0.589
182,20.0,1.2,1.3,5,"1626143,1610612755",53,47,30.0,8.6,11.1,13.7,28.3,2.6,3.1,1626143,Jahlil Okafor,3.0,0.9,2.7,12.5,PHI,1610612755,6,0.113
183,36.0,0.2,0.3,5,"2037,1610612746",79,28,26.9,8.3,7.1,8.8,22.8,1.5,2.8,2037,Jamal Crawford,0.9,1.6,2.4,3.4,LAC,1610612746,51,0.646
184,34.0,0.1,0.3,5,"2749,1610612743",39,27,26.6,6.3,6.5,8.5,22.2,2.6,1.4,2749,Jameer Nelson,0.4,0.7,0.9,1.9,DEN,1610612743,12,0.308
185,27.0,0.3,0.2,5,"202341,1610612758",51,32,14.1,5.0,4.5,5.5,12.7,1.1,0.6,202341,James Anderson,0.4,0.6,0.7,1.5,SAC,1610612758,19,0.373
186,25.0,0.2,0.2,5,"203516,1610612740",22,11,14.9,4.3,3.1,6.4,13.1,1.3,1.5,203516,James Ennis,1.2,1.6,1.4,2.4,NOP,1610612740,11,0.5
187,26.0,0.6,1.2,5,"201935,1610612745",82,41,38.1,11.3,11.7,15.3,34.7,2.8,6.8,201935,James Harden,2.1,5.6,4.8,8.4,HOU,1610612745,41,0.5
188,29.0,0.6,0.2,5,"201949,1610612761",57,22,16.2,3.8,3.8,4.7,14.6,1.5,0.9,201949,James Johnson,0.6,0.6,0.8,3.1,TOR,1610612761,35,0.614
189,35.0,0.2,0.1,5,"2592,1610612739",48,15,9.7,2.6,1.8,3.0,7.9,1.0,0.5,2592,James Jones,0.4,0.1,0.5,0.3,CLE,1610612739,33,0.688
190,23.0,0.2,0.4,5,"203949,1610612744",41,4,6.4,1.7,2.6,3.0,6.1,1.0,0.8,203949,James Michael McAdoo,0.7,0.7,0.5,2.0,GSW,1610612744,37,0.902
191,20.0,0.0,0.1,5,"203923,1610612738",29,17,6.9,1.3,1.7,1.7,6.1,0.6,0.1,203923,James Young,0.1,0.1,0.2,0.3,BOS,1610612738,12,0.414
192,25.0,0.0,0.4,5,"203099,1610612749",44,13,9.3,2.2,1.8,4.2,7.9,0.9,1.0,203099,Jared Cunningham,0.5,0.7,0.6,1.0,MIL,1610612749,31,0.705
193,30.0,0.2,0.1,5,"201162,1610612764",81,41,25.9,6.2,6.1,8.2,22.2,2.3,1.3,201162,Jared Dudley,0.9,1.0,1.4,1.3,WAS,1610612764,40,0.494
194,24.0,0.6,0.6,5,"203096,1610612738",81,34,23.6,7.3,5.0,7.0,21.0,2.6,2.0,203096,Jared Sullinger,2.5,0.3,1.1,5.1,BOS,1610612738,47,0.58
195,24.0,0.0,0.1,5,"204067,1610612764",26,13,5.6,1.5,1.8,2.0,4.7,0.2,0.2,204067,Jarell Eddie,0.2,0.2,0.3,0.1,WAS,1610612764,13,0.5
196,22.0,0.3,0.6,5,"1626185,1610612763",27,17,14.1,3.3,4.4,5.0,10.9,2.1,1.6,1626185,Jarell Martin,1.4,0.5,0.7,2.8,MEM,1610612763,10,0.37
197,22.0,0.0,0.0,5,"203950,1610612748",7,6,2.7,0.0,1.3,1.0,1.7,0.1,0.1,203950,Jarnell Stokes,0.3,0.4,0.0,0.9,MIA,1610612748,1,0.143
198,32.0,0.2,0.7,5,"101127,1610612751",32,22,32.1,7.7,10.0,12.2,29.8,2.4,2.6,101127,Jarrett Jack,0.8,1.3,1.7,3.4,BKN,1610612751,10,0.313
199,30.0,0.9,0.3,5,"201160,1610612753",76,43,15.5,3.4,3.9,4.9,13.6,2.1,1.0,201160,Jason Smith,0.7,0.3,0.9,1.6,ORL,1610612753,33,0.434
200,38.0,0.1,0.1,5,"1891,1610612745",72,35,17.5,5.1,5.1,7.1,16.0,1.3,0.4,1891,Jason Terry,0.5,0.9,0.8,1.1,HOU,1610612745,37,0.514
201,29.0,0.4,0.2,5,"201574,1610612761",47,9,10.0,2.7,3.3,2.9,9.2,1.7,0.8,201574,Jason Thompson,0.7,0.2,0.4,1.7,TOR,1610612761,38,0.809
202,29.0,0.2,0.2,5,"201965,1610612746",17,6,6.3,2.9,2.1,2.2,6.7,1.1,0.4,201965,Jeff Ayres,0.5,0.1,0.2,0.8,LAC,1610612746,11,0.647
203,29.0,0.5,0.7,5,"201145,1610612746",80,32,28.2,7.6,7.4,8.3,22.8,2.1,2.3,201145,Jeff Green,1.2,1.8,2.0,5.6,LAC,1610612746,48,0.6
204,28.0,0.3,1.1,5,"201952,1610612737",79,32,28.5,8.2,7.8,9.6,25.2,2.1,3.2,201952,Jeff Teague,0.9,2.6,2.6,7.0,ATL,1610612737,47,0.595
205,26.0,1.0,0.3,5,"203481,1610612762",51,26,12.9,3.0,2.5,3.5,10.0,1.5,1.0,203481,Jeff Withey,1.0,0.2,0.5,3.1,UTA,1610612762,25,0.49
206,22.0,1.6,1.0,5,"203924,1610612755",77,68,26.8,8.2,9.0,11.4,25.2,2.8,3.7,203924,Jerami Grant,1.0,1.6,1.8,5.4,PHI,1610612755,9,0.117
207,28.0,0.3,0.1,5,"202379,1610612742",30,14,8.4,2.1,2.3,3.5,6.5,0.6,0.7,202379,Jeremy Evans,0.4,0.1,0.4,1.3,DAL,1610612742,16,0.533
208,24.0,0.5,0.3,5,"203087,1610612766",66,26,18.6,4.3,4.5,5.1,13.7,1.6,1.3,203087,Jeremy Lamb,0.9,1.1,2.1,3.6,CHA,1610612766,40,0.606
209,27.0,0.5,0.8,5,"202391,1610612766",78,31,26.3,6.2,7.0,7.8,21.2,2.1,4.0,202391,Jeremy Lin,0.8,1.5,1.6,4.3,CHA,1610612766,47,0.603
210,23.0,0.1,0.4,5,"1626170,1610612752",76,47,16.6,4.6,3.7,5.3,14.9,1.3,1.5,1626170,Jerian Grant,0.3,0.9,0.8,2.6,NYK,1610612752,29,0.382
211,27.0,0.2,0.4,5,"201573,1610612749",52,31,28.9,8.5,8.1,10.9,26.4,2.1,1.7,201573,Jerryd Bayless,0.9,1.4,1.7,1.9,MIL,1610612749,21,0.404
212,27.0,0.0,0.0,5,"202690,1610612752",6,5,2.9,0.8,0.0,1.0,3.7,0.3,0.3,202690,Jimmer Fredette,0.0,0.3,1.0,0.3,NYK,1610612752,1,0.167
213,26.0,0.6,0.8,5,"202710,1610612741",67,30,36.9,11.3,10.2,11.6,33.5,1.9,5.5,202710,Jimmy Butler,2.4,2.6,3.3,8.0,CHI,1610612741,37,0.552
214,31.0,1.0,0.6,5,"201149,1610612741",29,14,21.9,6.3,5.4,7.3,18.0,2.7,1.5,201149,Joakim Noah,1.7,0.3,0.8,3.3,CHI,1610612741,15,0.517
215,28.0,0.0,0.7,5,"201975,1610612765",3,0,14.5,3.3,2.3,5.0,12.7,0.7,0.7,201975,Jodie Meeks,1.7,1.0,1.7,1.3,DET,1610612765,3,1.0
216,24.0,0.0,0.0,5,"203925,1610612739",5,0,3.0,1.0,1.4,2.0,5.6,0.2,0.0,203925,Joe Harris,0.0,0.0,0.0,0.0,CLE,1610612739,5,1.0
217,28.0,0.0,0.1,5,"204060,1610612762",81,41,15.3,3.6,3.6,5.4,12.6,1.2,0.5,204060,Joe Ingles,0.1,0.4,0.7,0.7,UTA,1610612762,40,0.494
218,34.0,0.0,0.3,5,"2207,1610612748",81,50,33.4,8.7,9.4,11.5,31.4,1.8,1.7,2207,Joe Johnson,1.0,0.8,1.8,4.0,MIA,1610612748,31,0.383
219,24.0,0.0,0.1,5,"1626202,1610612754",41,22,9.4,2.6,2.4,2.9,8.9,0.7,0.6,1626202,Joe Young,0.2,0.6,0.7,1.3,IND,1610612754,19,0.463
220,33.0,0.6,0.1,5,"201202,1610612765",19,7,5.0,1.4,0.5,1.6,3.9,0.8,0.3,201202,Joel Anthony,0.3,0.1,0.1,0.4,DET,1610612765,12,0.632
221,24.0,0.3,0.5,5,"203530,1610612743",59,35,17.6,5.0,5.5,6.7,17.7,1.9,1.1,203530,Joffrey Lauvergne,1.3,0.5,0.7,4.9,DEN,1610612743,24,0.407
222,25.0,1.9,0.2,5,"203089,1610612749",57,35,16.8,4.6,4.3,6.8,14.1,2.3,1.5,203089,John Henson,1.5,0.4,1.1,5.5,MIL,1610612749,22,0.386
223,25.0,0.0,0.1,5,"203098,1610612756",43,25,11.2,3.2,4.3,4.2,11.6,0.5,0.5,203098,John Jenkins,0.4,0.5,0.4,1.2,PHX,1610612756,18,0.419
224,25.0,0.8,0.9,5,"202322,1610612764",77,40,36.2,9.0,9.1,11.8,30.4,2.1,3.8,202322,John Wall,1.4,4.9,3.9,7.0,WAS,1610612764,37,0.481
225,23.0,0.1,0.3,5,"203948,1610612749",66,39,13.0,3.4,3.2,4.7,12.0,1.5,0.6,203948,Johnny O'Bryant,0.6,0.3,0.6,1.4,MIL,1610612749,27,0.409
226,27.0,0.4,0.4,5,"202720,1610612756",67,45,18.7,4.9,6.1,7.6,17.3,1.9,1.4,202720,Jon Leuer,1.1,0.9,1.3,4.1,PHX,1610612756,22,0.328
227,29.0,0.3,0.3,5,"201973,1610612738",78,31,15.1,4.2,3.6,4.9,13.4,1.8,0.9,201973,Jonas Jerebko,0.5,0.4,0.7,1.6,BOS,1610612738,47,0.603
228,24.0,1.3,0.8,5,"202685,1610612761",60,20,25.9,6.0,6.4,7.8,22.6,2.6,3.1,202685,Jonas Valanciunas,3.3,0.3,1.7,8.8,TOR,1610612761,40,0.667
229,26.0,0.1,0.4,5,"203613,1610612759",55,8,14.8,3.9,4.1,5.1,14.0,1.9,1.6,203613,Jonathon Simmons,0.5,1.4,1.0,3.4,SAS,1610612759,47,0.855
230,21.0,0.0,0.0,5,"203919,1610612763",2,2,7.3,1.0,2.5,2.5,6.0,1.0,1.0,203919,Jordan Adams,0.0,0.5,2.0,1.0,MEM,1610612763,0,0.0
231,24.0,0.1,1.1,5,"203903,1610612747",79,62,32.3,9.9,11.5,10.9,33.0,2.1,2.3,203903,Jordan Clarkson,1.5,2.1,2.1,6.6,LAL,1610612747,17,0.215
232,29.0,0.2,0.6,5,"200770,1610612763",12,10,24.3,6.2,9.1,7.8,22.8,1.8,1.4,200770,Jordan Farmar,1.0,1.8,2.2,2.2,MEM,1610612763,2,0.167
233,25.0,0.3,0.5,5,"202706,1610612740",11,7,27.6,7.7,7.3,9.6,24.0,2.2,1.6,202706,Jordan Hamilton,1.6,2.0,1.0,4.9,NOP,1610612740,4,0.364
234,28.0,0.5,0.4,5,"201941,1610612754",73,33,20.7,6.1,5.7,7.2,18.1,2.1,1.2,201941,Jordan Hill,2.1,0.1,1.0,5.6,IND,1610612754,40,0.548
235,25.0,0.0,0.4,5,"203895,1610612739",22,12,8.9,2.7,1.5,2.5,6.2,0.8,1.0,203895,Jordan McRae,0.4,0.8,0.4,1.4,CLE,1610612739,10,0.455
236,21.0,0.7,0.3,5,"1626175,1610612738",16,7,3.6,0.6,1.2,1.1,3.5,0.3,0.4,1626175,Jordan Mickey,0.8,0.0,0.1,1.0,BOS,1610612738,9,0.563
237,27.0,0.0,0.0,5,"203268,1610612766",12,3,5.3,1.5,2.1,2.1,5.2,0.3,0.8,203268,Jorge Gutierrez,0.0,0.0,0.3,0.7,CHA,1610612766,9,0.75
238,34.0,0.1,0.1,5,"101181,1610612752",72,43,28.1,7.2,8.2,9.5,25.3,1.9,1.1,101181,Jose Calderon,0.5,0.6,1.2,1.1,NYK,1610612752,29,0.403
239,32.0,0.0,0.6,5,"200826,1610612742",74,36,22.5,6.8,8.0,6.7,18.8,1.5,1.7,200826,Jose Juan Barea,0.9,1.1,1.9,4.4,DAL,1610612742,38,0.514
240,24.0,0.4,0.0,5,"203962,1610612760",5,3,11.0,2.8,2.6,3.6,9.6,0.6,0.4,203962,Josh Huestis,0.0,0.0,0.0,0.4,OKC,1610612760,2,0.4
241,29.0,0.2,0.2,5,"201177,1610612748",42,15,14.2,3.6,2.8,4.2,11.5,1.6,0.8,201177,Josh McRoberts,0.3,0.1,0.4,1.6,MIA,1610612748,27,0.643
242,22.0,0.5,0.4,5,"1626196,1610612748",52,23,21.3,5.9,4.7,7.5,17.8,2.1,1.2,1626196,Josh Richardson,0.5,0.7,0.7,1.8,MIA,1610612748,29,0.558
243,30.0,0.9,0.3,5,"2746,1610612745",55,24,16.0,4.5,4.6,6.2,14.0,2.1,1.2,2746,Josh Smith,0.6,0.7,1.0,2.8,HOU,1610612745,31,0.564
244,26.0,0.3,0.8,5,"201950,1610612740",65,38,28.2,6.6,6.1,8.2,24.0,2.3,2.8,201950,Jrue Holiday,1.1,1.7,2.1,7.3,NOP,1610612740,27,0.415
245,21.0,0.4,1.0,5,"203944,1610612747",81,64,28.2,8.5,11.5,10.1,29.0,3.0,2.6,203944,Julius Randle,2.4,1.8,2.1,7.6,LAL,1610612747,17,0.21
246,22.0,0.5,0.2,5,"1626147,1610612742",55,27,11.8,2.8,4.0,3.4,9.1,0.8,0.6,1626147,Justin Anderson,0.3,0.9,1.0,1.4,DAL,1610612742,28,0.509
247,26.0,0.0,0.0,5,"202712,1610612765",5,1,7.0,1.4,2.4,3.4,6.4,0.6,0.2,202712,Justin Harper,0.0,0.0,0.0,0.0,DET,1610612765,4,0.8
248,27.0,0.4,0.4,5,"203200,1610612741",53,25,14.6,3.7,4.6,5.5,12.9,1.2,0.9,203200,Justin Holiday,0.3,0.8,0.6,1.3,CHI,1610612741,28,0.528
249,20.0,0.3,0.6,5,"1626159,1610612748",78,32,28.6,7.1,5.7,9.4,23.8,2.4,1.2,1626159,Justise Winslow,0.9,1.5,1.1,3.5,MIA,1610612748,46,0.59
250,21.0,1.4,0.8,5,"203994,1610612743",32,18,17.1,4.9,4.8,5.4,15.4,2.8,2.9,203994,Jusuf Nurkic,1.6,0.3,1.1,5.7,DEN,1610612743,14,0.438
251,23.0,0.2,0.1,5,"203909,1610612745",37,20,6.4,1.9,1.6,2.0,4.8,0.8,0.6,203909,KJ McDaniels,0.4,0.7,0.5,1.1,HOU,1610612745,17,0.459
252,20.0,1.7,0.8,5,"1626157,1610612750",82,53,32.0,9.0,9.1,11.3,30.5,3.0,3.0,1626157,Karl-Anthony Towns,3.5,1.1,2.8,9.8,MIN,1610612750,29,0.354
253,24.0,1.0,0.4,5,"202695,1610612759",72,12,33.1,6.8,8.6,8.4,27.0,1.8,3.9,202695,Kawhi Leonard,1.6,2.6,3.4,7.1,SAS,1610612759,60,0.833
254,24.0,0.0,0.0,5,"203951,1610612753",5,5,5.4,0.2,1.2,1.8,3.6,1.0,0.4,203951,Keith Appling,0.0,0.4,0.4,0.8,ORL,1610612753,0,0.0
255,25.0,0.5,0.5,5,"203482,1610612738",69,29,20.2,5.8,4.6,5.7,17.4,2.4,1.7,203482,Kelly Olynyk,1.2,1.2,1.7,4.3,BOS,1610612738,40,0.58
256,20.0,0.1,0.3,5,"1626162,1610612764",63,32,10.7,2.9,3.6,2.9,9.0,1.6,0.8,1626162,Kelly Oubre,0.5,0.6,0.6,1.9,WAS,1610612764,31,0.492
257,26.0,0.5,1.3,5,"202689,1610612766",81,34,35.6,8.6,8.4,9.8,29.7,1.4,4.3,202689,Kemba Walker,2.0,3.2,3.4,6.5,CHA,1610612766,47,0.58
258,24.0,0.1,0.2,5,"203088,1610612755",30,27,13.3,4.6,4.7,5.7,12.5,1.0,0.7,203088,Kendall Marshall,0.0,0.1,0.3,1.1,PHI,1610612755,3,0.1
259,31.0,0.3,0.2,5,"2570,1610612740",37,24,14.6,3.7,4.1,5.4,13.1,1.7,0.7,2570,Kendrick Perkins,0.4,0.1,0.1,1.9,NOP,1610612740,13,0.351
260,26.0,0.9,0.9,5,"202702,1610612743",67,41,25.3,5.7,6.9,9.0,23.3,2.5,3.1,202702,Kenneth Faried,3.2,1.9,1.9,9.8,DEN,1610612743,26,0.388
261,26.0,0.5,0.5,5,"203145,1610612737",75,31,27.8,8.3,7.5,9.2,23.7,2.3,2.3,203145,Kent Bazemore,1.1,2.7,2.3,4.9,ATL,1610612737,44,0.587
262,23.0,0.2,0.5,5,"203484,1610612765",76,35,36.7,8.4,7.4,10.7,34.3,2.2,2.5,203484,Kentavious Caldwell-Pope,1.3,3.2,3.0,5.0,DET,1610612765,41,0.539
263,27.0,1.2,0.5,5,"201142,1610612760",72,20,35.8,10.8,10.0,12.9,33.5,1.9,4.5,201142,Kevin Durant,2.2,4.6,3.0,8.8,OKC,1610612760,52,0.722
264,40.0,0.3,0.1,5,"708,1610612750",38,24,14.6,3.7,2.5,3.5,12.3,1.8,0.7,708,Kevin Garnett,0.2,0.2,0.3,1.2,MIN,1610612750,14,0.368
265,27.0,0.5,0.7,5,"201567,1610612739",77,24,31.5,7.2,8.0,10.2,27.4,2.1,3.6,201567,Kevin Love,2.3,0.9,2.2,4.5,CLE,1610612739,53,0.688
266,33.0,0.1,0.4,5,"2755,1610612759",55,31,19.9,5.3,6.0,7.5,17.9,1.5,1.9,2755,Kevin Martin,0.5,1.7,1.3,2.3,SAS,1610612759,24,0.436
267,26.0,0.8,0.3,5,"202338,1610612752",48,33,11.0,2.9,2.8,3.9,9.2,1.4,0.4,202338,Kevin Seraphin,0.4,0.2,0.5,2.1,NYK,1610612752,15,0.313
268,20.0,0.0,0.2,5,"1626172,1610612744",5,1,4.1,1.4,3.2,2.4,4.4,0.4,0.0,1626172,Kevon Looney,0.8,0.0,0.0,0.8,GSW,1610612744,4,0.8
269,24.0,0.2,0.5,5,"203114,1610612749",79,46,36.1,10.9,9.5,12.5,32.7,2.6,3.2,203114,Khris Middleton,1.1,2.5,3.4,4.4,MIL,1610612749,33,0.418
270,35.0,0.0,0.1,5,"2550,1610612737",46,20,13.7,4.1,3.2,4.4,11.7,1.4,0.7,2550,Kirk Hinrich,0.1,0.7,0.6,0.7,ATL,1610612737,26,0.565
271,26.0,0.6,0.5,5,"202691,1610612744",80,9,33.3,9.4,9.7,11.7,31.3,1.9,2.1,202691,Klay Thompson,2.0,4.1,3.1,6.2,GSW,1610612744,71,0.888
272,37.0,0.2,0.5,5,"977,1610612747",66,53,28.2,9.4,11.2,10.0,29.6,1.7,2.6,977,Kobe Bryant,1.5,1.6,2.2,4.0,LAL,1610612747,13,0.197
273,27.0,0.9,0.4,5,"201585,1610612758",78,46,19.0,4.9,5.8,7.5,16.8,2.4,1.2,201585,Kosta Koufos,1.7,0.4,0.8,5.8,SAC,1610612758,32,0.41
274,25.0,0.2,0.3,5,"203123,1610612743",26,18,11.3,3.1,2.8,4.5,8.8,0.9,0.7,203123,Kostas Papanikolaou,0.2,0.3,0.5,0.8,DEN,1610612743,8,0.308
275,31.0,0.4,0.3,5,"2743,1610612737",53,24,15.7,4.0,4.8,5.1,14.6,1.8,1.4,2743,Kris Humphries,0.9,0.9,1.2,2.1,ATL,1610612737,29,0.547
276,20.0,1.9,0.4,5,"204001,1610612752",72,44,28.4,7.2,6.7,8.8,24.7,2.8,3.1,204001,Kristaps Porzingis,2.6,0.5,1.5,4.7,NYK,1610612752,28,0.389
277,22.0,0.4,0.2,5,"203937,1610612759",78,14,16.0,3.7,3.9,4.5,13.6,1.2,1.0,203937,Kyle Anderson,0.2,0.5,0.8,1.8,SAS,1610612759,64,0.821
278,35.0,0.4,0.2,5,"2594,1610612737",80,34,30.0,8.1,7.7,9.7,25.4,2.0,0.8,2594,Kyle Korver,1.1,1.3,1.5,0.7,ATL,1610612737,46,0.575
279,30.0,0.4,1.0,5,"200768,1610612761",77,23,37.0,9.0,8.0,11.1,30.5,2.7,5.6,200768,Kyle Lowry,2.1,3.7,3.7,5.8,TOR,1610612761,54,0.701
280,26.0,0.8,0.3,5,"203124,1610612752",65,39,11.8,3.6,3.4,3.7,10.2,1.6,0.9,203124,Kyle O'Quinn,1.0,0.2,0.6,2.2,NYK,1610612752,26,0.4
281,28.0,0.1,0.2,5,"202713,1610612760",68,25,14.4,4.0,4.3,5.8,13.7,1.8,0.6,202713,Kyle Singler,0.5,0.5,0.5,1.4,OKC,1610612760,43,0.632
282,24.0,0.3,1.0,5,"202681,1610612739",53,16,31.5,7.2,8.3,9.4,29.4,2.0,2.9,202681,Kyrie Irving,1.7,2.3,2.8,7.0,CLE,1610612739,37,0.698
283,30.0,1.1,0.5,5,"200746,1610612759",74,13,30.6,6.6,7.8,7.8,25.2,2.0,3.2,200746,LaMarcus Aldridge,3.0,0.9,2.7,8.3,SAS,1610612759,61,0.824
284,24.0,0.1,0.1,5,"203934,1610612737",35,12,11.3,2.3,3.1,3.3,10.2,1.3,0.7,203934,Lamar Patterson,0.2,0.6,0.6,0.8,ATL,1610612737,23,0.657
285,25.0,0.1,0.4,5,"202362,1610612763",69,33,19.9,5.3,5.6,6.8,17.0,2.0,1.4,202362,Lance Stephenson,0.9,1.1,1.6,4.3,MEM,1610612763,36,0.522
286,28.0,0.1,0.4,5,"202498,1610612752",59,34,22.3,6.1,6.1,8.0,20.9,1.8,1.8,202498,Lance Thomas,0.8,0.6,1.1,2.5,NYK,1610612752,25,0.424
287,24.0,0.3,0.3,5,"204038,1610612752",82,50,24.8,6.5,6.0,7.5,21.5,2.2,1.0,204038,Langston Galloway,0.6,1.6,1.3,2.6,NYK,1610612752,32,0.39
288,23.0,0.4,0.3,5,"1626204,1610612747",63,49,20.1,5.4,5.8,6.8,18.6,2.0,0.9,1626204,Larry Nance Jr.,1.2,1.0,1.0,3.7,LAL,1610612747,14,0.222
289,27.0,0.5,0.3,5,"202730,1610612754",79,36,20.2,5.3,5.2,6.7,16.1,1.9,0.9,202730,Lavoy Allen,1.6,0.2,1.0,3.7,IND,1610612754,43,0.544
290,31.0,0.6,0.9,5,"2544,1610612739",76,20,35.6,8.3,8.4,11.3,29.9,1.9,5.4,2544,LeBron James,2.4,5.4,5.4,14.0,CLE,1610612739,56,0.737
291,33.0,0.1,0.3,5,"2571,1610612744",68,8,15.9,4.6,4.8,5.1,14.5,1.6,1.0,2571,Leandro Barbosa,0.6,1.9,1.4,2.9,GSW,1610612744,60,0.882
292,25.0,0.1,0.0,5,"203485,1610612765",8,7,7.6,1.0,2.9,4.4,6.8,0.5,0.4,203485,Lorenzo Brown,0.5,0.4,0.9,1.0,DET,1610612765,1,0.125
293,33.0,0.2,0.1,5,"200811,1610612752",29,18,7.0,1.8,1.7,1.8,5.1,1.5,0.8,200811,Lou Amundson,0.5,0.2,0.2,1.2,NYK,1610612752,11,0.379
294,29.0,0.3,0.6,5,"101150,1610612747",67,53,28.5,9.0,9.7,9.8,28.8,1.6,3.9,101150,Lou Williams,1.4,2.3,2.0,3.0,LAL,1610612747,14,0.209
295,29.0,0.3,0.4,5,"201601,1610612746",75,26,17.0,4.1,4.0,4.6,13.8,1.3,0.6,201601,Luc Mbah a Moute,0.4,0.7,0.5,1.9,LAC,1610612746,49,0.653
296,23.0,0.4,0.1,5,"203512,1610612761",29,12,7.7,2.3,1.4,1.3,6.9,1.0,0.4,203512,Lucas Nogueira,0.2,0.3,0.4,1.9,TOR,1610612761,17,0.586
297,23.0,0.0,0.2,5,"1626242,1610612757",12,6,3.5,1.1,0.7,1.7,1.5,0.1,0.3,1626242,Luis Montero,0.0,0.1,0.3,0.3,POR,1610612757,6,0.5
298,36.0,0.4,0.5,5,"2449,1610612761",76,26,21.5,5.0,5.6,7.4,19.0,2.3,1.4,2449,Luis Scola,1.2,1.0,1.9,4.3,TOR,1610612761,50,0.658
299,27.0,0.1,0.5,5,"202337,1610612740",47,31,18.0,4.0,5.1,5.9,16.2,1.9,1.0,202337,Luke Babbitt,0.8,0.4,0.8,2.6,NOP,1610612740,16,0.34
300,31.0,0.4,0.4,5,"2736,1610612748",74,29,32.4,8.2,8.2,10.1,29.5,1.6,2.2,2736,Luol Deng,1.7,1.8,2.0,5.4,MIA,1610612748,45,0.608
301,38.0,0.2,0.4,5,"1938,1610612759",58,11,19.6,4.5,4.7,6.1,16.7,1.7,2.4,1938,Manu Ginobili,1.2,0.9,1.6,3.2,SAS,1610612759,47,0.81
302,31.0,1.3,0.5,5,"201188,1610612763",52,22,34.4,8.2,10.8,10.6,26.6,2.7,4.4,201188,Marc Gasol,1.4,0.4,2.2,7.1,MEM,1610612763,30,0.577
303,33.0,0.1,0.3,5,"1626273,1610612747",53,45,16.4,4.2,5.1,5.1,14.4,1.4,0.6,1626273,Marcelo Huertas,0.3,0.4,0.5,2.2,LAL,1610612747,8,0.151
304,32.0,1.3,0.7,5,"101162,1610612764",75,40,30.1,7.7,7.9,10.1,25.2,2.6,2.8,101162,Marcin Gortat,2.1,0.9,1.7,9.7,WAS,1610612764,35,0.467
305,30.0,0.0,0.1,5,"201158,1610612758",68,41,24.6,6.7,7.4,9.3,23.4,1.3,1.9,201158,Marco Belinelli,0.6,1.5,1.9,1.4,SAC,1610612758,27,0.397
306,26.0,0.3,0.4,5,"202694,1610612765",80,38,35.7,7.7,7.9,10.6,33.1,2.1,3.3,202694,Marcus Morris,1.4,1.3,2.4,3.5,DET,1610612765,42,0.525
307,22.0,0.3,0.7,5,"203935,1610612738",61,25,27.3,8.2,6.0,8.4,23.9,3.0,3.1,203935,Marcus Smart,1.7,1.2,1.6,3.7,BOS,1610612738,36,0.59
308,29.0,0.1,0.3,5,"201977,1610612764",61,29,18.2,5.7,6.2,6.7,17.8,1.5,0.9,201977,Marcus Thornton,1.3,1.3,1.5,2.9,WAS,1610612764,32,0.525
309,30.0,0.2,0.4,5,"201596,1610612763",61,23,22.5,6.2,6.2,7.2,17.1,3.0,3.9,201596,Mario Chalmers,0.9,1.7,2.0,3.6,MEM,1610612763,38,0.623
310,21.0,0.2,0.2,5,"1626209,1610612753",79,46,17.9,3.9,4.3,5.5,16.3,1.6,0.7,1626209,Mario Hezonja,0.5,0.9,1.3,1.8,ORL,1610612753,33,0.418
311,24.0,0.2,0.2,5,"203900,1610612751",62,50,15.8,4.6,4.3,6.3,15.8,1.5,1.4,203900,Markel Brown,0.7,1.1,1.0,1.9,BKN,1610612751,12,0.194
312,26.0,0.5,0.6,5,"202693,1610612764",64,42,25.5,5.9,7.8,9.6,21.3,2.9,2.1,202693,Markieff Morris,1.5,0.6,1.5,4.8,WAS,1610612764,22,0.344
313,28.0,0.5,0.4,5,"201578,1610612744",72,8,11.6,3.7,3.5,3.9,11.4,1.6,1.6,201578,Marreese Speights,0.9,0.5,0.8,2.3,GSW,1610612744,64,0.889
314,30.0,1.0,0.3,5,"101107,1610612766",81,34,28.9,6.8,7.0,8.1,23.9,1.6,1.6,101107,Marvin Williams,1.9,0.5,1.5,3.4,CHA,1610612766,47,0.58
315,26.0,1.0,0.8,5,"203486,1610612757",82,38,25.4,6.3,5.7,9.2,23.3,3.1,3.3,203486,Mason Plumlee,1.6,1.2,1.8,6.2,POR,1610612757,44,0.537
316,36.0,0.8,0.5,5,"2440,1610612763",76,38,28.8,7.0,9.1,8.6,22.9,3.1,1.4,2440,Matt Barnes,1.1,2.1,1.7,3.4,MEM,1610612763,38,0.5
317,36.0,0.0,0.1,5,"2588,1610612759",30,5,6.9,1.7,2.2,2.2,5.5,0.5,0.2,2588,Matt Bonner,0.1,0.1,0.4,0.5,SAS,1610612759,25,0.833
318,25.0,0.1,0.3,5,"203521,1610612739",76,22,24.6,5.5,5.1,7.6,19.0,2.3,1.2,203521,Matthew Dellavedova,0.7,0.4,1.1,2.0,CLE,1610612739,54,0.711
319,23.0,0.4,0.4,5,"203090,1610612757",78,38,18.7,5.3,4.2,6.4,15.6,1.6,0.9,203090,Maurice Harkless,1.4,1.1,1.1,3.9,POR,1610612757,40,0.513
320,36.0,0.3,0.4,5,"1897,1610612747",35,29,16.9,4.0,5.0,5.5,14.3,1.9,1.2,1897,Metta World Peace,0.7,0.3,1.0,1.2,LAL,1610612747,6,0.171
321,24.0,0.3,0.1,5,"203086,1610612757",61,28,21.8,5.3,5.0,7.4,16.7,3.0,1.0,203086,Meyers Leonard,0.7,0.5,0.7,1.7,POR,1610612757,33,0.541
322,27.0,0.5,0.7,5,"201563,1610612745",20,10,18.1,6.3,5.3,7.8,16.1,2.0,1.6,201563,Michael Beasley,1.9,1.3,2.0,7.1,HOU,1610612745,10,0.5
323,24.0,0.8,0.8,5,"203487,1610612749",54,33,30.5,8.8,8.3,11.6,26.1,3.0,3.2,203487,Michael Carter-Williams,0.6,1.6,1.8,6.8,MIL,1610612749,21,0.389
324,22.0,0.4,1.1,5,"203077,1610612766",7,2,29.2,4.4,9.0,7.7,24.0,1.3,3.1,203077,Michael Kidd-Gilchrist,1.9,4.3,1.7,7.4,CHA,1610612766,5,0.714
325,28.0,0.3,0.6,5,"201144,1610612763",56,23,31.4,7.5,9.1,8.6,24.8,1.8,3.3,201144,Mike Conley,1.1,1.8,2.7,5.5,MEM,1610612763,33,0.589
326,35.0,0.3,0.4,5,"2399,1610612741",31,18,22.7,6.7,6.0,7.2,21.5,2.1,1.1,2399,Mike Dunleavy,0.9,1.1,0.9,2.1,CHI,1610612741,13,0.419
327,36.0,0.1,0.1,5,"2034,1610612743",47,26,7.9,2.3,1.9,2.6,7.1,1.1,0.1,2034,Mike Miller,0.2,0.2,0.3,0.1,DEN,1610612743,21,0.447
328,24.0,0.5,0.0,5,"203488,1610612737",60,26,9.4,2.3,2.2,3.3,8.5,1.2,0.6,203488,Mike Muscala,0.7,0.3,0.5,1.6,ATL,1610612737,34,0.567
329,27.0,0.2,0.2,5,"203118,1610612737",75,29,15.3,3.5,3.3,5.1,12.2,1.4,0.8,203118,Mike Scott,0.7,1.1,0.9,2.6,ATL,1610612737,46,0.613
330,27.0,0.8,0.2,5,"203101,1610612749",61,38,14.3,3.9,3.6,5.2,13.1,1.2,0.9,203101,Miles Plumlee,1.1,0.4,0.9,4.2,MIL,1610612749,23,0.377
331,30.0,0.3,0.5,5,"203141,1610612756",79,56,21.3,5.8,8.2,8.8,21.1,2.0,1.7,203141,Mirza Teletovic,1.6,1.2,1.6,2.7,PHX,1610612756,23,0.291
332,24.0,0.1,0.2,5,"203956,1610612760",20,3,3.6,1.4,2.0,1.9,3.5,0.5,0.3,203956,Mitch McGary,0.1,0.2,0.2,0.7,OKC,1610612760,17,0.85
333,33.0,0.1,0.3,5,"2590,1610612739",41,14,18.2,4.0,4.5,6.9,15.1,1.5,1.0,2590,Mo Williams,0.5,1.1,1.3,1.3,CLE,1610612739,27,0.659
334,30.0,0.5,0.4,5,"101145,1610612754",81,37,33.8,9.2,9.0,11.7,29.0,2.1,2.4,101145,Monta Ellis,1.2,2.2,2.4,4.9,IND,1610612754,44,0.543
335,22.0,0.3,0.2,5,"1626149,1610612745",39,22,9.7,2.5,3.3,3.9,8.7,1.2,0.8,1626149,Montrezl Harrell,0.8,0.7,0.6,2.9,HOU,1610612745,17,0.436
336,20.0,1.4,0.4,5,"1626167,1610612754",60,28,22.8,6.4,5.5,7.3,20.3,2.6,2.0,1626167,Myles Turner,1.6,0.8,1.4,4.8,IND,1610612754,32,0.533
337,32.0,0.0,0.0,5,"101126,1610612740",2,2,11.6,3.5,2.5,5.5,13.0,2.5,0.0,101126,Nate Robinson,0.0,0.0,0.0,0.0,NOP,1610612740,0,0.0
338,38.0,0.0,0.0,5,"1737,1610612760",5,0,3.9,0.4,2.0,2.4,2.4,0.8,0.2,1737,Nazr Mohammed,0.4,0.0,0.4,0.8,OKC,1610612760,5,1.0
339,28.0,0.4,0.2,5,"202357,1610612750",60,40,17.9,4.3,4.6,7.4,16.1,2.6,1.0,202357,Nemanja Bjelica,0.8,0.4,0.5,1.9,MIN,1610612750,20,0.333
340,33.0,0.5,0.4,5,"2403,1610612764",57,29,19.2,4.1,4.8,6.2,16.4,2.7,2.9,2403,Nene,0.7,0.8,1.6,5.6,WAS,1610612764,28,0.491
341,22.0,1.5,0.6,5,"203457,1610612755",67,57,29.3,8.9,10.6,13.0,27.4,2.9,2.9,203457,Nerlens Noel,2.4,1.4,1.7,8.3,PHI,1610612755,10,0.149
342,35.0,0.3,0.2,5,"2555,1610612760",59,20,11.9,3.0,3.4,4.5,10.6,1.8,0.7,2555,Nick Collison,0.7,0.1,0.4,1.4,OKC,1610612760,39,0.661
343,31.0,0.1,0.2,5,"201156,1610612747",54,41,19.1,5.7,5.9,6.5,19.0,0.9,0.8,201156,Nick Young,0.9,0.9,1.0,0.4,LAL,1610612747,13,0.241
344,27.0,0.6,0.4,5,"201587,1610612766",70,29,35.0,8.6,9.1,10.5,30.2,1.6,2.2,201587,Nicolas Batum,1.1,1.7,2.6,3.6,CHA,1610612766,41,0.586
345,22.0,0.3,0.5,5,"203917,1610612755",73,65,24.8,7.3,8.8,10.2,23.6,1.6,1.3,203917,Nik Stauskas,0.6,1.4,1.5,2.4,PHI,1610612755,8,0.11
346,21.0,0.6,0.7,5,"203999,1610612743",80,49,21.7,4.5,5.4,7.0,17.5,2.6,2.5,203999,Nikola Jokic,2.1,0.5,1.3,6.2,DEN,1610612743,31,0.388
347,25.0,0.7,0.4,5,"202703,1610612741",66,29,24.9,6.9,6.8,8.3,24.7,2.3,2.1,202703,Nikola Mirotic,1.7,1.0,1.5,2.6,CHI,1610612741,37,0.561
348,30.0,0.0,0.2,5,"201593,1610612750",12,10,13.0,4.5,4.2,5.3,12.3,1.8,1.5,201593,Nikola Pekovic,0.8,0.0,0.3,3.0,MIN,1610612750,2,0.167
349,25.0,1.1,0.9,5,"202696,1610612753",65,37,31.3,6.9,8.7,10.2,27.0,2.7,2.4,202696,Nikola Vucevic,2.7,0.6,2.2,9.4,ORL,1610612753,28,0.431
350,20.0,0.3,0.3,5,"203943,1610612757",78,37,15.0,3.3,3.4,5.2,13.0,1.9,0.6,203943,Noah Vonleh,1.0,0.2,0.4,2.2,POR,1610612757,41,0.526
351,23.0,0.2,0.5,5,"1626181,1610612761",49,17,14.8,3.4,3.9,4.3,12.5,1.2,0.9,1626181,Norman Powell,0.2,1.3,1.1,1.7,TOR,1610612761,32,0.653
352,27.0,0.1,0.4,5,"202708,1610612740",45,25,26.6,6.5,6.1,7.4,25.9,2.3,1.6,202708,Norris Cole,0.4,1.7,1.7,3.5,NOP,1610612740,20,0.444
353,28.0,0.2,0.4,5,"201564,1610612749",41,24,26.6,8.0,7.5,9.4,23.5,3.1,1.1,201564,O.J. Mayo,0.7,1.3,1.5,1.6,MIL,1610612749,17,0.415
354,29.0,0.3,0.6,5,"201600,1610612740",68,39,17.3,3.4,4.4,5.1,15.0,1.8,1.5,201600,Omer Asik,1.2,0.1,0.3,3.1,NOP,1610612740,29,0.426
355,28.0,0.2,0.4,5,"201956,1610612758",69,42,27.3,7.9,8.1,10.5,24.6,2.2,2.0,201956,Omri Casspi,1.4,2.3,2.6,5.3,SAC,1610612758,27,0.391
356,27.0,0.4,0.4,5,"203111,1610612740",7,6,14.5,1.9,6.0,5.0,15.1,1.3,0.9,203111,Orlando Johnson,0.6,0.4,1.1,1.7,NOP,1610612740,1,0.143
357,23.0,0.4,0.4,5,"203490,1610612764",75,39,30.3,7.4,8.2,10.9,25.9,2.2,1.5,203490,Otto Porter,1.6,2.7,2.3,3.7,WAS,1610612764,36,0.48
358,23.0,0.2,0.2,5,"203798,1610612763",66,35,19.9,4.9,5.1,5.9,16.7,2.1,1.0,203798,PJ Hairston,0.5,1.2,1.0,1.8,MEM,1610612763,31,0.47
359,31.0,0.2,0.5,5,"200782,1610612756",82,59,31.0,8.0,11.0,13.8,26.8,2.5,1.9,200782,PJ Tucker,2.0,1.0,1.4,3.7,PHX,1610612756,23,0.28
360,39.0,0.0,0.1,5,"203143,1610612746",59,22,13.9,5.0,4.1,4.3,12.8,1.4,0.5,203143,Pablo Prigioni,0.4,0.4,0.6,0.8,LAC,1610612746,37,0.627
361,23.0,0.0,0.1,5,"1626192,1610612757",34,17,4.2,1.0,0.7,1.1,2.1,0.2,0.1,1626192,Pat Connaughton,0.1,0.1,0.1,0.4,POR,1610612757,17,0.5
362,27.0,0.4,0.5,5,"201976,1610612745",71,36,28.7,8.6,8.2,11.2,25.5,3.3,1.4,201976,Patrick Beverley,1.3,1.7,1.7,3.0,HOU,1610612745,35,0.493
363,27.0,0.4,0.1,5,"202335,1610612761",79,25,25.6,6.6,5.3,6.8,20.3,1.6,0.7,202335,Patrick Patterson,1.2,0.3,1.1,2.0,TOR,1610612761,54,0.684
364,27.0,0.1,0.1,5,"201988,1610612759",81,15,20.5,4.8,4.7,6.0,18.0,1.3,1.5,201988,Patty Mills,0.8,1.0,1.2,1.6,SAS,1610612759,66,0.815
365,35.0,2.0,0.8,5,"2200,1610612741",72,36,31.8,10.2,9.1,10.5,29.6,2.1,3.6,2200,Pau Gasol,2.7,0.5,1.4,6.2,CHI,1610612741,36,0.5
366,26.0,0.4,1.0,5,"202331,1610612754",81,37,34.8,9.3,8.7,11.8,29.7,2.8,5.4,202331,Paul George,2.2,3.2,4.7,5.4,IND,1610612754,44,0.543
367,31.0,1.7,0.9,5,"200794,1610612737",81,33,32.7,9.5,8.7,10.8,28.7,2.9,4.4,200794,Paul Millsap,1.9,1.6,3.2,8.5,ATL,1610612737,48,0.593
368,38.0,0.3,0.3,5,"1718,1610612746",68,24,18.1,5.0,5.1,5.1,15.4,1.9,0.9,1718,Paul Pierce,0.3,0.8,0.9,0.9,LAC,1610612746,44,0.647
369,25.0,0.2,0.4,5,"203515,1610612756",23,20,12.3,3.5,4.6,4.8,12.6,1.2,0.9,203515,Phil Pressey,0.0,1.0,0.7,2.0,PHX,1610612756,3,0.13
370,25.0,0.4,0.1,5,"203112,1610612758",59,38,14.8,4.3,4.8,6.1,13.0,1.7,1.3,203112,Quincy Acy,1.3,0.8,1.0,2.7,SAC,1610612758,21,0.356
371,22.0,0.1,0.1,5,"1626154,1610612738",36,15,8.7,1.7,2.8,3.1,8.1,0.8,0.3,1626154,RJ Hunter,0.5,0.2,0.6,0.5,BOS,1610612738,21,0.583
372,30.0,0.1,0.8,5,"200765,1610612758",72,43,35.2,9.9,11.3,14.5,32.1,2.4,2.1,200765,Rajon Rondo,1.0,1.4,1.7,6.4,SAC,1610612758,29,0.403
373,24.0,0.0,0.0,5,"1626176,1610612754",1,0,6.1,3.0,2.0,10.0,8.0,1.0,0.0,1626176,Rakeem Christmas,0.0,0.0,0.0,4.0,IND,1610612754,1,1.0
374,30.0,0.1,0.5,5,"201196,1610612764",82,41,20.3,4.7,5.2,6.1,18.2,1.2,2.6,201196,Ramon Sessions,0.4,2.6,1.6,5.0,WAS,1610612764,41,0.5
375,32.0,0.4,0.3,5,"200751,1610612760",81,44,20.3,5.2,5.8,7.6,18.0,1.6,0.9,200751,Randy Foye,0.6,0.4,1.0,1.5,OKC,1610612760,37,0.457
376,19.0,0.2,0.4,5,"1626173,1610612749",70,40,14.3,3.7,4.4,5.6,13.3,1.0,0.3,1626173,Rashad Vaughn,0.2,0.6,0.7,0.6,MIL,1610612749,30,0.429
377,37.0,0.5,0.1,5,"2446,1610612759",46,5,9.4,2.1,2.5,2.7,8.5,0.2,0.3,2446,Rasual Butler,0.1,0.5,0.5,0.8,SAS,1610612759,41,0.891
378,24.0,0.0,0.3,5,"203526,1610612762",81,41,18.5,4.3,4.4,6.1,15.1,1.5,1.3,203526,Raul Neto,0.6,0.8,1.0,2.0,UTA,1610612762,40,0.494
379,25.0,0.2,0.3,5,"203492,1610612763",41,11,11.6,2.7,3.0,3.5,9.4,0.7,0.4,203492,Ray McCallum,0.3,0.6,0.6,1.2,MEM,1610612763,30,0.732
380,32.0,0.2,0.4,5,"101109,1610612742",80,40,27.4,7.9,9.5,8.6,23.2,1.8,1.9,101109,Raymond Felton,0.6,1.1,1.6,3.9,DAL,1610612742,40,0.5
381,25.0,0.1,0.1,5,"203493,1610612765",37,15,11.6,2.5,2.4,3.7,10.2,0.8,0.4,203493,Reggie Bullock,0.5,0.5,0.4,0.8,DET,1610612765,22,0.595
382,26.0,0.1,0.9,5,"202704,1610612765",79,36,30.7,6.9,6.7,9.1,29.2,2.4,3.4,202704,Reggie Jackson,1.6,1.7,2.4,8.1,DET,1610612765,43,0.544
383,36.0,0.2,0.1,5,"2210,1610612739",74,23,17.9,4.1,3.6,6.0,14.8,1.7,1.1,2210,Richard Jefferson,0.5,0.8,0.8,1.7,CLE,1610612739,51,0.689
384,22.0,0.8,0.4,5,"1626158,1610612755",51,44,13.8,4.1,4.7,5.8,12.2,1.8,1.3,1626158,Richaun Holmes,1.2,0.6,0.8,3.9,PHI,1610612755,7,0.137
385,25.0,0.1,0.4,5,"201937,1610612750",76,48,30.6,8.7,7.9,10.2,28.5,2.6,3.4,201937,Ricky Rubio,0.5,1.7,1.6,1.9,MIN,1610612750,28,0.368
386,25.0,0.6,0.6,5,"203496,1610612755",67,57,28.4,8.1,8.7,10.9,25.3,3.5,2.0,203496,Robert Covington,1.5,2.0,2.9,2.7,PHI,1610612755,10,0.149
387,27.0,0.4,0.4,5,"203135,1610612747",25,23,12.8,3.4,4.8,4.5,12.2,1.7,1.0,203135,Robert Sacre,0.8,0.2,0.4,1.6,LAL,1610612747,2,0.08
388,28.0,1.6,0.3,5,"201577,1610612752",82,50,27.1,6.8,7.5,9.0,24.7,2.2,1.7,201577,Robin Lopez,3.1,0.3,0.9,7.9,NYK,1610612752,32,0.39
389,23.0,0.2,0.5,5,"203918,1610612762",79,40,32.2,7.4,7.7,10.5,26.3,2.6,2.1,203918,Rodney Hood,2.0,1.1,2.2,4.3,UTA,1610612762,39,0.494
390,30.0,0.1,0.5,5,"201155,1610612754",58,25,22.0,6.2,5.3,7.7,19.2,1.3,2.3,201155,Rodney Stuckey,0.4,2.2,1.7,3.4,IND,1610612754,33,0.569
391,21.0,0.6,0.3,5,"1626178,1610612751",29,22,21.2,5.5,6.5,7.6,18.8,2.1,1.6,1626178,Rondae Hollis-Jefferson,0.9,1.4,1.5,2.8,BKN,1610612751,7,0.241
392,33.0,0.2,0.2,5,"101179,1610612756",62,42,19.5,4.3,6.4,7.5,16.5,2.6,1.2,101179,Ronnie Price,0.4,0.9,1.2,1.1,PHX,1610612756,20,0.323
393,29.0,1.4,0.4,5,"201579,1610612747",81,64,23.2,7.5,9.4,8.3,23.4,3.1,1.9,201579,Roy Hibbert,1.4,0.1,0.4,2.9,LAL,1610612747,17,0.21
394,29.0,0.7,0.9,5,"200752,1610612758",70,41,34.0,9.2,10.8,13.1,31.3,2.6,3.0,200752,Rudy Gay,2.0,3.1,2.9,8.2,SAC,1610612758,29,0.414
395,24.0,2.2,0.7,5,"203497,1610612762",61,28,31.7,7.8,7.2,10.5,24.5,2.7,3.9,203497,Rudy Gobert,3.1,0.5,1.2,6.4,UTA,1610612762,33,0.541
396,25.0,0.1,0.3,5,"203893,1610612763",15,9,4.4,0.8,1.7,2.8,3.5,0.3,0.5,203893,Russ Smith,0.0,0.3,0.3,0.7,MEM,1610612763,6,0.4
397,27.0,0.3,1.1,5,"201566,1610612760",80,25,34.4,10.1,9.0,12.1,32.4,2.5,5.4,201566,Russell Westbrook,2.2,6.2,3.5,10.3,OKC,1610612760,55,0.688
398,28.0,0.4,0.6,5,"201583,1610612740",66,42,30.4,7.6,7.2,9.3,28.5,1.7,2.9,201583,Ryan Anderson,2.6,1.1,2.3,4.3,NOP,1610612740,24,0.364
399,31.0,0.6,0.4,5,"200797,1610612763",37,19,12.4,2.8,3.3,4.5,9.8,1.7,1.3,200797,Ryan Hollins,1.2,0.2,0.3,2.5,MEM,1610612763,18,0.486
400,25.0,0.3,0.4,5,"203527,1610612747",36,33,13.1,4.0,3.2,3.6,12.7,1.1,1.2,203527,Ryan Kelly,0.8,0.7,0.9,1.6,LAL,1610612747,3,0.083
401,30.0,1.1,0.4,5,"1626257,1610612742",34,18,11.7,2.9,3.9,3.3,7.9,1.6,1.3,1626257,Salah Mejri,0.7,0.3,0.4,2.9,DAL,1610612742,16,0.471
402,22.0,0.0,0.0,5,"1626155,1610612745",3,2,2.0,0.0,0.0,0.0,2.7,0.0,0.0,1626155,Sam Dekker,0.0,0.0,0.0,0.0,HOU,1610612745,1,0.333
403,31.0,0.2,0.2,5,"201619,1610612739",25,7,3.8,1.2,0.8,1.3,2.6,0.4,0.2,201619,Sasha Kaun,0.3,0.1,0.2,0.7,CLE,1610612739,18,0.72
404,32.0,0.1,0.1,5,"2756,1610612752",61,39,14.9,3.7,4.2,4.5,12.7,1.4,0.9,2756,Sasha Vujacic,0.6,0.5,0.7,0.6,NYK,1610612752,22,0.361
405,26.0,0.1,0.5,5,"203930,1610612751",31,24,19.9,6.1,6.3,7.5,20.8,1.2,1.7,203930,Sean Kilpatrick,1.3,2.5,1.9,4.1,BKN,1610612751,7,0.226
406,26.0,1.9,0.3,5,"201586,1610612760",78,24,32.1,9.6,8.3,10.8,29.7,2.7,1.3,201586,Serge Ibaka,2.4,1.4,1.7,4.9,OKC,1610612760,54,0.692
407,22.0,0.1,0.1,5,"203508,1610612751",40,31,10.0,2.5,3.1,3.8,10.7,0.7,0.8,203508,Sergey Karasev,0.3,0.2,0.2,0.6,BKN,1610612751,9,0.225
408,25.0,0.1,0.3,5,"203552,1610612758",44,27,15.7,4.8,5.3,5.6,13.5,0.9,0.9,203552,Seth Curry,0.6,1.1,0.9,1.3,SAC,1610612758,17,0.386
409,23.0,0.1,0.7,5,"203498,1610612750",82,53,20.5,5.6,5.9,8.3,20.2,1.1,2.2,203498,Shabazz Muhammad,1.9,2.1,1.9,5.6,MIN,1610612750,29,0.354
410,24.0,0.0,0.1,5,"203894,1610612753",55,32,10.9,2.5,3.0,3.6,9.3,0.7,0.9,203894,Shabazz Napier,0.2,0.1,0.6,0.5,ORL,1610612753,23,0.418
411,23.0,0.2,0.4,5,"203499,1610612751",78,58,22.4,5.3,6.5,9.1,22.9,1.6,1.6,203499,Shane Larkin,0.4,1.2,1.3,3.4,BKN,1610612751,20,0.256
412,30.0,0.3,0.2,5,"2733,1610612744",78,9,19.5,5.8,5.0,6.2,18.4,1.8,1.1,2733,Shaun Livingston,0.5,1.0,0.7,3.0,GSW,1610612744,69,0.885
413,25.0,0.1,0.0,5,"203963,1610612754",7,3,5.8,1.0,1.3,2.4,3.7,1.0,0.3,203963,Shayne Whittington,0.3,0.0,0.1,1.4,IND,1610612754,4,0.571
414,26.0,0.1,0.4,5,"202714,1610612762",52,25,20.3,4.4,4.7,7.8,16.8,1.4,1.3,202714,Shelvin Mack,0.5,1.2,1.4,4.4,UTA,1610612762,27,0.519
415,25.0,0.2,0.2,5,"203524,1610612754",59,28,14.7,4.3,3.6,4.6,12.8,1.2,0.6,203524,Solomon Hill,0.8,0.5,0.9,2.0,IND,1610612754,31,0.525
416,29.0,0.0,0.2,5,"201603,1610612755",43,37,11.6,2.8,4.0,4.6,10.3,1.1,0.4,201603,Sonny Weems,0.3,0.2,0.3,0.7,PHI,1610612755,6,0.14
417,23.0,0.0,0.3,5,"203915,1610612765",12,7,13.3,2.3,2.8,3.8,10.5,1.7,2.6,203915,Spencer Dinwiddie,0.4,0.4,0.3,2.2,DET,1610612765,5,0.417
418,28.0,0.5,0.2,5,"201150,1610612766",57,27,18.2,4.1,5.1,5.8,13.9,1.9,1.1,201150,Spencer Hawes,1.0,0.2,0.6,2.3,CHA,1610612766,30,0.526
419,20.0,0.2,0.5,5,"1626169,1610612765",73,36,23.1,5.0,5.2,7.4,20.3,2.4,1.1,1626169,Stanley Johnson,0.9,1.6,1.2,3.4,DET,1610612765,37,0.507
420,28.0,0.2,0.7,5,"201939,1610612744",79,8,34.2,9.3,10.2,11.6,31.1,2.0,4.5,201939,Stephen Curry,2.4,6.4,4.8,8.1,GSW,1610612744,71,0.899
421,36.0,0.1,0.2,5,"2581,1610612765",58,24,17.0,3.8,3.6,5.2,14.8,1.2,0.8,2581,Steve Blake,0.5,0.2,0.7,0.7,DET,1610612765,34,0.586
422,33.0,0.0,0.0,5,"200779,1610612749",10,2,4.4,1.5,1.8,2.0,3.6,0.3,0.2,200779,Steve Novak,0.3,0.0,0.0,0.0,MIL,1610612749,8,0.8
423,22.0,1.1,0.4,5,"203500,1610612760",80,26,25.2,6.9,6.8,8.3,22.4,2.8,2.4,203500,Steven Adams,2.1,0.5,0.9,6.4,OKC,1610612760,54,0.675
424,24.0,0.1,0.3,5,"204456,1610612755",81,71,19.8,5.6,7.3,8.2,18.8,1.4,0.9,204456,TJ McConnell,0.4,0.6,1.3,2.7,PHI,1610612755,10,0.123
425,22.0,0.3,0.3,5,"203933,1610612756",47,33,22.8,5.7,8.4,9.9,21.7,2.0,1.4,203933,TJ Warren,1.9,2.0,2.3,5.3,PHX,1610612756,14,0.298
426,31.0,1.1,0.7,5,"201959,1610612741",73,36,26.5,8.2,7.9,8.8,23.8,2.5,2.2,201959,Taj Gibson,2.1,0.4,1.1,5.9,CHI,1610612741,37,0.507
427,24.0,0.5,0.2,5,"204028,1610612747",39,33,12.7,3.1,3.3,4.1,10.7,2.0,1.0,204028,Tarik Black,0.9,0.2,0.4,2.9,LAL,1610612747,6,0.154
428,36.0,0.2,0.1,5,"2419,1610612750",77,50,19.0,5.3,4.5,6.1,17.9,0.8,0.4,2419,Tayshaun Prince,0.4,0.2,0.5,0.9,MIN,1610612750,27,0.351
429,24.0,0.8,0.8,5,"203093,1610612745",50,26,20.9,6.6,6.2,7.8,20.5,1.7,1.6,203093,Terrence Jones,1.4,1.4,1.9,5.2,HOU,1610612745,24,0.48
430,25.0,0.3,0.2,5,"203082,1610612761",73,20,23.9,5.6,4.7,6.9,19.4,1.6,0.6,203082,Terrence Ross,0.7,1.3,1.8,2.0,TOR,1610612761,53,0.726
431,22.0,0.0,0.1,5,"1626179,1610612738",39,15,8.0,1.8,3.0,2.3,7.8,0.6,0.4,1626179,Terry Rozier,0.5,0.2,0.3,0.8,BOS,1610612738,24,0.615
432,32.0,0.5,0.3,5,"200757,1610612737",75,33,23.4,6.1,5.4,7.9,20.1,1.5,1.1,200757,Thabo Sefolosha,0.7,1.4,2.0,3.1,ATL,1610612737,42,0.56
433,28.0,0.5,1.1,5,"201152,1610612751",73,52,33.0,7.8,10.1,12.3,32.9,2.5,2.2,201152,Thaddeus Young,2.2,1.9,2.5,11.3,BKN,1610612751,21,0.288
434,23.0,0.0,0.0,5,"203648,1610612752",2,1,3.1,1.0,0.0,1.0,1.0,1.0,0.0,203648,Thanasis Antetokounmpo,0.0,1.0,0.0,3.0,NYK,1610612752,1,0.5
435,25.0,0.5,0.4,5,"203080,1610612751",71,55,12.9,3.9,3.8,5.3,12.8,1.6,1.3,203080,Thomas Robinson,1.7,0.5,0.8,3.4,BKN,1610612751,16,0.225
436,31.0,0.3,0.5,5,"201168,1610612737",36,15,16.1,3.9,4.4,5.8,12.1,2.0,1.3,201168,Tiago Splitter,1.4,0.3,1.0,4.4,ATL,1610612737,21,0.583
437,26.0,0.2,0.3,5,"202353,1610612762",12,5,6.8,2.0,1.6,3.2,5.3,1.6,0.1,202353,Tibor Pleiss,0.5,0.0,0.2,1.2,UTA,1610612762,7,0.583
438,40.0,1.3,0.6,5,"1495,1610612759",61,11,25.2,5.3,6.3,6.6,19.0,2.0,1.8,1495,Tim Duncan,1.6,0.3,1.1,5.9,SAS,1610612759,50,0.82
439,25.0,0.0,0.4,5,"204025,1610612740",51,26,14.5,3.7,3.0,4.8,11.5,1.4,1.6,204025,Tim Frazier,0.4,0.6,0.9,2.0,NOP,1610612740,25,0.49
440,24.0,0.1,0.3,5,"203501,1610612737",51,22,16.9,4.0,3.2,5.6,13.4,0.9,0.9,203501,Tim Hardaway Jr.,0.5,1.7,1.2,1.8,ATL,1610612737,29,0.569
441,29.0,0.8,0.4,5,"202389,1610612739",76,24,17.4,4.0,4.5,5.9,14.3,2.1,1.5,202389,Timofey Mozgov,0.9,0.4,0.7,4.5,CLE,1610612739,52,0.684
442,23.0,0.5,0.9,5,"202699,1610612765",76,39,33.1,7.5,8.2,10.5,28.3,2.0,2.5,202699,Tobias Harris,2.1,2.2,2.4,7.3,DET,1610612765,37,0.487
443,30.0,0.1,0.5,5,"201962,1610612740",61,39,20.7,4.6,5.5,6.4,18.8,2.1,1.6,201962,Toney Douglas,0.5,1.6,1.8,2.2,NOP,1610612740,22,0.361
444,34.0,0.3,0.9,5,"2754,1610612763",64,30,25.3,6.2,7.5,8.1,21.3,2.7,1.6,2754,Tony Allen,1.2,2.3,2.3,5.4,MEM,1610612763,34,0.531
445,34.0,0.2,0.5,5,"2225,1610612759",72,13,27.5,5.7,7.4,7.1,22.6,1.6,2.0,2225,Tony Parker,0.6,1.5,1.7,5.7,SAS,1610612759,59,0.819
446,24.0,0.3,0.4,5,"203503,1610612741",64,31,20.3,5.9,4.9,6.1,18.0,1.6,0.6,203503,Tony Snell,0.8,0.8,0.8,1.5,CHI,1610612741,33,0.516
447,23.0,0.0,1.4,5,"203100,1610612752",8,8,18.0,5.8,7.6,10.5,17.8,1.4,3.0,203100,Tony Wroten,0.9,2.0,1.6,4.5,NYK,1610612752,0,0.0
448,30.0,0.3,0.5,5,"2772,1610612745",81,41,35.3,10.4,10.6,14.6,32.7,2.2,1.4,2772,Trevor Ariza,1.3,2.8,2.9,3.6,HOU,1610612745,40,0.494
449,28.0,0.5,0.2,5,"202344,1610612762",79,40,20.7,4.7,5.1,7.3,17.1,2.1,1.1,202344,Trevor Booker,1.5,0.8,0.9,4.3,UTA,1610612762,39,0.494
450,23.0,0.1,0.5,5,"203504,1610612762",64,33,21.3,5.5,5.1,6.9,17.4,1.3,1.2,203504,Trey Burke,0.8,1.0,1.8,2.8,UTA,1610612762,31,0.484
451,20.0,0.2,0.2,5,"1626168,1610612762",80,42,17.3,4.3,4.3,5.4,14.9,1.4,1.0,1626168,Trey Lyles,0.8,0.4,1.0,2.4,UTA,1610612762,38,0.475
452,25.0,0.6,0.5,5,"202684,1610612739",82,25,27.7,6.1,5.7,8.5,23.6,2.5,2.7,202684,Tristan Thompson,2.6,0.5,1.1,5.9,CLE,1610612739,57,0.695
453,24.0,0.1,0.1,5,"203584,1610612766",43,18,11.1,2.9,3.3,3.7,9.8,0.9,0.3,203584,Troy Daniels,0.5,0.3,1.0,0.4,CHA,1610612766,25,0.581
454,28.0,0.1,0.4,5,"201951,1610612754",66,35,21.4,6.7,6.3,8.4,21.4,1.3,1.3,201951,Ty Lawson,0.3,0.9,1.1,2.1,IND,1610612754,31,0.47
455,21.0,0.0,0.4,5,"203898,1610612749",46,29,14.2,3.9,3.4,5.0,13.4,1.4,0.8,203898,Tyler Ennis,0.4,0.5,0.8,2.5,MIL,1610612749,17,0.37
456,30.0,0.2,0.3,5,"201946,1610612766",44,16,7.8,1.5,2.0,2.6,6.9,1.3,1.2,201946,Tyler Hansbrough,0.7,0.1,0.3,1.4,CHA,1610612766,28,0.636
457,24.0,0.4,0.6,5,"204020,1610612748",36,17,24.0,6.3,4.6,7.9,20.3,1.8,1.8,204020,Tyler Johnson,0.8,0.7,1.5,3.5,MIA,1610612748,19,0.528
458,26.0,0.4,0.3,5,"203092,1610612738",60,22,11.8,3.6,3.1,4.1,10.7,1.6,1.6,203092,Tyler Zeller,0.9,0.7,0.7,3.5,BOS,1610612738,38,0.633
459,26.0,0.3,0.9,5,"201936,1610612740",25,14,30.6,7.6,6.1,9.2,25.0,2.6,3.0,201936,Tyreke Evans,1.8,2.3,2.6,7.0,NOP,1610612740,11,0.44
460,33.0,0.7,0.3,5,"2199,1610612756",66,48,24.5,5.9,9.6,11.0,20.5,2.2,2.3,2199,Tyson Chandler,2.6,0.6,1.0,5.4,PHX,1610612756,18,0.273
461,20.0,0.1,0.3,5,"1626145,1610612750",37,24,15.5,4.0,5.5,6.4,16.1,0.9,0.9,1626145,Tyus Jones,0.4,0.7,0.8,1.8,MIN,1610612750,13,0.351
462,36.0,0.1,0.0,5,"2617,1610612748",37,12,7.0,1.9,1.0,2.1,5.4,0.7,0.6,2617,Udonis Haslem,0.1,0.0,0.2,0.8,MIA,1610612748,25,0.676
463,24.0,0.8,0.9,5,"203506,1610612753",72,40,33.0,8.4,9.0,11.4,29.8,2.4,2.9,203506,Victor Oladipo,1.2,2.8,3.4,5.8,ORL,1610612753,32,0.444
464,39.0,0.3,0.2,5,"1713,1610612763",60,27,16.8,4.2,5.1,5.3,11.4,1.7,1.3,1713,Vince Carter,0.8,0.6,1.4,1.7,MEM,1610612763,33,0.55
465,24.0,0.5,0.2,5,"204002,1610612737",11,4,6.6,1.4,1.8,3.9,6.0,0.7,0.4,204002,Walter Tavares,1.0,0.4,0.8,1.8,ATL,1610612737,7,0.636
466,28.0,0.1,0.3,5,"201961,1610612751",76,58,21.3,5.4,6.3,7.6,21.4,1.1,0.6,201961,Wayne Ellington,0.7,1.2,1.6,1.4,BKN,1610612751,18,0.237
467,28.0,0.7,0.1,5,"202325,1610612746",80,29,20.8,6.2,5.6,6.5,18.0,2.2,0.5,202325,Wesley Johnson,0.7,1.4,1.2,1.5,LAC,1610612746,51,0.638
468,29.0,0.2,0.5,5,"202083,1610612742",78,38,33.9,9.4,10.5,9.3,28.5,2.3,1.9,202083,Wesley Matthews,1.2,1.2,1.9,2.1,DAL,1610612742,40,0.513
469,25.0,0.5,0.7,5,"203115,1610612743",82,49,28.7,7.5,7.4,10.0,26.2,1.8,2.5,203115,Will Barton,1.2,3.2,2.9,6.2,DEN,1610612743,33,0.402
470,22.0,1.0,0.3,5,"1626161,1610612758",66,40,21.4,6.4,7.0,8.3,19.3,2.2,1.3,1626161,Willie Cauley-Stein,1.5,1.5,0.8,5.4,SAC,1610612758,26,0.394
471,26.0,0.8,0.2,5,"203186,1610612751",39,31,10.9,2.3,3.8,4.8,10.2,1.2,1.6,203186,Willie Reed,1.6,0.2,0.6,3.7,BKN,1610612751,8,0.205
472,24.0,0.2,0.5,5,"204098,1610612763",14,11,17.4,3.6,5.8,5.2,12.3,1.8,1.1,204098,Xavier Munford,0.4,0.8,1.0,2.1,MEM,1610612763,3,0.214
473,21.0,0.2,0.7,5,"203897,1610612750",82,53,28.0,7.4,8.0,11.6,27.6,2.4,1.9,203897,Zach LaVine,1.1,3.3,2.6,5.2,MIN,1610612750,29,0.354
474,34.0,0.2,1.1,5,"2216,1610612763",68,31,29.7,7.8,9.3,9.1,24.9,2.1,2.8,2216,Zach Randolph,3.5,0.5,2.4,8.5,MEM,1610612763,37,0.544
475,32.0,0.3,0.6,5,"2585,1610612742",76,36,26.4,6.8,8.6,7.6,22.4,2.4,3.4,2585,Zaza Pachulia,1.7,0.5,1.1,4.9,DAL,1610612742,40,0.526
