,AGE,AST,BLK,BLKA,CFID,CFPARAMS,DD2,DREB,FG3A,FG3M,FG3_PCT,FGA,FGM,FG_PCT,FTA,FTM,FT_PCT,GP,L,MIN,OREB,PF,PFD,PLAYER_ID,PLAYER_NAME,PLUS_MINUS,PTS,REB,STL,TD3,TEAM_ABBREVIATION,TEAM_ID,TOV,W,W_PCT
0,31.0,21,1,2,5,"201166,1610612741",0,12,34,11,0.324,72,29,0.403,19,13,0.684,8,4,154.1,6,18,13,201166,Aaron Brooks,10,82,18,7,0,CHI,1610612741,15,4,0.5
1,20.0,1,1,0,5,"203932,1610612753",0,7,1,0,0.0,13,5,0.385,2,2,1.0,2,0,30.8333333333,1,5,3,203932,Aaron Gordon,6,12,8,3,0,ORL,1610612753,3,2,1.0
2,21.0,5,0,0,5,"1626151,1610612766",0,7,10,6,0.6,20,7,0.35,2,1,0.5,6,1,76.85,0,7,3,1626151,Aaron Harrison,-8,21,7,3,0,CHA,1610612766,4,5,0.833
3,23.0,1,0,1,5,"203519,1610612765",0,0,0,0,0.0,2,1,0.5,0,0,0.0,1,1,9.7,0,0,0,203519,Adonis Thomas,-1,2,0,0,0,DET,1610612765,0,0,0.0
4,25.0,1,2,2,5,"203940,1610612750",0,10,2,0,0.0,20,7,0.35,6,4,0.667,6,4,71.7266666667,4,17,7,203940,Adreian Payne,-23,18,14,1,0,MIN,1610612750,5,2,0.333
5,30.0,14,7,2,5,"201143,1610612737",1,36,16,6,0.375,54,26,0.481,11,11,1.0,6,2,140.75,5,10,11,201143,Al Horford,24,69,41,5,0,ATL,1610612737,10,4,0.667
6,31.0,4,7,1,5,"2744,1610612766",0,30,1,0,0.0,65,27,0.415,17,13,0.765,6,0,144.566666667,4,11,13,2744,Al Jefferson,43,67,34,5,0,CHA,1610612766,7,6,1.0
7,25.0,5,4,3,5,"202329,1610612757",0,13,12,3,0.25,32,14,0.438,9,7,0.778,3,1,92.4,5,9,7,202329,Al-Farouq Aminu,7,38,18,2,0,POR,1610612757,10,2,0.667
8,24.0,22,1,7,5,"202692,1610612762",0,31,6,1,0.167,60,28,0.467,38,27,0.711,7,4,192.456666667,5,15,28,202692,Alec Burks,20,84,36,6,0,UTA,1610612762,13,3,0.429
9,23.0,4,8,1,5,"203458,1610612756",0,23,0,0,0.0,39,20,0.513,12,11,0.917,5,1,98.9,7,13,15,203458,Alex Len,12,51,30,2,0,PHX,1610612756,8,4,0.8
10,28.0,1,0,3,5,"1627293,1610612763",0,6,0,0,0.0,13,2,0.154,6,3,0.5,3,1,27.75,12,3,6,1627293,Alex Stepheson,-13,7,18,0,0,MEM,1610612763,3,2,0.667
11,28.0,0,0,0,5,"201582,1610612740",0,2,0,0,0.0,2,1,0.5,0,0,0.0,1,0,8.23333333333,2,1,0,201582,Alexis Ajinca,7,2,4,0,0,NOP,1610612740,0,1,1.0
12,24.0,16,0,2,5,"203459,1610612757",0,13,29,12,0.414,70,34,0.486,14,9,0.643,7,4,198.853333333,2,17,11,203459,Allen Crabbe,26,89,15,8,0,POR,1610612757,6,3,0.429
13,29.0,7,1,3,5,"202087,1610612740",0,17,4,1,0.25,27,6,0.222,12,10,0.833,6,4,127.271666667,2,17,12,202087,Alonzo Gee,-30,23,19,7,0,NOP,1610612740,5,2,0.333
14,33.0,1,3,2,5,"2405,1610612748",0,12,0,0,0.0,21,7,0.333,10,10,1.0,5,2,63.8166666667,4,7,10,2405,Amar'e Stoudemire,4,24,16,1,0,MIA,1610612748,3,3,0.6
15,29.0,5,6,4,5,"101161,1610612738",0,24,6,3,0.5,43,26,0.605,11,6,0.545,6,1,109.383333333,7,11,11,101161,Amir Johnson,22,61,31,5,0,BOS,1610612738,9,5,0.833
16,33.0,13,2,0,5,"2760,1610612744",0,22,0,0,0.0,29,19,0.655,12,9,0.75,6,6,93.9383333333,6,12,10,2760,Anderson Varejao,-25,47,28,4,0,GSW,1610612744,11,0,0.0
17,22.0,6,7,7,5,"203083,1610612765",5,62,0,0,0.0,109,58,0.532,21,8,0.381,8,5,229.85,34,20,20,203083,Andre Drummond,31,124,96,6,0,DET,1610612765,11,3,0.375
18,32.0,9,3,0,5,"2738,1610612744",0,8,11,3,0.273,24,11,0.458,9,5,0.556,6,3,92.15,1,5,5,2738,Andre Iguodala,0,30,9,4,0,GSW,1610612744,8,3,0.5
19,40.0,9,0,0,5,"1889,1610612759",0,5,0,0,0.0,8,6,0.75,4,2,0.5,3,2,49.3,2,2,10,1889,Andre Miller,2,14,7,2,0,SAS,1610612759,4,1,0.333
20,24.0,5,1,1,5,"203460,1610612760",0,17,6,1,0.167,15,5,0.333,4,3,0.75,6,1,121.4,4,15,7,203460,Andre Roberson,27,14,21,8,0,OKC,1610612760,3,5,0.833
21,31.0,9,5,0,5,"101106,1610612744",0,15,0,0,0.0,11,8,0.727,2,1,0.5,4,2,70.77,1,12,4,101106,Andrew Bogut,24,17,16,3,0,GSW,1610612744,4,2,0.5
22,26.0,4,0,1,5,"203094,1610612753",0,15,10,5,0.5,35,18,0.514,7,4,0.571,6,2,68.5883333333,5,7,8,203094,Andrew Nicholson,10,45,20,0,0,ORL,1610612753,4,4,0.667
23,21.0,13,4,3,5,"203952,1610612750",0,11,18,9,0.5,70,27,0.386,41,31,0.756,7,5,165.82,9,11,30,203952,Andrew Wiggins,-60,94,20,2,0,MIN,1610612750,12,2,0.286
24,23.0,4,0,1,5,"203461,1610612761",0,19,18,5,0.278,28,9,0.321,14,10,0.714,6,2,86.1416666667,4,9,10,203461,Anthony Bennett,8,33,23,3,0,TOR,1610612761,4,4,0.667
25,23.0,1,0,0,5,"1626148,1610612747",0,3,9,6,0.667,19,9,0.474,1,1,1.0,7,4,129.533333333,2,10,3,1626148,Anthony Brown,-20,25,5,0,0,LAL,1610612747,2,3,0.429
26,23.0,10,14,5,5,"203076,1610612740",2,44,13,7,0.538,107,48,0.449,51,38,0.745,6,3,174.78,14,12,38,203076,Anthony Davis,26,141,58,6,0,NOP,1610612740,11,3,0.5
27,30.0,0,0,1,5,"201627,1610612760",0,8,32,12,0.375,48,18,0.375,3,2,0.667,6,1,118.35,1,6,4,201627,Anthony Morrow,42,50,9,3,0,OKC,1610612760,5,5,0.833
28,31.0,10,1,0,5,"201229,1610612765",0,20,30,10,0.333,36,12,0.333,8,7,0.875,8,5,142.71,4,9,5,201229,Anthony Tolliver,19,41,24,5,0,DET,1610612765,4,3,0.375
29,21.0,11,1,4,5,"203462,1610612756",0,4,6,2,0.333,31,14,0.452,6,4,0.667,6,2,95.0,3,5,6,203462,Archie Goodwin,4,34,7,6,0,PHX,1610612756,6,4,0.667
30,29.0,1,2,0,5,"203382,1610612765",0,8,0,0,0.0,16,8,0.5,6,4,0.667,4,2,56.4666666667,4,7,10,203382,Aron Baynes,11,20,12,1,0,DET,1610612765,2,2,0.5
31,30.0,1,0,1,5,"201167,1610612752",0,7,6,3,0.5,15,8,0.533,1,1,1.0,3,2,39.4333333333,0,4,2,201167,Arron Afflalo,2,20,7,2,0,NYK,1610612752,2,1,0.333
32,26.0,0,0,0,5,"203529,1610612745",0,5,0,0,0.0,1,0,0.0,4,2,0.5,2,1,15.4816666667,2,5,2,203529,Arsalan Kazemi,-17,2,7,1,0,HOU,1610612745,0,1,0.5
33,28.0,5,3,2,5,"201948,1610612739",0,20,15,6,0.4,28,10,0.357,4,4,1.0,6,5,71.3783333333,1,15,4,201948,Austin Daye,-31,30,21,1,0,CLE,1610612739,5,1,0.167
34,23.0,6,1,0,5,"203085,1610612746",0,4,16,5,0.313,40,18,0.45,14,9,0.643,5,2,105.65,1,15,14,203085,Austin Rivers,-17,50,5,6,0,LAC,1610612746,7,3,0.6
35,25.0,10,1,1,5,"202340,1610612738",0,16,21,11,0.524,51,24,0.471,2,2,1.0,6,1,115.16,2,12,4,202340,Avery Bradley,34,61,18,10,0,BOS,1610612738,4,5,0.833
36,23.0,1,0,0,5,"1626253,1610612743",0,1,0,0,0.0,2,0,0.0,0,0,0.0,2,1,21.4833333333,1,3,1,1626253,Axel Toupane,-1,0,2,0,0,DEN,1610612743,0,1,0.5
37,33.0,2,0,0,5,"2732,1610612744",0,1,2,0,0.0,4,1,0.25,0,0,0.0,2,1,16.6166666667,0,1,0,2732,Ben Gordon,-6,2,1,0,0,GSW,1610612744,3,1,0.5
38,23.0,6,0,1,5,"203463,1610612758",0,6,16,4,0.25,36,10,0.278,17,13,0.765,6,1,125.585,1,11,12,203463,Ben McLemore,4,37,7,6,0,SAC,1610612758,3,5,0.833
39,33.0,11,0,2,5,"2757,1610612748",0,9,7,2,0.286,27,5,0.185,14,13,0.929,5,1,76.15,0,6,12,2757,Beno Udrih,2,25,9,3,0,MIA,1610612748,10,4,0.8
40,23.0,5,7,6,5,"202687,1610612761",0,36,0,0,0.0,30,11,0.367,27,15,0.556,7,2,143.941666667,16,22,18,202687,Bismack Biyombo,2,37,52,1,0,TOR,1610612761,6,5,0.714
41,27.0,23,3,7,5,"201933,1610612746",2,34,3,0,0.0,92,44,0.478,24,15,0.625,6,3,158.378333333,7,14,27,201933,Blake Griffin,2,103,41,5,0,LAC,1610612746,17,3,0.5
42,31.0,9,0,5,5,"1627322,1610612740",0,2,2,0,0.0,19,5,0.263,2,1,0.5,4,3,55.3666666667,1,8,3,1627322,Bo McCalebb,-26,11,3,1,0,NOP,1610612740,7,1,0.25
43,27.0,2,5,1,5,"1626246,1610612759",0,11,0,0,0.0,19,9,0.474,2,2,1.0,5,3,58.0633333333,7,4,3,1626246,Boban Marjanovic,-6,20,18,2,0,SAS,1610612759,10,2,0.4
44,21.0,7,5,1,5,"1626171,1610612741",2,43,10,5,0.5,68,30,0.441,16,13,0.813,7,4,152.075,21,22,14,1626171,Bobby Portis,-2,78,64,2,0,CHI,1610612741,10,3,0.429
45,27.0,7,1,4,5,"202711,1610612751",0,8,17,4,0.235,33,11,0.333,12,9,0.75,4,3,103.983333333,2,3,8,202711,Bojan Bogdanovic,-13,35,10,2,0,BKN,1610612751,8,1,0.25
46,34.0,3,1,1,5,"2564,1610612759",0,5,3,2,0.667,7,3,0.429,2,2,1.0,3,1,34.07,2,4,2,2564,Boris Diaw,7,10,7,1,0,SAS,1610612759,2,2,0.667
47,22.0,13,1,2,5,"203078,1610612764",0,13,24,9,0.375,66,38,0.576,6,5,0.833,6,2,137.516666667,4,10,9,203078,Bradley Beal,40,90,17,4,0,WAS,1610612764,17,4,0.667
48,28.0,3,6,1,5,"201148,1610612763",0,23,0,0,0.0,31,17,0.548,6,4,0.667,5,1,97.5166666667,8,11,7,201148,Brandan Wright,32,38,31,3,0,MEM,1610612763,5,4,0.8
49,23.0,0,0,0,5,"1626183,1610612746",0,2,0,0,0.0,7,3,0.429,0,0,0.0,2,1,12.2166666667,0,0,0,1626183,Branden Dawson,2,6,2,0,0,LAC,1610612746,0,1,0.5
50,21.0,6,3,1,5,"1626165,1610612742",0,18,8,0,0.0,19,2,0.105,6,4,0.667,7,7,84.6416666667,0,8,6,1626165,Brandon Ashley,-22,8,18,2,0,DAL,1610612742,6,0,0.0
51,31.0,4,4,3,5,"101138,1610612747",0,11,1,0,0.0,29,11,0.379,13,10,0.769,5,4,97.6833333333,7,11,11,101138,Brandon Bass,-9,32,18,6,0,LAL,1610612747,7,1,0.2
52,24.0,23,0,1,5,"202688,1610612756",0,16,33,12,0.364,62,24,0.387,4,3,0.75,6,2,153.433333333,2,11,9,202688,Brandon Knight,-11,63,18,12,0,PHX,1610612756,19,4,0.667
53,30.0,5,1,2,5,"201575,1610612744",0,15,16,5,0.313,34,13,0.382,10,7,0.7,7,4,129.65,1,13,9,201575,Brandon Rush,-32,38,16,6,0,GSW,1610612744,8,3,0.429
54,30.0,21,0,1,5,"203148,1610612757",0,11,11,5,0.455,50,22,0.44,14,14,1.0,7,1,137.25,3,2,14,203148,Brian Roberts,30,63,14,6,0,POR,1610612757,11,6,0.857
55,28.0,6,14,1,5,"201572,1610612751",0,23,4,1,0.25,57,25,0.439,44,33,0.75,5,3,131.88,6,7,28,201572,Brook Lopez,-10,84,29,2,0,BKN,1610612751,5,2,0.4
56,20.0,2,5,1,5,"203998,1610612761",0,9,14,2,0.143,18,4,0.222,5,4,0.8,6,2,84.4166666667,1,12,4,203998,Bruno Caboclo,3,14,10,0,0,TOR,1610612761,9,4,0.667
57,23.0,1,0,1,5,"203955,1610612763",0,2,4,0,0.0,19,4,0.211,6,5,0.833,2,2,34.3266666667,3,0,5,203955,Bryce Cotton,-26,13,5,1,0,MEM,1610612763,3,0,0.0
58,23.0,10,1,5,5,"1626214,1610612740",0,9,12,5,0.417,38,19,0.5,24,19,0.792,7,4,127.733333333,2,17,18,1626214,Bryce Dejean-Jones,-54,62,11,5,0,NOP,1610612740,5,3,0.429
59,24.0,3,2,1,5,"203927,1610612754",0,10,1,0,0.0,7,3,0.429,2,2,1.0,5,1,47.3666666667,3,1,2,203927,CJ Fair,22,8,13,1,0,IND,1610612754,1,4,0.8
60,24.0,31,2,5,5,"203468,1610612757",0,14,42,17,0.405,118,49,0.415,16,13,0.813,7,4,216.828333333,4,16,16,203468,CJ McCollum,38,128,18,4,0,POR,1610612757,15,3,0.429
61,29.0,3,0,0,5,"101139,1610612754",0,9,37,10,0.27,60,20,0.333,10,8,0.8,6,2,110.216666667,1,9,8,101139,CJ Miles,36,58,10,5,0,IND,1610612754,3,4,0.667
62,32.0,31,3,1,5,"201228,1610612753",0,16,15,3,0.2,38,10,0.263,12,7,0.583,6,1,155.188333333,4,14,15,201228,CJ Watson,31,30,20,12,0,ORL,1610612753,10,5,0.833
63,25.0,1,1,1,5,"203912,1610612746",0,2,5,2,0.4,11,4,0.364,0,0,0.0,5,3,30.9333333333,0,2,0,203912,CJ Wilcox,2,10,2,1,0,LAC,1610612746,4,2,0.4
64,25.0,1,2,1,5,"203946,1610612741",0,15,3,1,0.333,24,9,0.375,6,5,0.833,4,2,74.5666666667,8,10,4,203946,Cameron Bairstow,-12,24,23,1,0,CHI,1610612741,4,2,0.5
65,21.0,12,4,1,5,"1626166,1610612760",0,10,15,7,0.467,34,16,0.471,4,2,0.5,6,1,77.8333333333,3,10,2,1626166,Cameron Payne,6,41,13,4,0,OKC,1610612760,9,5,0.833
66,32.0,8,6,2,5,"2546,1610612752",0,10,13,3,0.231,68,32,0.471,5,5,1.0,5,1,121.46,6,8,9,2546,Carmelo Anthony,-6,72,16,5,0,NYK,1610612752,9,4,0.8
67,36.0,2,1,1,5,"2406,1610612758",0,8,9,1,0.111,16,3,0.188,2,1,0.5,4,1,54.3833333333,0,6,2,2406,Caron Butler,-3,8,8,2,0,SAC,1610612758,4,3,0.75
68,33.0,9,4,0,5,"101112,1610612739",0,16,20,8,0.4,40,18,0.45,4,4,1.0,7,1,127.018333333,5,15,10,101112,Channing Frye,14,48,21,1,0,CLE,1610612739,9,6,0.857
69,33.0,3,0,1,5,"101236,1610612745",0,7,0,0,0.0,3,1,0.333,0,0,0.0,4,3,26.9833333333,3,3,0,101236,Charles Hayes,1,2,10,1,0,HOU,1610612745,1,1,0.25
70,31.0,5,0,1,5,"101111,1610612742",0,24,22,8,0.364,49,20,0.408,7,5,0.714,6,6,103.28,5,11,7,101111,Charlie Villanueva,-15,53,29,1,0,DAL,1610612742,7,0,0.0
71,26.0,1,0,0,5,"203586,1610612749",0,3,1,0,0.0,3,1,0.333,4,2,0.5,1,1,8.91666666667,0,2,4,203586,Charlie Westbrook,-6,4,3,1,0,MIL,1610612749,0,0,0.0
72,28.0,2,1,0,5,"201978,1610612756",0,8,14,4,0.286,24,10,0.417,2,2,1.0,4,1,74.8666666667,1,5,3,201978,Chase Budinger,-2,26,9,2,0,PHX,1610612756,2,3,0.75
73,37.0,5,6,3,5,"2365,1610612763",0,23,3,1,0.333,26,10,0.385,5,4,0.8,7,4,108.0,11,5,9,2365,Chris Andersen,9,25,34,4,0,MEM,1610612763,0,3,0.429
74,26.0,5,1,0,5,"203569,1610612744",0,3,10,3,0.3,16,5,0.313,0,0,0.0,6,4,66.2666666667,0,9,5,203569,Chris Babb,-24,13,3,0,0,GSW,1610612744,2,2,0.333
75,32.0,13,2,4,5,"2547,1610612748",0,32,25,6,0.24,75,32,0.427,28,26,0.929,7,3,179.6,5,7,20,2547,Chris Bosh,-51,96,37,3,0,MIA,1610612748,10,4,0.571
76,32.0,3,0,2,5,"203142,1610612749",0,11,17,6,0.353,24,9,0.375,12,10,0.833,3,2,72.7,1,4,9,203142,Chris Copeland,-1,34,12,1,0,MIL,1610612749,0,1,0.333
77,32.0,5,3,1,5,"202808,1610612751",0,10,20,7,0.35,34,14,0.412,3,2,0.667,5,3,65.0333333333,4,15,9,202808,Chris Daniels,4,37,14,2,0,BKN,1610612751,10,2,0.4
78,29.0,5,1,5,5,"201604,1610612740",0,4,2,1,0.5,21,9,0.429,21,16,0.762,5,3,98.7,0,2,15,201604,Chris Douglas-Roberts,-24,35,4,7,0,NOP,1610612740,5,2,0.4
79,30.0,3,3,1,5,"202419,1610612739",0,6,0,0,0.0,6,3,0.5,6,3,0.5,4,4,36.6133333333,1,9,3,202419,Chris Johnson,-20,9,7,1,0,CLE,1610612739,2,0,0.0
80,26.0,0,0,0,5,"203187,1610612762",0,5,7,1,0.143,16,6,0.375,1,0,0.0,5,4,54.6166666667,1,5,2,203187,Chris Johnson,-35,13,6,3,0,UTA,1610612762,4,1,0.2
81,34.0,3,2,0,5,"2549,1610612757",0,5,0,0,0.0,15,4,0.267,0,0,0.0,2,1,22.32,2,4,0,2549,Chris Kaman,-5,8,7,0,0,POR,1610612757,3,1,0.5
82,31.0,41,0,0,5,"101108,1610612746",0,12,15,5,0.333,45,18,0.4,11,10,0.909,5,2,117.535,3,12,11,101108,Chris Paul,-4,51,15,2,0,LAC,1610612746,14,3,0.6
83,21.0,0,2,2,5,"1626217,1610612745",0,12,1,0,0.0,16,8,0.5,2,1,0.5,3,1,24.7666666667,4,4,2,1626217,Chris Walker,8,17,16,1,0,HOU,1610612745,4,2,0.667
84,20.0,1,2,3,5,"1626174,1610612755",1,19,7,1,0.143,29,13,0.448,9,4,0.444,5,3,62.925,5,5,7,1626174,Christian Wood,6,31,24,1,0,PHI,1610612755,2,2,0.4
85,25.0,7,5,3,5,"203921,1610612752",0,15,12,4,0.333,35,17,0.486,10,8,0.8,6,2,121.398333333,2,18,15,203921,Cleanthony Early,30,46,17,2,0,NYK,1610612752,7,4,0.667
86,22.0,6,8,4,5,"203991,1610612745",3,36,0,0,0.0,35,20,0.571,19,10,0.526,6,3,143.666666667,17,16,14,203991,Clint Capela,48,50,53,4,0,HOU,1610612745,11,3,0.5
87,23.0,12,2,2,5,"203469,1610612766",1,38,6,4,0.667,33,20,0.606,26,15,0.577,8,1,176.55,7,18,20,203469,Cody Zeller,12,59,45,7,0,CHA,1610612766,8,7,0.875
88,27.0,1,1,0,5,"202332,1610612746",0,6,0,0,0.0,3,1,0.333,4,3,0.75,4,3,23.8316666667,2,5,4,202332,Cole Aldrich,-13,5,8,0,0,LAC,1610612746,3,1,0.25
89,30.0,10,0,2,5,"201147,1610612745",0,14,21,6,0.286,62,28,0.452,32,24,0.75,6,4,136.683333333,2,12,22,201147,Corey Brewer,-14,86,16,14,0,HOU,1610612745,11,2,0.333
90,24.0,1,0,0,5,"1626186,1610612748",0,2,2,2,1.0,2,2,1.0,0,0,0.0,2,0,13.9833333333,0,0,1,1626186,Corey Hawkins,1,6,2,0,0,MIA,1610612748,2,2,1.0
91,23.0,3,0,1,5,"1626258,1610612738",0,6,3,0,0.0,6,1,0.167,0,0,0.0,4,1,27.5516666667,0,5,0,1626258,Corey Walden,-9,2,6,0,0,BOS,1610612738,3,3,0.75
92,27.0,6,0,0,5,"1626290,1610612740",0,1,0,0,0.0,7,2,0.286,0,0,0.0,3,1,21.4816666667,0,2,0,1626290,Corey Webster,-10,4,1,1,0,NOP,1610612740,2,2,0.667
93,25.0,1,4,0,5,"203928,1610612756",0,7,0,0,0.0,9,4,0.444,3,2,0.667,5,2,24.8333333333,0,3,3,203928,Cory Jefferson,0,10,7,1,0,PHX,1610612756,0,3,0.6
94,24.0,23,1,6,5,"202709,1610612761",0,9,7,3,0.429,54,27,0.5,17,12,0.706,7,2,148.283333333,3,11,22,202709,Cory Joseph,15,69,12,6,0,TOR,1610612761,9,5,0.714
95,23.0,0,0,0,5,"1626262,1610612738",0,0,0,0,0.0,0,0,0.0,0,0,0.0,1,0,0.201666666667,0,0,0,1626262,Coty Clarke,0,0,0,0,0,BOS,1610612738,0,1,1.0
96,30.0,8,1,2,5,"201584,1610612766",0,10,19,10,0.526,44,22,0.5,7,7,1.0,5,0,117.366666667,2,7,2,201584,Courtney Lee,36,61,12,4,0,CHA,1610612766,4,5,1.0
97,23.0,3,1,0,5,"1626245,1610612741",0,6,1,1,1.0,12,7,0.583,2,1,0.5,5,2,43.93,10,6,3,1626245,Cristiano Felicio,-20,16,16,2,0,CHI,1610612741,4,3,0.6
98,20.0,23,1,1,5,"1626156,1610612747",0,13,17,5,0.294,44,17,0.386,14,9,0.643,7,4,118.866666667,4,7,10,1626156,D'Angelo Russell,-14,48,17,4,0,LAL,1610612747,9,3,0.429
99,28.0,20,0,4,5,"201571,1610612743",0,5,11,1,0.091,29,8,0.276,4,3,0.75,5,1,94.6666666667,2,8,9,201571,D.J. Augustin,-6,20,7,2,0,DEN,1610612743,10,4,0.8
100,25.0,1,0,0,5,"203474,1610612739",0,2,2,1,0.5,11,6,0.545,0,0,0.0,4,3,29.3966666667,1,1,2,203474,DJ Stephens,-2,13,3,0,0,CLE,1610612739,2,1,0.25
101,28.0,1,0,1,5,"201969,1610612752",0,2,4,1,0.25,16,3,0.188,4,3,0.75,4,2,23.2166666667,2,2,2,201969,DaJuan Summers,-5,10,4,0,0,NYK,1610612752,1,2,0.5
102,35.0,5,1,1,5,"2563,1610612739",0,6,6,2,0.333,18,10,0.556,11,8,0.727,4,3,97.8966666667,2,10,13,2563,Dahntay Jones,3,30,8,1,0,CLE,1610612739,6,1,0.25
103,25.0,27,0,10,5,"203081,1610612757",0,15,39,11,0.282,105,42,0.4,37,35,0.946,5,3,156.541666667,3,12,26,203081,Damian Lillard,5,130,18,10,0,POR,1610612757,19,2,0.4
104,21.0,1,2,0,5,"203996,1610612749",0,13,4,1,0.25,17,8,0.471,9,6,0.667,3,2,54.8833333333,2,9,8,203996,Damien Inglis,-34,23,15,1,0,MIL,1610612749,2,1,0.333
105,36.0,5,0,1,5,"2863,1610612766",0,4,1,0,0.0,10,6,0.6,4,3,0.75,3,1,51.4,0,4,2,2863,Damien Wilkins,-1,15,4,1,0,CHA,1610612766,2,2,0.667
106,30.0,6,0,0,5,"204014,1610612750",0,3,18,7,0.389,25,10,0.4,6,3,0.5,7,5,123.496666667,0,10,6,204014,Damjan Rudez,0,30,3,2,0,MIN,1610612750,4,2,0.286
107,27.0,11,0,3,5,"201568,1610612743",0,21,21,4,0.19,50,23,0.46,20,18,0.9,5,2,127.35,2,7,20,201568,Danilo Gallinari,24,68,23,6,0,DEN,1610612743,12,3,0.6
108,29.0,4,1,0,5,"201980,1610612759",0,15,20,8,0.4,30,14,0.467,8,7,0.875,6,4,99.7233333333,3,7,7,201980,Danny Green,14,43,18,6,0,SAS,1610612759,4,2,0.333
109,29.0,7,4,3,5,"201967,1610612740",0,32,15,3,0.2,35,10,0.286,10,7,0.7,7,4,199.77,8,24,11,201967,Dante Cunningham,12,30,40,4,0,NOP,1610612740,8,3,0.429
110,23.0,0,1,1,5,"1626276,1610612752",0,0,0,0,0.0,2,0,0.0,0,0,0.0,3,2,7.33333333333,0,3,0,1626276,Darion Atkins,-7,0,0,0,0,NYK,1610612752,0,1,0.333
111,28.0,1,0,0,5,"201589,1610612743",0,6,6,2,0.333,13,4,0.308,4,3,0.75,2,2,34.75,0,4,3,201589,Darrell Arthur,-19,13,6,1,0,DEN,1610612743,2,0,0.0
112,28.0,33,0,2,5,"201954,1610612758",1,18,16,7,0.438,54,29,0.537,31,27,0.871,6,1,158.888333333,5,10,23,201954,Darren Collison,26,92,23,10,0,SAC,1610612758,16,5,0.833
113,23.0,2,0,0,5,"1626199,1610612765",0,0,5,2,0.4,6,2,0.333,4,4,1.0,3,0,22.6333333333,0,3,3,1626199,Darrun Hilliard,2,10,0,2,0,DET,1610612765,3,3,1.0
114,33.0,12,2,9,5,"101135,1610612742",1,29,0,0,0.0,43,16,0.372,8,7,0.875,5,1,100.066666667,6,9,6,101135,David Lee,28,39,35,3,0,DAL,1610612742,11,4,0.8
115,25.0,4,0,2,5,"204065,1610612758",0,4,1,0,0.0,7,1,0.143,2,2,1.0,3,0,15.535,1,1,3,204065,David Stockton,-15,4,5,0,0,SAC,1610612758,3,3,1.0
116,35.0,8,6,2,5,"2561,1610612759",0,17,0,0,0.0,30,14,0.467,6,5,0.833,6,4,103.626666667,7,17,9,2561,David West,-22,33,24,4,0,SAS,1610612759,9,2,0.333
117,27.0,3,10,1,5,"201599,1610612746",2,50,0,0,0.0,28,19,0.679,20,10,0.5,6,3,155.155,7,18,21,201599,DeAndre Jordan,31,48,57,11,0,LAC,1610612746,7,3,0.5
118,27.0,1,2,0,5,"201971,1610612764",1,15,0,0,0.0,28,17,0.607,7,5,0.714,3,0,49.1,10,10,6,201971,DeJuan Blair,-6,39,25,3,0,WAS,1610612764,0,3,1.0
119,26.0,18,0,4,5,"201942,1610612761",0,16,9,0,0.0,59,17,0.288,27,23,0.852,6,2,148.74,5,16,18,201942,DeMar DeRozan,32,57,21,4,0,TOR,1610612761,10,4,0.667
120,25.0,3,2,5,5,"202326,1610612758",1,28,12,1,0.083,69,27,0.391,43,34,0.791,5,1,119.116666667,9,19,40,202326,DeMarcus Cousins,12,89,37,11,0,SAC,1610612758,17,4,0.8
121,29.0,8,2,6,5,"201960,1610612761",0,21,29,11,0.379,64,26,0.406,20,16,0.8,7,2,171.076666667,8,16,14,201960,DeMarre Carroll,40,79,29,7,0,TOR,1610612761,5,5,0.714
122,26.0,0,0,2,5,"203199,1610612737",0,0,0,0,0.0,7,3,0.429,6,5,0.833,4,1,18.2816666667,1,2,3,203199,DeQuan Jones,-1,11,1,1,0,ATL,1610612737,1,3,0.75
123,24.0,7,0,4,5,"1626153,1610612761",0,10,5,2,0.4,22,9,0.409,3,1,0.333,7,2,72.3166666667,2,2,5,1626153,Delon Wright,-28,21,12,2,0,TOR,1610612761,8,5,0.714
124,22.0,14,1,4,5,"203471,1610612737",0,12,12,4,0.333,45,15,0.333,20,16,0.8,6,2,103.716666667,3,11,17,203471,Dennis Schroder,-20,50,15,3,0,ATL,1610612737,10,4,0.667
125,23.0,6,0,2,5,"1626269,1610612745",0,6,13,4,0.308,27,9,0.333,11,8,0.727,4,2,46.1166666667,2,2,6,1626269,Denzel Livingston,12,30,8,4,0,HOU,1610612745,1,2,0.5
126,32.0,4,0,0,5,"101114,1610612742",0,1,2,0,0.0,4,1,0.25,4,4,1.0,1,1,15.5333333333,1,1,2,101114,Deron Williams,-3,6,2,0,0,DAL,1610612742,1,0,0.0
127,24.0,5,11,9,5,"202324,1610612762",0,20,0,0,0.0,56,22,0.393,23,13,0.565,5,3,129.533333333,15,11,16,202324,Derrick Favors,19,57,35,7,0,UTA,1610612762,5,2,0.4
128,27.0,1,0,0,5,"201565,1610612741",0,0,1,0,0.0,6,4,0.667,1,0,0.0,1,0,10.3166666667,0,0,1,201565,Derrick Rose,6,8,0,0,0,CHI,1610612741,0,1,1.0
129,25.0,6,2,1,5,"202682,1610612752",0,20,23,10,0.435,60,34,0.567,27,19,0.704,6,2,127.216666667,3,8,20,202682,Derrick Williams,27,97,23,4,0,NYK,1610612752,15,4,0.667
130,24.0,1,1,0,5,"203472,1610612759",0,1,4,0,0.0,9,2,0.222,6,5,0.833,2,2,29.35,1,3,3,203472,Deshaun Thomas,-30,9,2,1,0,SAS,1610612759,3,0,0.0
131,19.0,5,0,3,5,"1626164,1610612756",0,8,14,6,0.429,47,18,0.383,11,9,0.818,6,2,105.45,4,7,12,1626164,Devin Booker,3,51,12,1,0,PHX,1610612756,12,4,0.667
132,33.0,12,1,2,5,"2734,1610612742",0,9,16,4,0.25,37,15,0.405,7,5,0.714,6,6,101.75,2,7,9,2734,Devin Harris,9,39,11,5,0,DAL,1610612742,7,0,0.0
133,28.0,0,0,0,5,"202464,1610612743",0,2,4,0,0.0,6,2,0.333,2,1,0.5,4,2,13.35,1,2,1,202464,Devin Sweetney,-4,5,3,1,0,DEN,1610612743,0,2,0.5
134,23.0,15,2,2,5,"203906,1610612753",0,11,27,7,0.259,51,19,0.373,17,13,0.765,7,2,133.071666667,10,13,15,203906,Devyn Marble,6,58,21,7,0,ORL,1610612753,11,5,0.714
135,26.0,2,10,1,5,"203473,1610612753",0,26,0,0,0.0,23,9,0.391,14,9,0.643,7,2,108.516666667,14,14,9,203473,Dewayne Dedmon,12,27,40,0,0,ORL,1610612753,8,5,0.714
136,24.0,0,0,0,5,"1626190,1610612760",0,1,1,0,0.0,1,0,0.0,2,1,0.5,1,0,4.58333333333,0,0,1,1626190,Dez Wells,-4,1,1,1,0,OKC,1610612760,0,1,1.0
137,24.0,16,0,0,5,"203079,1610612760",0,17,19,8,0.421,58,29,0.5,21,12,0.571,6,1,125.316666667,3,15,15,203079,Dion Waiters,22,78,20,8,0,OKC,1610612760,14,5,0.833
138,29.0,5,0,2,5,"202091,1610612739",0,7,9,2,0.222,24,8,0.333,11,9,0.818,4,3,79.64,3,4,6,202091,Dionte Christmas,-42,27,10,4,0,CLE,1610612739,9,1,0.25
139,38.0,3,0,0,5,"1717,1610612742",0,17,9,5,0.556,29,14,0.483,5,5,1.0,3,3,68.1533333333,0,6,4,1717,Dirk Nowitzki,-2,38,17,1,0,DAL,1610612742,0,0,0.0
140,28.0,14,1,2,5,"202388,1610612751",0,5,3,1,0.333,12,4,0.333,15,13,0.867,3,2,64.4666666667,0,2,10,202388,Donald Sloan,7,22,5,5,0,BKN,1610612751,3,1,0.333
141,24.0,9,0,3,5,"203926,1610612741",0,35,49,18,0.367,83,33,0.398,12,9,0.75,8,4,227.371666667,3,17,10,203926,Doug McDermott,-4,93,38,2,0,CHI,1610612741,4,4,0.5
142,26.0,18,3,2,5,"203110,1610612744",0,42,12,3,0.25,49,17,0.347,27,18,0.667,7,4,147.75,3,24,21,203110,Draymond Green,21,55,45,8,0,GSW,1610612744,11,3,0.429
143,34.0,0,2,1,5,"2400,1610612764",0,25,28,11,0.393,40,17,0.425,5,3,0.6,6,2,105.801666667,3,21,2,2400,Drew Gooden,35,48,28,0,0,WAS,1610612764,3,4,0.667
144,24.0,0,0,0,5,"1626251,1610612758",0,0,2,1,0.5,2,1,0.5,0,0,0.0,1,0,8.53333333333,1,2,1,1626251,Duje Dukan,-6,3,1,0,0,SAC,1610612758,0,1,1.0
145,30.0,0,2,1,5,"2730,1610612745",0,7,0,0,0.0,8,2,0.25,4,1,0.25,1,1,23.25,4,1,3,2730,Dwight Howard,3,5,11,0,0,HOU,1610612745,0,0,0.0
146,24.0,7,1,1,5,"203939,1610612742",1,21,3,0,0.0,22,7,0.318,26,19,0.731,3,3,68.6366666667,7,11,16,203939,Dwight Powell,2,33,28,4,0,DAL,1610612742,2,0,0.0
147,34.0,18,1,1,5,"2548,1610612748",0,19,7,2,0.286,67,24,0.358,26,21,0.808,7,3,157.033333333,4,9,25,2548,Dwyane Wade,-43,71,23,6,0,MIA,1610612748,14,4,0.571
148,27.0,21,3,1,5,"202734,1610612741",0,14,22,8,0.364,78,38,0.487,5,3,0.6,8,4,200.346666667,6,23,11,202734,E'Twaun Moore,-49,87,20,5,0,CHI,1610612741,12,4,0.5
149,34.0,2,0,0,5,"2853,1610612737",0,8,3,1,0.333,8,4,0.5,0,0,0.0,4,1,28.3816666667,0,2,1,2853,Earl Barron,-7,9,8,1,0,ATL,1610612737,2,3,0.75
150,27.0,7,10,8,5,"202334,1610612757",0,36,0,0,0.0,34,15,0.441,16,11,0.688,7,4,156.813333333,16,14,12,202334,Ed Davis,5,41,52,8,0,POR,1610612757,6,3,0.429
151,28.0,1,0,0,5,"1626293,1610612737",0,0,0,0,0.0,0,0,0.0,0,0,0.0,1,0,2.23166666667,0,0,0,1626293,Edgar Sosa,-5,0,0,0,0,ATL,1610612737,1,1,1.0
152,22.0,12,0,2,5,"203901,1610612753",0,8,2,0,0.0,21,8,0.381,1,0,0.0,3,2,63.55,1,9,8,203901,Elfrid Payton,-9,16,9,4,0,ORL,1610612753,6,1,0.333
153,28.0,5,0,1,5,"202407,1610612762",0,15,7,1,0.143,19,7,0.368,24,19,0.792,7,4,115.386666667,2,16,19,202407,Elijah Millsap,26,34,17,7,0,UTA,1610612762,5,3,0.429
154,27.0,0,0,2,5,"202343,1610612763",0,5,4,2,0.5,10,4,0.4,2,1,0.5,2,1,26.05,0,3,1,202343,Elliot Williams,-6,11,5,1,0,MEM,1610612763,3,1,0.5
155,20.0,27,2,1,5,"1626144,1610612743",0,13,16,6,0.375,73,27,0.37,20,15,0.75,5,2,145.65,2,11,15,1626144,Emmanuel Mudiay,0,75,15,5,0,DEN,1610612743,24,3,0.6
156,24.0,4,2,2,5,"202683,1610612760",2,23,0,0,0.0,34,24,0.706,16,14,0.875,4,0,91.885,12,10,9,202683,Enes Kanter,48,62,35,2,0,OKC,1610612760,9,4,1.0
157,26.0,14,2,3,5,"202339,1610612756",0,9,6,3,0.5,32,14,0.438,15,7,0.467,3,0,74.6666666667,3,7,13,202339,Eric Bledsoe,14,38,12,8,0,PHX,1610612756,6,3,1.0
158,27.0,8,0,4,5,"201569,1610612740",0,9,25,8,0.32,47,16,0.34,28,22,0.786,5,3,122.85,2,10,16,201569,Eric Gordon,20,62,11,5,0,NOP,1610612740,3,2,0.4
159,24.0,1,5,0,5,"203961,1610612758",0,9,0,0,0.0,9,7,0.778,5,1,0.2,2,1,31.1166666667,6,2,4,203961,Eric Moreland,-1,15,15,0,0,SAC,1610612758,0,1,0.5
160,25.0,10,0,1,5,"203475,1610612762",0,6,7,4,0.571,34,12,0.353,8,6,0.75,5,3,92.2166666667,2,4,7,203475,Erick Green,-14,34,8,3,0,UTA,1610612762,4,2,0.4
161,29.0,9,2,2,5,"101141,1610612753",0,22,22,7,0.318,61,25,0.41,14,7,0.5,6,5,155.831666667,8,13,19,101141,Ersan Ilyasova,-23,64,30,3,0,ORL,1610612753,16,1,0.167
162,23.0,14,1,5,5,"203095,1610612753",0,12,32,11,0.344,64,23,0.359,20,13,0.65,7,1,170.733333333,2,17,14,203095,Evan Fournier,16,70,14,5,0,ORL,1610612753,7,6,0.857
163,27.0,19,2,3,5,"202323,1610612738",0,17,6,1,0.167,37,17,0.459,9,8,0.889,5,1,104.55,2,3,9,202323,Evan Turner,17,43,19,3,0,BOS,1610612738,9,4,0.8
164,26.0,10,10,3,5,"203105,1610612744",0,24,0,0,0.0,27,12,0.444,27,17,0.63,7,4,113.113333333,11,20,20,203105,Festus Ezeli,-1,41,35,2,0,GSW,1610612744,11,3,0.429
165,23.0,9,3,4,5,"1626163,1610612766",0,34,19,7,0.368,57,20,0.351,17,13,0.765,8,1,157.366666667,9,9,10,1626163,Frank Kaminsky,23,60,43,3,0,CHA,1610612766,10,7,0.875
166,24.0,10,3,0,5,"203128,1610612755",1,19,2,0,0.0,17,8,0.471,20,13,0.65,6,4,110.193333333,16,17,13,203128,Furkan Aldemir,-20,29,35,6,0,PHI,1610612755,9,2,0.333
167,30.0,9,1,3,5,"202066,1610612764",0,9,7,2,0.286,18,4,0.222,2,2,1.0,3,2,54.545,3,5,2,202066,Garrett Temple,1,12,12,1,0,WAS,1610612764,1,1,0.333
168,21.0,7,0,5,5,"203914,1610612743",0,10,20,8,0.4,58,26,0.448,10,9,0.9,6,2,168.0,7,14,7,203914,Gary Harris,70,69,17,10,0,DEN,1610612743,6,4,0.667
169,31.0,6,0,5,5,"202390,1610612764",0,9,17,9,0.529,65,30,0.462,4,2,0.5,7,3,153.235,1,7,5,202390,Gary Neal,32,71,10,3,0,WAS,1610612764,8,4,0.571
170,30.0,22,4,0,5,"201588,1610612754",0,20,13,5,0.385,41,18,0.439,19,16,0.842,6,2,138.44,4,11,13,201588,George Hill,18,57,24,10,0,IND,1610612754,8,4,0.667
171,30.0,8,2,7,5,"101123,1610612748",0,29,36,15,0.417,102,49,0.48,36,29,0.806,8,4,174.433333333,6,16,31,101123,Gerald Green,32,142,35,6,0,MIA,1610612748,11,4,0.5
172,21.0,4,7,5,5,"203507,1610612749",0,20,7,3,0.429,41,19,0.463,24,17,0.708,5,4,125.916666667,8,15,20,203507,Giannis Antetokounmpo,11,58,28,5,0,MIL,1610612749,11,1,0.2
173,22.0,8,0,3,5,"203922,1610612754",0,14,15,7,0.467,39,21,0.538,15,13,0.867,6,1,141.45,10,10,8,203922,Glenn Robinson,30,62,24,1,0,IND,1610612754,8,5,0.833
174,30.0,22,1,3,5,"201609,1610612748",0,15,14,2,0.143,43,16,0.372,8,6,0.75,6,2,142.283333333,1,14,9,201609,Goran Dragic,-56,40,16,5,0,MIA,1610612748,13,4,0.667
175,26.0,10,1,5,5,"202330,1610612762",0,18,22,10,0.455,59,25,0.424,26,18,0.692,6,3,155.031666667,3,15,20,202330,Gordon Hayward,16,78,21,9,0,UTA,1610612762,10,3,0.5
176,26.0,9,5,5,5,"203476,1610612750",0,23,3,2,0.667,58,33,0.569,27,21,0.778,7,5,177.171666667,11,13,23,203476,Gorgui Dieng,-19,89,34,6,0,MIN,1610612750,9,2,0.286
177,26.0,10,2,6,5,"202328,1610612749",2,33,1,0,0.0,60,28,0.467,32,20,0.625,6,4,142.066666667,16,14,29,202328,Greg Monroe,-16,76,49,10,0,MIL,1610612749,12,2,0.333
178,30.0,1,0,0,5,"201880,1610612753",0,3,0,0,0.0,2,0,0.0,0,0,0.0,2,0,16.6333333333,0,5,2,201880,Greg Stiemsma,-15,0,3,0,0,ORL,1610612753,0,2,1.0
179,23.0,2,2,1,5,"204222,1610612748",0,14,10,1,0.1,21,5,0.238,0,0,0.0,4,3,64.25,5,7,1,204222,Greg Whittington,-13,11,19,2,0,MIA,1610612748,9,1,0.25
180,29.0,18,1,0,5,"202349,1610612749",0,16,21,6,0.286,38,14,0.368,2,1,0.5,6,4,113.9,2,11,4,202349,Greivis Vasquez,-30,35,18,4,0,MIL,1610612749,9,2,0.333
181,24.0,9,1,2,5,"203084,1610612744",0,11,12,7,0.583,30,15,0.5,10,8,0.8,5,3,100.861666667,6,8,8,203084,Harrison Barnes,24,45,17,5,0,GSW,1610612744,4,2,0.4
182,27.0,1,13,4,5,"202355,1610612748",1,17,0,0,0.0,27,14,0.519,18,4,0.222,3,1,75.2416666667,12,12,13,202355,Hassan Whiteside,-26,32,29,0,0,MIA,1610612748,6,2,0.667
183,26.0,1,0,2,5,"203156,1610612751",0,6,0,0,0.0,10,4,0.4,3,2,0.667,6,2,28.3,1,7,2,203156,Henry Sims,14,10,7,1,0,BKN,1610612751,3,4,0.667
184,25.0,3,5,2,5,"203138,1610612755",0,24,31,12,0.387,51,22,0.431,10,8,0.8,6,4,163.466666667,1,16,8,203138,Hollis Thompson,-45,64,25,5,0,PHI,1610612755,10,2,0.333
185,25.0,10,1,3,5,"203546,1610612744",0,6,12,5,0.417,39,15,0.385,7,6,0.857,7,4,91.7,2,12,6,203546,Ian Clark,-22,41,8,0,0,GSW,1610612744,9,3,0.429
186,29.0,7,13,4,5,"101133,1610612754",0,26,0,0,0.0,31,19,0.613,15,7,0.467,6,2,124.0,11,15,17,101133,Ian Mahinmi,35,45,37,2,0,IND,1610612754,5,4,0.667
187,25.0,21,1,3,5,"203477,1610612755",0,13,33,10,0.303,55,22,0.4,13,11,0.846,5,3,139.846666667,0,8,11,203477,Isaiah Canaan,-18,65,13,7,0,PHI,1610612755,9,2,0.4
188,27.0,27,1,2,5,"202738,1610612738",0,9,20,7,0.35,61,25,0.41,17,13,0.765,5,1,117.273333333,3,5,15,202738,Isaiah Thomas,34,70,12,5,0,BOS,1610612738,12,4,0.8
189,27.0,20,1,2,5,"202397,1610612755",0,5,2,0,0.0,23,4,0.174,7,3,0.429,5,2,57.3333333333,0,5,11,202397,Ish Smith,-20,11,5,4,0,PHI,1610612755,5,3,0.6
190,24.0,0,0,0,5,"1626266,1610612762",0,0,0,0,0.0,0,0,0.0,0,0,0.0,1,1,1.65,0,1,0,1626266,J.J. O'Brien,-2,0,0,0,0,UTA,1610612762,0,0,0.0
191,30.0,13,2,0,5,"2747,1610612739",0,6,19,9,0.474,38,20,0.526,2,2,1.0,4,3,86.5833333333,1,10,3,2747,J.R. Smith,17,51,7,4,0,CLE,1610612739,6,1,0.25
192,27.0,1,0,4,5,"201581,1610612764",0,9,0,0,0.0,12,2,0.167,8,5,0.625,4,2,41.9916666667,1,5,5,201581,JJ Hickson,-32,9,10,0,0,WAS,1610612764,4,2,0.5
193,32.0,3,0,0,5,"200755,1610612746",0,8,28,14,0.5,53,27,0.509,14,12,0.857,6,3,130.793333333,0,10,10,200755,JJ Redick,27,80,8,3,0,LAC,1610612746,12,3,0.5
194,22.0,0,0,0,5,"1626160,1610612755",0,0,3,0,0.0,14,6,0.429,6,4,0.667,5,4,52.2316666667,2,5,6,1626160,JP Tokoto,11,16,2,1,0,PHI,1610612755,4,1,0.2
195,23.0,5,0,4,5,"203960,1610612743",0,11,8,1,0.125,30,11,0.367,26,17,0.654,6,4,113.22,8,16,16,203960,JaKarr Sampson,-27,40,19,4,0,DEN,1610612743,11,2,0.333
196,26.0,5,1,3,5,"203210,1610612763",0,21,2,1,0.5,28,15,0.536,5,4,0.8,6,1,84.44,8,7,8,203210,JaMychal Green,42,35,29,1,0,MEM,1610612763,8,5,0.833
197,23.0,5,0,2,5,"203913,1610612747",0,7,9,2,0.222,24,9,0.375,20,16,0.8,6,3,85.8333333333,2,11,14,203913,Jabari Brown,5,36,9,4,0,LAL,1610612747,8,3,0.5
198,25.0,1,1,0,5,"204022,1610612739",0,11,1,0,0.0,7,3,0.429,8,5,0.625,4,2,30.6333333333,8,5,4,204022,Jack Cooley,-7,11,19,2,0,CLE,1610612739,3,2,0.5
199,25.0,14,0,2,5,"203109,1610612738",0,21,9,5,0.556,26,14,0.538,23,17,0.739,6,1,118.043333333,3,12,15,203109,Jae Crowder,45,50,24,6,0,BOS,1610612738,3,5,0.833
200,20.0,4,5,7,5,"1626143,1610612755",0,15,0,0,0.0,57,22,0.386,9,8,0.889,5,3,104.683333333,7,16,16,1626143,Jahlil Okafor,-30,52,22,1,0,PHI,1610612755,18,2,0.4
201,29.0,0,0,0,5,"202815,1610612741",0,0,0,0,0.0,0,0,0.0,0,0,0.0,1,0,1.41666666667,0,0,0,202815,Jake Anderson,-3,0,0,0,0,CHI,1610612741,0,1,1.0
202,23.0,0,2,0,5,"1626294,1610612764",0,4,0,0,0.0,6,4,0.667,5,2,0.4,3,1,20.7,1,2,3,1626294,Jaleel Roberts,-5,10,5,0,0,WAS,1610612764,0,2,0.667
203,36.0,6,1,1,5,"2037,1610612746",0,2,10,2,0.2,34,16,0.471,15,13,0.867,5,3,102.415,1,7,14,2037,Jamal Crawford,-60,47,3,5,0,LAC,1610612746,12,2,0.4
204,34.0,32,0,0,5,"2749,1610612743",0,10,16,7,0.438,38,17,0.447,8,6,0.75,5,1,99.275,4,14,9,2749,Jameer Nelson,55,47,14,1,0,DEN,1610612743,12,4,0.8
205,27.0,8,0,0,5,"202341,1610612758",0,7,10,4,0.4,21,7,0.333,2,1,0.5,5,1,96.3166666667,1,6,2,202341,James Anderson,39,19,8,3,0,SAC,1610612758,4,4,0.8
206,25.0,2,0,1,5,"203516,1610612740",0,12,11,3,0.273,36,17,0.472,13,8,0.615,6,3,90.6,6,6,10,203516,James Ennis,54,45,18,1,0,NOP,1610612740,3,3,0.5
207,26.0,27,2,3,5,"201935,1610612745",0,19,40,12,0.3,86,33,0.384,27,22,0.815,6,4,142.3,3,15,17,201935,James Harden,20,100,22,4,0,HOU,1610612745,14,2,0.333
208,29.0,2,1,0,5,"201949,1610612761",0,4,2,1,0.5,9,6,0.667,0,0,0.0,3,1,29.9833333333,1,5,1,201949,James Johnson,13,13,5,0,0,TOR,1610612761,2,2,0.667
209,35.0,7,3,0,5,"2592,1610612739",0,12,35,11,0.314,43,14,0.326,9,9,1.0,7,6,138.816666667,1,13,10,2592,James Jones,5,48,13,4,0,CLE,1610612739,5,1,0.143
210,23.0,3,7,1,5,"203949,1610612744",0,17,0,0,0.0,22,14,0.636,27,9,0.333,7,4,92.55,7,11,18,203949,James Michael McAdoo,-18,37,24,5,0,GSW,1610612744,6,3,0.429
211,20.0,3,2,0,5,"203923,1610612738",0,9,20,7,0.35,32,9,0.281,8,6,0.75,7,1,96.115,1,9,11,203923,James Young,2,31,10,2,0,BOS,1610612738,4,6,0.857
212,25.0,11,0,3,5,"203966,1610612742",0,11,13,2,0.154,26,5,0.192,6,5,0.833,7,7,122.831666667,0,7,6,203966,Jamil Wilson,-59,17,11,6,0,DAL,1610612742,4,0,0.0
213,25.0,24,1,8,5,"203099,1610612749",0,12,18,4,0.222,58,21,0.362,50,41,0.82,7,6,177.311666667,4,22,50,203099,Jared Cunningham,-19,87,16,7,0,MIL,1610612749,11,1,0.143
214,30.0,2,0,0,5,"201162,1610612764",0,3,4,1,0.25,8,2,0.25,2,1,0.5,2,2,26.855,1,7,2,201162,Jared Dudley,-24,6,4,1,0,WAS,1610612764,2,0,0.0
215,24.0,14,6,7,5,"203096,1610612738",0,33,5,1,0.2,54,21,0.389,22,11,0.5,7,1,109.923333333,14,17,15,203096,Jared Sullinger,32,54,47,4,0,BOS,1610612738,12,6,0.857
216,24.0,3,0,0,5,"204067,1610612764",0,1,10,1,0.1,13,3,0.231,6,6,1.0,3,1,32.15,1,2,3,204067,Jarell Eddie,-11,13,2,0,0,WAS,1610612764,0,2,0.667
217,22.0,3,0,5,5,"203950,1610612748",0,22,0,0,0.0,33,14,0.424,12,8,0.667,6,1,92.2383333333,8,19,8,203950,Jarnell Stokes,-23,36,30,2,0,MIA,1610612748,6,5,0.833
218,24.0,0,1,1,5,"204189,1610612764",0,1,4,0,0.0,11,4,0.364,5,4,0.8,6,2,28.3833333333,2,0,4,204189,Jaron Johnson,-11,12,3,0,0,WAS,1610612764,1,4,0.667
219,32.0,9,0,1,5,"101127,1610612751",0,7,6,2,0.333,30,12,0.4,21,20,0.952,4,3,80.1833333333,1,7,14,101127,Jarrett Jack,-9,46,8,0,0,BKN,1610612751,11,1,0.25
220,27.0,2,1,1,5,"202820,1610612742",0,6,0,0,0.0,13,5,0.385,2,0,0.0,5,5,48.1233333333,3,3,3,202820,Jarrid Famous,-13,10,9,1,0,DAL,1610612742,3,0,0.0
221,30.0,11,0,1,5,"201160,1610612753",0,14,2,0,0.0,37,15,0.405,10,8,0.8,7,1,120.503333333,8,9,8,201160,Jason Smith,3,38,22,0,0,ORL,1610612753,4,6,0.857
222,38.0,8,0,0,5,"1891,1610612745",0,5,13,3,0.231,17,5,0.294,1,1,1.0,4,1,57.675,2,4,0,1891,Jason Terry,15,14,7,1,0,HOU,1610612745,5,3,0.75
223,29.0,3,6,2,5,"201574,1610612761",0,20,2,0,0.0,28,9,0.321,11,5,0.455,6,4,77.7166666667,14,14,8,201574,Jason Thompson,-23,23,34,4,0,TOR,1610612761,7,2,0.333
224,26.0,0,3,0,5,"1626279,1610612766",0,4,0,0,0.0,1,0,0.0,0,0,0.0,4,1,18.2166666667,1,1,0,1626279,Jason Washburn,2,0,5,0,0,CHA,1610612766,3,3,0.75
225,30.0,1,1,1,5,"202399,1610612740",0,21,0,0,0.0,8,5,0.625,17,12,0.706,4,3,70.7033333333,3,13,10,202399,Jeff Adrien,-32,22,24,2,0,NOP,1610612740,5,1,0.25
226,29.0,14,0,1,5,"201145,1610612746",0,23,16,6,0.375,40,16,0.4,28,20,0.714,6,1,144.598333333,1,11,18,201145,Jeff Green,38,58,24,8,0,LAC,1610612746,8,5,0.833
227,28.0,20,2,3,5,"201952,1610612737",0,11,16,5,0.313,44,18,0.409,14,13,0.929,5,2,123.333333333,0,8,14,201952,Jeff Teague,7,54,11,3,0,ATL,1610612737,10,3,0.6
228,26.0,4,9,0,5,"203481,1610612762",1,15,0,0,0.0,11,9,0.818,14,12,0.857,7,4,79.785,6,10,7,203481,Jeff Withey,17,30,21,4,0,UTA,1610612762,1,3,0.429
229,22.0,5,6,3,5,"203924,1610612755",0,26,20,5,0.25,48,19,0.396,30,19,0.633,6,4,147.103333333,5,13,21,203924,Jerami Grant,-37,62,31,3,0,PHI,1610612755,6,2,0.333
230,28.0,5,6,3,5,"202379,1610612742",0,25,15,2,0.133,33,12,0.364,4,3,0.75,7,7,136.078333333,4,10,7,202379,Jeremy Evans,10,29,29,1,0,DAL,1610612742,4,0,0.0
231,24.0,11,1,0,5,"203087,1610612766",0,20,14,5,0.357,44,17,0.386,12,12,1.0,6,0,120.558333333,5,9,9,203087,Jeremy Lamb,31,51,25,2,0,CHA,1610612766,7,6,1.0
232,27.0,23,0,4,5,"202391,1610612766",0,23,17,8,0.471,53,30,0.566,32,24,0.75,6,0,151.333333333,3,17,34,202391,Jeremy Lin,67,92,26,4,0,CHA,1610612766,11,6,1.0
233,25.0,0,0,0,5,"202719,1610612745",0,7,1,0,0.0,8,4,0.5,2,0,0.0,2,1,28.99,1,9,3,202719,Jeremy Tyler,-10,8,8,1,0,HOU,1610612745,2,1,0.5
234,23.0,22,1,4,5,"1626170,1610612752",0,16,4,0,0.0,40,14,0.35,17,12,0.706,6,2,139.368333333,1,10,14,1626170,Jerian Grant,32,40,17,1,0,NYK,1610612752,10,4,0.667
235,27.0,17,2,1,5,"201573,1610612749",0,9,9,4,0.444,30,13,0.433,15,13,0.867,5,3,98.485,2,10,11,201573,Jerryd Bayless,-13,43,11,3,0,MIL,1610612749,8,2,0.4
236,27.0,2,0,1,5,"202690,1610612752",0,4,3,0,0.0,10,2,0.2,0,0,0.0,2,2,26.4,2,1,0,202690,Jimmer Fredette,-25,4,6,0,0,NYK,1610612752,3,0,0.0
237,26.0,34,2,6,5,"202710,1610612741",0,24,15,2,0.133,90,30,0.333,31,24,0.774,8,4,219.59,10,13,26,202710,Jimmy Butler,10,86,34,10,0,CHI,1610612741,8,4,0.5
238,31.0,14,1,4,5,"201149,1610612741",1,26,0,0,0.0,35,11,0.314,23,14,0.609,6,3,126.15,24,19,16,201149,Joakim Noah,-42,36,50,4,0,CHI,1610612741,13,3,0.5
239,28.0,12,1,1,5,"201975,1610612765",0,5,23,8,0.348,53,23,0.434,16,13,0.813,7,5,153.846666667,0,7,11,201975,Jodie Meeks,-10,67,5,6,0,DET,1610612765,3,2,0.286
240,24.0,6,1,3,5,"203925,1610612739",0,8,25,6,0.24,45,15,0.333,8,5,0.625,7,6,132.92,3,11,8,203925,Joe Harris,-20,41,11,2,0,CLE,1610612739,9,1,0.143
241,28.0,7,0,0,5,"204060,1610612762",0,14,24,9,0.375,32,15,0.469,2,1,0.5,6,3,106.548333333,1,8,4,204060,Joe Ingles,19,40,15,6,0,UTA,1610612762,8,3,0.5
242,34.0,13,0,0,5,"2207,1610612748",0,9,8,1,0.125,26,9,0.346,18,16,0.889,4,3,106.4,1,3,14,2207,Joe Johnson,-10,35,10,1,0,MIA,1610612748,7,1,0.25
243,24.0,20,0,0,5,"1626202,1610612754",0,9,16,3,0.188,46,17,0.37,14,13,0.929,6,2,120.141666667,2,11,9,1626202,Joe Young,-11,50,11,5,0,IND,1610612754,12,4,0.667
244,33.0,3,9,2,5,"201202,1610612765",0,8,0,0,0.0,10,4,0.4,6,3,0.5,5,3,91.4,8,8,7,201202,Joel Anthony,9,11,16,1,0,DET,1610612765,1,2,0.4
245,24.0,3,0,4,5,"203530,1610612743",2,37,6,3,0.5,54,32,0.593,16,13,0.813,6,2,151.041666667,16,16,11,203530,Joffrey Lauvergne,6,80,53,5,0,DEN,1610612743,9,4,0.667
246,25.0,4,8,2,5,"203089,1610612749",2,23,0,0,0.0,31,22,0.71,14,10,0.714,6,4,85.8166666667,13,11,11,203089,John Henson,25,54,36,2,0,MIL,1610612749,9,2,0.333
247,25.0,11,3,5,5,"203098,1610612756",0,24,43,13,0.302,100,48,0.48,32,29,0.906,7,7,199.571666667,3,6,21,203098,John Jenkins,-77,138,27,3,0,PHX,1610612756,20,0,0.0
248,33.0,1,0,0,5,"101249,1610612748",0,2,2,0,0.0,4,0,0.0,0,0,0.0,1,1,15.8166666667,0,0,3,101249,John Lucas III,-11,0,2,0,0,MIA,1610612748,2,0,0.0
249,25.0,51,0,3,5,"202322,1610612764",0,15,13,4,0.308,49,20,0.408,14,11,0.786,6,3,135.765,3,8,17,202322,John Wall,36,55,18,7,0,WAS,1610612764,22,3,0.5
250,23.0,3,0,2,5,"203948,1610612749",0,14,0,0,0.0,28,13,0.464,7,5,0.714,6,4,96.4833333333,8,19,5,203948,Johnny O'Bryant,-1,31,22,2,0,MIL,1610612749,8,2,0.333
251,24.0,0,0,0,5,"1626281,1610612749",0,0,0,0,0.0,0,0,0.0,0,0,0.0,1,1,5.75,0,0,0,1626281,Jon Horford,-4,0,0,0,0,MIL,1610612749,0,0,0.0
252,27.0,9,2,1,5,"202720,1610612756",1,30,12,6,0.5,33,19,0.576,19,13,0.684,6,2,102.233333333,9,14,13,202720,Jon Leuer,25,57,39,4,0,PHX,1610612756,5,4,0.667
253,29.0,1,2,0,5,"201973,1610612738",0,15,8,2,0.25,31,13,0.419,17,12,0.706,7,1,112.865,10,16,13,201973,Jonas Jerebko,23,40,25,4,0,BOS,1610612738,10,6,0.857
254,24.0,1,3,4,5,"202685,1610612761",1,34,0,0,0.0,50,28,0.56,20,15,0.75,7,2,141.328333333,11,16,20,202685,Jonas Valanciunas,26,71,45,5,0,TOR,1610612761,13,5,0.714
255,23.0,0,1,2,5,"1626182,1610612747",0,4,1,0,0.0,4,1,0.25,2,2,1.0,2,1,15.05,2,2,1,1626182,Jonathan Holmes,-1,4,6,1,0,LAL,1610612747,0,1,0.5
256,26.0,7,0,0,5,"203613,1610612759",0,7,4,0,0.0,20,4,0.2,10,8,0.8,6,4,85.3333333333,2,9,8,203613,Jonathon Simmons,-25,16,9,4,0,SAS,1610612759,11,2,0.333
257,21.0,1,0,0,5,"203919,1610612763",0,2,3,0,0.0,8,4,0.5,2,1,0.5,1,1,17.1666666667,2,3,3,203919,Jordan Adams,-14,9,4,0,0,MEM,1610612763,0,0,0.0
258,26.0,0,0,0,5,"203947,1610612765",0,1,0,0,0.0,1,1,1.0,4,4,1.0,2,0,6.28333333333,0,0,2,203947,Jordan Bachynski,3,6,1,0,0,DET,1610612765,1,2,1.0
259,24.0,17,1,5,5,"203903,1610612747",0,19,21,7,0.333,84,38,0.452,15,13,0.867,8,5,177.816666667,10,14,18,203903,Jordan Clarkson,-26,96,29,7,0,LAL,1610612747,13,3,0.375
260,27.0,5,0,0,5,"202348,1610612741",0,7,7,3,0.429,18,5,0.278,3,3,1.0,5,3,36.4466666667,2,4,2,202348,Jordan Crawford,-22,16,9,0,0,CHI,1610612741,2,2,0.4
261,28.0,3,5,1,5,"201941,1610612754",0,16,0,0,0.0,26,13,0.5,8,5,0.625,5,1,71.1833333333,5,8,6,201941,Jordan Hill,10,31,21,2,0,IND,1610612754,4,4,0.8
262,25.0,11,2,5,5,"203895,1610612739",0,14,24,2,0.083,54,16,0.296,20,16,0.8,7,5,139.575,3,15,16,203895,Jordan McRae,-40,50,17,5,0,CLE,1610612739,14,2,0.286
263,21.0,2,8,2,5,"1626175,1610612738",0,10,0,0,0.0,32,18,0.563,8,4,0.5,7,1,68.2483333333,11,4,7,1626175,Jordan Mickey,7,40,21,3,0,BOS,1610612738,3,6,0.857
264,23.0,1,0,1,5,"1626296,1610612753",0,1,5,1,0.2,10,1,0.1,0,0,0.0,5,2,30.3833333333,0,3,0,1626296,Jordan Sibert,-7,3,1,1,0,ORL,1610612753,0,3,0.6
265,27.0,11,0,2,5,"203268,1610612766",0,3,0,0,0.0,14,5,0.357,2,2,1.0,4,3,46.75,0,6,4,203268,Jorge Gutierrez,-24,12,3,1,0,CHA,1610612766,3,1,0.25
266,34.0,19,0,0,5,"101181,1610612752",0,17,13,6,0.462,29,13,0.448,7,7,1.0,5,1,112.116666667,2,10,6,101181,Jose Calderon,-4,39,19,5,0,NYK,1610612752,9,4,0.8
267,32.0,29,0,5,5,"200826,1610612742",0,7,11,2,0.182,39,12,0.308,18,15,0.833,6,6,107.85,1,9,15,200826,Jose Juan Barea,12,41,8,4,0,DAL,1610612742,7,0,0.0
268,27.0,4,6,0,5,"202725,1610612764",0,9,14,6,0.429,21,10,0.476,2,1,0.5,7,3,51.35,3,9,1,202725,Josh Harrellson,-3,27,12,2,0,WAS,1610612764,4,4,0.571
269,24.0,1,2,0,5,"203962,1610612760",0,3,6,1,0.167,9,1,0.111,0,0,0.0,4,1,36.0166666667,1,1,0,203962,Josh Huestis,0,3,4,0,0,OKC,1610612760,0,3,0.75
270,29.0,14,1,0,5,"201177,1610612748",0,6,8,3,0.375,13,5,0.385,6,5,0.833,5,3,74.05,1,6,4,201177,Josh McRoberts,26,18,7,0,0,MIA,1610612748,5,2,0.4
271,33.0,2,0,1,5,"2694,1610612749",0,3,0,0,0.0,3,0,0.0,0,0,0.0,4,3,22.9333333333,0,7,0,2694,Josh Powell,-21,0,3,0,0,MIL,1610612749,3,1,0.25
272,22.0,4,1,3,5,"1626196,1610612748",0,10,12,2,0.167,31,9,0.29,10,8,0.8,6,4,97.32,4,7,9,1626196,Josh Richardson,-12,28,14,9,0,MIA,1610612748,3,2,0.333
273,30.0,8,3,3,5,"2746,1610612745",0,22,17,6,0.353,52,22,0.423,23,13,0.565,6,3,114.953333333,4,18,19,2746,Josh Smith,-50,63,26,5,0,HOU,1610612745,11,3,0.5
274,24.0,7,2,6,5,"1626288,1610612745",0,22,0,0,0.0,36,22,0.611,4,1,0.25,7,4,110.935,19,29,3,1626288,Joshua Smith,-21,45,41,2,0,HOU,1610612745,13,3,0.429
275,26.0,16,3,3,5,"201950,1610612740",0,15,16,7,0.438,40,18,0.45,16,12,0.75,7,4,90.3466666667,4,10,16,201950,Jrue Holiday,42,55,19,7,0,NOP,1610612740,10,3,0.429
276,21.0,19,3,6,5,"203944,1610612747",0,33,1,0,0.0,75,37,0.493,24,17,0.708,8,5,170.666666667,12,18,24,203944,Julius Randle,-26,91,45,6,0,LAL,1610612747,21,3,0.375
277,27.0,0,0,0,5,"202933,1610612760",0,1,0,0,0.0,0,0,0.0,0,0,0.0,1,0,4.31666666667,0,1,0,202933,Julyan Stone,-4,0,1,0,0,OKC,1610612760,0,1,1.0
278,22.0,7,6,6,5,"1626147,1610612742",0,18,25,4,0.16,66,23,0.348,15,9,0.6,7,7,170.635,4,13,10,1626147,Justin Anderson,-73,59,22,4,0,DAL,1610612742,16,0,0.0
279,26.0,6,1,2,5,"202712,1610612765",0,24,19,9,0.474,43,21,0.488,4,3,0.75,6,4,114.335,4,21,7,202712,Justin Harper,27,54,28,3,0,DET,1610612765,4,2,0.333
280,27.0,7,3,0,5,"203200,1610612741",0,9,13,3,0.231,25,6,0.24,12,10,0.833,5,1,91.45,2,3,11,203200,Justin Holiday,-26,25,11,4,0,CHI,1610612741,7,4,0.8
281,20.0,20,3,3,5,"1626159,1610612748",1,26,11,2,0.182,37,10,0.27,23,16,0.696,6,4,171.408333333,7,17,15,1626159,Justise Winslow,27,38,33,6,0,MIA,1610612748,10,2,0.333
282,24.0,1,0,0,5,"1626219,1610612744",0,1,0,0,0.0,0,0,0.0,4,2,0.5,1,0,9.76666666667,0,2,2,1626219,Juwan Staten,-5,2,1,1,0,GSW,1610612744,1,1,1.0
283,23.0,11,8,4,5,"203909,1610612745",0,27,21,5,0.238,57,19,0.333,35,29,0.829,8,5,146.85,11,21,24,203909,KJ McDaniels,-39,72,38,6,0,HOU,1610612745,11,3,0.375
284,23.0,0,1,0,5,"1627292,1610612754",0,0,1,0,0.0,2,0,0.0,0,0,0.0,1,0,3.63333333333,0,2,0,1627292,Kadeem Jack,2,0,0,0,0,IND,1610612754,0,1,1.0
285,20.0,5,7,5,5,"1626157,1610612750",2,38,2,0,0.0,57,30,0.526,25,22,0.88,7,5,161.075,14,19,20,1626157,Karl-Anthony Towns,-77,82,52,6,0,MIN,1610612750,11,2,0.286
286,24.0,12,2,2,5,"202695,1610612759",0,23,25,10,0.4,72,30,0.417,25,22,0.88,6,4,140.383333333,5,9,20,202695,Kawhi Leonard,20,92,28,6,0,SAS,1610612759,13,2,0.333
287,22.0,0,0,0,5,"1626208,1610612759",0,2,1,0,0.0,4,0,0.0,0,0,0.0,3,2,18.75,0,1,0,1626208,Keifer Sykes,2,0,2,0,0,SAS,1610612759,0,1,0.333
288,24.0,1,1,2,5,"203951,1610612753",0,3,1,0,0.0,8,1,0.125,4,4,1.0,5,2,43.25,0,6,2,203951,Keith Appling,5,6,3,1,0,ORL,1610612753,6,3,0.6
289,27.0,3,2,5,5,"202728,1610612748",1,15,0,0,0.0,22,10,0.455,15,9,0.6,5,2,59.0416666667,13,4,10,202728,Keith Benson,10,29,28,0,0,MIA,1610612748,3,3,0.6
290,25.0,8,1,0,5,"203482,1610612738",0,22,14,3,0.214,39,18,0.462,8,4,0.5,6,1,106.456666667,8,17,8,203482,Kelly Olynyk,55,43,30,3,0,BOS,1610612738,6,5,0.833
291,20.0,4,3,1,5,"1626162,1610612764",0,11,14,1,0.071,39,11,0.282,28,21,0.75,6,3,125.398333333,4,15,15,1626162,Kelly Oubre,-13,44,15,10,0,WAS,1610612764,4,3,0.5
292,26.0,23,0,5,5,"202689,1610612766",0,9,23,8,0.348,69,31,0.449,33,24,0.727,7,1,157.61,1,8,25,202689,Kemba Walker,42,94,10,6,0,CHA,1610612766,13,6,0.857
293,31.0,3,4,2,5,"2570,1610612740",0,23,1,0,0.0,23,9,0.391,4,4,1.0,7,4,114.65,10,16,2,2570,Kendrick Perkins,34,22,33,3,0,NOP,1610612740,9,3,0.429
294,26.0,3,7,3,5,"202702,1610612743",2,31,0,0,0.0,44,21,0.477,23,13,0.565,6,2,121.066666667,12,17,26,202702,Kenneth Faried,20,55,43,5,0,DEN,1610612743,8,4,0.667
295,26.0,5,2,3,5,"203145,1610612737",0,18,10,5,0.5,31,17,0.548,17,13,0.765,5,2,111.17,0,13,13,203145,Kent Bazemore,13,52,18,5,0,ATL,1610612737,8,3,0.6
296,23.0,11,0,1,5,"203484,1610612765",0,21,25,12,0.48,52,24,0.462,10,7,0.7,7,5,166.566666667,1,6,10,203484,Kentavious Caldwell-Pope,27,67,22,6,0,DET,1610612765,10,2,0.286
297,27.0,14,5,3,5,"201142,1610612760",0,21,14,8,0.571,59,35,0.593,16,12,0.75,5,0,124.233333333,0,9,13,201142,Kevin Durant,68,90,21,5,0,OKC,1610612760,14,5,1.0
298,40.0,11,2,0,5,"708,1610612750",0,15,0,0,0.0,16,6,0.375,0,0,0.0,6,4,77.4166666667,0,12,4,708,Kevin Garnett,-39,12,15,6,0,MIN,1610612750,3,2,0.333
299,27.0,3,1,0,5,"201567,1610612739",0,6,8,2,0.25,18,6,0.333,2,2,1.0,2,1,34.7833333333,2,3,9,201567,Kevin Love,2,16,8,3,0,CLE,1610612739,2,1,0.5
300,33.0,11,0,2,5,"2755,1610612759",0,4,11,2,0.182,41,15,0.366,21,19,0.905,5,4,79.8166666667,1,6,12,2755,Kevin Martin,-19,51,5,2,0,SAS,1610612759,4,1,0.2
301,26.0,3,0,1,5,"202338,1610612752",0,5,0,0,0.0,30,10,0.333,0,0,0.0,4,2,56.1666666667,6,8,2,202338,Kevin Seraphin,19,20,11,1,0,NYK,1610612752,4,2,0.5
302,24.0,6,2,0,5,"203114,1610612749",0,16,15,4,0.267,53,29,0.547,12,11,0.917,6,4,144.131666667,0,23,10,203114,Khris Middleton,14,73,16,2,0,MIL,1610612749,8,2,0.333
303,35.0,9,0,0,5,"2550,1610612737",0,5,12,5,0.417,27,11,0.407,2,1,0.5,6,3,106.163333333,3,13,4,2550,Kirk Hinrich,-18,28,8,8,0,ATL,1610612737,6,3,0.5
304,26.0,14,2,3,5,"202691,1610612744",0,15,23,9,0.391,62,31,0.5,33,26,0.788,6,3,145.366666667,0,10,19,202691,Klay Thompson,22,97,15,4,0,GSW,1610612744,11,3,0.5
305,29.0,0,0,0,5,"1626285,1610612750",0,1,0,0,0.0,2,0,0.0,0,0,0.0,3,3,8.21666666667,0,3,0,1626285,Kleon Penn,9,0,1,0,0,MIN,1610612750,1,0,0.0
306,37.0,7,0,1,5,"977,1610612747",0,3,24,9,0.375,47,21,0.447,15,14,0.933,5,4,90.4166666667,4,7,14,977,Kobe Bryant,10,65,7,4,0,LAL,1610612747,6,1,0.2
307,27.0,2,10,2,5,"201585,1610612758",0,19,0,0,0.0,31,19,0.613,8,4,0.5,5,0,120.633333333,12,9,10,201585,Kosta Koufos,21,42,31,2,0,SAC,1610612758,4,5,1.0
308,31.0,5,2,3,5,"2743,1610612737",2,44,28,10,0.357,54,20,0.37,19,17,0.895,7,3,172.751666667,11,17,13,2743,Kris Humphries,36,67,55,5,0,ATL,1610612737,7,4,0.571
309,20.0,9,4,2,5,"204001,1610612752",0,16,8,3,0.375,35,13,0.371,2,1,0.5,4,2,77.5166666667,8,8,4,204001,Kristaps Porzingis,2,30,24,2,0,NYK,1610612752,6,2,0.5
310,22.0,16,2,1,5,"203937,1610612759",0,19,3,1,0.333,32,14,0.438,15,8,0.533,6,4,125.793333333,0,17,11,203937,Kyle Anderson,-4,37,19,6,0,SAS,1610612759,6,2,0.333
311,25.0,0,0,0,5,"1626271,1610612756",0,0,0,0,0.0,0,0,0.0,0,0,0.0,1,0,5.68333333333,0,0,0,1626271,Kyle Casey,5,0,0,0,0,PHX,1610612756,0,1,1.0
312,35.0,4,1,1,5,"2594,1610612737",0,19,23,8,0.348,36,13,0.361,14,14,1.0,6,2,126.316666667,1,4,8,2594,Kyle Korver,13,48,20,0,0,ATL,1610612737,4,4,0.667
313,30.0,25,0,1,5,"200768,1610612761",0,9,26,14,0.538,65,34,0.523,34,28,0.824,5,0,130.766666667,6,8,24,200768,Kyle Lowry,52,110,15,8,0,TOR,1610612761,7,5,1.0
314,26.0,10,6,1,5,"203124,1610612752",2,36,4,1,0.25,33,18,0.545,13,11,0.846,5,1,99.54,6,12,13,203124,Kyle O'Quinn,6,48,42,2,0,NYK,1610612752,6,4,0.8
315,28.0,1,3,0,5,"202713,1610612760",0,4,7,2,0.286,12,4,0.333,3,3,1.0,5,1,51.95,0,10,2,202713,Kyle Singler,-12,13,4,1,0,OKC,1610612760,4,4,0.8
316,30.0,3,2,3,5,"200746,1610612759",0,20,1,0,0.0,53,24,0.453,18,14,0.778,5,3,126.44,7,11,14,200746,LaMarcus Aldridge,-1,62,27,3,0,SAS,1610612759,6,2,0.4
317,24.0,14,1,3,5,"203934,1610612737",0,9,13,6,0.462,30,12,0.4,9,8,0.889,6,2,103.016666667,2,9,11,203934,Lamar Patterson,20,38,11,8,0,ATL,1610612737,5,4,0.667
318,25.0,17,0,2,5,"202362,1610612763",0,12,9,1,0.111,36,12,0.333,4,3,0.75,6,3,133.74,4,16,4,202362,Lance Stephenson,-40,28,16,4,0,MEM,1610612763,6,3,0.5
319,28.0,8,1,0,5,"202498,1610612752",0,12,8,1,0.125,19,3,0.158,6,5,0.833,6,2,85.5833333333,2,6,3,202498,Lance Thomas,-3,12,14,6,0,NYK,1610612752,7,4,0.667
320,24.0,20,1,3,5,"204038,1610612752",0,21,20,10,0.5,39,18,0.462,7,4,0.571,6,2,162.248333333,5,9,7,204038,Langston Galloway,21,50,26,7,0,NYK,1610612752,1,4,0.667
321,23.0,4,0,0,5,"1626204,1610612747",0,13,2,2,1.0,12,8,0.667,8,4,0.5,5,2,54.7833333333,5,7,5,1626204,Larry Nance Jr.,-14,22,18,5,0,LAL,1610612747,2,3,0.6
322,27.0,4,4,1,5,"202730,1610612754",0,29,0,0,0.0,40,16,0.4,2,2,1.0,7,2,126.905,15,7,3,202730,Lavoy Allen,-26,34,44,2,0,IND,1610612754,4,5,0.714
323,25.0,10,0,0,5,"1626272,1610612763",0,6,9,6,0.667,28,11,0.393,8,7,0.875,6,1,85.9016666667,3,4,7,1626272,Lazeric Jones,22,35,9,1,0,MEM,1610612763,5,5,0.833
324,31.0,8,0,0,5,"2544,1610612739",0,7,8,3,0.375,28,9,0.321,2,1,0.5,2,2,48.25,0,5,7,2544,LeBron James,0,22,7,6,0,CLE,1610612739,6,0,0.0
325,33.0,7,1,3,5,"2571,1610612744",0,10,10,3,0.3,46,25,0.543,12,10,0.833,7,4,86.0,2,7,9,2571,Leandro Barbosa,3,63,12,4,0,GSW,1610612744,3,3,0.429
326,23.0,0,0,0,5,"1626260,1610612738",0,0,0,0,0.0,1,1,1.0,1,1,1.0,2,1,0.633333333333,1,0,1,1626260,Levi Randolph,1,3,1,0,0,BOS,1610612738,0,1,0.5
327,25.0,8,1,1,5,"203485,1610612765",0,5,4,0,0.0,21,9,0.429,4,3,0.75,5,4,65.5416666667,0,6,2,203485,Lorenzo Brown,-11,21,5,5,0,DET,1610612765,8,1,0.2
328,33.0,2,4,1,5,"200811,1610612752",0,12,0,0,0.0,18,9,0.5,6,4,0.667,3,1,40.4166666667,3,8,5,200811,Lou Amundson,11,22,15,3,0,NYK,1610612752,2,2,0.667
329,29.0,16,2,5,5,"101150,1610612747",0,16,30,8,0.267,69,27,0.391,45,39,0.867,6,5,150.116666667,2,17,34,101150,Lou Williams,-1,101,18,6,0,LAL,1610612747,13,1,0.167
330,29.0,2,1,2,5,"201601,1610612746",0,8,0,0,0.0,12,4,0.333,6,5,0.833,4,2,33.6166666667,2,3,4,201601,Luc Mbah a Moute,-18,13,10,3,0,LAC,1610612746,3,2,0.5
331,23.0,2,0,0,5,"1626242,1610612757",0,0,1,0,0.0,2,1,0.5,0,0,0.0,2,2,7.56666666667,0,0,0,1626242,Luis Montero,-1,2,0,0,0,POR,1610612757,3,0,0.0
332,36.0,2,0,2,5,"2449,1610612761",0,27,1,1,1.0,45,24,0.533,12,8,0.667,6,1,107.071666667,7,12,13,2449,Luis Scola,35,57,34,2,0,TOR,1610612761,6,5,0.833
333,27.0,7,0,0,5,"202337,1610612740",0,10,15,6,0.4,22,9,0.409,9,6,0.667,3,1,74.1166666667,0,4,4,202337,Luke Babbitt,-8,30,10,2,0,NOP,1610612740,1,2,0.667
334,31.0,7,0,1,5,"2736,1610612748",0,19,17,4,0.235,40,17,0.425,12,10,0.833,6,2,137.683333333,2,6,13,2736,Luol Deng,-57,48,21,6,0,MIA,1610612748,5,4,0.667
335,23.0,0,0,0,5,"1626259,1610612738",0,0,0,0,0.0,0,0,0.0,0,0,0.0,1,0,0.201666666667,0,0,0,1626259,Malcolm Miller,0,0,0,0,0,BOS,1610612738,0,1,1.0
336,38.0,16,2,0,5,"1938,1610612759",0,8,7,5,0.714,18,14,0.778,15,11,0.733,5,3,78.1166666667,1,8,9,1938,Manu Ginobili,20,44,9,8,0,SAS,1610612759,6,2,0.4
337,31.0,9,10,4,5,"201188,1610612763",0,27,1,0,0.0,50,21,0.42,19,16,0.842,5,0,136.221666667,7,15,17,201188,Marc Gasol,31,58,34,4,0,MEM,1610612763,12,5,1.0
338,33.0,18,1,0,5,"1626273,1610612747",0,3,1,0,0.0,18,8,0.444,2,2,1.0,3,1,53.5333333333,1,7,4,1626273,Marcelo Huertas,2,18,4,3,0,LAL,1610612747,9,2,0.667
339,32.0,12,7,5,5,"101162,1610612764",2,36,0,0,0.0,64,42,0.656,25,23,0.92,7,3,174.0,9,14,27,101162,Marcin Gortat,55,107,45,2,0,WAS,1610612764,9,4,0.571
340,30.0,15,0,2,5,"201158,1610612758",0,9,38,12,0.316,73,33,0.452,22,16,0.727,6,1,166.498333333,1,9,23,201158,Marco Belinelli,13,94,10,5,0,SAC,1610612758,12,5,0.833
341,30.0,2,2,1,5,"202068,1610612749",0,6,3,2,0.667,10,4,0.4,2,0,0.0,4,3,42.0833333333,1,4,2,202068,Marcus Landry,-22,10,7,0,0,MIL,1610612749,1,1,0.25
342,26.0,11,3,2,5,"202694,1610612765",1,32,19,8,0.421,75,37,0.493,20,17,0.85,8,5,188.823333333,7,27,16,202694,Marcus Morris,60,99,39,8,0,DET,1610612765,8,3,0.375
343,28.0,0,0,0,5,"204136,1610612741",0,0,0,0,0.0,0,0,0.0,0,0,0.0,2,0,3.21333333333,1,0,0,204136,Marcus Simmons,-7,0,1,0,0,CHI,1610612741,1,2,1.0
344,22.0,22,0,1,5,"203935,1610612738",0,8,15,4,0.267,32,15,0.469,11,10,0.909,5,0,121.033333333,5,11,13,203935,Marcus Smart,53,44,13,5,0,BOS,1610612738,8,5,1.0
345,29.0,10,0,4,5,"201977,1610612764",0,15,37,11,0.297,72,23,0.319,9,6,0.667,6,4,136.145,7,10,9,201977,Marcus Thornton,-5,63,22,6,0,WAS,1610612764,4,2,0.333
346,30.0,19,0,3,5,"201596,1610612763",0,7,5,3,0.6,23,9,0.391,11,7,0.636,5,3,95.1433333333,1,13,18,201596,Mario Chalmers,11,28,8,4,0,MEM,1610612763,13,2,0.4
347,21.0,12,1,2,5,"1626209,1610612753",0,17,31,11,0.355,66,29,0.439,14,11,0.786,8,2,174.791666667,8,20,10,1626209,Mario Hezonja,-20,80,25,7,0,ORL,1610612753,15,6,0.75
348,26.0,14,6,5,5,"202693,1610612764",0,18,17,8,0.471,64,28,0.438,20,15,0.75,6,2,138.15,6,18,17,202693,Markieff Morris,-26,79,24,1,0,WAS,1610612764,13,4,0.667
349,28.0,8,4,1,5,"201578,1610612744",0,28,5,1,0.2,55,21,0.382,15,13,0.867,7,4,107.838333333,8,14,18,201578,Marreese Speights,-20,56,36,2,0,GSW,1610612744,9,3,0.429
350,25.0,0,0,0,5,"1626289,1610612758",0,0,1,0,0.0,1,0,0.0,0,0,0.0,1,0,2.48333333333,0,0,0,1626289,Marshall Henderson,-7,0,0,0,0,SAC,1610612758,0,1,1.0
351,30.0,9,1,3,5,"101107,1610612766",0,28,22,7,0.318,38,14,0.368,12,8,0.667,7,0,150.133333333,5,8,10,101107,Marvin Williams,61,43,33,5,0,CHA,1610612766,5,7,1.0
352,26.0,11,3,0,5,"203486,1610612757",0,30,0,0,0.0,29,20,0.69,16,5,0.313,7,4,149.24,8,19,18,203486,Mason Plumlee,0,45,38,5,0,POR,1610612757,15,3,0.429
353,36.0,8,3,4,5,"2440,1610612763",0,17,18,2,0.111,30,7,0.233,7,6,0.857,5,0,86.8933333333,2,11,5,2440,Matt Barnes,47,22,19,4,0,MEM,1610612763,8,5,1.0
354,36.0,0,0,0,5,"2588,1610612759",0,1,3,0,0.0,3,0,0.0,0,0,0.0,2,2,12.25,0,0,0,2588,Matt Bonner,-11,0,1,0,0,SAS,1610612759,0,0,0.0
355,28.0,1,0,0,5,"202394,1610612743",0,0,0,0,0.0,3,1,0.333,0,0,0.0,2,0,9.25,0,3,0,202394,Matt Janning,-11,2,0,1,0,DEN,1610612743,0,2,1.0
356,25.0,24,0,4,5,"203521,1610612739",0,11,18,9,0.5,51,22,0.431,2,2,1.0,6,5,141.233333333,3,12,3,203521,Matthew Dellavedova,-29,55,14,5,0,CLE,1610612739,8,1,0.167
357,23.0,3,2,1,5,"203090,1610612757",0,20,12,5,0.417,35,18,0.514,15,9,0.6,5,3,121.283333333,5,7,12,203090,Maurice Harkless,11,50,25,7,0,POR,1610612757,9,2,0.4
358,24.0,2,3,0,5,"1626254,1610612742",0,6,13,2,0.154,25,7,0.28,6,3,0.5,4,4,91.3866666667,0,10,8,1626254,Maurice Ndour,-43,19,6,6,0,DAL,1610612742,8,0,0.0
359,25.0,1,0,1,5,"203929,1610612753",0,5,3,1,0.333,13,6,0.462,2,1,0.5,4,1,31.9516666667,4,6,2,203929,Melvin Ejim,5,14,9,0,0,ORL,1610612753,2,3,0.75
360,36.0,8,1,1,5,"1897,1610612747",0,11,9,1,0.111,22,6,0.273,11,9,0.818,6,3,82.2666666667,1,11,9,1897,Metta World Peace,-5,22,12,0,0,LAL,1610612747,5,3,0.5
361,24.0,10,5,0,5,"203086,1610612757",0,45,29,14,0.483,51,24,0.471,14,11,0.786,7,4,173.123333333,2,18,13,203086,Meyers Leonard,-4,73,47,6,0,POR,1610612757,14,3,0.429
362,24.0,17,6,3,5,"203487,1610612749",0,15,7,2,0.286,38,17,0.447,7,6,0.857,5,3,112.216666667,6,14,8,203487,Michael Carter-Williams,10,42,21,7,0,MIL,1610612749,14,2,0.4
363,22.0,3,0,2,5,"1626187,1610612747",0,9,3,1,0.333,10,3,0.3,4,1,0.25,4,1,51.5333333333,0,4,4,1626187,Michael Frazier,-1,8,9,1,0,LAL,1610612747,3,3,0.75
364,23.0,0,0,0,5,"1626261,1610612763",0,0,0,0,0.0,0,0,0.0,0,0,0.0,1,0,7.96666666667,0,2,0,1626261,Michael Holyfield,-3,0,0,0,0,MEM,1610612763,1,1,1.0
365,22.0,1,0,0,5,"203077,1610612766",0,0,1,0,0.0,4,2,0.5,0,0,0.0,1,0,12.5983333333,1,0,2,203077,Michael Kidd-Gilchrist,-5,4,1,0,0,CHA,1610612766,0,1,1.0
366,24.0,0,0,0,5,"1626252,1610612761",0,2,0,0,0.0,1,0,0.0,0,0,0.0,1,0,4.61666666667,0,0,0,1626252,Michale Kyser,1,0,2,0,0,TOR,1610612761,0,1,1.0
367,28.0,20,0,5,5,"201144,1610612763",0,16,7,2,0.286,30,10,0.333,16,15,0.938,5,0,118.908333333,0,4,20,201144,Mike Conley,8,37,16,2,0,MEM,1610612763,11,5,1.0
368,36.0,7,0,0,5,"2034,1610612743",0,9,10,3,0.3,10,3,0.3,0,0,0.0,3,1,43.9666666667,0,9,0,2034,Mike Miller,8,9,9,1,0,DEN,1610612743,2,2,0.667
369,24.0,2,3,2,5,"203488,1610612737",0,16,6,3,0.5,25,10,0.4,2,1,0.5,6,3,101.005,8,10,4,203488,Mike Muscala,-27,24,24,3,0,ATL,1610612737,10,3,0.5
370,27.0,8,1,2,5,"203118,1610612737",1,31,7,1,0.143,46,25,0.543,7,5,0.714,6,2,114.033333333,5,10,7,203118,Mike Scott,-8,56,36,1,0,ATL,1610612737,8,4,0.667
371,27.0,0,2,1,5,"203101,1610612749",0,7,0,0,0.0,6,2,0.333,13,12,0.923,3,3,30.3,3,2,8,203101,Miles Plumlee,-9,16,10,0,0,MIL,1610612749,2,0,0.0
372,30.0,8,1,2,5,"203141,1610612756",1,19,33,12,0.364,50,16,0.32,6,6,1.0,6,2,110.433333333,5,13,6,203141,Mirza Teletovic,26,50,24,3,0,PHX,1610612756,8,4,0.667
373,24.0,6,2,1,5,"203956,1610612760",0,18,2,2,1.0,23,12,0.522,7,3,0.429,4,1,60.2166666667,2,5,5,203956,Mitch McGary,18,29,20,1,0,OKC,1610612760,4,3,0.75
374,33.0,16,0,3,5,"2590,1610612739",0,15,19,5,0.263,42,15,0.357,10,9,0.9,5,5,112.033333333,2,8,7,2590,Mo Williams,15,44,17,2,0,CLE,1610612739,13,0,0.0
375,30.0,15,1,1,5,"101145,1610612754",0,7,8,2,0.25,42,21,0.5,15,11,0.733,6,2,135.15,0,4,10,101145,Monta Ellis,29,55,7,6,0,IND,1610612754,7,4,0.667
376,22.0,7,3,1,5,"1626149,1610612745",0,14,1,0,0.0,25,16,0.64,16,10,0.625,6,4,129.62,9,24,14,1626149,Montrezl Harrell,9,42,23,3,0,HOU,1610612745,9,2,0.333
377,20.0,5,15,1,5,"1626167,1610612754",0,23,4,0,0.0,38,15,0.395,16,9,0.563,6,1,101.7,10,10,13,1626167,Myles Turner,-1,39,33,3,0,IND,1610612754,4,5,0.833
378,32.0,10,0,3,5,"101126,1610612740",0,4,13,5,0.385,33,13,0.394,6,4,0.667,4,3,82.2366666667,0,8,6,101126,Nate Robinson,-43,35,4,3,0,NOP,1610612740,8,1,0.25
379,28.0,8,1,2,5,"202357,1610612750",0,25,24,11,0.458,37,17,0.459,10,8,0.8,7,5,142.55,10,19,6,202357,Nemanja Bjelica,-5,53,35,7,0,MIN,1610612750,16,2,0.286
380,33.0,2,1,0,5,"2403,1610612764",0,8,0,0,0.0,22,13,0.591,6,3,0.5,3,1,45.3333333333,2,2,7,2403,Nene,35,29,10,4,0,WAS,1610612764,0,2,0.667
381,22.0,12,7,1,5,"203457,1610612755",2,36,0,0,0.0,44,20,0.455,35,21,0.6,5,4,135.316666667,7,11,23,203457,Nerlens Noel,-48,61,43,16,0,PHI,1610612755,13,1,0.2
382,35.0,8,0,1,5,"2555,1610612760",0,13,4,0,0.0,16,6,0.375,0,0,0.0,5,1,86.3,4,7,3,2555,Nick Collison,3,12,17,1,0,OKC,1610612760,3,4,0.8
383,23.0,10,0,2,5,"203910,1610612743",0,12,11,3,0.273,28,5,0.179,1,0,0.0,6,2,106.3,1,12,8,203910,Nick Johnson,-25,13,13,0,0,DEN,1610612743,10,4,0.667
384,27.0,2,0,0,5,"1626305,1610612739",0,3,1,0,0.0,6,3,0.5,2,2,1.0,3,3,29.25,1,4,2,1626305,Nick Minnerath,-12,8,4,1,0,CLE,1610612739,0,0,0.0
385,25.0,0,0,1,5,"1626287,1610612750",0,0,1,0,0.0,5,3,0.6,1,1,1.0,4,4,13.35,0,1,1,1626287,Nick Wiggins,7,7,0,0,0,MIN,1610612750,0,0,0.0
386,31.0,7,0,1,5,"201156,1610612747",0,11,47,18,0.383,74,28,0.378,12,9,0.75,8,5,169.55,4,18,8,201156,Nick Young,14,83,15,6,0,LAL,1610612747,3,3,0.375
387,27.0,16,1,1,5,"201587,1610612766",2,33,24,7,0.292,59,23,0.39,31,25,0.806,6,0,146.433333333,3,5,19,201587,Nicolas Batum,37,78,36,3,0,CHA,1610612766,13,6,1.0
388,21.0,4,4,1,5,"203999,1610612743",0,22,3,1,0.333,45,33,0.733,24,15,0.625,7,3,152.641666667,15,23,25,203999,Nikola Jokic,22,82,37,8,0,DEN,1610612743,10,4,0.571
389,25.0,14,3,1,5,"202703,1610612741",0,42,39,15,0.385,69,31,0.449,31,26,0.839,8,4,180.476666667,7,21,27,202703,Nikola Mirotic,-6,103,49,7,0,CHI,1610612741,19,4,0.5
390,25.0,11,7,5,5,"202696,1610612753",1,36,0,0,0.0,90,44,0.489,24,16,0.667,7,1,167.491666667,14,20,22,202696,Nikola Vucevic,39,104,50,4,0,ORL,1610612753,12,6,0.857
391,23.0,2,2,0,5,"1626295,1610612753",0,7,0,0,0.0,7,3,0.429,1,0,0.0,5,2,41.8883333333,9,7,3,1626295,Nnanna Egwu,-1,6,16,1,0,ORL,1610612753,2,3,0.6
392,20.0,3,3,4,5,"203943,1610612757",1,29,6,0,0.0,43,19,0.442,13,7,0.538,7,4,158.198333333,26,16,11,203943,Noah Vonleh,36,45,55,2,0,POR,1610612757,6,3,0.429
393,23.0,6,2,2,5,"1626181,1610612761",0,3,9,0,0.0,41,16,0.39,11,8,0.727,6,2,98.0733333333,0,10,6,1626181,Norman Powell,-18,40,3,6,0,TOR,1610612761,5,4,0.667
394,27.0,6,0,2,5,"202708,1610612740",0,7,9,2,0.222,19,4,0.211,4,4,1.0,2,1,37.95,0,5,4,202708,Norris Cole,10,14,7,1,0,NOP,1610612740,1,1,0.5
395,28.0,20,1,0,5,"201564,1610612749",1,12,13,4,0.308,34,14,0.412,7,5,0.714,6,4,98.9666666667,1,10,6,201564,O.J. Mayo,40,37,13,5,0,MIL,1610612749,8,2,0.333
396,30.0,0,0,0,5,"200762,1610612743",0,0,4,0,0.0,7,2,0.286,2,2,1.0,1,0,7.41666666667,1,0,1,200762,Oleksiy Pecherov,-6,6,1,0,0,DEN,1610612743,0,1,1.0
397,27.0,0,0,1,5,"204179,1610612757",0,3,7,1,0.143,12,4,0.333,0,0,0.0,4,3,23.4666666667,1,2,0,204179,Omari Johnson,-12,9,4,2,0,POR,1610612757,1,1,0.25
398,29.0,0,0,0,5,"201600,1610612740",0,3,0,0,0.0,1,1,1.0,2,1,0.5,1,0,10.5833333333,1,1,1,201600,Omer Asik,-5,3,4,0,0,NOP,1610612740,0,1,1.0
399,28.0,4,0,1,5,"201956,1610612758",0,21,8,3,0.375,35,15,0.429,4,3,0.75,5,1,79.4333333333,0,5,6,201956,Omri Casspi,-16,36,21,0,0,SAC,1610612758,10,4,0.8
400,23.0,18,3,4,5,"203490,1610612764",0,21,12,6,0.5,54,32,0.593,23,20,0.87,7,3,173.836666667,4,12,14,203490,Otto Porter,70,90,25,10,0,WAS,1610612764,8,4,0.571
401,23.0,2,0,1,5,"203798,1610612763",0,9,22,6,0.273,32,10,0.313,6,5,0.833,5,1,97.9883333333,1,17,7,203798,PJ Hairston,-2,31,10,5,0,MEM,1610612763,2,4,0.8
402,31.0,7,1,2,5,"200782,1610612756",0,18,9,2,0.222,18,4,0.222,6,5,0.833,6,2,110.883333333,3,12,8,200782,PJ Tucker,-23,15,21,9,0,PHX,1610612756,4,4,0.667
403,39.0,17,0,0,5,"203143,1610612746",0,7,13,4,0.308,20,6,0.3,0,0,0.0,6,3,88.9416666667,5,8,6,203143,Pablo Prigioni,-11,16,12,3,0,LAC,1610612746,7,3,0.5
404,23.0,10,1,0,5,"1626192,1610612757",0,24,20,6,0.3,34,11,0.324,3,3,1.0,7,4,129.675,2,16,3,1626192,Pat Connaughton,-12,31,26,2,0,POR,1610612757,5,3,0.429
405,27.0,26,2,1,5,"201976,1610612745",0,17,37,13,0.351,50,17,0.34,10,7,0.7,7,5,168.088333333,7,18,14,201976,Patrick Beverley,-24,54,24,5,0,HOU,1610612745,9,2,0.286
406,27.0,5,1,1,5,"202335,1610612761",0,11,10,3,0.3,29,8,0.276,2,2,1.0,7,2,135.233333333,4,6,4,202335,Patrick Patterson,3,21,15,7,0,TOR,1610612761,6,5,0.714
407,27.0,12,0,1,5,"201988,1610612759",0,7,15,4,0.267,37,17,0.459,3,3,1.0,5,3,88.2233333333,1,5,3,201988,Patty Mills,15,41,8,4,0,SAS,1610612759,4,2,0.4
408,35.0,11,3,0,5,"2200,1610612741",0,30,9,4,0.444,38,16,0.421,17,12,0.706,5,2,113.87,4,10,14,2200,Pau Gasol,9,48,34,1,0,CHI,1610612741,7,3,0.6
409,26.0,11,3,4,5,"202331,1610612754",1,36,41,16,0.39,95,41,0.432,44,33,0.75,7,2,171.05,8,12,36,202331,Paul George,27,131,44,8,0,IND,1610612754,13,5,0.714
410,31.0,10,4,5,5,"200794,1610612737",0,36,11,4,0.364,47,20,0.426,10,8,0.8,5,2,122.205,4,13,13,200794,Paul Millsap,17,52,40,8,0,ATL,1610612737,11,3,0.6
411,38.0,7,4,2,5,"1718,1610612746",0,13,16,7,0.438,28,11,0.393,8,7,0.875,6,3,94.255,1,10,10,1718,Paul Pierce,4,36,14,2,0,LAC,1610612746,6,3,0.5
412,24.0,2,1,2,5,"203103,1610612738",0,8,3,2,0.667,12,4,0.333,0,0,0.0,5,0,41.3433333333,0,7,0,203103,Perry Jones,9,10,8,0,0,BOS,1610612738,3,5,1.0
413,25.0,8,1,1,5,"203515,1610612756",0,3,8,2,0.25,22,6,0.273,6,5,0.833,4,3,65.8733333333,4,12,9,203515,Phil Pressey,-34,19,7,1,0,PHX,1610612756,4,1,0.25
414,24.0,7,0,1,5,"203510,1610612755",0,5,6,0,0.0,14,1,0.071,4,4,1.0,3,3,42.9,3,3,2,203510,Pierre Jackson,-27,6,8,1,0,PHI,1610612755,5,0,0.0
415,25.0,4,3,0,5,"203112,1610612758",0,4,3,0,0.0,8,2,0.25,0,0,0.0,2,0,40.3333333333,1,3,2,203112,Quincy Acy,3,4,5,0,0,SAC,1610612758,1,2,1.0
416,23.0,1,0,2,5,"203113,1610612751",0,7,0,0,0.0,7,3,0.429,0,0,0.0,4,3,29.7833333333,1,4,1,203113,Quincy Miller,17,6,8,1,0,BKN,1610612751,2,1,0.25
417,23.0,13,0,3,5,"1626188,1610612739",0,7,8,2,0.25,22,8,0.364,2,2,1.0,6,6,77.2166666667,1,12,4,1626188,Quinn Cook,-34,20,8,1,0,CLE,1610612739,7,0,0.0
418,22.0,17,3,2,5,"1626154,1610612738",0,13,21,6,0.286,36,11,0.306,4,3,0.75,7,1,132.516666667,0,9,4,1626154,RJ Hunter,-10,31,13,11,0,BOS,1610612738,8,6,0.857
419,30.0,31,1,1,5,"200765,1610612758",0,18,10,2,0.2,28,14,0.5,10,4,0.4,6,1,137.835,3,5,12,200765,Rajon Rondo,5,34,21,9,0,SAC,1610612758,13,5,0.833
420,24.0,2,2,1,5,"1626176,1610612754",0,8,0,0,0.0,10,6,0.6,9,6,0.667,6,1,50.2816666667,4,7,5,1626176,Rakeem Christmas,29,18,12,1,0,IND,1610612754,0,5,0.833
421,30.0,42,1,2,5,"201196,1610612764",1,14,8,1,0.125,34,15,0.441,27,23,0.852,7,3,141.17,5,7,25,201196,Ramon Sessions,37,54,19,6,0,WAS,1610612764,10,4,0.571
422,32.0,2,1,0,5,"200751,1610612760",0,3,8,3,0.375,13,5,0.385,0,0,0.0,3,1,54.75,1,6,0,200751,Randy Foye,-5,13,4,2,0,OKC,1610612760,3,2,0.667
423,19.0,6,0,3,5,"1626173,1610612749",0,9,27,8,0.296,57,24,0.421,10,4,0.4,6,4,139.366666667,0,10,6,1626173,Rashad Vaughn,-19,60,9,0,0,MIL,1610612749,8,2,0.333
424,37.0,3,0,0,5,"2446,1610612759",0,10,9,2,0.222,20,7,0.35,1,1,1.0,5,3,56.71,4,6,1,2446,Rasual Butler,27,17,14,0,0,SAS,1610612759,1,2,0.4
425,24.0,18,1,4,5,"203526,1610612762",0,7,12,5,0.417,35,12,0.343,4,3,0.75,7,4,119.011666667,5,11,9,203526,Raul Neto,12,32,12,7,0,UTA,1610612762,5,3,0.429
426,25.0,4,1,3,5,"203492,1610612763",0,5,10,4,0.4,29,12,0.414,5,2,0.4,6,4,80.6333333333,2,9,5,203492,Ray McCallum,-24,30,7,4,0,MEM,1610612763,9,2,0.333
427,32.0,22,1,2,5,"101109,1610612742",0,3,7,1,0.143,42,22,0.524,1,1,1.0,5,5,103.681666667,3,9,4,101109,Raymond Felton,-26,46,6,2,0,DAL,1610612742,13,0,0.0
428,25.0,11,0,1,5,"203493,1610612765",0,10,25,13,0.52,40,25,0.625,1,1,1.0,6,3,115.545,3,10,3,203493,Reggie Bullock,76,64,13,2,0,DET,1610612765,2,3,0.5
429,26.0,43,3,7,5,"202704,1610612765",1,18,28,8,0.286,75,30,0.4,23,23,1.0,6,4,175.683333333,6,13,21,202704,Reggie Jackson,-3,91,24,5,0,DET,1610612765,19,2,0.333
430,29.0,3,1,0,5,"202130,1610612759",0,11,12,5,0.417,16,7,0.438,5,4,0.8,6,4,64.7,0,1,4,202130,Reggie Williams,-23,23,11,3,0,SAS,1610612759,2,2,0.333
431,36.0,4,0,1,5,"2210,1610612739",0,26,25,10,0.4,42,21,0.5,18,15,0.833,6,5,137.018333333,1,15,15,2210,Richard Jefferson,-12,67,27,4,0,CLE,1610612739,9,1,0.167
432,22.0,4,3,1,5,"1626158,1610612755",0,15,10,4,0.4,28,10,0.357,11,4,0.364,7,5,102.001666667,8,20,8,1626158,Richaun Holmes,-18,28,23,1,0,PHI,1610612755,10,2,0.286
433,25.0,13,0,0,5,"201937,1610612750",0,2,3,1,0.333,17,7,0.412,9,6,0.667,3,2,74.7333333333,3,9,10,201937,Ricky Rubio,-23,21,5,5,0,MIN,1610612750,9,1,0.333
434,25.0,16,4,4,5,"203496,1610612755",0,25,40,15,0.375,70,26,0.371,20,17,0.85,7,5,169.34,12,20,17,203496,Robert Covington,0,84,37,13,0,PHI,1610612755,19,2,0.286
435,27.0,2,2,0,5,"203135,1610612747",0,9,0,0,0.0,10,4,0.4,4,3,0.75,4,2,43.8833333333,1,8,4,203135,Robert Sacre,5,11,10,1,0,LAL,1610612747,2,2,0.5
436,22.0,2,3,0,5,"1626193,1610612747",0,10,0,0,0.0,9,5,0.556,2,0,0.0,4,1,54.05,2,10,2,1626193,Robert Upshaw,-10,10,12,0,0,LAL,1610612747,2,3,0.75
437,28.0,3,4,1,5,"201577,1610612752",0,9,0,0,0.0,31,13,0.419,12,8,0.667,5,1,91.05,11,10,10,201577,Robin Lopez,9,34,20,2,0,NYK,1610612752,6,4,0.8
438,23.0,12,1,2,5,"203918,1610612762",0,17,24,7,0.292,69,29,0.42,24,21,0.875,7,4,162.2,1,17,16,203918,Rodney Hood,4,86,18,4,0,UTA,1610612762,10,3,0.429
439,30.0,15,1,1,5,"201155,1610612754",0,17,6,1,0.167,33,11,0.333,12,8,0.667,6,2,108.55,2,7,7,201155,Rodney Stuckey,-18,31,19,1,0,IND,1610612754,3,4,0.667
440,24.0,0,0,0,5,"204040,1610612761",0,5,0,0,0.0,3,3,1.0,5,4,0.8,3,1,22.85,3,4,3,204040,Ronald Roberts,-2,10,8,0,0,TOR,1610612761,1,2,0.667
441,21.0,7,1,1,5,"1626178,1610612751",0,10,0,0,0.0,16,5,0.313,2,2,1.0,5,3,84.7,1,9,7,1626178,Rondae Hollis-Jefferson,20,12,11,7,0,BKN,1610612751,3,2,0.4
442,33.0,8,0,1,5,"101179,1610612756",0,9,9,3,0.333,22,10,0.455,2,1,0.5,3,1,64.55,0,10,8,101179,Ronnie Price,20,24,9,3,0,PHX,1610612756,5,2,0.667
443,29.0,14,12,3,5,"201579,1610612747",1,44,0,0,0.0,41,18,0.439,18,12,0.667,8,5,174.5,24,16,23,201579,Roy Hibbert,-36,48,68,2,0,LAL,1610612747,6,3,0.375
444,29.0,9,3,3,5,"200752,1610612758",2,34,25,10,0.4,65,31,0.477,21,18,0.857,5,1,136.583333333,9,8,15,200752,Rudy Gay,29,90,43,4,0,SAC,1610612758,12,4,0.8
445,24.0,8,7,1,5,"203497,1610612762",1,35,0,0,0.0,25,15,0.6,25,10,0.4,6,3,139.365,6,15,19,203497,Rudy Gobert,11,40,41,2,0,UTA,1610612762,9,3,0.5
446,25.0,13,1,4,5,"203893,1610612763",0,15,8,1,0.125,38,13,0.342,22,19,0.864,5,1,108.576666667,3,8,14,203893,Russ Smith,21,46,18,7,0,MEM,1610612763,19,4,0.8
447,27.0,42,1,6,5,"201566,1610612760",3,18,12,4,0.333,65,33,0.508,24,17,0.708,5,0,125.35,8,13,23,201566,Russell Westbrook,70,87,26,6,1,OKC,1610612760,13,5,1.0
448,28.0,3,2,4,5,"201583,1610612740",2,30,32,13,0.406,78,29,0.372,18,15,0.833,7,4,169.558333333,18,15,14,201583,Ryan Anderson,-35,86,48,6,0,NOP,1610612740,11,3,0.429
449,23.0,15,1,1,5,"1626207,1610612751",0,6,6,1,0.167,18,6,0.333,4,4,1.0,4,3,55.5966666667,0,5,3,1626207,Ryan Boatright,8,17,6,5,0,BKN,1610612751,4,1,0.25
450,31.0,3,3,1,5,"200797,1610612763",0,15,0,0,0.0,18,15,0.833,15,8,0.533,7,1,80.6616666667,6,8,16,200797,Ryan Hollins,36,38,21,1,0,MEM,1610612763,7,6,0.857
451,25.0,4,4,4,5,"203527,1610612747",0,28,8,4,0.5,34,16,0.471,21,16,0.762,7,4,110.45,3,11,13,203527,Ryan Kelly,21,52,31,3,0,LAL,1610612747,3,3,0.429
452,30.0,4,4,2,5,"1626257,1610612742",0,18,0,0,0.0,21,7,0.333,6,4,0.667,5,5,76.795,10,8,10,1626257,Salah Mejri,-28,18,28,4,0,DAL,1610612742,3,0,0.0
453,22.0,7,1,3,5,"1626155,1610612745",0,8,23,6,0.261,45,15,0.333,10,4,0.4,8,5,148.133333333,13,11,8,1626155,Sam Dekker,-19,40,21,7,0,HOU,1610612745,4,3,0.375
454,23.0,0,0,1,5,"1626280,1610612766",0,1,2,0,0.0,6,2,0.333,0,0,0.0,5,1,30.3,0,2,0,1626280,Sam Thompson,4,4,1,1,0,CHA,1610612766,0,4,0.8
455,25.0,1,1,0,5,"1627258,1610612763",0,4,1,0,0.0,2,1,0.5,1,0,0.0,5,1,24.055,1,3,1,1627258,Sampson Carter,-1,2,5,2,0,MEM,1610612763,6,4,0.8
456,36.0,0,5,0,5,"2223,1610612742",0,13,1,0,0.0,15,8,0.533,3,2,0.667,4,4,51.185,5,7,3,2223,Samuel Dalembert,-24,18,18,2,0,DAL,1610612742,5,0,0.0
457,31.0,3,2,1,5,"201619,1610612739",0,21,0,0,0.0,11,5,0.455,12,6,0.5,6,6,108.116666667,4,15,9,201619,Sasha Kaun,0,16,25,1,0,CLE,1610612739,8,0,0.0
458,32.0,11,1,1,5,"2756,1610612752",0,16,12,5,0.417,37,15,0.405,7,7,1.0,5,1,101.466666667,5,10,13,2756,Sasha Vujacic,13,42,21,3,0,NYK,1610612752,5,4,0.8
459,23.0,7,0,1,5,"203959,1610612755",0,7,27,10,0.37,37,18,0.486,4,4,1.0,5,4,87.9666666667,1,3,7,203959,Scottie Wilbekin,-23,50,8,3,0,PHI,1610612755,6,1,0.2
460,26.0,2,0,2,5,"203930,1610612751",0,4,25,6,0.24,46,18,0.391,12,10,0.833,5,3,71.2,1,5,6,203930,Sean Kilpatrick,-22,52,5,4,0,BKN,1610612751,4,2,0.4
461,26.0,2,8,1,5,"201586,1610612760",0,23,6,4,0.667,43,24,0.558,8,7,0.875,5,0,125.835,4,10,7,201586,Serge Ibaka,67,59,27,1,0,OKC,1610612760,7,5,1.0
462,22.0,5,1,1,5,"203508,1610612751",0,2,8,4,0.5,17,7,0.412,3,2,0.667,3,3,54.3666666667,3,6,4,203508,Sergey Karasev,-13,20,5,4,0,BKN,1610612751,4,0,0.0
463,25.0,2,0,0,5,"203552,1610612758",0,3,4,0,0.0,10,3,0.3,3,2,0.667,3,0,28.8083333333,0,4,3,203552,Seth Curry,3,8,3,2,0,SAC,1610612758,2,3,1.0
464,23.0,10,0,6,5,"203498,1610612750",0,8,15,6,0.4,54,21,0.389,31,24,0.774,7,5,123.283333333,7,9,19,203498,Shabazz Muhammad,-1,72,15,3,0,MIN,1610612750,4,2,0.286
465,24.0,19,0,2,5,"203894,1610612753",0,14,20,12,0.6,42,21,0.5,13,12,0.923,6,2,110.4,0,11,11,203894,Shabazz Napier,24,66,14,8,0,ORL,1610612753,8,4,0.667
466,23.0,17,0,4,5,"203499,1610612751",0,14,10,5,0.5,43,17,0.395,9,7,0.778,5,3,122.893333333,2,12,8,203499,Shane Larkin,10,46,16,5,0,BKN,1610612751,14,2,0.4
467,23.0,2,0,0,5,"1626263,1610612761",0,4,0,0,0.0,2,1,0.5,0,0,0.0,2,2,15.65,0,3,2,1626263,Shannon Scott,4,2,4,2,0,TOR,1610612761,2,0,0.0
468,30.0,16,0,1,5,"2733,1610612744",0,7,0,0,0.0,23,14,0.609,7,6,0.857,6,3,101.4,1,6,8,2733,Shaun Livingston,-8,34,8,4,0,GSW,1610612744,4,3,0.5
469,25.0,3,1,1,5,"203963,1610612754",0,11,6,1,0.167,17,8,0.471,9,6,0.667,7,2,55.5666666667,5,13,6,203963,Shayne Whittington,1,23,16,0,0,IND,1610612754,4,5,0.714
470,26.0,19,0,0,5,"202714,1610612762",0,4,13,3,0.231,38,15,0.395,6,5,0.833,6,2,94.4333333333,1,2,7,202714,Shelvin Mack,-7,38,5,3,0,UTA,1610612762,10,4,0.667
471,25.0,0,0,1,5,"203524,1610612754",0,5,4,1,0.25,15,6,0.4,4,3,0.75,3,2,41.3466666667,3,2,6,203524,Solomon Hill,-25,16,8,3,0,IND,1610612754,1,1,0.333
472,29.0,23,0,1,5,"201603,1610612755",0,13,12,3,0.25,32,15,0.469,4,3,0.75,6,2,131.116666667,1,12,5,201603,Sonny Weems,29,36,14,4,0,PHI,1610612755,4,4,0.667
473,23.0,33,2,3,5,"203915,1610612765",0,20,6,1,0.167,33,14,0.424,20,19,0.95,8,5,161.385,2,18,18,203915,Spencer Dinwiddie,28,48,22,7,0,DET,1610612765,16,3,0.375
474,28.0,11,4,1,5,"201150,1610612766",1,32,13,4,0.308,42,16,0.381,5,3,0.6,6,0,113.378333333,3,10,4,201150,Spencer Hawes,24,39,35,2,0,CHA,1610612766,4,6,1.0
475,20.0,17,3,7,5,"1626169,1610612765",0,27,25,9,0.36,92,37,0.402,29,25,0.862,8,5,219.275,8,23,22,1626169,Stanley Johnson,27,108,35,14,0,DET,1610612765,16,3,0.375
476,31.0,0,0,0,5,"202513,1610612741",0,0,0,0,0.0,0,0,0.0,0,0,0.0,1,0,1.41666666667,0,1,0,202513,Stefhon Hannah,-3,0,0,0,0,CHI,1610612741,1,1,1.0
477,28.0,36,1,0,5,"201939,1610612744",1,10,43,20,0.465,68,38,0.559,30,24,0.8,6,3,139.5,5,16,18,201939,Stephen Curry,26,120,15,7,0,GSW,1610612744,18,3,0.5
478,36.0,12,0,0,5,"2581,1610612765",0,5,4,0,0.0,6,1,0.167,0,0,0.0,1,0,24.0,0,2,1,2581,Steve Blake,14,2,5,0,0,DET,1610612765,2,1,1.0
479,33.0,1,1,0,5,"200779,1610612749",0,5,12,5,0.417,14,6,0.429,0,0,0.0,6,1,42.2333333333,0,0,1,200779,Steve Novak,-7,17,5,1,0,MIL,1610612749,0,5,0.833
480,22.0,7,5,3,5,"203500,1610612760",1,20,0,0,0.0,27,19,0.704,21,13,0.619,5,1,127.698333333,17,14,25,203500,Steven Adams,27,51,37,2,0,OKC,1610612760,13,4,0.8
481,24.0,24,1,1,5,"204456,1610612755",1,19,4,1,0.25,28,14,0.5,6,2,0.333,5,3,110.48,1,10,10,204456,TJ McConnell,1,31,20,11,0,PHI,1610612755,10,2,0.4
482,22.0,12,0,3,5,"203933,1610612756",0,15,10,1,0.1,76,36,0.474,12,9,0.75,6,2,151.866666667,15,18,13,203933,TJ Warren,28,82,30,11,0,PHX,1610612756,9,4,0.667
483,31.0,5,6,1,5,"201959,1610612741",0,14,2,0,0.0,25,17,0.68,12,9,0.75,4,2,71.0666666667,8,5,11,201959,Taj Gibson,16,43,22,0,0,CHI,1610612741,2,2,0.5
484,25.0,0,2,0,5,"204075,1610612760",0,2,0,0,0.0,3,3,1.0,2,2,1.0,4,1,23.565,4,1,1,204075,Talib Zanna,0,8,6,1,0,OKC,1610612760,0,3,0.75
485,24.0,0,1,2,5,"204028,1610612747",0,7,0,0,0.0,15,11,0.733,5,0,0.0,3,1,43.1333333333,7,5,3,204028,Tarik Black,26,22,14,2,0,LAL,1610612747,3,2,0.667
486,36.0,3,0,1,5,"2419,1610612750",0,5,10,6,0.6,18,10,0.556,2,1,0.5,6,4,86.4,1,5,4,2419,Tayshaun Prince,-35,27,6,3,0,MIN,1610612750,3,2,0.333
487,23.0,4,0,0,5,"1626189,1610612737",0,1,1,1,1.0,2,2,1.0,0,0,0.0,3,0,21.5166666667,0,4,1,1626189,Terran Petteway,14,5,1,1,0,ATL,1610612737,2,3,1.0
488,24.0,11,3,7,5,"203093,1610612745",1,21,12,4,0.333,64,26,0.406,17,10,0.588,6,5,142.06,15,7,15,203093,Terrence Jones,-29,66,36,8,0,HOU,1610612745,12,1,0.167
489,25.0,8,5,0,5,"203082,1610612761",0,10,15,6,0.4,35,10,0.286,4,3,0.75,6,1,120.86,5,11,4,203082,Terrence Ross,20,29,15,9,0,TOR,1610612761,8,5,0.833
490,26.0,0,1,0,5,"202358,1610612756",0,0,2,0,0.0,3,0,0.0,0,0,0.0,2,0,8.13333333333,2,0,0,202358,Terrico White,-5,0,2,1,0,PHX,1610612756,0,2,1.0
491,22.0,14,0,2,5,"1626179,1610612738",0,10,14,8,0.571,35,17,0.486,11,7,0.636,5,0,92.8333333333,1,6,10,1626179,Terry Rozier,41,49,11,7,0,BOS,1610612738,5,5,1.0
492,32.0,4,3,1,5,"200757,1610612737",0,7,6,2,0.333,15,6,0.4,8,6,0.75,4,2,57.885,0,4,4,200757,Thabo Sefolosha,-2,20,7,3,0,ATL,1610612737,6,2,0.5
493,28.0,3,0,3,5,"201152,1610612751",1,30,1,0,0.0,50,26,0.52,15,11,0.733,5,3,126.785,8,11,16,201152,Thaddeus Young,-23,63,38,8,0,BKN,1610612751,11,2,0.4
494,23.0,2,1,1,5,"203648,1610612752",0,4,0,0,0.0,1,0,0.0,0,0,0.0,3,2,13.1016666667,0,1,1,203648,Thanasis Antetokounmpo,-11,0,4,1,0,NYK,1610612752,0,1,0.333
495,25.0,1,5,4,5,"203080,1610612751",1,21,0,0,0.0,33,16,0.485,6,4,0.667,4,3,85.8133333333,17,10,7,203080,Thomas Robinson,-34,36,38,6,0,BKN,1610612751,6,1,0.25
496,31.0,5,4,2,5,"201168,1610612737",0,17,0,0,0.0,17,5,0.294,12,8,0.667,5,1,79.425,7,9,12,201168,Tiago Splitter,-26,18,24,1,0,ATL,1610612737,4,4,0.8
497,26.0,0,1,2,5,"202353,1610612762",0,13,2,0,0.0,12,4,0.333,6,6,1.0,6,3,61.1666666667,5,10,4,202353,Tibor Pleiss,-23,14,18,0,0,UTA,1610612762,6,3,0.5
498,40.0,5,3,2,5,"1495,1610612759",0,22,0,0,0.0,28,18,0.643,4,2,0.5,5,3,89.6666666667,6,4,6,1495,Tim Duncan,18,38,28,1,0,SAS,1610612759,3,2,0.4
499,25.0,11,0,0,5,"204025,1610612740",0,6,6,4,0.667,12,6,0.5,4,4,1.0,4,2,58.8833333333,2,11,5,204025,Tim Frazier,5,20,8,3,0,NOP,1610612740,6,2,0.5
500,24.0,6,0,3,5,"203501,1610612737",0,14,26,7,0.269,46,12,0.261,9,8,0.889,7,3,135.863333333,2,9,6,203501,Tim Hardaway Jr.,-23,39,16,2,0,ATL,1610612737,5,4,0.571
501,29.0,5,3,4,5,"202389,1610612739",0,27,1,0,0.0,41,22,0.537,13,7,0.538,5,4,124.816666667,9,10,20,202389,Timofey Mozgov,-12,51,36,1,0,CLE,1610612739,7,1,0.2
502,23.0,12,3,3,5,"202699,1610612765",2,39,10,4,0.4,65,37,0.569,15,14,0.933,7,2,181.92,7,22,14,202699,Tobias Harris,8,92,46,10,0,DET,1610612765,10,5,0.714
503,30.0,8,1,2,5,"201962,1610612740",0,7,7,1,0.143,24,9,0.375,14,14,1.0,5,1,58.1516666667,2,7,9,201962,Toney Douglas,4,33,9,7,0,NOP,1610612740,4,4,0.8
504,34.0,3,0,2,5,"2754,1610612763",0,7,3,2,0.667,22,13,0.591,6,2,0.333,4,0,76.5516666667,5,11,7,2754,Tony Allen,10,30,12,6,0,MEM,1610612763,3,4,1.0
505,34.0,19,0,2,5,"2225,1610612759",0,10,2,0,0.0,30,11,0.367,14,12,0.857,4,3,92.5,1,7,11,2225,Tony Parker,3,34,11,4,0,SAS,1610612759,7,1,0.25
506,24.0,12,2,5,5,"203503,1610612741",0,26,26,9,0.346,67,24,0.358,9,6,0.667,7,3,200.966666667,3,16,9,203503,Tony Snell,-3,63,29,8,0,CHI,1610612741,6,4,0.571
507,26.0,1,0,0,5,"203315,1610612764",0,3,1,0,0.0,7,5,0.714,6,4,0.667,4,1,30.1833333333,1,5,3,203315,Toure Murry,-20,14,4,0,0,WAS,1610612764,6,3,0.75
508,23.0,2,0,1,5,"1626275,1610612752",0,1,1,0,0.0,5,2,0.4,0,0,0.0,2,2,14.1666666667,0,2,1,1626275,Travis Trice II,-6,4,1,0,0,NYK,1610612752,1,0,0.0
509,31.0,8,0,0,5,"201645,1610612748",0,1,1,0,0.0,7,3,0.429,2,1,0.5,2,1,27.5466666667,0,2,1,201645,Tre Kelley,8,7,1,0,0,MIA,1610612748,3,1,0.5
510,22.0,1,0,2,5,"1626203,1610612762",0,1,2,0,0.0,8,0,0.0,2,1,0.5,2,2,18.2333333333,1,1,2,1626203,Treveon Graham,-27,1,2,0,0,UTA,1610612762,0,0,0.0
511,30.0,13,1,1,5,"2772,1610612745",0,20,36,13,0.361,70,36,0.514,4,4,1.0,6,4,159.066666667,3,7,6,2772,Trevor Ariza,44,89,23,13,0,HOU,1610612745,6,2,0.333
512,28.0,7,2,3,5,"202344,1610612762",0,20,4,1,0.25,31,13,0.419,16,9,0.563,7,4,116.116666667,8,9,10,202344,Trevor Booker,-14,36,28,5,0,UTA,1610612762,9,3,0.429
513,23.0,15,0,6,5,"203504,1610612762",0,14,23,10,0.435,68,34,0.5,16,14,0.875,6,3,147.385,2,5,12,203504,Trey Burke,4,92,16,8,0,UTA,1610612762,11,3,0.5
514,20.0,6,1,1,5,"1626168,1610612762",0,13,4,0,0.0,33,14,0.424,7,4,0.571,6,3,92.7366666667,3,10,6,1626168,Trey Lyles,0,32,16,3,0,UTA,1610612762,4,3,0.5
515,24.0,1,0,0,5,"203584,1610612766",0,11,13,4,0.308,22,9,0.409,5,4,0.8,3,1,61.2666666667,0,5,3,203584,Troy Daniels,18,26,11,1,0,CHA,1610612766,1,2,0.667
516,28.0,15,0,1,5,"201951,1610612754",0,12,14,6,0.429,35,18,0.514,11,9,0.818,5,4,112.955,2,11,12,201951,Ty Lawson,-4,51,14,6,0,IND,1610612754,6,1,0.2
517,30.0,1,2,5,5,"201946,1610612766",0,27,2,1,0.5,22,9,0.409,17,12,0.706,4,1,90.15,13,13,16,201946,Tyler Hansbrough,18,31,40,1,0,CHA,1610612766,5,3,0.75
518,24.0,9,1,4,5,"204020,1610612748",0,15,14,7,0.5,49,26,0.531,12,10,0.833,8,4,134.456666667,4,12,10,204020,Tyler Johnson,84,69,19,4,0,MIA,1610612748,6,4,0.5
519,26.0,6,5,3,5,"203092,1610612738",0,15,0,0,0.0,45,24,0.533,13,11,0.846,7,1,105.6,10,15,12,203092,Tyler Zeller,26,59,25,2,0,BOS,1610612738,4,6,0.857
520,26.0,5,0,1,5,"201936,1610612740",0,10,4,2,0.5,25,15,0.6,3,3,1.0,2,1,48.135,1,4,7,201936,Tyreke Evans,8,35,11,0,0,NOP,1610612740,7,1,0.5
521,33.0,2,2,0,5,"2199,1610612756",0,11,0,0,0.0,10,6,0.6,8,4,0.5,4,1,62.1166666667,7,7,4,2199,Tyson Chandler,-10,16,18,3,0,PHX,1610612756,3,3,0.75
522,20.0,21,0,1,5,"1626145,1610612750",0,8,12,5,0.417,26,10,0.385,9,9,1.0,6,4,97.6183333333,1,6,8,1626145,Tyus Jones,-25,34,9,2,0,MIN,1610612750,6,2,0.333
523,36.0,4,1,2,5,"2617,1610612748",0,14,2,0,0.0,11,6,0.545,2,0,0.0,5,2,64.125,1,13,2,2617,Udonis Haslem,3,12,15,1,0,MIA,1610612748,2,3,0.6
524,24.0,21,2,7,5,"203506,1610612753",0,25,22,9,0.409,63,30,0.476,18,12,0.667,8,2,193.286666667,6,17,12,203506,Victor Oladipo,18,81,31,11,0,ORL,1610612753,9,6,0.75
525,39.0,4,2,0,5,"1713,1610612763",0,3,17,4,0.235,29,9,0.31,3,1,0.333,5,1,75.7616666667,1,13,7,1713,Vince Carter,-5,23,4,2,0,MEM,1610612763,5,4,0.8
526,21.0,0,0,0,5,"1626205,1610612758",0,0,0,0,0.0,0,0,0.0,0,0,0.0,1,0,2.48333333333,0,0,0,1626205,Vincent Hunter,-7,0,0,0,0,SAC,1610612758,0,1,1.0
527,24.0,2,9,2,5,"204002,1610612737",0,22,0,0,0.0,32,17,0.531,18,10,0.556,6,2,102.451666667,12,20,13,204002,Walter Tavares,23,44,34,5,0,ATL,1610612737,8,4,0.667
528,28.0,5,0,2,5,"201961,1610612751",0,7,20,9,0.45,38,14,0.368,9,6,0.667,5,3,110.8,2,7,8,201961,Wayne Ellington,-19,43,9,2,0,BKN,1610612751,6,2,0.4
529,28.0,5,2,0,5,"202325,1610612746",0,12,13,4,0.308,26,12,0.462,1,0,0.0,6,3,112.518333333,1,12,5,202325,Wesley Johnson,14,28,13,5,0,LAC,1610612746,4,3,0.5
530,29.0,2,0,1,5,"202083,1610612742",0,3,2,1,0.5,6,3,0.5,0,0,0.0,1,1,15.5333333333,0,1,0,202083,Wesley Matthews,-3,7,3,2,0,DAL,1610612742,0,0,0.0
531,23.0,0,0,0,5,"1626201,1610612752",0,1,0,0,0.0,1,1,1.0,0,0,0.0,2,2,7.2,0,1,0,1626201,Wesley Saunders,-10,2,1,0,0,NYK,1610612752,0,0,0.0
532,25.0,12,4,8,5,"203115,1610612743",2,33,14,5,0.357,59,25,0.424,23,17,0.739,7,3,177.766666667,8,9,18,203115,Will Barton,15,72,41,7,0,DEN,1610612743,9,4,0.571
533,23.0,15,0,2,5,"1626270,1610612745",0,8,7,2,0.286,19,6,0.316,18,11,0.611,6,3,74.9166666667,3,13,15,1626270,Will Cummings,-11,25,11,4,0,HOU,1610612745,8,3,0.5
534,22.0,2,8,4,5,"1626161,1610612758",0,21,0,0,0.0,26,14,0.538,15,7,0.467,6,1,141.1,18,16,9,1626161,Willie Cauley-Stein,15,35,39,4,0,SAC,1610612758,2,5,0.833
535,26.0,0,0,0,5,"203186,1610612751",0,2,0,0,0.0,2,0,0.0,0,0,0.0,1,1,5.08333333333,0,0,1,203186,Willie Reed,5,0,2,1,0,BKN,1610612751,0,0,0.0
536,29.0,14,3,3,5,"201163,1610612743",1,29,16,5,0.313,44,17,0.386,17,9,0.529,5,2,133.216666667,10,10,13,201163,Wilson Chandler,16,48,39,8,0,DEN,1610612743,2,3,0.6
537,33.0,4,0,1,5,"200821,1610612763",0,9,15,3,0.2,22,5,0.227,2,1,0.5,6,1,95.7333333333,1,6,2,200821,Yakhouba Diawara,0,14,10,4,0,MEM,1610612763,3,5,0.833
538,24.0,1,0,0,5,"1626304,1610612759",0,5,0,0,0.0,6,2,0.333,11,6,0.545,3,3,30.1,1,6,9,1626304,Youssou Ndoye,-10,10,6,3,0,SAS,1610612759,1,0,0.0
539,21.0,21,3,7,5,"203897,1610612750",0,18,14,3,0.214,52,13,0.25,17,12,0.706,7,5,163.816666667,2,6,12,203897,Zach LaVine,-46,41,20,6,0,MIN,1610612750,14,2,0.286
540,34.0,8,2,2,5,"2216,1610612763",1,17,0,0,0.0,38,19,0.5,10,6,0.6,5,0,113.541666667,5,10,9,2216,Zach Randolph,14,44,22,3,0,MEM,1610612763,9,5,1.0
541,32.0,5,1,1,5,"2585,1610612742",1,28,0,0,0.0,35,15,0.429,18,17,0.944,6,6,116.666666667,14,16,15,2585,Zaza Pachulia,-20,47,42,6,0,DAL,1610612742,8,0,0.0
