,AGE,CFID,CFPARAMS,GP,L,MIN,PCT_AST_2PM,PCT_AST_3PM,PCT_AST_FGM,PCT_FGA_2PT,PCT_FGA_3PT,PCT_PTS_2PT,PCT_PTS_2PT_MR,PCT_PTS_3PT,PCT_PTS_FB,PCT_PTS_FT,PCT_PTS_OFF_TOV,PCT_PTS_PAINT,PCT_UAST_2PM,PCT_UAST_3PM,PCT_UAST_FGM,PLAYER_ID,PLAYER_NAME,TEAM_ABBREVIATION,TEAM_ID,W,W_PCT
0,21.0,5,"1626151,1610612766",2,1,3.7,0.0,0.0,0.0,0.0,0.0,0.0,0.0,0.0,0.0,0.0,0.0,0.0,0.0,0.0,0.0,1626151,Aaron Harrison,CHA,1610612766,1,0.5
1,30.0,5,"201143,1610612737",10,6,32.7,0.744,1.0,0.796,0.759,0.241,0.642,0.134,0.246,0.075,0.112,0.09,0.507,0.256,0.0,0.204,201143,Al Horford,ATL,1610612737,4,0.4
2,31.0,5,"2744,1610612766",7,4,24.1,0.452,0.0,0.452,1.0,0.0,0.903,0.151,0.0,0.0,0.097,0.172,0.753,0.548,0.0,0.548,2744,Al Jefferson,CHA,1610612766,3,0.429
3,25.0,5,"202329,1610612757",11,6,33.8,0.679,0.964,0.821,0.453,0.547,0.348,0.062,0.522,0.037,0.13,0.081,0.286,0.321,0.036,0.179,202329,Al-Farouq Aminu,POR,1610612757,5,0.455
4,24.0,5,"203459,1610612757",11,6,27.5,0.696,1.0,0.816,0.521,0.479,0.438,0.21,0.429,0.219,0.133,0.171,0.229,0.304,0.0,0.184,203459,Allen Crabbe,POR,1610612757,5,0.455
5,33.0,5,"2405,1610612748",9,5,9.1,0.545,0.0,0.545,1.0,0.0,0.733,0.133,0.0,0.0,0.267,0.2,0.6,0.455,0.0,0.455,2405,Amar'e Stoudemire,MIA,1610612748,4,0.444
6,29.0,5,"101161,1610612738",6,4,22.3,0.682,0.0,0.682,0.939,0.061,0.863,0.039,0.0,0.078,0.137,0.235,0.824,0.318,0.0,0.318,101161,Amir Johnson,BOS,1610612738,2,0.333
7,33.0,5,"2760,1610612744",17,6,5.5,0.4,0.0,0.4,1.0,0.0,0.5,0.1,0.0,0.05,0.5,0.25,0.4,0.6,0.0,0.6,2760,Anderson Varejao,GSW,1610612744,11,0.647
8,22.0,5,"203083,1610612765",4,4,32.9,0.607,0.0,0.607,0.981,0.019,0.836,0.149,0.0,0.075,0.164,0.075,0.687,0.393,0.0,0.393,203083,Andre Drummond,DET,1610612765,0,0.0
9,32.0,5,"2738,1610612744",24,9,32.0,0.509,0.92,0.641,0.604,0.396,0.498,0.075,0.352,0.207,0.15,0.221,0.423,0.491,0.08,0.359,2738,Andre Iguodala,GSW,1610612744,15,0.625
10,40.0,5,"1889,1610612759",4,1,8.8,0.5,0.0,0.333,0.571,0.429,0.444,0.0,0.333,0.0,0.222,0.0,0.444,0.5,1.0,0.667,1889,Andre Miller,SAS,1610612759,3,0.75
11,24.0,5,"203460,1610612760",18,7,26.2,0.571,1.0,0.7,0.57,0.43,0.56,0.0,0.36,0.08,0.08,0.14,0.56,0.429,0.0,0.3,203460,Andre Roberson,OKC,1610612760,11,0.611
12,31.0,5,"101106,1610612744",22,7,16.6,0.688,0.0,0.688,0.974,0.026,0.95,0.02,0.0,0.03,0.05,0.188,0.931,0.313,0.0,0.313,101106,Andrew Bogut,GSW,1610612744,15,0.682
13,27.0,5,"202726,1610612745",2,2,5.7,0.333,0.0,0.333,0.833,0.167,1.0,0.333,0.0,0.0,0.0,0.0,0.667,0.667,0.0,0.667,202726,Andrew Goudelock,HOU,1610612745,0,0.0
14,30.0,5,"201627,1610612760",14,6,5.4,0.5,1.0,0.727,0.417,0.583,0.324,0.108,0.405,0.189,0.27,0.054,0.216,0.5,0.0,0.273,201627,Anthony Morrow,OKC,1610612760,8,0.571
15,31.0,5,"201229,1610612765",3,3,8.7,1.0,0.0,1.0,0.5,0.5,1.0,1.0,0.0,0.0,0.0,0.0,0.0,0.0,0.0,0.0,201229,Anthony Tolliver,DET,1610612765,0,0.0
16,29.0,5,"203382,1610612765",4,4,11.0,0.5,0.0,0.5,1.0,0.0,0.8,0.0,0.0,0.3,0.2,0.0,0.8,0.5,0.0,0.5,203382,Aron Baynes,DET,1610612765,0,0.0
17,23.0,5,"203085,1610612746",6,4,24.0,0.182,0.5,0.231,0.721,0.279,0.71,0.097,0.194,0.065,0.097,0.097,0.613,0.818,0.5,0.769,203085,Austin Rivers,LAC,1610612746,2,0.333
18,25.0,5,"202340,1610612738",1,1,33.2,0.667,1.0,0.714,0.563,0.438,0.667,0.444,0.167,0.222,0.167,0.222,0.222,0.333,0.0,0.286,202340,Avery Bradley,BOS,1610612738,0,0.0
19,23.0,5,"202687,1610612761",20,10,25.3,0.75,0.0,0.75,1.0,0.0,0.65,0.049,0.0,0.016,0.35,0.13,0.602,0.25,0.0,0.25,202687,Bismack Biyombo,TOR,1610612761,10,0.5
20,27.0,5,"201933,1610612746",4,2,31.7,0.474,1.0,0.5,0.962,0.038,0.633,0.167,0.05,0.033,0.317,0.1,0.467,0.526,0.0,0.5,201933,Blake Griffin,LAC,1610612746,2,0.5
21,27.0,5,"1626246,1610612759",7,3,6.0,0.875,0.0,0.875,1.0,0.0,0.667,0.083,0.0,0.0,0.333,0.083,0.583,0.125,0.0,0.125,1626246,Boban Marjanovic,SAS,1610612759,4,0.571
22,34.0,5,"2564,1610612759",9,3,17.6,0.421,1.0,0.476,0.87,0.13,0.809,0.17,0.128,0.064,0.064,0.128,0.638,0.579,0.0,0.524,2564,Boris Diaw,SAS,1610612759,6,0.667
23,30.0,5,"201575,1610612744",14,6,7.9,0.6,1.0,0.778,0.4,0.6,0.435,0.174,0.522,0.348,0.043,0.13,0.261,0.4,0.0,0.222,201575,Brandon Rush,GSW,1610612744,8,0.571
24,30.0,5,"203148,1610612757",10,6,3.6,1.0,0.0,1.0,0.556,0.444,0.5,0.25,0.0,0.0,0.5,0.125,0.25,0.0,0.0,0.0,203148,Brian Roberts,POR,1610612757,4,0.4
25,23.0,5,"1627362,1610612748",2,1,3.0,0.0,0.0,0.0,1.0,0.0,0.0,0.0,0.0,0.0,0.0,0.0,0.0,0.0,0.0,0.0,1627362,Briante Weber,MIA,1610612748,1,0.5
26,24.0,5,"203468,1610612757",11,6,40.2,0.266,0.7,0.369,0.706,0.294,0.569,0.302,0.267,0.164,0.164,0.093,0.267,0.734,0.3,0.631,203468,CJ McCollum,POR,1610612757,5,0.455
27,29.0,5,"101139,1610612754",7,4,13.1,0.625,1.0,0.7,0.474,0.526,0.667,0.25,0.25,0.208,0.083,0.25,0.417,0.375,0.0,0.3,101139,CJ Miles,IND,1610612754,3,0.429
28,25.0,5,"203912,1610612746",2,2,3.7,0.0,0.0,0.0,1.0,0.0,0.0,0.0,0.0,0.0,0.0,0.0,0.0,0.0,0.0,0.0,203912,CJ Wilcox,LAC,1610612746,0,0.0
29,21.0,5,"1626166,1610612760",10,3,6.4,0.2,1.0,0.429,0.615,0.385,0.556,0.111,0.333,0.0,0.111,0.111,0.444,0.8,0.0,0.571,1626166,Cameron Payne,OKC,1610612760,7,0.7
30,33.0,5,"101112,1610612739",17,5,14.0,0.867,1.0,0.951,0.333,0.667,0.263,0.07,0.684,0.132,0.053,0.237,0.193,0.133,0.0,0.049,101112,Channing Frye,CLE,1610612739,12,0.706
31,31.0,5,"101111,1610612742",4,4,5.1,1.0,1.0,1.0,0.583,0.417,0.444,0.0,0.333,0.444,0.222,0.333,0.444,0.0,0.0,0.0,101111,Charlie Villanueva,DAL,1610612742,0,0.0
32,37.0,5,"2365,1610612763",4,4,19.7,0.4,0.0,0.4,1.0,0.0,0.667,0.0,0.0,0.0,0.333,0.267,0.667,0.6,0.0,0.6,2365,Chris Andersen,MEM,1610612763,0,0.0
33,34.0,5,"2549,1610612757",4,2,8.1,0.714,0.0,0.714,1.0,0.0,1.0,0.571,0.0,0.0,0.0,0.143,0.429,0.286,0.0,0.286,2549,Chris Kaman,POR,1610612757,2,0.5
34,31.0,5,"101108,1610612746",4,2,31.3,0.161,0.667,0.243,0.737,0.263,0.653,0.4,0.189,0.063,0.158,0.084,0.253,0.839,0.333,0.757,101108,Chris Paul,LAC,1610612746,2,0.5
35,22.0,5,"203991,1610612745",5,4,8.7,1.0,0.0,1.0,1.0,0.0,0.75,0.0,0.0,0.25,0.25,0.625,0.75,0.0,0.0,0.0,203991,Clint Capela,HOU,1610612745,1,0.2
36,23.0,5,"203469,1610612766",7,4,19.6,0.81,0.0,0.81,1.0,0.0,0.712,0.136,0.0,0.034,0.288,0.136,0.576,0.19,0.0,0.19,203469,Cody Zeller,CHA,1610612766,3,0.429
37,27.0,5,"202332,1610612746",6,4,12.8,0.7,0.0,0.7,1.0,0.0,0.87,0.0,0.0,0.0,0.13,0.087,0.87,0.3,0.0,0.3,202332,Cole Aldrich,LAC,1610612746,2,0.333
38,30.0,5,"201147,1610612745",5,4,15.4,0.5,1.0,0.571,0.63,0.37,0.545,0.091,0.136,0.136,0.318,0.273,0.455,0.5,0.0,0.429,201147,Corey Brewer,HOU,1610612745,1,0.2
39,24.0,5,"202709,1610612761",20,10,22.6,0.148,0.75,0.217,0.838,0.162,0.718,0.247,0.141,0.076,0.141,0.241,0.471,0.852,0.25,0.783,202709,Cory Joseph,TOR,1610612761,10,0.5
40,30.0,5,"201584,1610612766",7,4,36.7,0.353,0.75,0.429,0.824,0.176,0.567,0.233,0.2,0.117,0.233,0.167,0.333,0.647,0.25,0.571,201584,Courtney Lee,CHA,1610612766,3,0.429
41,35.0,5,"2563,1610612739",15,4,3.3,0.4,1.0,0.5,0.769,0.231,0.588,0.0,0.176,0.294,0.235,0.235,0.588,0.6,0.0,0.5,2563,Dahntay Jones,CLE,1610612739,11,0.733
42,25.0,5,"203081,1610612757",11,6,39.8,0.362,0.381,0.371,0.558,0.442,0.323,0.082,0.433,0.158,0.244,0.117,0.241,0.638,0.619,0.629,203081,Damian Lillard,POR,1610612757,5,0.455
43,29.0,5,"201980,1610612759",10,4,26.7,0.667,0.917,0.867,0.262,0.738,0.14,0.023,0.837,0.36,0.023,0.244,0.116,0.333,0.083,0.133,201980,Danny Green,SAS,1610612759,6,0.6
44,33.0,5,"101135,1610612742",2,2,16.3,0.833,0.0,0.833,1.0,0.0,1.0,0.0,0.0,0.0,0.0,0.167,1.0,0.167,0.0,0.167,101135,David Lee,DAL,1610612742,0,0.0
45,35.0,5,"2561,1610612759",10,4,17.6,0.727,1.0,0.76,0.891,0.109,0.759,0.172,0.155,0.034,0.086,0.103,0.586,0.273,0.0,0.24,2561,David West,SAS,1610612759,6,0.6
46,27.0,5,"201599,1610612746",6,4,33.1,0.542,0.0,0.542,1.0,0.0,0.686,0.0,0.0,0.071,0.314,0.1,0.686,0.458,0.0,0.458,201599,DeAndre Jordan,LAC,1610612746,2,0.333
47,26.0,5,"201942,1610612761",20,10,37.3,0.275,1.0,0.293,0.935,0.065,0.732,0.411,0.029,0.067,0.239,0.148,0.321,0.725,0.0,0.707,201942,DeMar DeRozan,TOR,1610612761,10,0.5
48,29.0,5,"201960,1610612761",20,10,29.8,0.611,0.923,0.742,0.503,0.497,0.407,0.023,0.441,0.192,0.153,0.181,0.384,0.389,0.077,0.258,201960,DeMarre Carroll,TOR,1610612761,10,0.5
49,24.0,5,"1626153,1610612761",9,6,4.6,0.333,0.0,0.333,0.9,0.1,0.429,0.0,0.0,0.571,0.571,0.286,0.429,0.667,0.0,0.667,1626153,Delon Wright,TOR,1610612761,3,0.333
50,22.0,5,"203471,1610612737",10,6,19.1,0.171,0.583,0.277,0.663,0.337,0.598,0.12,0.308,0.111,0.094,0.171,0.479,0.829,0.417,0.723,203471,Dennis Schroder,ATL,1610612737,4,0.4
51,32.0,5,"101114,1610612742",3,2,16.4,0.333,0.0,0.167,0.611,0.389,0.4,0.133,0.6,0.2,0.0,0.0,0.267,0.667,1.0,0.833,101114,Deron Williams,DAL,1610612742,1,0.333
52,33.0,5,"2734,1610612742",5,4,24.1,0.545,0.75,0.6,0.567,0.433,0.564,0.051,0.308,0.051,0.128,0.128,0.513,0.455,0.25,0.4,2734,Devin Harris,DAL,1610612742,1,0.2
53,24.0,5,"203079,1610612760",18,7,27.3,0.176,0.857,0.436,0.576,0.424,0.45,0.159,0.417,0.079,0.132,0.159,0.291,0.824,0.143,0.564,203079,Dion Waiters,OKC,1610612760,11,0.611
54,38.0,5,"1717,1610612742",5,4,34.0,0.649,1.0,0.683,0.867,0.133,0.725,0.451,0.118,0.039,0.157,0.039,0.275,0.351,0.0,0.317,1717,Dirk Nowitzki,DAL,1610612742,1,0.2
55,25.0,5,"202700,1610612745",5,4,19.7,0.667,1.0,0.75,0.757,0.243,0.545,0.0,0.273,0.045,0.182,0.182,0.545,0.333,0.0,0.25,202700,Donatas Motiejunas,HOU,1610612745,1,0.2
56,30.0,5,"2748,1610612748",5,3,3.8,0.0,1.0,0.4,0.5,0.5,0.375,0.125,0.375,0.0,0.25,0.188,0.25,1.0,0.0,0.6,2748,Dorell Wright,MIA,1610612748,2,0.4
57,26.0,5,"203110,1610612744",23,8,38.2,0.457,0.974,0.622,0.623,0.377,0.456,0.051,0.321,0.138,0.223,0.127,0.406,0.543,0.026,0.378,203110,Draymond Green,GSW,1610612744,15,0.652
58,30.0,5,"2730,1610612745",5,4,36.0,0.808,0.0,0.808,0.979,0.021,0.788,0.0,0.0,0.106,0.212,0.121,0.788,0.192,0.0,0.192,2730,Dwight Howard,HOU,1610612745,1,0.2
59,24.0,5,"203939,1610612742",4,3,16.0,0.778,0.0,0.778,0.947,0.053,0.75,0.083,0.0,0.042,0.25,0.333,0.667,0.222,0.0,0.222,203939,Dwight Powell,DAL,1610612742,1,0.25
60,34.0,5,"2548,1610612748",14,7,33.8,0.187,0.25,0.193,0.909,0.091,0.713,0.28,0.12,0.127,0.167,0.08,0.433,0.813,0.75,0.807,2548,Dwyane Wade,MIA,1610612748,7,0.5
61,27.0,5,"202334,1610612757",11,6,18.6,0.619,0.0,0.619,0.95,0.05,0.689,0.0,0.0,0.033,0.311,0.115,0.689,0.381,0.0,0.381,202334,Ed Davis,POR,1610612757,5,0.455
62,24.0,5,"202683,1610612760",18,7,18.0,0.587,1.0,0.6,0.881,0.119,0.741,0.082,0.035,0.159,0.224,0.118,0.659,0.413,0.0,0.4,202683,Enes Kanter,OKC,1610612760,11,0.611
63,27.0,5,"202323,1610612738",6,4,35.7,0.321,1.0,0.387,0.835,0.165,0.709,0.203,0.114,0.139,0.177,0.152,0.506,0.679,0.0,0.613,202323,Evan Turner,BOS,1610612738,2,0.333
64,26.0,5,"203105,1610612744",23,9,8.8,0.703,0.0,0.703,1.0,0.0,0.796,0.022,0.0,0.054,0.204,0.086,0.774,0.297,0.0,0.297,203105,Festus Ezeli,GSW,1610612744,14,0.609
65,23.0,5,"1626163,1610612766",7,4,27.2,0.444,1.0,0.643,0.63,0.37,0.36,0.04,0.3,0.04,0.34,0.18,0.32,0.556,0.0,0.357,1626163,Frank Kaminsky,CHA,1610612766,3,0.429
66,30.0,5,"201588,1610612754",7,4,33.6,0.211,0.846,0.469,0.526,0.474,0.4,0.147,0.411,0.116,0.189,0.168,0.253,0.789,0.154,0.531,201588,George Hill,IND,1610612754,3,0.429
67,30.0,5,"101123,1610612748",12,7,9.2,0.417,1.0,0.563,0.714,0.286,0.6,0.35,0.3,0.075,0.1,0.2,0.25,0.583,0.0,0.438,101123,Gerald Green,MIA,1610612748,5,0.417
68,28.0,5,"201945,1610612757",11,6,21.2,0.522,0.857,0.6,0.768,0.232,0.605,0.263,0.276,0.092,0.118,0.171,0.342,0.478,0.143,0.4,201945,Gerald Henderson,POR,1610612757,5,0.455
69,22.0,5,"203922,1610612754",4,2,2.6,1.0,0.0,1.0,1.0,0.0,0.857,0.286,0.0,0.0,0.143,0.0,0.571,0.0,0.0,0.0,203922,Glenn Robinson,IND,1610612754,2,0.5
70,30.0,5,"201609,1610612748",14,7,33.7,0.28,0.5,0.319,0.777,0.223,0.649,0.208,0.208,0.152,0.143,0.156,0.442,0.72,0.5,0.681,201609,Goran Dragic,MIA,1610612748,7,0.5
71,24.0,5,"203084,1610612744",24,9,31.0,0.536,0.962,0.671,0.643,0.357,0.519,0.139,0.361,0.116,0.12,0.134,0.38,0.464,0.038,0.329,203084,Harrison Barnes,GSW,1610612744,15,0.625
72,27.0,5,"202355,1610612748",10,5,29.1,0.66,0.0,0.66,1.0,0.0,0.783,0.017,0.0,0.017,0.217,0.083,0.767,0.34,0.0,0.34,202355,Hassan Whiteside,MIA,1610612748,5,0.5
73,25.0,5,"203546,1610612744",16,6,9.6,0.55,0.667,0.577,0.66,0.34,0.606,0.152,0.273,0.197,0.121,0.197,0.455,0.45,0.333,0.423,203546,Ian Clark,GSW,1610612744,10,0.625
74,29.0,5,"101133,1610612754",7,4,24.6,0.762,0.0,0.762,1.0,0.0,0.737,0.0,0.0,0.0,0.263,0.088,0.737,0.238,0.0,0.238,101133,Ian Mahinmi,IND,1610612754,3,0.429
75,26.0,5,"202697,1610612739",21,5,17.5,0.667,0.846,0.76,0.433,0.567,0.343,0.114,0.557,0.071,0.1,0.171,0.229,0.333,0.154,0.24,202697,Iman Shumpert,CLE,1610612739,16,0.762
76,27.0,5,"202738,1610612738",6,4,36.6,0.382,0.692,0.468,0.613,0.387,0.469,0.055,0.269,0.159,0.262,0.179,0.414,0.618,0.308,0.532,202738,Isaiah Thomas,BOS,1610612738,2,0.333
77,30.0,5,"2747,1610612739",21,5,34.8,0.471,0.954,0.854,0.197,0.803,0.14,0.025,0.806,0.12,0.054,0.186,0.116,0.529,0.046,0.146,2747,J.R. Smith,CLE,1610612739,16,0.762
78,32.0,5,"200755,1610612746",6,4,27.7,1.0,1.0,1.0,0.608,0.392,0.568,0.346,0.407,0.099,0.025,0.123,0.222,0.0,0.0,0.0,200755,JJ Redick,LAC,1610612746,2,0.333
79,26.0,5,"203210,1610612763",4,4,18.1,0.833,0.0,0.833,0.955,0.045,0.889,0.148,0.0,0.222,0.111,0.185,0.741,0.167,0.0,0.167,203210,JaMychal Green,MEM,1610612763,0,0.0
80,28.0,5,"201580,1610612742",2,2,7.1,1.0,0.0,1.0,1.0,0.0,0.5,0.0,0.0,0.0,0.5,0.0,0.5,0.0,0.0,0.0,201580,JaVale McGee,DAL,1610612742,0,0.0
81,25.0,5,"203109,1610612738",6,4,32.9,0.6,0.9,0.75,0.431,0.569,0.351,0.0,0.526,0.053,0.123,0.228,0.351,0.4,0.1,0.25,203109,Jae Crowder,BOS,1610612738,2,0.333
82,36.0,5,"2037,1610612746",6,4,33.2,0.229,1.0,0.308,0.796,0.204,0.673,0.327,0.115,0.096,0.212,0.125,0.346,0.771,0.0,0.692,2037,Jamal Crawford,LAC,1610612746,2,0.333
83,26.0,5,"201935,1610612745",5,4,38.6,0.179,0.385,0.244,0.58,0.42,0.421,0.12,0.293,0.128,0.286,0.158,0.301,0.821,0.615,0.756,201935,James Harden,HOU,1610612745,1,0.2
84,29.0,5,"201949,1610612761",10,6,9.8,0.75,1.0,0.833,0.64,0.36,0.533,0.0,0.4,0.0,0.067,0.0,0.533,0.25,0.0,0.167,201949,James Johnson,TOR,1610612761,4,0.4
85,35.0,5,"2592,1610612739",12,3,4.6,1.0,1.0,1.0,0.3,0.7,0.333,0.333,0.5,0.0,0.167,0.0,0.0,0.0,0.0,0.0,2592,James Jones,CLE,1610612739,9,0.75
86,23.0,5,"203949,1610612744",8,4,4.7,1.0,0.0,1.0,1.0,0.0,0.8,0.0,0.0,0.0,0.2,0.0,0.8,0.0,0.0,0.0,203949,James Michael McAdoo,GSW,1610612744,4,0.5
87,20.0,5,"203923,1610612738",3,3,3.4,1.0,0.0,1.0,0.667,0.333,1.0,1.0,0.0,0.0,0.0,0.0,0.0,0.0,0.0,0.0,203923,James Young,BOS,1610612738,0,0.0
88,24.0,5,"203096,1610612738",6,4,13.6,0.818,1.0,0.846,0.905,0.095,0.71,0.258,0.194,0.0,0.097,0.0,0.452,0.182,0.0,0.154,203096,Jared Sullinger,BOS,1610612738,2,0.333
89,22.0,5,"1626185,1610612763",2,2,23.1,0.667,0.0,0.667,1.0,0.0,0.667,0.0,0.0,0.0,0.333,0.111,0.667,0.333,0.0,0.333,1626185,Jarell Martin,MEM,1610612763,0,0.0
90,38.0,5,"1891,1610612745",5,4,24.8,0.429,1.0,0.692,0.5,0.5,0.4,0.114,0.514,0.343,0.086,0.171,0.286,0.571,0.0,0.308,1891,Jason Terry,HOU,1610612745,1,0.2
91,29.0,5,"201574,1610612761",10,7,5.5,0.5,0.0,0.5,0.889,0.111,1.0,0.0,0.0,0.25,0.0,0.25,1.0,0.5,0.0,0.5,201574,Jason Thompson,TOR,1610612761,3,0.3
92,29.0,5,"201965,1610612746",2,2,1.2,1.0,0.0,1.0,1.0,0.0,0.667,0.0,0.0,0.0,0.333,1.0,0.667,0.0,0.0,0.0,201965,Jeff Ayres,LAC,1610612746,0,0.0
93,29.0,5,"201145,1610612746",6,4,26.4,0.294,1.0,0.429,0.783,0.217,0.557,0.066,0.197,0.246,0.246,0.262,0.492,0.706,0.0,0.571,201145,Jeff Green,LAC,1610612746,2,0.333
94,28.0,5,"201952,1610612737",10,6,27.9,0.108,0.556,0.196,0.702,0.298,0.51,0.069,0.186,0.138,0.303,0.131,0.441,0.892,0.444,0.804,201952,Jeff Teague,ATL,1610612737,4,0.4
95,24.0,5,"203087,1610612766",3,2,3.9,0.25,1.0,0.4,0.889,0.111,0.727,0.182,0.273,0.0,0.0,0.0,0.545,0.75,0.0,0.6,203087,Jeremy Lamb,CHA,1610612766,1,0.333
96,27.0,5,"202391,1610612766",7,4,27.0,0.261,0.667,0.308,0.778,0.222,0.529,0.046,0.103,0.115,0.368,0.08,0.483,0.739,0.333,0.692,202391,Jeremy Lin,CHA,1610612766,3,0.429
97,28.0,5,"201975,1610612765",1,1,1.7,1.0,0.0,1.0,1.0,0.0,1.0,0.0,0.0,0.0,0.0,0.0,1.0,0.0,0.0,0.0,201975,Jodie Meeks,DET,1610612765,0,0.0
98,34.0,5,"2207,1610612748",14,7,35.2,0.073,0.846,0.221,0.709,0.291,0.647,0.188,0.229,0.0,0.124,0.106,0.459,0.927,0.154,0.779,2207,Joe Johnson,MIA,1610612748,7,0.5
99,24.0,5,"1626202,1610612754",4,2,2.6,0.0,1.0,0.333,0.5,0.5,0.444,0.0,0.333,0.0,0.222,0.0,0.444,1.0,0.0,0.667,1626202,Joe Young,IND,1610612754,2,0.5
100,27.0,5,"204066,1610612738",1,1,1.3,0.0,0.0,0.0,0.0,1.0,0.0,0.0,0.0,0.0,0.0,0.0,0.0,0.0,0.0,0.0,204066,John Holland,BOS,1610612738,0,0.0
101,29.0,5,"201973,1610612738",6,4,27.0,0.667,1.0,0.773,0.522,0.478,0.545,0.073,0.382,0.036,0.073,0.182,0.473,0.333,0.0,0.227,201973,Jonas Jerebko,BOS,1610612738,2,0.333
102,24.0,5,"202685,1610612761",12,6,26.7,0.603,0.0,0.603,1.0,0.0,0.824,0.133,0.0,0.012,0.176,0.145,0.691,0.397,0.0,0.397,202685,Jonas Valanciunas,TOR,1610612761,6,0.5
103,26.0,5,"203613,1610612759",3,0,8.5,0.0,1.0,0.5,0.7,0.3,0.364,0.0,0.545,0.0,0.091,0.0,0.364,1.0,0.0,0.5,203613,Jonathon Simmons,SAS,1610612759,3,1.0
104,29.0,5,"200770,1610612763",4,4,28.3,0.0,0.5,0.2,0.613,0.387,0.444,0.296,0.444,0.0,0.111,0.074,0.148,1.0,0.5,0.8,200770,Jordan Farmar,MEM,1610612763,0,0.0
105,28.0,5,"201941,1610612754",5,2,3.0,0.0,0.0,0.0,1.0,0.0,0.0,0.0,0.0,0.0,0.0,0.0,0.0,0.0,0.0,0.0,201941,Jordan Hill,IND,1610612754,3,0.6
106,25.0,5,"203895,1610612739",2,0,2.1,0.333,0.0,0.25,0.75,0.25,0.667,0.222,0.333,0.0,0.0,0.0,0.444,0.667,1.0,0.75,203895,Jordan McRae,CLE,1610612739,2,1.0
107,21.0,5,"1626175,1610612738",2,2,5.1,1.0,0.0,1.0,1.0,0.0,1.0,0.0,0.0,0.5,0.0,0.5,1.0,0.0,0.0,0.0,1626175,Jordan Mickey,BOS,1610612738,0,0.0
108,27.0,5,"203268,1610612766",3,2,3.9,0.0,0.0,0.0,1.0,0.0,0.0,0.0,0.0,0.0,0.0,0.0,0.0,0.0,0.0,0.0,203268,Jorge Gutierrez,CHA,1610612766,1,0.333
109,32.0,5,"200826,1610612742",4,4,25.1,0.1,1.0,0.182,0.765,0.235,0.8,0.32,0.12,0.0,0.08,0.08,0.48,0.9,0.0,0.818,200826,Jose Juan Barea,DAL,1610612742,0,0.0
110,24.0,5,"203962,1610612760",2,0,5.1,0.0,1.0,1.0,0.333,0.667,0.0,0.0,1.0,0.0,0.0,0.0,0.0,0.0,0.0,0.0,203962,Josh Huestis,OKC,1610612760,2,1.0
111,29.0,5,"201177,1610612748",10,5,13.4,0.5,0.0,0.5,0.794,0.206,0.842,0.158,0.0,0.0,0.158,0.158,0.684,0.5,0.0,0.5,201177,Josh McRoberts,MIA,1610612748,5,0.5
112,22.0,5,"1626196,1610612748",14,7,27.6,0.625,1.0,0.818,0.483,0.517,0.344,0.151,0.548,0.075,0.108,0.118,0.194,0.375,0.0,0.182,1626196,Josh Richardson,MIA,1610612748,7,0.5
113,30.0,5,"2746,1610612745",4,3,9.4,0.0,1.0,0.667,0.385,0.615,0.25,0.0,0.75,0.0,0.0,0.0,0.25,1.0,0.0,0.333,2746,Josh Smith,HOU,1610612745,1,0.25
114,22.0,5,"1626147,1610612742",5,4,19.0,0.769,1.0,0.824,0.649,0.351,0.553,0.043,0.255,0.17,0.191,0.191,0.511,0.231,0.0,0.176,1626147,Justin Anderson,DAL,1610612742,1,0.2
115,20.0,5,"1626159,1610612748",13,6,25.4,0.556,1.0,0.625,0.757,0.243,0.6,0.111,0.167,0.089,0.233,0.144,0.489,0.444,0.0,0.375,1626159,Justise Winslow,MIA,1610612748,7,0.538
116,23.0,5,"203909,1610612745",4,4,8.4,0.333,0.0,0.25,0.769,0.231,0.667,0.0,0.333,0.0,0.0,0.222,0.667,0.667,1.0,0.75,203909,KJ McDaniels,HOU,1610612745,0,0.0
117,24.0,5,"202695,1610612759",10,4,33.9,0.303,0.941,0.434,0.765,0.235,0.587,0.187,0.227,0.196,0.187,0.213,0.4,0.697,0.059,0.566,202695,Kawhi Leonard,SAS,1610612759,6,0.6
118,25.0,5,"203482,1610612738",4,3,7.9,1.0,0.0,1.0,0.667,0.333,1.0,1.0,0.0,0.0,0.0,0.0,0.0,0.0,0.0,0.0,203482,Kelly Olynyk,BOS,1610612738,1,0.25
119,26.0,5,"202689,1610612766",7,4,37.1,0.048,0.429,0.143,0.719,0.281,0.528,0.138,0.264,0.101,0.208,0.132,0.39,0.952,0.571,0.857,202689,Kemba Walker,CHA,1610612766,3,0.429
120,26.0,5,"203145,1610612737",10,6,32.5,0.679,0.813,0.727,0.496,0.504,0.471,0.084,0.403,0.16,0.126,0.269,0.387,0.321,0.188,0.273,203145,Kent Bazemore,ATL,1610612737,4,0.4
121,23.0,5,"203484,1610612765",4,4,40.3,0.7,0.917,0.818,0.46,0.54,0.328,0.098,0.59,0.115,0.082,0.115,0.23,0.3,0.083,0.182,203484,Kentavious Caldwell-Pope,DET,1610612765,0,0.0
122,27.0,5,"201142,1610612760",18,7,40.3,0.486,0.742,0.531,0.73,0.27,0.564,0.266,0.182,0.202,0.254,0.164,0.297,0.514,0.258,0.469,201142,Kevin Durant,OKC,1610612760,11,0.611
123,27.0,5,"201567,1610612739",20,5,30.6,0.5,0.957,0.728,0.536,0.464,0.314,0.102,0.471,0.031,0.215,0.154,0.212,0.5,0.043,0.272,201567,Kevin Love,CLE,1610612739,15,0.75
124,33.0,5,"2755,1610612759",5,2,9.9,0.75,1.0,0.875,0.6,0.4,0.364,0.273,0.545,0.136,0.091,0.091,0.091,0.25,0.0,0.125,2755,Kevin Martin,SAS,1610612759,3,0.6
125,35.0,5,"2550,1610612737",6,2,4.6,0.0,1.0,0.5,0.571,0.429,0.4,0.4,0.6,0.0,0.0,0.0,0.0,1.0,0.0,0.5,2550,Kirk Hinrich,ATL,1610612737,4,0.667
126,26.0,5,"202691,1610612744",24,9,35.4,0.621,0.898,0.756,0.49,0.51,0.354,0.096,0.505,0.125,0.141,0.143,0.258,0.379,0.102,0.244,202691,Klay Thompson,GSW,1610612744,15,0.625
127,31.0,5,"2743,1610612737",4,3,14.0,0.875,1.0,0.923,0.643,0.357,0.432,0.0,0.405,0.108,0.162,0.189,0.432,0.125,0.0,0.077,2743,Kris Humphries,ATL,1610612737,1,0.25
128,22.0,5,"203937,1610612759",10,4,12.9,0.286,1.0,0.375,0.88,0.12,0.609,0.0,0.13,0.174,0.261,0.391,0.609,0.714,0.0,0.625,203937,Kyle Anderson,SAS,1610612759,6,0.6
129,35.0,5,"2594,1610612737",10,6,31.6,0.909,1.0,0.971,0.28,0.72,0.214,0.078,0.699,0.107,0.087,0.117,0.136,0.091,0.0,0.029,2594,Kyle Korver,ATL,1610612737,4,0.4
130,30.0,5,"200768,1610612761",20,10,38.3,0.202,0.429,0.275,0.582,0.418,0.466,0.141,0.33,0.115,0.204,0.123,0.325,0.798,0.571,0.725,200768,Kyle Lowry,TOR,1610612761,10,0.5
131,28.0,5,"202713,1610612760",6,3,8.4,1.0,1.0,1.0,0.556,0.444,0.25,0.0,0.75,0.0,0.0,0.375,0.25,0.0,0.0,0.0,202713,Kyle Singler,OKC,1610612760,3,0.5
132,24.0,5,"202681,1610612739",21,5,36.8,0.247,0.549,0.323,0.726,0.274,0.566,0.268,0.289,0.157,0.145,0.13,0.298,0.753,0.451,0.677,202681,Kyrie Irving,CLE,1610612739,16,0.762
133,30.0,5,"200746,1610612759",10,4,33.7,0.523,1.0,0.534,0.988,0.012,0.785,0.402,0.027,0.018,0.187,0.073,0.384,0.477,0.0,0.466,200746,LaMarcus Aldridge,SAS,1610612759,6,0.6
134,24.0,5,"203934,1610612737",4,2,4.9,1.0,1.0,1.0,0.571,0.429,0.333,0.0,0.5,0.0,0.167,0.0,0.333,0.0,0.0,0.0,203934,Lamar Patterson,ATL,1610612737,2,0.5
135,25.0,5,"202362,1610612763",4,4,23.7,0.381,1.0,0.435,0.886,0.114,0.808,0.423,0.115,0.077,0.077,0.096,0.385,0.619,0.0,0.565,202362,Lance Stephenson,MEM,1610612763,0,0.0
136,27.0,5,"202730,1610612754",6,3,8.5,1.0,0.0,1.0,1.0,0.0,1.0,0.333,0.0,0.333,0.0,0.0,0.667,0.0,0.0,0.0,202730,Lavoy Allen,IND,1610612754,3,0.5
137,31.0,5,"2544,1610612739",21,5,39.1,0.412,0.469,0.42,0.775,0.225,0.678,0.101,0.174,0.19,0.149,0.196,0.576,0.588,0.531,0.58,2544,LeBron James,CLE,1610612739,16,0.762
138,33.0,5,"2571,1610612744",23,9,11.1,0.575,0.909,0.647,0.682,0.318,0.62,0.186,0.256,0.217,0.124,0.248,0.434,0.425,0.091,0.353,2571,Leandro Barbosa,GSW,1610612744,14,0.609
139,29.0,5,"201601,1610612746",5,3,15.7,0.75,0.0,0.75,1.0,0.0,0.889,0.0,0.0,0.556,0.111,0.556,0.889,0.25,0.0,0.25,201601,Luc Mbah a Moute,LAC,1610612746,2,0.4
140,23.0,5,"203512,1610612761",5,4,5.8,1.0,0.0,1.0,1.0,0.0,1.0,0.0,0.0,0.0,0.0,0.0,1.0,0.0,0.0,0.0,203512,Lucas Nogueira,TOR,1610612761,1,0.2
141,23.0,5,"1626242,1610612757",6,3,1.3,1.0,0.5,0.667,0.333,0.667,0.25,0.0,0.75,0.0,0.0,0.0,0.25,0.0,0.5,0.333,1626242,Luis Montero,POR,1610612757,3,0.5
142,36.0,5,"2449,1610612761",11,6,12.8,0.5,1.0,0.75,0.323,0.677,0.286,0.0,0.429,0.071,0.286,0.107,0.286,0.5,0.0,0.25,2449,Luis Scola,TOR,1610612761,5,0.455
143,31.0,5,"2736,1610612748",14,7,35.3,0.61,1.0,0.754,0.587,0.413,0.441,0.097,0.387,0.124,0.172,0.091,0.344,0.39,0.0,0.246,2736,Luol Deng,MIA,1610612748,7,0.5
144,38.0,5,"1938,1610612759",10,4,19.2,0.364,0.889,0.6,0.553,0.447,0.328,0.06,0.403,0.343,0.269,0.299,0.269,0.636,0.111,0.4,1938,Manu Ginobili,SAS,1610612759,6,0.6
145,26.0,5,"202694,1610612765",4,4,36.0,0.6,0.857,0.682,0.617,0.383,0.423,0.197,0.296,0.028,0.282,0.099,0.225,0.4,0.143,0.318,202694,Marcus Morris,DET,1610612765,0,0.0
146,22.0,5,"203935,1610612738",6,4,32.1,0.273,0.818,0.545,0.467,0.533,0.306,0.028,0.458,0.139,0.236,0.097,0.278,0.727,0.182,0.455,203935,Marcus Smart,BOS,1610612738,2,0.333
147,28.0,5,"201578,1610612744",24,9,8.4,0.714,1.0,0.826,0.636,0.364,0.418,0.179,0.403,0.075,0.179,0.097,0.239,0.286,0.0,0.174,201578,Marreese Speights,GSW,1610612744,15,0.625
148,30.0,5,"101107,1610612766",7,4,32.5,0.75,1.0,0.857,0.667,0.333,0.444,0.056,0.5,0.0,0.056,0.222,0.389,0.25,0.0,0.143,101107,Marvin Williams,CHA,1610612766,3,0.429
149,26.0,5,"203486,1610612757",11,6,27.8,0.714,0.0,0.714,1.0,0.0,0.727,0.0,0.0,0.247,0.273,0.208,0.727,0.286,0.0,0.286,203486,Mason Plumlee,POR,1610612757,5,0.455
150,36.0,5,"2440,1610612763",4,4,34.8,0.615,1.0,0.688,0.609,0.391,0.605,0.093,0.209,0.279,0.186,0.14,0.512,0.385,0.0,0.313,2440,Matt Barnes,MEM,1610612763,0,0.0
151,25.0,5,"203521,1610612739",20,5,12.1,0.5,0.875,0.615,0.581,0.419,0.462,0.077,0.308,0.064,0.231,0.103,0.385,0.5,0.125,0.385,203521,Matthew Dellavedova,CLE,1610612739,15,0.75
152,23.0,5,"203090,1610612757",11,6,24.7,0.625,0.933,0.723,0.6,0.4,0.529,0.017,0.372,0.14,0.099,0.083,0.512,0.375,0.067,0.277,203090,Maurice Harkless,POR,1610612757,5,0.455
153,27.0,5,"201563,1610612745",5,4,16.1,0.6,1.0,0.636,0.87,0.13,0.769,0.269,0.115,0.0,0.115,0.077,0.5,0.4,0.0,0.364,201563,Michael Beasley,HOU,1610612745,1,0.2
154,24.0,5,"203488,1610612737",9,5,7.4,0.625,1.0,0.7,0.7,0.3,0.667,0.167,0.25,0.167,0.083,0.083,0.5,0.375,0.0,0.3,203488,Mike Muscala,ATL,1610612737,4,0.444
155,27.0,5,"203118,1610612737",10,6,16.1,0.588,1.0,0.72,0.6,0.4,0.523,0.062,0.369,0.108,0.108,0.092,0.462,0.412,0.0,0.28,203118,Mike Scott,ATL,1610612737,4,0.4
156,33.0,5,"2590,1610612739",13,3,5.2,0.6,0.333,0.5,0.536,0.464,0.5,0.4,0.45,0.2,0.05,0.35,0.1,0.4,0.667,0.5,2590,Mo Williams,CLE,1610612739,10,0.769
157,30.0,5,"101145,1610612754",7,4,32.2,0.231,0.429,0.273,0.724,0.276,0.642,0.173,0.259,0.309,0.099,0.284,0.469,0.769,0.571,0.727,101145,Monta Ellis,IND,1610612754,3,0.429
158,22.0,5,"1626149,1610612745",2,2,5.8,0.0,0.0,0.0,0.667,0.333,0.667,0.0,0.0,1.0,0.333,0.333,0.667,1.0,0.0,1.0,1626149,Montrezl Harrell,HOU,1610612745,0,0.0
159,20.0,5,"1626167,1610612754",7,4,28.2,0.758,0.0,0.758,0.972,0.028,0.917,0.333,0.0,0.056,0.083,0.083,0.583,0.242,0.0,0.242,1626167,Myles Turner,IND,1610612754,3,0.429
160,38.0,5,"1737,1610612760",5,2,1.9,1.0,0.0,1.0,1.0,0.0,1.0,0.0,0.0,0.0,0.0,0.0,1.0,0.0,0.0,0.0,1737,Nazr Mohammed,OKC,1610612760,3,0.6
161,35.0,5,"2555,1610612760",9,3,8.7,1.0,0.0,1.0,1.0,0.0,0.889,0.222,0.0,0.0,0.111,0.0,0.667,0.0,0.0,0.0,2555,Nick Collison,OKC,1610612760,6,0.667
162,27.0,5,"201587,1610612766",5,4,28.8,0.364,0.667,0.471,0.511,0.489,0.386,0.105,0.316,0.07,0.298,0.158,0.281,0.636,0.333,0.529,201587,Nicolas Batum,CHA,1610612766,1,0.2
163,20.0,5,"203943,1610612757",6,3,2.0,0.0,0.0,0.0,1.0,0.0,0.0,0.0,0.0,0.0,0.0,0.0,0.0,0.0,0.0,0.0,203943,Noah Vonleh,POR,1610612757,3,0.5
164,23.0,5,"1626181,1610612761",18,10,11.4,0.3,1.0,0.481,0.629,0.371,0.588,0.147,0.309,0.338,0.103,0.353,0.441,0.7,0.0,0.519,1626181,Norman Powell,TOR,1610612761,8,0.444
165,23.0,5,"203798,1610612763",2,2,11.1,1.0,1.0,1.0,0.5,0.5,0.4,0.4,0.6,0.4,0.0,0.4,0.0,0.0,0.0,0.0,203798,PJ Hairston,MEM,1610612763,0,0.0
166,39.0,5,"203143,1610612746",5,3,5.2,0.0,0.0,0.0,0.6,0.4,0.0,0.0,0.0,0.0,0.0,0.0,0.0,0.0,0.0,0.0,203143,Pablo Prigioni,LAC,1610612746,2,0.4
167,23.0,5,"1626192,1610612757",6,3,1.3,1.0,0.5,0.667,0.4,0.6,0.25,0.0,0.75,0.0,0.0,0.0,0.25,0.0,0.5,0.333,1626192,Pat Connaughton,POR,1610612757,3,0.5
168,27.0,5,"201976,1610612745",5,4,25.7,0.143,1.0,0.4,0.622,0.378,0.483,0.0,0.31,0.138,0.207,0.069,0.483,0.857,0.0,0.6,201976,Patrick Beverley,HOU,1610612745,1,0.2
169,27.0,5,"202335,1610612761",20,10,29.1,0.5,1.0,0.691,0.485,0.515,0.444,0.052,0.412,0.098,0.144,0.19,0.392,0.5,0.0,0.309,202335,Patrick Patterson,TOR,1610612761,10,0.5
170,27.0,5,"201988,1610612759",10,4,16.7,0.7,0.615,0.652,0.321,0.679,0.303,0.182,0.591,0.061,0.106,0.227,0.121,0.3,0.385,0.348,201988,Patty Mills,SAS,1610612759,6,0.6
171,26.0,5,"202331,1610612754",7,4,39.3,0.263,0.778,0.429,0.65,0.35,0.398,0.168,0.283,0.168,0.319,0.152,0.23,0.737,0.222,0.571,202331,Paul George,IND,1610612754,3,0.429
172,31.0,5,"200794,1610612737",10,6,36.5,0.529,1.0,0.593,0.759,0.241,0.611,0.072,0.144,0.138,0.246,0.162,0.539,0.471,0.0,0.407,200794,Paul Millsap,ATL,1610612737,4,0.4
173,38.0,5,"1718,1610612746",5,4,10.7,1.0,1.0,1.0,0.583,0.417,0.333,0.333,0.5,0.0,0.167,0.333,0.0,0.0,0.0,0.0,1718,Paul Pierce,LAC,1610612746,1,0.2
174,22.0,5,"1626154,1610612738",5,4,8.2,0.0,1.0,0.5,0.444,0.556,0.4,0.0,0.6,0.4,0.0,0.4,0.4,1.0,0.0,0.5,1626154,RJ Hunter,BOS,1610612738,1,0.2
175,32.0,5,"200751,1610612760",16,6,11.9,0.5,0.875,0.714,0.366,0.634,0.3,0.15,0.6,0.125,0.1,0.325,0.15,0.5,0.125,0.286,200751,Randy Foye,OKC,1610612760,10,0.625
176,32.0,5,"101109,1610612742",5,4,34.5,0.179,1.0,0.281,0.797,0.203,0.747,0.267,0.16,0.173,0.093,0.253,0.48,0.821,0.0,0.719,101109,Raymond Felton,DAL,1610612742,1,0.2
177,25.0,5,"203493,1610612765",2,2,11.0,1.0,1.0,1.0,0.5,0.5,0.5,0.167,0.5,0.417,0.0,0.167,0.333,0.0,0.0,0.0,203493,Reggie Bullock,DET,1610612765,0,0.0
178,26.0,5,"202704,1610612765",4,4,36.8,0.045,0.667,0.12,0.673,0.327,0.772,0.175,0.158,0.07,0.07,0.14,0.596,0.955,0.333,0.88,202704,Reggie Jackson,DET,1610612765,0,0.0
179,36.0,5,"2210,1610612739",21,5,18.2,0.727,1.0,0.795,0.667,0.333,0.579,0.07,0.289,0.123,0.132,0.167,0.509,0.273,0.0,0.205,2210,Richard Jefferson,CLE,1610612739,16,0.762
180,30.0,5,"201155,1610612754",7,4,17.8,0.583,1.0,0.706,0.767,0.233,0.545,0.273,0.341,0.114,0.114,0.091,0.273,0.417,0.0,0.294,201155,Rodney Stuckey,IND,1610612754,3,0.429
181,27.0,5,"201566,1610612760",18,7,37.4,0.112,0.559,0.208,0.733,0.267,0.534,0.167,0.218,0.233,0.248,0.137,0.368,0.888,0.441,0.792,201566,Russell Westbrook,OKC,1610612760,11,0.611
182,30.0,5,"1626257,1610612742",4,3,19.0,0.571,0.0,0.571,1.0,0.0,0.737,0.0,0.0,0.0,0.263,0.211,0.737,0.429,0.0,0.429,1626257,Salah Mejri,DAL,1610612742,1,0.25
183,26.0,5,"201586,1610612760",18,7,33.5,0.759,1.0,0.847,0.577,0.423,0.5,0.222,0.431,0.079,0.069,0.088,0.278,0.241,0.0,0.153,201586,Serge Ibaka,OKC,1610612760,11,0.611
184,30.0,5,"2733,1610612744",24,9,21.4,0.463,0.0,0.463,0.994,0.006,0.837,0.327,0.0,0.179,0.163,0.204,0.51,0.537,0.0,0.537,2733,Shaun Livingston,GSW,1610612744,15,0.625
185,25.0,5,"203524,1610612754",7,4,28.3,0.333,1.0,0.857,0.387,0.613,0.111,0.0,0.611,0.093,0.278,0.352,0.111,0.667,0.0,0.143,203524,Solomon Hill,IND,1610612754,3,0.429
186,23.0,5,"203915,1610612765",1,1,1.7,1.0,0.0,1.0,1.0,0.0,1.0,0.0,0.0,0.0,0.0,0.0,1.0,0.0,0.0,0.0,203915,Spencer Dinwiddie,DET,1610612765,0,0.0
187,28.0,5,"201150,1610612766",5,2,10.6,0.2,1.0,0.333,0.692,0.308,0.556,0.111,0.167,0.0,0.278,0.111,0.444,0.8,0.0,0.667,201150,Spencer Hawes,CHA,1610612766,3,0.6
188,20.0,5,"1626169,1610612765",4,4,20.4,0.333,1.0,0.667,0.565,0.435,0.375,0.125,0.563,0.063,0.063,0.0,0.25,0.667,0.0,0.333,1626169,Stanley Johnson,DET,1610612765,0,0.0
189,28.0,5,"201939,1610612744",18,7,34.1,0.265,0.5,0.392,0.414,0.586,0.301,0.088,0.531,0.128,0.168,0.206,0.212,0.735,0.5,0.608,201939,Stephen Curry,GSW,1610612744,11,0.611
190,36.0,5,"2581,1610612765",4,4,10.8,0.0,1.0,1.0,0.6,0.4,0.0,0.0,0.75,0.0,0.25,0.0,0.0,0.0,0.0,0.0,2581,Steve Blake,DET,1610612765,0,0.0
191,22.0,5,"203500,1610612760",18,7,30.7,0.735,0.0,0.735,0.991,0.009,0.747,0.011,0.0,0.071,0.253,0.148,0.736,0.265,0.0,0.265,203500,Steven Adams,OKC,1610612760,11,0.611
192,25.0,5,"203082,1610612761",20,10,16.8,0.36,0.857,0.587,0.462,0.538,0.397,0.19,0.5,0.079,0.103,0.23,0.206,0.64,0.143,0.413,203082,Terrence Ross,TOR,1610612761,10,0.5
193,22.0,5,"1626179,1610612738",5,3,19.7,0.4,1.0,0.667,0.522,0.478,0.417,0.167,0.5,0.25,0.083,0.0,0.25,0.6,0.0,0.333,1626179,Terry Rozier,BOS,1610612738,2,0.4
194,32.0,5,"200757,1610612737",10,6,20.3,0.467,1.0,0.636,0.587,0.413,0.508,0.068,0.356,0.136,0.136,0.051,0.441,0.533,0.0,0.364,200757,Thabo Sefolosha,ATL,1610612737,4,0.4
195,40.0,5,"1495,1610612759",10,4,21.8,0.818,0.0,0.818,1.0,0.0,0.746,0.0,0.0,0.051,0.254,0.169,0.746,0.182,0.0,0.182,1495,Tim Duncan,SAS,1610612759,6,0.6
196,24.0,5,"203501,1610612737",9,5,9.7,1.0,0.5,0.857,0.462,0.538,0.5,0.1,0.3,0.1,0.2,0.0,0.4,0.0,0.5,0.143,203501,Tim Hardaway Jr.,ATL,1610612737,4,0.444
197,29.0,5,"202389,1610612739",13,3,5.8,0.333,0.0,0.333,1.0,0.0,0.8,0.0,0.0,0.0,0.2,0.4,0.8,0.667,0.0,0.667,202389,Timofey Mozgov,CLE,1610612739,10,0.769
198,23.0,5,"202699,1610612765",4,4,39.0,0.588,1.0,0.667,0.739,0.261,0.586,0.207,0.207,0.034,0.207,0.103,0.379,0.412,0.0,0.333,202699,Tobias Harris,DET,1610612765,0,0.0
199,34.0,5,"2754,1610612763",4,4,23.4,0.778,1.0,0.8,0.788,0.212,0.6,0.267,0.1,0.2,0.3,0.267,0.333,0.222,0.0,0.2,2754,Tony Allen,MEM,1610612763,0,0.0
200,34.0,5,"2225,1610612759",10,4,26.4,0.15,1.0,0.227,0.837,0.163,0.769,0.327,0.115,0.221,0.115,0.106,0.442,0.85,0.0,0.773,2225,Tony Parker,SAS,1610612759,6,0.6
201,30.0,5,"2772,1610612745",5,4,36.2,0.333,1.0,0.538,0.451,0.549,0.545,0.121,0.364,0.242,0.091,0.364,0.424,0.667,0.0,0.462,2772,Trevor Ariza,HOU,1610612745,1,0.2
202,25.0,5,"202684,1610612739",21,5,29.6,0.633,0.0,0.633,1.0,0.0,0.7,0.043,0.0,0.086,0.3,0.129,0.657,0.367,0.0,0.367,202684,Tristan Thompson,CLE,1610612739,16,0.762
203,24.0,5,"203584,1610612766",4,3,4.4,1.0,0.0,1.0,0.625,0.375,1.0,1.0,0.0,0.0,0.0,0.0,0.0,0.0,0.0,0.0,203584,Troy Daniels,CHA,1610612766,1,0.25
204,28.0,5,"201951,1610612754",7,4,10.5,0.0,0.0,0.0,0.833,0.167,0.75,0.25,0.0,0.375,0.25,0.375,0.5,1.0,0.0,1.0,201951,Ty Lawson,IND,1610612754,3,0.429
205,30.0,5,"201946,1610612766",2,1,2.8,0.0,0.0,0.0,0.0,0.0,0.0,0.0,0.0,0.0,0.0,0.0,0.0,0.0,0.0,0.0,201946,Tyler Hansbrough,CHA,1610612766,1,0.5
206,24.0,5,"204020,1610612748",5,2,12.1,1.0,1.0,1.0,0.455,0.545,0.19,0.0,0.429,0.048,0.381,0.0,0.19,0.0,0.0,0.0,204020,Tyler Johnson,MIA,1610612748,3,0.6
207,26.0,5,"203092,1610612738",3,3,12.7,0.857,0.0,0.857,1.0,0.0,0.778,0.222,0.0,0.0,0.222,0.0,0.556,0.143,0.0,0.143,203092,Tyler Zeller,BOS,1610612738,0,0.0
208,36.0,5,"2617,1610612748",9,5,9.4,0.625,0.0,0.625,1.0,0.0,0.762,0.095,0.0,0.095,0.238,0.095,0.667,0.375,0.0,0.375,2617,Udonis Haslem,MIA,1610612748,4,0.444
209,39.0,5,"1713,1610612763",4,4,22.7,0.5,0.857,0.667,0.697,0.303,0.356,0.089,0.467,0.067,0.178,0.133,0.267,0.5,0.143,0.333,1713,Vince Carter,MEM,1610612763,0,0.0
210,28.0,5,"202325,1610612746",6,4,12.8,0.0,1.0,0.6,0.357,0.643,0.25,0.125,0.563,0.0,0.188,0.0,0.125,1.0,0.0,0.4,202325,Wesley Johnson,LAC,1610612746,2,0.333
211,29.0,5,"202083,1610612742",5,4,34.7,0.3,1.0,0.65,0.417,0.583,0.308,0.154,0.462,0.154,0.231,0.0,0.154,0.7,0.0,0.35,202083,Wesley Matthews,DAL,1610612742,1,0.2
212,24.0,5,"204098,1610612763",4,4,22.3,0.0,1.0,0.111,0.714,0.286,0.842,0.526,0.158,0.0,0.0,0.316,0.316,1.0,0.0,0.889,204098,Xavier Munford,MEM,1610612763,0,0.0
213,34.0,5,"2216,1610612763",4,4,29.9,0.348,0.0,0.348,1.0,0.0,0.885,0.269,0.0,0.0,0.115,0.038,0.615,0.652,0.0,0.652,2216,Zach Randolph,MEM,1610612763,0,0.0
214,32.0,5,"2585,1610612742",5,4,22.4,0.778,0.0,0.778,1.0,0.0,0.545,0.061,0.0,0.0,0.455,0.0,0.485,0.222,0.0,0.222,2585,Zaza Pachulia,DAL,1610612742,1,0.2
