,AGE,CFID,CFPARAMS,GP,L,MIN,PCT_AST_2PM,PCT_AST_3PM,PCT_AST_FGM,PCT_FGA_2PT,PCT_FGA_3PT,PCT_PTS_2PT,PCT_PTS_2PT_MR,PCT_PTS_3PT,PCT_PTS_FB,PCT_PTS_FT,PCT_PTS_OFF_TOV,PCT_PTS_PAINT,PCT_UAST_2PM,PCT_UAST_3PM,PCT_UAST_FGM,PLAYER_ID,PLAYER_NAME,TEAM_ABBREVIATION,TEAM_ID,W,W_PCT
0,31.0,5,"201166,1610612741",8,4,19.3,0.111,0.727,0.345,0.528,0.472,0.439,0.122,0.402,0.098,0.159,0.122,0.317,0.889,0.273,0.655,201166,Aaron Brooks,CHI,1610612741,4,0.5
1,20.0,5,"203932,1610612753",2,0,15.4,0.6,0.0,0.6,0.923,0.077,0.833,0.167,0.0,0.333,0.167,0.0,0.667,0.4,0.0,0.4,203932,Aaron Gordon,ORL,1610612753,2,1.0
2,21.0,5,"1626151,1610612766",6,1,12.8,1.0,1.0,1.0,0.5,0.5,0.095,0.095,0.857,0.048,0.048,0.0,0.0,0.0,0.0,0.0,1626151,Aaron Harrison,CHA,1610612766,5,0.833
3,23.0,5,"203519,1610612765",1,1,9.7,1.0,0.0,1.0,1.0,0.0,1.0,1.0,0.0,0.0,0.0,0.0,0.0,0.0,0.0,0.0,203519,Adonis Thomas,DET,1610612765,0,0.0
4,25.0,5,"203940,1610612750",6,4,12.0,0.857,0.0,0.857,0.9,0.1,0.778,0.333,0.0,0.111,0.222,0.333,0.444,0.143,0.0,0.143,203940,Adreian Payne,MIN,1610612750,2,0.333
5,30.0,5,"201143,1610612737",6,2,23.5,0.6,0.833,0.654,0.704,0.296,0.58,0.116,0.261,0.058,0.159,0.072,0.464,0.4,0.167,0.346,201143,Al Horford,ATL,1610612737,4,0.667
6,31.0,5,"2744,1610612766",6,0,24.1,0.519,0.0,0.519,0.985,0.015,0.806,0.239,0.0,0.03,0.194,0.104,0.567,0.481,0.0,0.481,2744,Al Jefferson,CHA,1610612766,6,1.0
7,25.0,5,"202329,1610612757",3,1,30.8,0.364,1.0,0.5,0.625,0.375,0.579,0.158,0.237,0.158,0.184,0.237,0.421,0.636,0.0,0.5,202329,Al-Farouq Aminu,POR,1610612757,2,0.667
8,24.0,5,"202692,1610612762",7,4,27.5,0.296,1.0,0.321,0.9,0.1,0.643,0.167,0.036,0.143,0.321,0.071,0.476,0.704,0.0,0.679,202692,Alec Burks,UTA,1610612762,3,0.429
9,23.0,5,"203458,1610612756",5,1,19.8,0.55,0.0,0.55,1.0,0.0,0.784,0.196,0.0,0.0,0.216,0.118,0.588,0.45,0.0,0.45,203458,Alex Len,PHX,1610612756,4,0.8
10,28.0,5,"1627293,1610612763",3,1,9.3,0.5,0.0,0.5,1.0,0.0,0.571,0.0,0.0,0.0,0.429,0.0,0.571,0.5,0.0,0.5,1627293,Alex Stepheson,MEM,1610612763,2,0.667
11,28.0,5,"201582,1610612740",1,0,8.2,0.0,0.0,0.0,1.0,0.0,1.0,1.0,0.0,0.0,0.0,0.0,0.0,1.0,0.0,1.0,201582,Alexis Ajinca,NOP,1610612740,1,1.0
12,24.0,5,"203459,1610612757",7,4,28.4,0.818,0.917,0.853,0.586,0.414,0.494,0.315,0.404,0.225,0.101,0.213,0.18,0.182,0.083,0.147,203459,Allen Crabbe,POR,1610612757,3,0.429
13,29.0,5,"202087,1610612740",6,4,21.2,0.8,1.0,0.833,0.852,0.148,0.435,0.087,0.13,0.348,0.435,0.261,0.348,0.2,0.0,0.167,202087,Alonzo Gee,NOP,1610612740,2,0.333
14,33.0,5,"2405,1610612748",5,2,12.8,0.857,0.0,0.857,1.0,0.0,0.583,0.25,0.0,0.083,0.417,0.167,0.333,0.143,0.0,0.143,2405,Amar'e Stoudemire,MIA,1610612748,3,0.6
15,29.0,5,"101161,1610612738",6,1,18.2,0.652,1.0,0.692,0.86,0.14,0.754,0.0,0.148,0.049,0.098,0.098,0.754,0.348,0.0,0.308,101161,Amir Johnson,BOS,1610612738,5,0.833
16,33.0,5,"2760,1610612744",6,6,15.7,0.684,0.0,0.684,1.0,0.0,0.809,0.383,0.0,0.043,0.191,0.255,0.426,0.316,0.0,0.316,2760,Anderson Varejao,GSW,1610612744,0,0.0
17,22.0,5,"203083,1610612765",8,5,28.7,0.672,0.0,0.672,1.0,0.0,0.935,0.065,0.0,0.145,0.065,0.234,0.871,0.328,0.0,0.328,203083,Andre Drummond,DET,1610612765,3,0.375
18,32.0,5,"2738,1610612744",6,3,15.4,0.625,0.667,0.636,0.542,0.458,0.533,0.133,0.3,0.4,0.167,0.167,0.4,0.375,0.333,0.364,2738,Andre Iguodala,GSW,1610612744,3,0.5
19,40.0,5,"1889,1610612759",3,2,16.4,0.5,0.0,0.5,1.0,0.0,0.857,0.0,0.0,0.0,0.143,0.357,0.857,0.5,0.0,0.5,1889,Andre Miller,SAS,1610612759,1,0.333
20,24.0,5,"203460,1610612760",6,1,20.2,0.5,1.0,0.6,0.6,0.4,0.571,0.0,0.214,0.643,0.214,0.643,0.571,0.5,0.0,0.4,203460,Andre Roberson,OKC,1610612760,5,0.833
21,31.0,5,"101106,1610612744",4,2,17.7,0.75,0.0,0.75,1.0,0.0,0.941,0.0,0.0,0.176,0.059,0.0,0.941,0.25,0.0,0.25,101106,Andrew Bogut,GSW,1610612744,2,0.5
22,26.0,5,"203094,1610612753",6,2,11.4,0.615,1.0,0.722,0.714,0.286,0.578,0.089,0.333,0.067,0.089,0.133,0.489,0.385,0.0,0.278,203094,Andrew Nicholson,ORL,1610612753,4,0.667
23,21.0,5,"203952,1610612750",7,5,23.7,0.5,1.0,0.667,0.743,0.257,0.383,0.106,0.287,0.234,0.33,0.117,0.277,0.5,0.0,0.333,203952,Andrew Wiggins,MIN,1610612750,2,0.286
24,23.0,5,"203461,1610612761",6,2,14.4,0.5,1.0,0.778,0.357,0.643,0.242,0.121,0.455,0.0,0.303,0.091,0.121,0.5,0.0,0.222,203461,Anthony Bennett,TOR,1610612761,4,0.667
25,23.0,5,"1626148,1610612747",7,4,18.5,1.0,1.0,1.0,0.526,0.474,0.24,0.16,0.72,0.12,0.04,0.32,0.08,0.0,0.0,0.0,1626148,Anthony Brown,LAL,1610612747,3,0.429
26,23.0,5,"203076,1610612740",6,3,29.1,0.488,0.857,0.542,0.879,0.121,0.582,0.27,0.149,0.092,0.27,0.092,0.312,0.512,0.143,0.458,203076,Anthony Davis,NOP,1610612740,3,0.5
27,30.0,5,"201627,1610612760",6,1,19.7,0.833,0.917,0.889,0.333,0.667,0.24,0.16,0.72,0.1,0.04,0.16,0.08,0.167,0.083,0.111,201627,Anthony Morrow,OKC,1610612760,5,0.833
28,31.0,5,"201229,1610612765",8,5,17.8,0.5,1.0,0.917,0.167,0.833,0.098,0.049,0.732,0.244,0.171,0.171,0.049,0.5,0.0,0.083,201229,Anthony Tolliver,DET,1610612765,3,0.375
29,21.0,5,"203462,1610612756",6,2,15.8,0.333,1.0,0.429,0.806,0.194,0.706,0.059,0.176,0.118,0.118,0.294,0.647,0.667,0.0,0.571,203462,Archie Goodwin,PHX,1610612756,4,0.667
30,29.0,5,"203382,1610612765",4,2,14.1,0.875,0.0,0.875,1.0,0.0,0.8,0.2,0.0,0.1,0.2,0.15,0.6,0.125,0.0,0.125,203382,Aron Baynes,DET,1610612765,2,0.5
31,30.0,5,"201167,1610612752",3,2,13.1,0.4,1.0,0.625,0.6,0.4,0.5,0.2,0.45,0.15,0.05,0.25,0.3,0.6,0.0,0.375,201167,Arron Afflalo,NYK,1610612752,1,0.333
32,26.0,5,"203529,1610612745",2,1,7.7,0.0,0.0,0.0,1.0,0.0,0.0,0.0,0.0,0.0,1.0,0.0,0.0,0.0,0.0,0.0,203529,Arsalan Kazemi,HOU,1610612745,1,0.5
33,28.0,5,"201948,1610612739",6,5,11.9,0.5,1.0,0.8,0.464,0.536,0.267,0.2,0.6,0.0,0.133,0.167,0.067,0.5,0.0,0.2,201948,Austin Daye,CLE,1610612739,1,0.167
34,23.0,5,"203085,1610612746",5,2,21.1,0.538,0.6,0.556,0.6,0.4,0.52,0.12,0.3,0.12,0.18,0.14,0.4,0.462,0.4,0.444,203085,Austin Rivers,LAC,1610612746,3,0.6
35,25.0,5,"202340,1610612738",6,1,19.2,0.923,1.0,0.958,0.588,0.412,0.426,0.197,0.541,0.279,0.033,0.066,0.23,0.077,0.0,0.042,202340,Avery Bradley,BOS,1610612738,5,0.833
36,23.0,5,"1626253,1610612743",2,1,10.7,0.0,0.0,0.0,1.0,0.0,0.0,0.0,0.0,0.0,0.0,0.0,0.0,0.0,0.0,0.0,1626253,Axel Toupane,DEN,1610612743,1,0.5
37,33.0,5,"2732,1610612744",2,1,8.3,1.0,0.0,1.0,0.5,0.5,1.0,1.0,0.0,0.0,0.0,0.0,0.0,0.0,0.0,0.0,2732,Ben Gordon,GSW,1610612744,1,0.5
38,23.0,5,"203463,1610612758",6,1,20.9,0.667,0.75,0.7,0.556,0.444,0.324,0.108,0.324,0.351,0.351,0.243,0.216,0.333,0.25,0.3,203463,Ben McLemore,SAC,1610612758,5,0.833
39,33.0,5,"2757,1610612748",5,1,15.2,0.333,1.0,0.6,0.741,0.259,0.24,0.16,0.24,0.0,0.52,0.08,0.08,0.667,0.0,0.4,2757,Beno Udrih,MIA,1610612748,4,0.8
40,23.0,5,"202687,1610612761",7,2,20.6,0.727,0.0,0.727,1.0,0.0,0.595,0.216,0.0,0.0,0.405,0.189,0.378,0.273,0.0,0.273,202687,Bismack Biyombo,TOR,1610612761,5,0.714
41,27.0,5,"201933,1610612746",6,3,26.4,0.795,0.0,0.795,0.967,0.033,0.854,0.369,0.0,0.194,0.146,0.223,0.485,0.205,0.0,0.205,201933,Blake Griffin,LAC,1610612746,3,0.5
42,31.0,5,"1627322,1610612740",4,3,13.8,0.0,0.0,0.0,0.895,0.105,0.909,0.0,0.0,0.0,0.091,0.0,0.909,1.0,0.0,1.0,1627322,Bo McCalebb,NOP,1610612740,1,0.25
43,27.0,5,"1626246,1610612759",5,3,11.6,0.444,0.0,0.444,1.0,0.0,0.9,0.0,0.0,0.0,0.1,0.3,0.9,0.556,0.0,0.556,1626246,Boban Marjanovic,SAS,1610612759,2,0.4
44,21.0,5,"1626171,1610612741",7,4,21.7,0.48,1.0,0.567,0.853,0.147,0.641,0.282,0.192,0.077,0.167,0.077,0.359,0.52,0.0,0.433,1626171,Bobby Portis,CHI,1610612741,3,0.429
45,27.0,5,"202711,1610612751",4,3,26.0,0.286,1.0,0.545,0.485,0.515,0.4,0.0,0.343,0.171,0.257,0.257,0.4,0.714,0.0,0.455,202711,Bojan Bogdanovic,BKN,1610612751,1,0.25
46,34.0,5,"2564,1610612759",3,1,11.4,1.0,1.0,1.0,0.571,0.429,0.2,0.0,0.6,0.0,0.2,0.0,0.2,0.0,0.0,0.0,2564,Boris Diaw,SAS,1610612759,2,0.667
47,22.0,5,"203078,1610612764",6,2,22.9,0.517,1.0,0.632,0.636,0.364,0.644,0.2,0.3,0.267,0.056,0.211,0.444,0.483,0.0,0.368,203078,Bradley Beal,WAS,1610612764,4,0.667
48,28.0,5,"201148,1610612763",5,1,19.5,0.765,0.0,0.765,1.0,0.0,0.895,0.158,0.0,0.105,0.105,0.263,0.737,0.235,0.0,0.235,201148,Brandan Wright,MEM,1610612763,4,0.8
49,23.0,5,"1626183,1610612746",2,1,6.1,1.0,0.0,1.0,1.0,0.0,1.0,0.0,0.0,1.0,0.0,1.0,1.0,0.0,0.0,0.0,1626183,Branden Dawson,LAC,1610612746,1,0.5
50,21.0,5,"1626165,1610612742",7,7,12.1,0.5,0.0,0.5,0.579,0.421,0.5,0.5,0.0,0.125,0.5,0.5,0.0,0.5,0.0,0.5,1626165,Brandon Ashley,DAL,1610612742,0,0.0
51,31.0,5,"101138,1610612747",5,4,19.5,0.636,0.0,0.636,0.966,0.034,0.688,0.125,0.0,0.25,0.313,0.313,0.563,0.364,0.0,0.364,101138,Brandon Bass,LAL,1610612747,1,0.2
52,24.0,5,"202688,1610612756",6,2,25.6,0.167,0.333,0.25,0.468,0.532,0.381,0.19,0.571,0.175,0.048,0.206,0.19,0.833,0.667,0.75,202688,Brandon Knight,PHX,1610612756,4,0.667
53,30.0,5,"201575,1610612744",7,4,18.5,0.5,1.0,0.692,0.529,0.471,0.421,0.211,0.395,0.263,0.184,0.263,0.211,0.5,0.0,0.308,201575,Brandon Rush,GSW,1610612744,3,0.429
54,30.0,5,"203148,1610612757",7,1,19.6,0.118,0.6,0.227,0.78,0.22,0.54,0.317,0.238,0.127,0.222,0.159,0.222,0.882,0.4,0.773,203148,Brian Roberts,POR,1610612757,6,0.857
55,28.0,5,"201572,1610612751",5,3,26.4,0.833,1.0,0.84,0.93,0.07,0.571,0.119,0.036,0.036,0.393,0.131,0.452,0.167,0.0,0.16,201572,Brook Lopez,BKN,1610612751,2,0.4
56,20.0,5,"203998,1610612761",6,2,14.1,1.0,1.0,1.0,0.222,0.778,0.286,0.0,0.429,0.286,0.286,0.5,0.286,0.0,0.0,0.0,203998,Bruno Caboclo,TOR,1610612761,4,0.667
57,23.0,5,"203955,1610612763",2,2,17.2,0.0,0.0,0.0,0.789,0.211,0.615,0.154,0.0,0.231,0.385,0.231,0.462,1.0,0.0,1.0,203955,Bryce Cotton,MEM,1610612763,0,0.0
58,23.0,5,"1626214,1610612740",7,4,18.2,0.214,0.8,0.368,0.684,0.316,0.452,0.129,0.242,0.161,0.306,0.129,0.323,0.786,0.2,0.632,1626214,Bryce Dejean-Jones,NOP,1610612740,3,0.429
59,24.0,5,"203927,1610612754",5,1,9.5,0.333,0.0,0.333,0.857,0.143,0.75,0.0,0.0,0.5,0.25,0.25,0.75,0.667,0.0,0.667,203927,CJ Fair,IND,1610612754,4,0.8
60,24.0,5,"203468,1610612757",7,4,31.0,0.094,0.824,0.347,0.644,0.356,0.5,0.297,0.398,0.102,0.102,0.117,0.203,0.906,0.176,0.653,203468,CJ McCollum,POR,1610612757,3,0.429
61,29.0,5,"101139,1610612754",6,2,18.4,0.4,0.9,0.65,0.383,0.617,0.345,0.069,0.517,0.207,0.138,0.172,0.276,0.6,0.1,0.35,101139,CJ Miles,IND,1610612754,4,0.667
62,32.0,5,"201228,1610612753",6,1,25.9,0.286,1.0,0.5,0.605,0.395,0.467,0.067,0.3,0.233,0.233,0.333,0.4,0.714,0.0,0.5,201228,CJ Watson,ORL,1610612753,5,0.833
63,25.0,5,"203912,1610612746",5,3,6.2,0.0,1.0,0.5,0.545,0.455,0.4,0.4,0.6,0.0,0.0,0.2,0.0,1.0,0.0,0.5,203912,CJ Wilcox,LAC,1610612746,2,0.4
64,25.0,5,"203946,1610612741",4,2,18.6,0.75,1.0,0.778,0.875,0.125,0.667,0.083,0.125,0.0,0.208,0.083,0.583,0.25,0.0,0.222,203946,Cameron Bairstow,CHI,1610612741,2,0.5
65,21.0,5,"1626166,1610612760",6,1,13.0,0.0,0.429,0.188,0.559,0.441,0.439,0.146,0.512,0.22,0.049,0.098,0.293,1.0,0.571,0.813,1626166,Cameron Payne,OKC,1610612760,5,0.833
66,32.0,5,"2546,1610612752",5,1,24.3,0.414,1.0,0.469,0.809,0.191,0.806,0.528,0.125,0.125,0.069,0.139,0.278,0.586,0.0,0.531,2546,Carmelo Anthony,NYK,1610612752,4,0.8
67,36.0,5,"2406,1610612758",4,1,13.6,0.5,1.0,0.667,0.438,0.563,0.5,0.5,0.375,0.25,0.125,0.375,0.0,0.5,0.0,0.333,2406,Caron Butler,SAC,1610612758,3,0.75
68,33.0,5,"101112,1610612739",7,1,18.1,0.5,1.0,0.722,0.5,0.5,0.417,0.125,0.5,0.063,0.083,0.083,0.292,0.5,0.0,0.278,101112,Channing Frye,CLE,1610612739,6,0.857
69,33.0,5,"101236,1610612745",4,3,6.7,1.0,0.0,1.0,1.0,0.0,1.0,0.0,0.0,0.0,0.0,0.0,1.0,0.0,0.0,0.0,101236,Charles Hayes,HOU,1610612745,1,0.25
70,31.0,5,"101111,1610612742",6,6,17.2,0.833,1.0,0.9,0.551,0.449,0.453,0.075,0.453,0.264,0.094,0.321,0.377,0.167,0.0,0.1,101111,Charlie Villanueva,DAL,1610612742,0,0.0
71,26.0,5,"203586,1610612749",1,1,8.9,0.0,0.0,0.0,0.667,0.333,0.5,0.5,0.0,0.5,0.5,0.25,0.0,1.0,0.0,1.0,203586,Charlie Westbrook,MIL,1610612749,0,0.0
72,28.0,5,"201978,1610612756",4,1,18.7,0.5,1.0,0.7,0.417,0.583,0.462,0.154,0.462,0.308,0.077,0.308,0.308,0.5,0.0,0.3,201978,Chase Budinger,PHX,1610612756,3,0.75
73,37.0,5,"2365,1610612763",7,4,15.4,0.778,0.0,0.7,0.885,0.115,0.72,0.0,0.12,0.0,0.16,0.04,0.72,0.222,1.0,0.3,2365,Chris Andersen,MEM,1610612763,3,0.429
74,26.0,5,"203569,1610612744",6,4,11.0,0.0,1.0,0.6,0.375,0.625,0.308,0.154,0.692,0.308,0.0,0.385,0.154,1.0,0.0,0.4,203569,Chris Babb,GSW,1610612744,2,0.333
75,32.0,5,"2547,1610612748",7,3,25.7,0.538,1.0,0.625,0.667,0.333,0.542,0.292,0.188,0.0,0.271,0.146,0.25,0.462,0.0,0.375,2547,Chris Bosh,MIA,1610612748,4,0.571
76,32.0,5,"203142,1610612749",3,2,24.2,0.333,1.0,0.778,0.292,0.708,0.176,0.0,0.529,0.265,0.294,0.0,0.176,0.667,0.0,0.222,203142,Chris Copeland,MIL,1610612749,1,0.333
77,32.0,5,"202808,1610612751",5,3,13.0,0.571,1.0,0.786,0.412,0.588,0.378,0.054,0.568,0.0,0.054,0.189,0.324,0.429,0.0,0.214,202808,Chris Daniels,BKN,1610612751,2,0.4
78,29.0,5,"201604,1610612740",5,3,19.7,0.25,1.0,0.333,0.905,0.095,0.457,0.171,0.086,0.4,0.457,0.257,0.286,0.75,0.0,0.667,201604,Chris Douglas-Roberts,NOP,1610612740,2,0.4
79,30.0,5,"202419,1610612739",4,4,9.2,0.667,0.0,0.667,1.0,0.0,0.667,0.222,0.0,0.0,0.333,0.0,0.444,0.333,0.0,0.333,202419,Chris Johnson,CLE,1610612739,0,0.0
80,26.0,5,"203187,1610612762",5,4,10.9,0.6,1.0,0.667,0.563,0.438,0.769,0.154,0.231,0.154,0.0,0.462,0.615,0.4,0.0,0.333,203187,Chris Johnson,UTA,1610612762,1,0.2
81,34.0,5,"2549,1610612757",2,1,11.2,0.5,0.0,0.5,1.0,0.0,1.0,0.5,0.0,0.0,0.0,0.0,0.5,0.5,0.0,0.5,2549,Chris Kaman,POR,1610612757,1,0.5
82,31.0,5,"101108,1610612746",5,2,23.5,0.077,0.2,0.111,0.667,0.333,0.51,0.275,0.294,0.137,0.196,0.078,0.235,0.923,0.8,0.889,101108,Chris Paul,LAC,1610612746,3,0.6
83,21.0,5,"1626217,1610612745",3,1,8.3,0.75,0.0,0.75,0.938,0.063,0.941,0.235,0.0,0.118,0.059,0.0,0.706,0.25,0.0,0.25,1626217,Chris Walker,HOU,1610612745,2,0.667
84,20.0,5,"1626174,1610612755",5,3,12.6,0.667,1.0,0.692,0.759,0.241,0.774,0.065,0.097,0.065,0.129,0.129,0.71,0.333,0.0,0.308,1626174,Christian Wood,PHI,1610612755,2,0.4
85,25.0,5,"203921,1610612752",6,2,20.2,0.692,0.75,0.706,0.657,0.343,0.565,0.043,0.261,0.391,0.174,0.239,0.522,0.308,0.25,0.294,203921,Cleanthony Early,NYK,1610612752,4,0.667
86,22.0,5,"203991,1610612745",6,3,23.9,0.7,0.0,0.7,1.0,0.0,0.8,0.0,0.0,0.18,0.2,0.42,0.8,0.3,0.0,0.3,203991,Clint Capela,HOU,1610612745,3,0.5
87,23.0,5,"203469,1610612766",8,1,22.1,0.75,1.0,0.8,0.818,0.182,0.542,0.068,0.203,0.169,0.254,0.237,0.475,0.25,0.0,0.2,203469,Cody Zeller,CHA,1610612766,7,0.875
88,27.0,5,"202332,1610612746",4,3,6.0,1.0,0.0,1.0,1.0,0.0,0.4,0.0,0.0,0.0,0.6,0.4,0.4,0.0,0.0,0.0,202332,Cole Aldrich,LAC,1610612746,1,0.25
89,30.0,5,"201147,1610612745",6,4,22.8,0.727,1.0,0.786,0.661,0.339,0.512,0.07,0.209,0.186,0.279,0.14,0.442,0.273,0.0,0.214,201147,Corey Brewer,HOU,1610612745,2,0.333
90,24.0,5,"1626186,1610612748",2,0,7.0,0.0,1.0,1.0,0.0,1.0,0.0,0.0,1.0,0.0,0.0,0.5,0.0,0.0,0.0,0.0,1626186,Corey Hawkins,MIA,1610612748,2,1.0
91,23.0,5,"1626258,1610612738",4,1,6.9,0.0,0.0,0.0,0.5,0.5,1.0,0.0,0.0,1.0,0.0,1.0,1.0,1.0,0.0,1.0,1626258,Corey Walden,BOS,1610612738,3,0.75
92,27.0,5,"1626290,1610612740",3,1,7.2,0.0,0.0,0.0,1.0,0.0,1.0,0.5,0.0,0.0,0.0,0.0,0.5,1.0,0.0,1.0,1626290,Corey Webster,NOP,1610612740,2,0.667
93,25.0,5,"203928,1610612756",5,2,5.0,1.0,0.0,1.0,1.0,0.0,0.8,0.0,0.0,0.2,0.2,0.2,0.8,0.0,0.0,0.0,203928,Cory Jefferson,PHX,1610612756,3,0.6
94,24.0,5,"202709,1610612761",7,2,21.2,0.25,1.0,0.333,0.87,0.13,0.696,0.174,0.13,0.029,0.174,0.246,0.522,0.75,0.0,0.667,202709,Cory Joseph,TOR,1610612761,5,0.714
95,23.0,5,"1626262,1610612738",1,0,0.2,0.0,0.0,0.0,0.0,0.0,0.0,0.0,0.0,0.0,0.0,0.0,0.0,0.0,0.0,0.0,1626262,Coty Clarke,BOS,1610612738,1,1.0
96,30.0,5,"201584,1610612766",5,0,23.5,0.417,0.9,0.636,0.568,0.432,0.393,0.23,0.492,0.131,0.115,0.262,0.164,0.583,0.1,0.364,201584,Courtney Lee,CHA,1610612766,5,1.0
97,23.0,5,"1626245,1610612741",5,2,8.8,0.167,1.0,0.286,0.917,0.083,0.75,0.25,0.188,0.0,0.063,0.125,0.5,0.833,0.0,0.714,1626245,Cristiano Felicio,CHI,1610612741,3,0.6
98,20.0,5,"1626156,1610612747",7,4,17.0,0.5,0.4,0.471,0.614,0.386,0.5,0.167,0.313,0.146,0.188,0.375,0.333,0.5,0.6,0.529,1626156,D'Angelo Russell,LAL,1610612747,3,0.429
99,28.0,5,"201571,1610612743",5,1,18.9,0.429,1.0,0.5,0.621,0.379,0.7,0.2,0.15,0.1,0.15,0.25,0.5,0.571,0.0,0.5,201571,D.J. Augustin,DEN,1610612743,4,0.8
100,25.0,5,"203474,1610612739",4,3,7.3,1.0,1.0,1.0,0.818,0.182,0.769,0.0,0.231,0.0,0.0,0.154,0.769,0.0,0.0,0.0,203474,DJ Stephens,CLE,1610612739,1,0.25
101,28.0,5,"201969,1610612752",4,2,5.8,1.0,1.0,1.0,0.75,0.25,0.4,0.0,0.3,0.0,0.3,0.0,0.4,0.0,0.0,0.0,201969,DaJuan Summers,NYK,1610612752,2,0.5
102,35.0,5,"2563,1610612739",4,3,24.5,0.75,1.0,0.8,0.667,0.333,0.533,0.2,0.2,0.167,0.267,0.367,0.333,0.25,0.0,0.2,2563,Dahntay Jones,CLE,1610612739,1,0.25
103,25.0,5,"203081,1610612757",5,3,31.3,0.161,0.727,0.31,0.629,0.371,0.477,0.108,0.254,0.1,0.269,0.131,0.369,0.839,0.273,0.69,203081,Damian Lillard,POR,1610612757,2,0.4
104,21.0,5,"203996,1610612749",3,2,18.3,0.429,1.0,0.5,0.765,0.235,0.609,0.087,0.13,0.304,0.261,0.0,0.522,0.571,0.0,0.5,203996,Damien Inglis,MIL,1610612749,1,0.333
105,36.0,5,"2863,1610612766",3,1,17.1,0.333,0.0,0.333,0.9,0.1,0.8,0.267,0.0,0.2,0.2,0.267,0.533,0.667,0.0,0.667,2863,Damien Wilkins,CHA,1610612766,2,0.667
106,30.0,5,"204014,1610612750",7,5,17.6,0.667,1.0,0.9,0.28,0.72,0.2,0.067,0.7,0.033,0.1,0.167,0.133,0.333,0.0,0.1,204014,Damjan Rudez,MIN,1610612750,2,0.286
107,27.0,5,"201568,1610612743",5,2,25.5,0.526,1.0,0.609,0.58,0.42,0.559,0.353,0.176,0.059,0.265,0.162,0.206,0.474,0.0,0.391,201568,Danilo Gallinari,DEN,1610612743,3,0.6
108,29.0,5,"201980,1610612759",6,4,16.6,0.667,1.0,0.857,0.333,0.667,0.279,0.047,0.558,0.256,0.163,0.093,0.233,0.333,0.0,0.143,201980,Danny Green,SAS,1610612759,2,0.333
109,29.0,5,"201967,1610612740",7,4,28.5,0.429,0.667,0.5,0.571,0.429,0.467,0.0,0.3,0.233,0.233,0.067,0.467,0.571,0.333,0.5,201967,Dante Cunningham,NOP,1610612740,3,0.429
110,23.0,5,"1626276,1610612752",3,2,2.4,0.0,0.0,0.0,1.0,0.0,0.0,0.0,0.0,0.0,0.0,0.0,0.0,0.0,0.0,0.0,1626276,Darion Atkins,NYK,1610612752,1,0.333
111,28.0,5,"201589,1610612743",2,2,17.4,1.0,1.0,1.0,0.538,0.462,0.308,0.154,0.462,0.154,0.231,0.154,0.154,0.0,0.0,0.0,201589,Darrell Arthur,DEN,1610612743,0,0.0
112,28.0,5,"201954,1610612758",6,1,26.5,0.273,1.0,0.448,0.704,0.296,0.478,0.152,0.228,0.141,0.293,0.217,0.326,0.727,0.0,0.552,201954,Darren Collison,SAC,1610612758,5,0.833
113,23.0,5,"1626199,1610612765",3,0,7.5,0.0,1.0,1.0,0.167,0.833,0.0,0.0,0.6,0.2,0.4,0.0,0.0,0.0,0.0,0.0,1626199,Darrun Hilliard,DET,1610612765,3,1.0
114,33.0,5,"101135,1610612742",5,1,20.0,0.75,0.0,0.75,1.0,0.0,0.821,0.051,0.0,0.179,0.179,0.051,0.769,0.25,0.0,0.25,101135,David Lee,DAL,1610612742,4,0.8
115,25.0,5,"204065,1610612758",3,0,5.2,1.0,0.0,1.0,0.857,0.143,0.5,0.5,0.0,0.0,0.5,0.5,0.0,0.0,0.0,0.0,204065,David Stockton,SAC,1610612758,3,1.0
116,35.0,5,"2561,1610612759",6,4,17.3,0.714,0.0,0.714,1.0,0.0,0.848,0.303,0.0,0.061,0.152,0.0,0.545,0.286,0.0,0.286,2561,David West,SAS,1610612759,2,0.333
117,27.0,5,"201599,1610612746",6,3,25.9,0.895,0.0,0.895,1.0,0.0,0.792,0.0,0.0,0.271,0.208,0.375,0.792,0.105,0.0,0.105,201599,DeAndre Jordan,LAC,1610612746,3,0.5
118,27.0,5,"201971,1610612764",3,0,16.4,0.706,0.0,0.706,1.0,0.0,0.872,0.103,0.0,0.051,0.128,0.0,0.769,0.294,0.0,0.294,201971,DeJuan Blair,WAS,1610612764,3,1.0
119,26.0,5,"201942,1610612761",6,2,24.8,0.353,0.0,0.353,0.847,0.153,0.596,0.246,0.0,0.158,0.404,0.211,0.351,0.647,0.0,0.647,201942,DeMar DeRozan,TOR,1610612761,4,0.667
120,25.0,5,"202326,1610612758",5,1,23.8,0.423,1.0,0.444,0.826,0.174,0.584,0.09,0.034,0.067,0.382,0.157,0.494,0.577,0.0,0.556,202326,DeMarcus Cousins,SAC,1610612758,4,0.8
121,29.0,5,"201960,1610612761",7,2,24.4,0.667,1.0,0.808,0.547,0.453,0.38,0.101,0.418,0.165,0.203,0.278,0.278,0.333,0.0,0.192,201960,DeMarre Carroll,TOR,1610612761,5,0.714
122,26.0,5,"203199,1610612737",4,1,4.6,0.667,0.0,0.667,1.0,0.0,0.545,0.182,0.0,0.545,0.455,0.364,0.364,0.333,0.0,0.333,203199,DeQuan Jones,ATL,1610612737,3,0.75
123,24.0,5,"1626153,1610612761",7,2,10.3,0.571,1.0,0.667,0.773,0.227,0.667,0.0,0.286,0.19,0.048,0.095,0.667,0.429,0.0,0.333,1626153,Delon Wright,TOR,1610612761,5,0.714
124,22.0,5,"203471,1610612737",6,2,17.3,0.091,0.75,0.267,0.733,0.267,0.44,0.0,0.24,0.28,0.32,0.3,0.44,0.909,0.25,0.733,203471,Dennis Schroder,ATL,1610612737,4,0.667
125,23.0,5,"1626269,1610612745",4,2,11.5,0.2,1.0,0.556,0.519,0.481,0.333,0.0,0.4,0.033,0.267,0.2,0.333,0.8,0.0,0.444,1626269,Denzel Livingston,HOU,1610612745,2,0.5
126,32.0,5,"101114,1610612742",1,1,15.5,0.0,0.0,0.0,0.5,0.5,0.333,0.0,0.0,0.0,0.667,0.333,0.333,1.0,0.0,1.0,101114,Deron Williams,DAL,1610612742,0,0.0
127,24.0,5,"202324,1610612762",5,3,25.9,0.636,0.0,0.636,1.0,0.0,0.772,0.211,0.0,0.105,0.228,0.088,0.561,0.364,0.0,0.364,202324,Derrick Favors,UTA,1610612762,2,0.4
128,27.0,5,"201565,1610612741",1,0,10.3,0.0,0.0,0.0,0.833,0.167,1.0,0.25,0.0,0.25,0.0,0.25,0.75,1.0,0.0,1.0,201565,Derrick Rose,CHI,1610612741,1,1.0
129,25.0,5,"202682,1610612752",6,2,21.2,0.792,1.0,0.853,0.617,0.383,0.495,0.144,0.309,0.268,0.196,0.216,0.351,0.208,0.0,0.147,202682,Derrick Williams,NYK,1610612752,4,0.667
130,24.0,5,"203472,1610612759",2,2,14.7,1.0,0.0,1.0,0.556,0.444,0.444,0.0,0.0,0.333,0.556,0.0,0.444,0.0,0.0,0.0,203472,Deshaun Thomas,SAS,1610612759,0,0.0
131,19.0,5,"1626164,1610612756",6,2,17.6,0.667,1.0,0.778,0.702,0.298,0.471,0.235,0.353,0.275,0.176,0.078,0.235,0.333,0.0,0.222,1626164,Devin Booker,PHX,1610612756,4,0.667
132,33.0,5,"2734,1610612742",6,6,17.0,0.545,1.0,0.667,0.568,0.432,0.564,0.051,0.308,0.41,0.128,0.256,0.513,0.455,0.0,0.333,2734,Devin Harris,DAL,1610612742,0,0.0
133,28.0,5,"202464,1610612743",4,2,3.3,0.5,0.0,0.5,0.333,0.667,0.8,0.4,0.0,0.4,0.2,0.4,0.4,0.5,0.0,0.5,202464,Devin Sweetney,DEN,1610612743,2,0.5
134,23.0,5,"203906,1610612753",7,2,19.0,0.167,0.857,0.421,0.471,0.529,0.414,0.172,0.362,0.034,0.224,0.155,0.241,0.833,0.143,0.579,203906,Devyn Marble,ORL,1610612753,5,0.714
135,26.0,5,"203473,1610612753",7,2,15.5,0.556,0.0,0.556,1.0,0.0,0.667,0.074,0.0,0.074,0.333,0.185,0.593,0.444,0.0,0.444,203473,Dewayne Dedmon,ORL,1610612753,5,0.714
136,24.0,5,"1626190,1610612760",1,0,4.6,0.0,0.0,0.0,0.0,1.0,0.0,0.0,0.0,1.0,1.0,0.0,0.0,0.0,0.0,0.0,1626190,Dez Wells,OKC,1610612760,1,1.0
137,24.0,5,"203079,1610612760",6,1,20.9,0.238,0.875,0.414,0.672,0.328,0.538,0.282,0.308,0.179,0.154,0.218,0.256,0.762,0.125,0.586,203079,Dion Waiters,OKC,1610612760,5,0.833
138,29.0,5,"202091,1610612739",4,3,19.9,0.667,1.0,0.75,0.625,0.375,0.444,0.074,0.222,0.148,0.333,0.074,0.37,0.333,0.0,0.25,202091,Dionte Christmas,CLE,1610612739,1,0.25
139,38.0,5,"1717,1610612742",3,3,22.7,0.778,1.0,0.857,0.69,0.31,0.474,0.316,0.395,0.053,0.132,0.263,0.158,0.222,0.0,0.143,1717,Dirk Nowitzki,DAL,1610612742,0,0.0
140,28.0,5,"202388,1610612751",3,2,21.5,0.0,1.0,0.25,0.75,0.25,0.273,0.091,0.136,0.136,0.591,0.091,0.182,1.0,0.0,0.75,202388,Donald Sloan,BKN,1610612751,1,0.333
141,24.0,5,"203926,1610612741",8,4,28.4,0.6,0.944,0.788,0.41,0.59,0.323,0.086,0.581,0.226,0.097,0.118,0.237,0.4,0.056,0.212,203926,Doug McDermott,CHI,1610612741,4,0.5
142,26.0,5,"203110,1610612744",7,4,21.1,0.643,1.0,0.706,0.755,0.245,0.509,0.109,0.164,0.2,0.327,0.127,0.4,0.357,0.0,0.294,203110,Draymond Green,GSW,1610612744,3,0.429
143,34.0,5,"2400,1610612764",6,2,17.6,0.5,1.0,0.824,0.3,0.7,0.25,0.167,0.688,0.042,0.063,0.083,0.083,0.5,0.0,0.176,2400,Drew Gooden,WAS,1610612764,4,0.667
144,24.0,5,"1626251,1610612758",1,0,8.5,0.0,1.0,1.0,0.0,1.0,0.0,0.0,1.0,0.0,0.0,0.0,0.0,0.0,0.0,0.0,1626251,Duje Dukan,SAC,1610612758,1,1.0
145,30.0,5,"2730,1610612745",1,1,23.3,0.0,0.0,0.0,1.0,0.0,0.8,0.0,0.0,0.0,0.2,0.2,0.8,1.0,0.0,1.0,2730,Dwight Howard,HOU,1610612745,0,0.0
146,24.0,5,"203939,1610612742",3,3,22.9,1.0,0.0,1.0,0.864,0.136,0.424,0.182,0.0,0.121,0.576,0.03,0.242,0.0,0.0,0.0,203939,Dwight Powell,DAL,1610612742,0,0.0
147,34.0,5,"2548,1610612748",7,3,22.4,0.364,1.0,0.417,0.896,0.104,0.62,0.254,0.085,0.099,0.296,0.085,0.366,0.636,0.0,0.583,2548,Dwyane Wade,MIA,1610612748,4,0.571
148,27.0,5,"202734,1610612741",8,4,25.0,0.267,1.0,0.421,0.718,0.282,0.69,0.253,0.276,0.149,0.034,0.103,0.437,0.733,0.0,0.579,202734,E'Twaun Moore,CHI,1610612741,4,0.5
149,34.0,5,"2853,1610612737",4,1,7.1,1.0,1.0,1.0,0.625,0.375,0.667,0.444,0.333,0.222,0.0,0.0,0.222,0.0,0.0,0.0,2853,Earl Barron,ATL,1610612737,3,0.75
150,27.0,5,"202334,1610612757",7,4,22.4,0.533,0.0,0.533,1.0,0.0,0.732,0.0,0.0,0.073,0.268,0.122,0.732,0.467,0.0,0.467,202334,Ed Davis,POR,1610612757,3,0.429
151,28.0,5,"1626293,1610612737",1,0,2.2,0.0,0.0,0.0,0.0,0.0,0.0,0.0,0.0,0.0,0.0,0.0,0.0,0.0,0.0,0.0,1626293,Edgar Sosa,ATL,1610612737,1,1.0
152,22.0,5,"203901,1610612753",3,2,21.2,0.125,0.0,0.125,0.905,0.095,1.0,0.0,0.0,0.375,0.0,0.125,1.0,0.875,0.0,0.875,203901,Elfrid Payton,ORL,1610612753,1,0.333
153,28.0,5,"202407,1610612762",7,4,16.5,0.333,1.0,0.429,0.632,0.368,0.353,0.118,0.088,0.265,0.559,0.265,0.235,0.667,0.0,0.571,202407,Elijah Millsap,UTA,1610612762,3,0.429
154,27.0,5,"202343,1610612763",2,1,13.0,0.5,1.0,0.75,0.6,0.4,0.364,0.182,0.545,0.273,0.091,0.0,0.182,0.5,0.0,0.25,202343,Elliot Williams,MEM,1610612763,1,0.5
155,20.0,5,"1626144,1610612743",5,2,29.1,0.095,0.5,0.185,0.781,0.219,0.56,0.187,0.24,0.16,0.2,0.173,0.373,0.905,0.5,0.815,1626144,Emmanuel Mudiay,DEN,1610612743,3,0.6
156,24.0,5,"202683,1610612760",4,0,23.0,0.625,0.0,0.625,1.0,0.0,0.774,0.0,0.0,0.21,0.226,0.177,0.774,0.375,0.0,0.375,202683,Enes Kanter,OKC,1610612760,4,1.0
157,26.0,5,"202339,1610612756",3,0,24.9,0.273,0.667,0.357,0.813,0.188,0.579,0.211,0.237,0.263,0.184,0.316,0.368,0.727,0.333,0.643,202339,Eric Bledsoe,PHX,1610612756,3,1.0
158,27.0,5,"201569,1610612740",5,3,24.6,0.375,0.75,0.563,0.468,0.532,0.258,0.065,0.387,0.161,0.355,0.323,0.194,0.625,0.25,0.438,201569,Eric Gordon,NOP,1610612740,2,0.4
159,24.0,5,"203961,1610612758",2,1,15.6,0.571,0.0,0.571,1.0,0.0,0.933,0.0,0.0,0.133,0.067,0.267,0.933,0.429,0.0,0.429,203961,Eric Moreland,SAC,1610612758,1,0.5
160,25.0,5,"203475,1610612762",5,3,18.4,0.25,1.0,0.5,0.794,0.206,0.471,0.235,0.353,0.118,0.176,0.294,0.235,0.75,0.0,0.5,203475,Erick Green,UTA,1610612762,2,0.4
161,29.0,5,"101141,1610612753",6,5,26.0,0.667,0.857,0.72,0.639,0.361,0.563,0.156,0.328,0.094,0.109,0.156,0.406,0.333,0.143,0.28,101141,Ersan Ilyasova,ORL,1610612753,1,0.167
162,23.0,5,"203095,1610612753",7,1,24.4,0.333,0.909,0.609,0.5,0.5,0.343,0.029,0.471,0.157,0.186,0.214,0.314,0.667,0.091,0.391,203095,Evan Fournier,ORL,1610612753,6,0.857
163,27.0,5,"202323,1610612738",5,1,20.9,0.313,1.0,0.353,0.838,0.162,0.744,0.372,0.07,0.047,0.186,0.116,0.372,0.688,0.0,0.647,202323,Evan Turner,BOS,1610612738,4,0.8
164,26.0,5,"203105,1610612744",7,4,16.2,0.75,0.0,0.75,1.0,0.0,0.585,0.0,0.0,0.049,0.415,0.195,0.585,0.25,0.0,0.25,203105,Festus Ezeli,GSW,1610612744,3,0.429
165,23.0,5,"1626163,1610612766",8,1,19.7,0.462,1.0,0.65,0.667,0.333,0.433,0.1,0.35,0.117,0.217,0.133,0.333,0.538,0.0,0.35,1626163,Frank Kaminsky,CHA,1610612766,7,0.875
166,24.0,5,"203128,1610612755",6,4,18.4,0.375,0.0,0.375,0.882,0.118,0.552,0.069,0.0,0.0,0.448,0.103,0.483,0.625,0.0,0.625,203128,Furkan Aldemir,PHI,1610612755,2,0.333
167,30.0,5,"202066,1610612764",3,2,18.2,0.5,1.0,0.75,0.611,0.389,0.333,0.0,0.5,0.25,0.167,0.167,0.333,0.5,0.0,0.25,202066,Garrett Temple,WAS,1610612764,1,0.333
168,21.0,5,"203914,1610612743",6,2,28.0,0.444,0.875,0.577,0.655,0.345,0.522,0.058,0.348,0.362,0.13,0.261,0.464,0.556,0.125,0.423,203914,Gary Harris,DEN,1610612743,4,0.667
169,31.0,5,"202390,1610612764",7,3,21.9,0.571,0.778,0.633,0.738,0.262,0.592,0.394,0.38,0.07,0.028,0.113,0.197,0.429,0.222,0.367,202390,Gary Neal,WAS,1610612764,4,0.571
170,30.0,5,"201588,1610612754",6,2,23.1,0.154,0.8,0.333,0.683,0.317,0.456,0.175,0.263,0.088,0.281,0.105,0.281,0.846,0.2,0.667,201588,George Hill,IND,1610612754,4,0.667
171,30.0,5,"101123,1610612748",8,4,21.8,0.559,0.933,0.673,0.647,0.353,0.479,0.225,0.317,0.162,0.204,0.169,0.254,0.441,0.067,0.327,101123,Gerald Green,MIA,1610612748,4,0.5
172,21.0,5,"203507,1610612749",5,4,25.2,0.5,1.0,0.579,0.829,0.171,0.552,0.103,0.155,0.259,0.293,0.172,0.448,0.5,0.0,0.421,203507,Giannis Antetokounmpo,MIL,1610612749,1,0.2
173,22.0,5,"203922,1610612754",6,1,23.6,0.5,0.857,0.619,0.615,0.385,0.452,0.065,0.339,0.145,0.21,0.226,0.387,0.5,0.143,0.381,203922,Glenn Robinson,IND,1610612754,5,0.833
174,30.0,5,"201609,1610612748",6,2,23.7,0.214,1.0,0.313,0.674,0.326,0.7,0.05,0.15,0.2,0.15,0.275,0.65,0.786,0.0,0.688,201609,Goran Dragic,MIA,1610612748,4,0.667
175,26.0,5,"202330,1610612762",6,3,25.8,0.4,0.8,0.56,0.627,0.373,0.385,0.128,0.385,0.244,0.231,0.218,0.256,0.6,0.2,0.44,202330,Gordon Hayward,UTA,1610612762,3,0.5
176,26.0,5,"203476,1610612750",7,5,25.3,0.839,1.0,0.848,0.948,0.052,0.697,0.337,0.067,0.09,0.236,0.146,0.36,0.161,0.0,0.152,203476,Gorgui Dieng,MIN,1610612750,2,0.286
177,26.0,5,"202328,1610612749",6,4,23.7,0.393,0.0,0.393,0.983,0.017,0.737,0.053,0.0,0.079,0.263,0.211,0.684,0.607,0.0,0.607,202328,Greg Monroe,MIL,1610612749,2,0.333
178,30.0,5,"201880,1610612753",2,0,8.3,0.0,0.0,0.0,1.0,0.0,0.0,0.0,0.0,0.0,0.0,0.0,0.0,0.0,0.0,0.0,201880,Greg Stiemsma,ORL,1610612753,2,1.0
179,23.0,5,"204222,1610612748",4,3,16.1,0.5,1.0,0.6,0.524,0.476,0.727,0.0,0.273,0.182,0.0,0.0,0.727,0.5,0.0,0.4,204222,Greg Whittington,MIA,1610612748,1,0.25
180,29.0,5,"202349,1610612749",6,4,19.0,0.375,0.5,0.429,0.447,0.553,0.457,0.114,0.514,0.114,0.029,0.143,0.343,0.625,0.5,0.571,202349,Greivis Vasquez,MIL,1610612749,2,0.333
181,24.0,5,"203084,1610612744",5,3,20.2,0.5,1.0,0.733,0.6,0.4,0.356,0.133,0.467,0.044,0.178,0.156,0.222,0.5,0.0,0.267,203084,Harrison Barnes,GSW,1610612744,2,0.4
182,27.0,5,"202355,1610612748",3,1,25.1,0.571,0.0,0.571,1.0,0.0,0.875,0.0,0.0,0.0,0.125,0.125,0.875,0.429,0.0,0.429,202355,Hassan Whiteside,MIA,1610612748,2,0.667
183,26.0,5,"203156,1610612751",6,2,4.7,0.75,0.0,0.75,1.0,0.0,0.8,0.2,0.0,0.0,0.2,0.2,0.6,0.25,0.0,0.25,203156,Henry Sims,BKN,1610612751,4,0.667
184,25.0,5,"203138,1610612755",6,4,27.2,0.6,1.0,0.818,0.392,0.608,0.313,0.156,0.563,0.172,0.125,0.281,0.156,0.4,0.0,0.182,203138,Hollis Thompson,PHI,1610612755,2,0.333
185,25.0,5,"203546,1610612744",7,4,13.1,0.5,0.8,0.6,0.692,0.308,0.488,0.146,0.366,0.146,0.146,0.22,0.341,0.5,0.2,0.4,203546,Ian Clark,GSW,1610612744,3,0.429
186,29.0,5,"101133,1610612754",6,2,20.7,0.895,0.0,0.895,1.0,0.0,0.844,0.222,0.0,0.089,0.156,0.178,0.622,0.105,0.0,0.105,101133,Ian Mahinmi,IND,1610612754,4,0.667
187,25.0,5,"203477,1610612755",5,3,28.0,0.167,0.7,0.409,0.4,0.6,0.369,0.031,0.462,0.277,0.169,0.385,0.338,0.833,0.3,0.591,203477,Isaiah Canaan,PHI,1610612755,2,0.4
188,27.0,5,"202738,1610612738",5,1,23.5,0.278,0.714,0.4,0.672,0.328,0.514,0.114,0.3,0.229,0.186,0.329,0.4,0.722,0.286,0.6,202738,Isaiah Thomas,BOS,1610612738,4,0.8
189,27.0,5,"202397,1610612755",5,2,11.5,0.0,0.0,0.0,0.913,0.087,0.727,0.0,0.0,0.091,0.273,0.0,0.727,1.0,0.0,1.0,202397,Ish Smith,PHI,1610612755,3,0.6
190,24.0,5,"1626266,1610612762",1,1,1.7,0.0,0.0,0.0,0.0,0.0,0.0,0.0,0.0,0.0,0.0,0.0,0.0,0.0,0.0,0.0,1626266,J.J. O'Brien,UTA,1610612762,0,0.0
191,30.0,5,"2747,1610612739",4,3,21.6,0.364,0.889,0.6,0.5,0.5,0.431,0.157,0.529,0.137,0.039,0.118,0.275,0.636,0.111,0.4,2747,J.R. Smith,CLE,1610612739,1,0.25
192,27.0,5,"201581,1610612764",4,2,10.5,1.0,0.0,1.0,1.0,0.0,0.444,0.0,0.0,0.0,0.556,0.222,0.444,0.0,0.0,0.0,201581,JJ Hickson,WAS,1610612764,2,0.5
193,32.0,5,"200755,1610612746",6,3,21.8,0.692,1.0,0.852,0.472,0.528,0.325,0.3,0.525,0.2,0.15,0.25,0.025,0.308,0.0,0.148,200755,JJ Redick,LAC,1610612746,3,0.5
194,22.0,5,"1626160,1610612755",5,4,10.4,0.5,0.0,0.5,0.786,0.214,0.75,0.375,0.0,0.188,0.25,0.188,0.375,0.5,0.0,0.5,1626160,JP Tokoto,PHI,1610612755,1,0.2
195,23.0,5,"203960,1610612743",6,4,18.9,0.5,1.0,0.545,0.733,0.267,0.5,0.0,0.075,0.375,0.425,0.3,0.5,0.5,0.0,0.455,203960,JaKarr Sampson,DEN,1610612743,2,0.333
196,26.0,5,"203210,1610612763",6,1,14.1,0.643,1.0,0.667,0.929,0.071,0.8,0.171,0.086,0.114,0.114,0.229,0.629,0.357,0.0,0.333,203210,JaMychal Green,MEM,1610612763,5,0.833
197,23.0,5,"203913,1610612747",6,3,14.3,0.571,1.0,0.667,0.625,0.375,0.389,0.222,0.167,0.361,0.444,0.472,0.167,0.429,0.0,0.333,203913,Jabari Brown,LAL,1610612747,3,0.5
198,25.0,5,"204022,1610612739",4,2,7.7,0.333,0.0,0.333,0.857,0.143,0.545,0.0,0.0,0.0,0.455,0.0,0.545,0.667,0.0,0.667,204022,Jack Cooley,CLE,1610612739,2,0.5
199,25.0,5,"203109,1610612738",6,1,19.7,0.889,0.6,0.786,0.654,0.346,0.36,0.08,0.3,0.22,0.34,0.12,0.28,0.111,0.4,0.214,203109,Jae Crowder,BOS,1610612738,5,0.833
200,20.0,5,"1626143,1610612755",5,3,20.9,0.636,0.0,0.636,1.0,0.0,0.846,0.154,0.0,0.038,0.154,0.25,0.692,0.364,0.0,0.364,1626143,Jahlil Okafor,PHI,1610612755,2,0.4
201,29.0,5,"202815,1610612741",1,0,1.4,0.0,0.0,0.0,0.0,0.0,0.0,0.0,0.0,0.0,0.0,0.0,0.0,0.0,0.0,0.0,202815,Jake Anderson,CHI,1610612741,1,1.0
202,23.0,5,"1626294,1610612764",3,1,6.9,0.75,0.0,0.75,1.0,0.0,0.8,0.0,0.0,0.0,0.2,0.2,0.8,0.25,0.0,0.25,1626294,Jaleel Roberts,WAS,1610612764,2,0.667
203,36.0,5,"2037,1610612746",5,3,20.5,0.286,0.5,0.313,0.706,0.294,0.596,0.511,0.128,0.085,0.277,0.085,0.085,0.714,0.5,0.688,2037,Jamal Crawford,LAC,1610612746,2,0.4
204,34.0,5,"2749,1610612743",5,1,19.9,0.3,0.429,0.353,0.579,0.421,0.426,0.34,0.447,0.213,0.128,0.255,0.085,0.7,0.571,0.647,2749,Jameer Nelson,DEN,1610612743,4,0.8
205,27.0,5,"202341,1610612758",5,1,19.3,0.667,0.75,0.714,0.524,0.476,0.316,0.0,0.632,0.158,0.053,0.263,0.316,0.333,0.25,0.286,202341,James Anderson,SAC,1610612758,4,0.8
206,25.0,5,"203516,1610612740",6,3,15.1,0.5,1.0,0.588,0.694,0.306,0.622,0.0,0.2,0.244,0.178,0.289,0.622,0.5,0.0,0.412,203516,James Ennis,NOP,1610612740,3,0.5
207,26.0,5,"201935,1610612745",6,4,23.7,0.19,0.667,0.364,0.535,0.465,0.42,0.18,0.36,0.17,0.22,0.1,0.24,0.81,0.333,0.636,201935,James Harden,HOU,1610612745,2,0.333
208,29.0,5,"201949,1610612761",3,1,10.0,0.2,1.0,0.333,0.778,0.222,0.769,0.0,0.231,0.0,0.0,0.0,0.769,0.8,0.0,0.667,201949,James Johnson,TOR,1610612761,2,0.667
209,35.0,5,"2592,1610612739",7,6,19.8,1.0,1.0,1.0,0.186,0.814,0.125,0.125,0.688,0.0,0.188,0.167,0.0,0.0,0.0,0.0,2592,James Jones,CLE,1610612739,1,0.143
210,23.0,5,"203949,1610612744",7,4,13.2,0.786,0.0,0.786,1.0,0.0,0.757,0.0,0.0,0.243,0.243,0.189,0.757,0.214,0.0,0.214,203949,James Michael McAdoo,GSW,1610612744,3,0.429
211,20.0,5,"203923,1610612738",7,1,13.7,1.0,1.0,1.0,0.375,0.625,0.129,0.065,0.677,0.161,0.194,0.226,0.065,0.0,0.0,0.0,203923,James Young,BOS,1610612738,6,0.857
212,25.0,5,"203966,1610612742",7,7,17.5,0.667,1.0,0.8,0.5,0.5,0.353,0.0,0.353,0.118,0.294,0.529,0.353,0.333,0.0,0.2,203966,Jamil Wilson,DAL,1610612742,0,0.0
213,25.0,5,"203099,1610612749",7,6,25.3,0.353,1.0,0.476,0.69,0.31,0.391,0.046,0.138,0.195,0.471,0.126,0.345,0.647,0.0,0.524,203099,Jared Cunningham,MIL,1610612749,1,0.143
214,30.0,5,"201162,1610612764",2,2,13.4,1.0,1.0,1.0,0.5,0.5,0.333,0.0,0.5,0.5,0.167,0.333,0.333,0.0,0.0,0.0,201162,Jared Dudley,WAS,1610612764,0,0.0
215,24.0,5,"203096,1610612738",7,1,15.7,0.55,1.0,0.571,0.907,0.093,0.741,0.185,0.056,0.056,0.204,0.074,0.556,0.45,0.0,0.429,203096,Jared Sullinger,BOS,1610612738,6,0.857
216,24.0,5,"204067,1610612764",3,1,10.7,1.0,1.0,1.0,0.231,0.769,0.308,0.154,0.231,0.385,0.462,0.231,0.154,0.0,0.0,0.0,204067,Jarell Eddie,WAS,1610612764,2,0.667
217,22.0,5,"203950,1610612748",6,1,15.4,0.357,0.0,0.357,1.0,0.0,0.778,0.222,0.0,0.028,0.222,0.167,0.556,0.643,0.0,0.643,203950,Jarnell Stokes,MIA,1610612748,5,0.833
218,24.0,5,"204189,1610612764",6,2,4.7,0.75,0.0,0.75,0.636,0.364,0.667,0.0,0.0,0.5,0.333,0.25,0.667,0.25,0.0,0.25,204189,Jaron Johnson,WAS,1610612764,4,0.667
219,32.0,5,"101127,1610612751",4,3,20.0,0.1,1.0,0.25,0.8,0.2,0.435,0.217,0.13,0.174,0.435,0.196,0.217,0.9,0.0,0.75,101127,Jarrett Jack,BKN,1610612751,1,0.25
220,27.0,5,"202820,1610612742",5,5,9.6,0.6,0.0,0.6,1.0,0.0,1.0,0.2,0.0,0.0,0.0,0.4,0.8,0.4,0.0,0.4,202820,Jarrid Famous,DAL,1610612742,0,0.0
221,30.0,5,"201160,1610612753",7,1,17.2,0.933,0.0,0.933,0.946,0.054,0.789,0.632,0.0,0.053,0.211,0.105,0.158,0.067,0.0,0.067,201160,Jason Smith,ORL,1610612753,6,0.857
222,38.0,5,"1891,1610612745",4,1,14.4,0.5,0.667,0.6,0.235,0.765,0.286,0.286,0.643,0.0,0.071,0.214,0.0,0.5,0.333,0.4,1891,Jason Terry,HOU,1610612745,3,0.75
223,29.0,5,"201574,1610612761",6,4,13.0,0.556,0.0,0.556,0.929,0.071,0.783,0.087,0.0,0.0,0.217,0.174,0.696,0.444,0.0,0.444,201574,Jason Thompson,TOR,1610612761,2,0.333
224,26.0,5,"1626279,1610612766",4,1,4.6,0.0,0.0,0.0,1.0,0.0,0.0,0.0,0.0,0.0,0.0,0.0,0.0,0.0,0.0,0.0,1626279,Jason Washburn,CHA,1610612766,3,0.75
225,30.0,5,"202399,1610612740",4,3,17.7,1.0,0.0,1.0,1.0,0.0,0.455,0.0,0.0,0.0,0.545,0.091,0.455,0.0,0.0,0.0,202399,Jeff Adrien,NOP,1610612740,1,0.25
226,29.0,5,"201145,1610612746",6,1,24.1,0.2,0.5,0.313,0.6,0.4,0.345,0.103,0.31,0.069,0.345,0.328,0.241,0.8,0.5,0.688,201145,Jeff Green,LAC,1610612746,5,0.833
227,28.0,5,"201952,1610612737",5,2,24.7,0.077,0.8,0.278,0.636,0.364,0.481,0.148,0.278,0.426,0.241,0.148,0.333,0.923,0.2,0.722,201952,Jeff Teague,ATL,1610612737,3,0.6
228,26.0,5,"203481,1610612762",7,4,11.4,0.778,0.0,0.778,1.0,0.0,0.6,0.067,0.0,0.0,0.4,0.067,0.533,0.222,0.0,0.222,203481,Jeff Withey,UTA,1610612762,3,0.429
229,22.0,5,"203924,1610612755",6,4,24.5,0.643,1.0,0.737,0.583,0.417,0.452,0.065,0.242,0.129,0.306,0.081,0.387,0.357,0.0,0.263,203924,Jerami Grant,PHI,1610612755,2,0.333
230,28.0,5,"202379,1610612742",7,7,19.4,0.9,1.0,0.917,0.545,0.455,0.69,0.0,0.207,0.207,0.103,0.138,0.69,0.1,0.0,0.083,202379,Jeremy Evans,DAL,1610612742,0,0.0
231,24.0,5,"203087,1610612766",6,0,20.1,0.25,1.0,0.471,0.682,0.318,0.471,0.196,0.294,0.039,0.235,0.216,0.275,0.75,0.0,0.529,203087,Jeremy Lamb,CHA,1610612766,6,1.0
232,27.0,5,"202391,1610612766",6,0,25.2,0.364,0.5,0.4,0.679,0.321,0.478,0.283,0.261,0.098,0.261,0.217,0.196,0.636,0.5,0.6,202391,Jeremy Lin,CHA,1610612766,6,1.0
233,25.0,5,"202719,1610612745",2,1,14.5,1.0,0.0,1.0,0.875,0.125,1.0,1.0,0.0,0.0,0.0,0.0,0.0,0.0,0.0,0.0,202719,Jeremy Tyler,HOU,1610612745,1,0.5
234,23.0,5,"1626170,1610612752",6,2,23.2,0.286,0.0,0.286,0.9,0.1,0.7,0.05,0.0,0.25,0.3,0.075,0.65,0.714,0.0,0.714,1626170,Jerian Grant,NYK,1610612752,4,0.667
235,27.0,5,"201573,1610612749",5,3,19.7,0.444,0.75,0.538,0.7,0.3,0.419,0.093,0.279,0.047,0.302,0.209,0.326,0.556,0.25,0.462,201573,Jerryd Bayless,MIL,1610612749,2,0.4
236,27.0,5,"202690,1610612752",2,2,13.2,0.0,0.0,0.0,0.7,0.3,1.0,0.5,0.0,0.0,0.0,0.5,0.5,1.0,0.0,1.0,202690,Jimmer Fredette,NYK,1610612752,0,0.0
237,26.0,5,"202710,1610612741",8,4,27.4,0.393,1.0,0.433,0.833,0.167,0.651,0.256,0.07,0.186,0.279,0.221,0.395,0.607,0.0,0.567,202710,Jimmy Butler,CHI,1610612741,4,0.5
238,31.0,5,"201149,1610612741",6,3,21.0,0.545,0.0,0.545,1.0,0.0,0.611,0.0,0.0,0.056,0.389,0.111,0.611,0.455,0.0,0.455,201149,Joakim Noah,CHI,1610612741,3,0.5
239,28.0,5,"201975,1610612765",7,5,22.0,0.733,0.75,0.739,0.566,0.434,0.448,0.209,0.358,0.09,0.194,0.134,0.239,0.267,0.25,0.261,201975,Jodie Meeks,DET,1610612765,2,0.286
240,24.0,5,"203925,1610612739",7,6,19.0,0.667,1.0,0.8,0.444,0.556,0.439,0.146,0.439,0.22,0.122,0.39,0.293,0.333,0.0,0.2,203925,Joe Harris,CLE,1610612739,1,0.143
241,28.0,5,"204060,1610612762",6,3,17.8,0.5,0.667,0.6,0.25,0.75,0.3,0.0,0.675,0.1,0.025,0.1,0.3,0.5,0.333,0.4,204060,Joe Ingles,UTA,1610612762,3,0.5
242,34.0,5,"2207,1610612748",4,3,26.6,0.375,1.0,0.444,0.692,0.308,0.457,0.286,0.086,0.0,0.457,0.343,0.171,0.625,0.0,0.556,2207,Joe Johnson,MIA,1610612748,1,0.25
243,24.0,5,"1626202,1610612754",6,2,20.0,0.071,1.0,0.235,0.652,0.348,0.56,0.2,0.18,0.24,0.26,0.16,0.36,0.929,0.0,0.765,1626202,Joe Young,IND,1610612754,4,0.667
244,33.0,5,"201202,1610612765",5,3,18.3,0.75,0.0,0.75,1.0,0.0,0.727,0.0,0.0,0.0,0.273,0.0,0.727,0.25,0.0,0.25,201202,Joel Anthony,DET,1610612765,2,0.4
245,24.0,5,"203530,1610612743",6,2,25.2,0.724,1.0,0.75,0.889,0.111,0.725,0.075,0.113,0.05,0.163,0.188,0.65,0.276,0.0,0.25,203530,Joffrey Lauvergne,DEN,1610612743,4,0.667
246,25.0,5,"203089,1610612749",6,4,14.3,0.727,0.0,0.727,1.0,0.0,0.815,0.037,0.0,0.074,0.185,0.074,0.778,0.273,0.0,0.273,203089,John Henson,MIL,1610612749,2,0.333
247,25.0,5,"203098,1610612756",7,7,28.5,0.6,0.538,0.583,0.57,0.43,0.507,0.246,0.283,0.152,0.21,0.159,0.261,0.4,0.462,0.417,203098,John Jenkins,PHX,1610612756,0,0.0
248,33.0,5,"101249,1610612748",1,1,15.8,0.0,0.0,0.0,0.5,0.5,0.0,0.0,0.0,0.0,0.0,0.0,0.0,0.0,0.0,0.0,101249,John Lucas III,MIA,1610612748,0,0.0
249,25.0,5,"202322,1610612764",6,3,22.6,0.188,0.5,0.25,0.735,0.265,0.582,0.291,0.218,0.2,0.2,0.2,0.291,0.813,0.5,0.75,202322,John Wall,WAS,1610612764,3,0.5
250,23.0,5,"203948,1610612749",6,4,16.1,0.538,0.0,0.538,1.0,0.0,0.839,0.323,0.0,0.129,0.161,0.129,0.516,0.462,0.0,0.462,203948,Johnny O'Bryant,MIL,1610612749,2,0.333
251,24.0,5,"1626281,1610612749",1,1,5.8,0.0,0.0,0.0,0.0,0.0,0.0,0.0,0.0,0.0,0.0,0.0,0.0,0.0,0.0,0.0,1626281,Jon Horford,MIL,1610612749,0,0.0
252,27.0,5,"202720,1610612756",6,2,17.0,0.769,1.0,0.842,0.636,0.364,0.456,0.105,0.316,0.035,0.228,0.211,0.351,0.231,0.0,0.158,202720,Jon Leuer,PHX,1610612756,4,0.667
253,29.0,5,"201973,1610612738",7,1,16.1,0.545,1.0,0.615,0.742,0.258,0.55,0.05,0.15,0.075,0.3,0.25,0.5,0.455,0.0,0.385,201973,Jonas Jerebko,BOS,1610612738,6,0.857
254,24.0,5,"202685,1610612761",7,2,20.2,0.5,0.0,0.5,1.0,0.0,0.789,0.141,0.0,0.0,0.211,0.169,0.648,0.5,0.0,0.5,202685,Jonas Valanciunas,TOR,1610612761,5,0.714
255,23.0,5,"1626182,1610612747",2,1,7.5,0.0,0.0,0.0,0.75,0.25,0.5,0.0,0.0,0.0,0.5,0.0,0.5,1.0,0.0,1.0,1626182,Jonathan Holmes,LAL,1610612747,1,0.5
256,26.0,5,"203613,1610612759",6,4,14.2,0.25,0.0,0.25,0.8,0.2,0.5,0.0,0.0,0.25,0.5,0.125,0.5,0.75,0.0,0.75,203613,Jonathon Simmons,SAS,1610612759,2,0.333
257,21.0,5,"203919,1610612763",1,1,17.2,1.0,0.0,1.0,0.625,0.375,0.889,0.667,0.0,0.222,0.111,0.0,0.222,0.0,0.0,0.0,203919,Jordan Adams,MEM,1610612763,0,0.0
258,26.0,5,"203947,1610612765",2,0,3.1,1.0,0.0,1.0,1.0,0.0,0.333,0.0,0.0,0.333,0.667,0.0,0.333,0.0,0.0,0.0,203947,Jordan Bachynski,DET,1610612765,2,1.0
259,24.0,5,"203903,1610612747",8,5,22.2,0.258,0.857,0.368,0.75,0.25,0.646,0.125,0.219,0.146,0.135,0.167,0.521,0.742,0.143,0.632,203903,Jordan Clarkson,LAL,1610612747,3,0.375
260,27.0,5,"202348,1610612741",5,3,7.3,0.0,0.0,0.0,0.611,0.389,0.25,0.25,0.563,0.0,0.188,0.0,0.0,1.0,1.0,1.0,202348,Jordan Crawford,CHI,1610612741,2,0.4
261,28.0,5,"201941,1610612754",5,1,14.2,0.308,0.0,0.308,1.0,0.0,0.839,0.387,0.0,0.0,0.161,0.194,0.452,0.692,0.0,0.692,201941,Jordan Hill,IND,1610612754,4,0.8
262,25.0,5,"203895,1610612739",7,5,19.9,0.357,0.5,0.375,0.556,0.444,0.56,0.04,0.12,0.28,0.32,0.24,0.52,0.643,0.5,0.625,203895,Jordan McRae,CLE,1610612739,2,0.286
263,21.0,5,"1626175,1610612738",7,1,9.7,0.722,0.0,0.722,1.0,0.0,0.9,0.05,0.0,0.1,0.1,0.225,0.85,0.278,0.0,0.278,1626175,Jordan Mickey,BOS,1610612738,6,0.857
264,23.0,5,"1626296,1610612753",5,2,6.1,0.0,1.0,1.0,0.5,0.5,0.0,0.0,1.0,1.0,0.0,0.0,0.0,0.0,0.0,0.0,1626296,Jordan Sibert,ORL,1610612753,3,0.6
265,27.0,5,"203268,1610612766",4,3,11.7,0.2,0.0,0.2,1.0,0.0,0.833,0.5,0.0,0.167,0.167,0.333,0.333,0.8,0.0,0.8,203268,Jorge Gutierrez,CHA,1610612766,1,0.25
266,34.0,5,"101181,1610612752",5,1,22.4,0.0,0.667,0.308,0.552,0.448,0.359,0.256,0.462,0.128,0.179,0.333,0.103,1.0,0.333,0.692,101181,Jose Calderon,NYK,1610612752,4,0.8
267,32.0,5,"200826,1610612742",6,6,18.0,0.0,0.0,0.0,0.718,0.282,0.488,0.195,0.146,0.293,0.366,0.146,0.293,1.0,1.0,1.0,200826,Jose Juan Barea,DAL,1610612742,0,0.0
268,27.0,5,"202725,1610612764",7,3,7.3,0.75,0.833,0.8,0.333,0.667,0.296,0.0,0.667,0.0,0.037,0.222,0.296,0.25,0.167,0.2,202725,Josh Harrellson,WAS,1610612764,4,0.571
269,24.0,5,"203962,1610612760",4,1,9.0,0.0,1.0,1.0,0.333,0.667,0.0,0.0,1.0,0.0,0.0,0.0,0.0,0.0,0.0,0.0,203962,Josh Huestis,OKC,1610612760,3,0.75
270,29.0,5,"201177,1610612748",5,3,14.8,1.0,1.0,1.0,0.385,0.615,0.222,0.111,0.5,0.0,0.278,0.222,0.111,0.0,0.0,0.0,201177,Josh McRoberts,MIA,1610612748,2,0.4
271,33.0,5,"2694,1610612749",4,3,5.7,0.0,0.0,0.0,1.0,0.0,0.0,0.0,0.0,0.0,0.0,0.0,0.0,0.0,0.0,0.0,2694,Josh Powell,MIL,1610612749,1,0.25
272,22.0,5,"1626196,1610612748",6,4,16.2,0.429,1.0,0.556,0.613,0.387,0.5,0.071,0.214,0.179,0.286,0.286,0.429,0.571,0.0,0.444,1626196,Josh Richardson,MIA,1610612748,2,0.333
273,30.0,5,"2746,1610612745",6,3,19.2,0.688,0.833,0.727,0.673,0.327,0.508,0.063,0.286,0.095,0.206,0.063,0.444,0.313,0.167,0.273,2746,Josh Smith,HOU,1610612745,3,0.5
274,24.0,5,"1626288,1610612745",7,4,15.8,0.318,0.0,0.318,1.0,0.0,0.978,0.0,0.0,0.0,0.022,0.178,0.978,0.682,0.0,0.682,1626288,Joshua Smith,HOU,1610612745,3,0.429
275,26.0,5,"201950,1610612740",7,4,12.9,0.091,0.286,0.167,0.6,0.4,0.4,0.073,0.382,0.036,0.218,0.109,0.327,0.909,0.714,0.833,201950,Jrue Holiday,NOP,1610612740,3,0.429
276,21.0,5,"203944,1610612747",8,5,21.3,0.432,0.0,0.432,0.987,0.013,0.813,0.022,0.0,0.11,0.187,0.209,0.791,0.568,0.0,0.568,203944,Julius Randle,LAL,1610612747,3,0.375
277,27.0,5,"202933,1610612760",1,0,4.3,0.0,0.0,0.0,0.0,0.0,0.0,0.0,0.0,0.0,0.0,0.0,0.0,0.0,0.0,0.0,202933,Julyan Stone,OKC,1610612760,1,1.0
278,22.0,5,"1626147,1610612742",7,7,24.4,0.474,1.0,0.565,0.621,0.379,0.644,0.136,0.203,0.305,0.153,0.339,0.508,0.526,0.0,0.435,1626147,Justin Anderson,DAL,1610612742,0,0.0
279,26.0,5,"202712,1610612765",6,4,19.1,0.75,1.0,0.857,0.558,0.442,0.444,0.333,0.5,0.093,0.056,0.278,0.111,0.25,0.0,0.143,202712,Justin Harper,DET,1610612765,2,0.333
280,27.0,5,"203200,1610612741",5,1,18.3,1.0,0.667,0.833,0.48,0.52,0.24,0.16,0.36,0.24,0.4,0.08,0.08,0.0,0.333,0.167,203200,Justin Holiday,CHI,1610612741,4,0.8
281,20.0,5,"1626159,1610612748",6,4,28.6,0.5,1.0,0.6,0.703,0.297,0.421,0.0,0.158,0.342,0.421,0.158,0.421,0.5,0.0,0.4,1626159,Justise Winslow,MIA,1610612748,2,0.333
282,24.0,5,"1626219,1610612744",1,0,9.8,0.0,0.0,0.0,0.0,0.0,0.0,0.0,0.0,1.0,1.0,0.0,0.0,0.0,0.0,0.0,1626219,Juwan Staten,GSW,1610612744,1,1.0
283,23.0,5,"203909,1610612745",8,5,18.4,0.429,1.0,0.579,0.632,0.368,0.389,0.028,0.208,0.194,0.403,0.167,0.361,0.571,0.0,0.421,203909,KJ McDaniels,HOU,1610612745,3,0.375
284,23.0,5,"1627292,1610612754",1,0,3.6,0.0,0.0,0.0,0.5,0.5,0.0,0.0,0.0,0.0,0.0,0.0,0.0,0.0,0.0,0.0,1627292,Kadeem Jack,IND,1610612754,1,1.0
285,20.0,5,"1626157,1610612750",7,5,23.0,0.633,0.0,0.633,0.965,0.035,0.732,0.293,0.0,0.073,0.268,0.171,0.439,0.367,0.0,0.367,1626157,Karl-Anthony Towns,MIN,1610612750,2,0.286
286,24.0,5,"202695,1610612759",6,4,23.4,0.4,0.8,0.533,0.653,0.347,0.435,0.261,0.326,0.141,0.239,0.13,0.174,0.6,0.2,0.467,202695,Kawhi Leonard,SAS,1610612759,2,0.333
287,22.0,5,"1626208,1610612759",3,2,6.3,0.0,0.0,0.0,0.75,0.25,0.0,0.0,0.0,0.0,0.0,0.0,0.0,0.0,0.0,0.0,1626208,Keifer Sykes,SAS,1610612759,1,0.333
288,24.0,5,"203951,1610612753",5,2,8.7,1.0,0.0,1.0,0.875,0.125,0.333,0.0,0.0,0.333,0.667,0.667,0.333,0.0,0.0,0.0,203951,Keith Appling,ORL,1610612753,3,0.6
289,27.0,5,"202728,1610612748",5,2,11.8,0.6,0.0,0.6,1.0,0.0,0.69,0.345,0.0,0.069,0.31,0.276,0.345,0.4,0.0,0.4,202728,Keith Benson,MIA,1610612748,3,0.6
290,25.0,5,"203482,1610612738",6,1,17.7,0.533,1.0,0.611,0.641,0.359,0.698,0.233,0.209,0.093,0.093,0.093,0.465,0.467,0.0,0.389,203482,Kelly Olynyk,BOS,1610612738,5,0.833
291,20.0,5,"1626162,1610612764",6,3,20.9,0.7,1.0,0.727,0.641,0.359,0.455,0.091,0.068,0.409,0.477,0.273,0.364,0.3,0.0,0.273,1626162,Kelly Oubre,WAS,1610612764,3,0.5
292,26.0,5,"202689,1610612766",7,1,22.5,0.217,0.875,0.387,0.667,0.333,0.489,0.234,0.255,0.17,0.255,0.138,0.255,0.783,0.125,0.613,202689,Kemba Walker,CHA,1610612766,6,0.857
293,31.0,5,"2570,1610612740",7,4,16.4,0.778,0.0,0.778,0.957,0.043,0.818,0.091,0.0,0.0,0.182,0.273,0.727,0.222,0.0,0.222,2570,Kendrick Perkins,NOP,1610612740,3,0.429
294,26.0,5,"202702,1610612743",6,2,20.2,0.714,0.0,0.714,1.0,0.0,0.764,0.145,0.0,0.109,0.236,0.164,0.618,0.286,0.0,0.286,202702,Kenneth Faried,DEN,1610612743,4,0.667
295,26.0,5,"203145,1610612737",5,2,22.2,0.667,0.8,0.706,0.677,0.323,0.462,0.077,0.288,0.212,0.25,0.231,0.385,0.333,0.2,0.294,203145,Kent Bazemore,ATL,1610612737,3,0.6
296,23.0,5,"203484,1610612765",7,5,23.8,0.583,0.75,0.667,0.519,0.481,0.358,0.119,0.537,0.209,0.104,0.343,0.239,0.417,0.25,0.333,203484,Kentavious Caldwell-Pope,DET,1610612765,2,0.286
297,27.0,5,"201142,1610612760",5,0,24.8,0.444,0.75,0.514,0.763,0.237,0.6,0.2,0.267,0.078,0.133,0.167,0.4,0.556,0.25,0.486,201142,Kevin Durant,OKC,1610612760,5,1.0
298,40.0,5,"708,1610612750",6,4,12.9,1.0,0.0,1.0,1.0,0.0,1.0,0.5,0.0,0.167,0.0,0.167,0.5,0.0,0.0,0.0,708,Kevin Garnett,MIN,1610612750,2,0.333
299,27.0,5,"201567,1610612739",2,1,17.4,0.75,1.0,0.833,0.556,0.444,0.5,0.25,0.375,0.125,0.125,0.125,0.25,0.25,0.0,0.167,201567,Kevin Love,CLE,1610612739,1,0.5
300,33.0,5,"2755,1610612759",5,4,16.0,0.385,0.5,0.4,0.732,0.268,0.51,0.235,0.118,0.118,0.373,0.176,0.275,0.615,0.5,0.6,2755,Kevin Martin,SAS,1610612759,1,0.2
301,26.0,5,"202338,1610612752",4,2,14.0,0.2,0.0,0.2,1.0,0.0,1.0,0.4,0.0,0.0,0.0,0.4,0.6,0.8,0.0,0.8,202338,Kevin Seraphin,NYK,1610612752,2,0.5
302,24.0,5,"203114,1610612749",6,4,24.0,0.48,1.0,0.552,0.717,0.283,0.685,0.411,0.164,0.082,0.151,0.137,0.274,0.52,0.0,0.448,203114,Khris Middleton,MIL,1610612749,2,0.333
303,35.0,5,"2550,1610612737",6,3,17.7,0.5,1.0,0.727,0.556,0.444,0.429,0.214,0.536,0.071,0.036,0.143,0.214,0.5,0.0,0.273,2550,Kirk Hinrich,ATL,1610612737,3,0.5
304,26.0,5,"202691,1610612744",6,3,24.2,0.818,0.889,0.839,0.629,0.371,0.454,0.227,0.278,0.093,0.268,0.186,0.227,0.182,0.111,0.161,202691,Klay Thompson,GSW,1610612744,3,0.5
305,29.0,5,"1626285,1610612750",3,3,2.7,0.0,0.0,0.0,1.0,0.0,0.0,0.0,0.0,0.0,0.0,0.0,0.0,0.0,0.0,0.0,1626285,Kleon Penn,MIN,1610612750,0,0.0
306,37.0,5,"977,1610612747",5,4,18.1,0.667,0.889,0.762,0.489,0.511,0.369,0.185,0.415,0.154,0.215,0.169,0.185,0.333,0.111,0.238,977,Kobe Bryant,LAL,1610612747,1,0.2
307,27.0,5,"201585,1610612758",5,0,24.1,0.737,0.0,0.737,1.0,0.0,0.905,0.0,0.0,0.048,0.095,0.095,0.905,0.263,0.0,0.263,201585,Kosta Koufos,SAC,1610612758,5,1.0
308,31.0,5,"2743,1610612737",7,3,24.7,0.5,1.0,0.75,0.481,0.519,0.299,0.06,0.448,0.09,0.254,0.373,0.239,0.5,0.0,0.25,2743,Kris Humphries,ATL,1610612737,4,0.571
309,20.0,5,"204001,1610612752",4,2,19.4,0.5,1.0,0.615,0.771,0.229,0.667,0.333,0.3,0.0,0.033,0.067,0.333,0.5,0.0,0.385,204001,Kristaps Porzingis,NYK,1610612752,2,0.5
310,22.0,5,"203937,1610612759",6,4,21.0,0.692,1.0,0.714,0.906,0.094,0.703,0.378,0.081,0.216,0.216,0.135,0.324,0.308,0.0,0.286,203937,Kyle Anderson,SAS,1610612759,2,0.333
311,25.0,5,"1626271,1610612756",1,0,5.7,0.0,0.0,0.0,0.0,0.0,0.0,0.0,0.0,0.0,0.0,0.0,0.0,0.0,0.0,0.0,1626271,Kyle Casey,PHX,1610612756,1,1.0
312,35.0,5,"2594,1610612737",6,2,21.1,0.8,1.0,0.923,0.361,0.639,0.208,0.167,0.5,0.271,0.292,0.271,0.042,0.2,0.0,0.077,2594,Kyle Korver,ATL,1610612737,4,0.667
313,30.0,5,"200768,1610612761",5,0,26.2,0.2,0.643,0.382,0.6,0.4,0.364,0.073,0.382,0.136,0.255,0.218,0.291,0.8,0.357,0.618,200768,Kyle Lowry,TOR,1610612761,5,1.0
314,26.0,5,"203124,1610612752",5,1,19.9,0.706,1.0,0.722,0.879,0.121,0.708,0.167,0.063,0.042,0.229,0.083,0.542,0.294,0.0,0.278,203124,Kyle O'Quinn,NYK,1610612752,4,0.8
315,28.0,5,"202713,1610612760",5,1,10.4,1.0,1.0,1.0,0.417,0.583,0.308,0.154,0.462,0.0,0.231,0.154,0.154,0.0,0.0,0.0,202713,Kyle Singler,OKC,1610612760,4,0.8
316,30.0,5,"200746,1610612759",5,3,25.3,0.583,0.0,0.583,0.981,0.019,0.774,0.419,0.0,0.032,0.226,0.081,0.355,0.417,0.0,0.417,200746,LaMarcus Aldridge,SAS,1610612759,2,0.4
317,24.0,5,"203934,1610612737",6,2,17.2,0.333,0.833,0.583,0.567,0.433,0.316,0.105,0.474,0.237,0.211,0.105,0.211,0.667,0.167,0.417,203934,Lamar Patterson,ATL,1610612737,4,0.667
318,25.0,5,"202362,1610612763",6,3,22.3,0.364,1.0,0.417,0.75,0.25,0.786,0.286,0.107,0.143,0.107,0.214,0.5,0.636,0.0,0.583,202362,Lance Stephenson,MEM,1610612763,3,0.5
319,28.0,5,"202498,1610612752",6,2,14.3,0.5,1.0,0.667,0.579,0.421,0.333,0.167,0.25,0.167,0.417,0.333,0.167,0.5,0.0,0.333,202498,Lance Thomas,NYK,1610612752,4,0.667
320,24.0,5,"204038,1610612752",6,2,27.0,0.625,0.7,0.667,0.487,0.513,0.32,0.24,0.6,0.08,0.08,0.26,0.08,0.375,0.3,0.333,204038,Langston Galloway,NYK,1610612752,4,0.667
321,23.0,5,"1626204,1610612747",5,2,11.0,0.667,0.0,0.5,0.833,0.167,0.545,0.091,0.273,0.0,0.182,0.091,0.455,0.333,1.0,0.5,1626204,Larry Nance Jr.,LAL,1610612747,3,0.6
322,27.0,5,"202730,1610612754",7,2,18.1,0.75,0.0,0.75,1.0,0.0,0.941,0.529,0.0,0.118,0.059,0.059,0.412,0.25,0.0,0.25,202730,Lavoy Allen,IND,1610612754,5,0.714
323,25.0,5,"1626272,1610612763",6,1,14.3,0.0,0.667,0.364,0.679,0.321,0.286,0.229,0.514,0.057,0.2,0.143,0.057,1.0,0.333,0.636,1626272,Lazeric Jones,MEM,1610612763,5,0.833
324,31.0,5,"2544,1610612739",2,2,24.1,0.5,1.0,0.667,0.714,0.286,0.545,0.182,0.409,0.273,0.045,0.273,0.364,0.5,0.0,0.333,2544,LeBron James,CLE,1610612739,0,0.0
325,33.0,5,"2571,1610612744",7,4,12.3,0.5,1.0,0.56,0.783,0.217,0.698,0.159,0.143,0.222,0.159,0.333,0.54,0.5,0.0,0.44,2571,Leandro Barbosa,GSW,1610612744,3,0.429
326,23.0,5,"1626260,1610612738",2,1,0.3,0.0,0.0,0.0,1.0,0.0,0.667,0.0,0.0,0.0,0.333,0.0,0.667,1.0,0.0,1.0,1626260,Levi Randolph,BOS,1610612738,1,0.5
327,25.0,5,"203485,1610612765",5,4,13.1,0.111,0.0,0.111,0.81,0.19,0.857,0.286,0.0,0.381,0.143,0.381,0.571,0.889,0.0,0.889,203485,Lorenzo Brown,DET,1610612765,1,0.2
328,33.0,5,"200811,1610612752",3,1,13.5,0.667,0.0,0.667,1.0,0.0,0.818,0.273,0.0,0.182,0.182,0.273,0.545,0.333,0.0,0.333,200811,Lou Amundson,NYK,1610612752,2,0.667
329,29.0,5,"101150,1610612747",6,5,25.0,0.211,0.75,0.37,0.565,0.435,0.376,0.139,0.238,0.099,0.386,0.198,0.238,0.789,0.25,0.63,101150,Lou Williams,LAL,1610612747,1,0.167
330,29.0,5,"201601,1610612746",4,2,8.4,0.75,0.0,0.75,1.0,0.0,0.615,0.154,0.0,0.0,0.385,0.231,0.462,0.25,0.0,0.25,201601,Luc Mbah a Moute,LAC,1610612746,2,0.5
331,23.0,5,"1626242,1610612757",2,2,3.8,1.0,0.0,1.0,0.5,0.5,1.0,0.0,0.0,1.0,0.0,0.0,1.0,0.0,0.0,0.0,1626242,Luis Montero,POR,1610612757,0,0.0
332,36.0,5,"2449,1610612761",6,1,17.8,0.348,1.0,0.375,0.978,0.022,0.807,0.175,0.053,0.07,0.14,0.193,0.632,0.652,0.0,0.625,2449,Luis Scola,TOR,1610612761,5,0.833
333,27.0,5,"202337,1610612740",3,1,24.7,0.0,1.0,0.667,0.318,0.682,0.2,0.0,0.6,0.1,0.2,0.4,0.2,1.0,0.0,0.333,202337,Luke Babbitt,NOP,1610612740,2,0.667
334,31.0,5,"2736,1610612748",6,2,22.9,0.692,1.0,0.765,0.575,0.425,0.542,0.167,0.25,0.229,0.208,0.167,0.375,0.308,0.0,0.235,2736,Luol Deng,MIA,1610612748,4,0.667
335,23.0,5,"1626259,1610612738",1,0,0.2,0.0,0.0,0.0,0.0,0.0,0.0,0.0,0.0,0.0,0.0,0.0,0.0,0.0,0.0,0.0,1626259,Malcolm Miller,BOS,1610612738,1,1.0
336,38.0,5,"1938,1610612759",5,3,15.6,0.444,0.6,0.5,0.611,0.389,0.409,0.045,0.341,0.159,0.25,0.205,0.364,0.556,0.4,0.5,1938,Manu Ginobili,SAS,1610612759,2,0.4
337,31.0,5,"201188,1610612763",5,0,27.2,0.667,0.0,0.667,0.98,0.02,0.724,0.31,0.0,0.017,0.276,0.138,0.414,0.333,0.0,0.333,201188,Marc Gasol,MEM,1610612763,5,1.0
338,33.0,5,"1626273,1610612747",3,1,17.8,0.375,0.0,0.375,0.944,0.056,0.889,0.556,0.0,0.111,0.111,0.222,0.333,0.625,0.0,0.625,1626273,Marcelo Huertas,LAL,1610612747,2,0.667
339,32.0,5,"101162,1610612764",7,3,24.9,0.881,0.0,0.881,1.0,0.0,0.785,0.131,0.0,0.196,0.215,0.093,0.654,0.119,0.0,0.119,101162,Marcin Gortat,WAS,1610612764,4,0.571
340,30.0,5,"201158,1610612758",6,1,27.7,0.667,0.667,0.667,0.479,0.521,0.447,0.362,0.383,0.106,0.17,0.223,0.085,0.333,0.333,0.333,201158,Marco Belinelli,SAC,1610612758,5,0.833
341,30.0,5,"202068,1610612749",4,3,10.5,0.5,1.0,0.75,0.7,0.3,0.4,0.2,0.6,0.2,0.0,0.0,0.2,0.5,0.0,0.25,202068,Marcus Landry,MIL,1610612749,1,0.25
342,26.0,5,"202694,1610612765",8,5,23.6,0.276,0.75,0.378,0.747,0.253,0.586,0.364,0.242,0.141,0.172,0.273,0.222,0.724,0.25,0.622,202694,Marcus Morris,DET,1610612765,3,0.375
343,28.0,5,"204136,1610612741",2,0,1.6,0.0,0.0,0.0,0.0,0.0,0.0,0.0,0.0,0.0,0.0,0.0,0.0,0.0,0.0,0.0,204136,Marcus Simmons,CHI,1610612741,2,1.0
344,22.0,5,"203935,1610612738",5,0,24.2,0.364,1.0,0.533,0.531,0.469,0.5,0.045,0.273,0.159,0.227,0.364,0.455,0.636,0.0,0.467,203935,Marcus Smart,BOS,1610612738,5,1.0
345,29.0,5,"201977,1610612764",6,4,22.7,0.083,0.818,0.435,0.486,0.514,0.381,0.095,0.524,0.032,0.095,0.206,0.286,0.917,0.182,0.565,201977,Marcus Thornton,WAS,1610612764,2,0.333
346,30.0,5,"201596,1610612763",5,3,19.0,0.0,1.0,0.333,0.783,0.217,0.429,0.071,0.321,0.143,0.25,0.429,0.357,1.0,0.0,0.667,201596,Mario Chalmers,MEM,1610612763,2,0.4
347,21.0,5,"1626209,1610612753",8,2,21.8,0.5,1.0,0.69,0.53,0.47,0.45,0.225,0.413,0.088,0.138,0.275,0.225,0.5,0.0,0.31,1626209,Mario Hezonja,ORL,1610612753,6,0.75
348,26.0,5,"202693,1610612764",6,2,23.0,0.55,1.0,0.679,0.734,0.266,0.506,0.203,0.304,0.025,0.19,0.304,0.304,0.45,0.0,0.321,202693,Markieff Morris,WAS,1610612764,4,0.667
349,28.0,5,"201578,1610612744",7,4,15.4,0.7,1.0,0.714,0.909,0.091,0.714,0.25,0.054,0.107,0.232,0.107,0.464,0.3,0.0,0.286,201578,Marreese Speights,GSW,1610612744,3,0.429
350,25.0,5,"1626289,1610612758",1,0,2.5,0.0,0.0,0.0,0.0,1.0,0.0,0.0,0.0,0.0,0.0,0.0,0.0,0.0,0.0,0.0,1626289,Marshall Henderson,SAC,1610612758,1,1.0
351,30.0,5,"101107,1610612766",7,0,21.4,0.571,1.0,0.786,0.421,0.579,0.326,0.047,0.488,0.093,0.186,0.14,0.279,0.429,0.0,0.214,101107,Marvin Williams,CHA,1610612766,7,1.0
352,26.0,5,"203486,1610612757",7,4,21.3,0.7,0.0,0.7,1.0,0.0,0.889,0.089,0.0,0.156,0.111,0.2,0.8,0.3,0.0,0.3,203486,Mason Plumlee,POR,1610612757,3,0.429
353,36.0,5,"2440,1610612763",5,0,17.4,1.0,0.5,0.857,0.4,0.6,0.455,0.182,0.273,0.273,0.273,0.045,0.273,0.0,0.5,0.143,2440,Matt Barnes,MEM,1610612763,5,1.0
354,36.0,5,"2588,1610612759",2,2,6.1,0.0,0.0,0.0,0.0,1.0,0.0,0.0,0.0,0.0,0.0,0.0,0.0,0.0,0.0,0.0,2588,Matt Bonner,SAS,1610612759,0,0.0
355,28.0,5,"202394,1610612743",2,0,4.6,0.0,0.0,0.0,1.0,0.0,1.0,1.0,0.0,1.0,0.0,1.0,0.0,1.0,0.0,1.0,202394,Matt Janning,DEN,1610612743,2,1.0
356,25.0,5,"203521,1610612739",6,5,23.5,0.385,0.667,0.5,0.647,0.353,0.473,0.109,0.491,0.073,0.036,0.127,0.364,0.615,0.333,0.5,203521,Matthew Dellavedova,CLE,1610612739,1,0.167
357,23.0,5,"203090,1610612757",5,3,24.3,0.462,0.8,0.556,0.657,0.343,0.52,0.08,0.3,0.22,0.18,0.3,0.44,0.538,0.2,0.444,203090,Maurice Harkless,POR,1610612757,2,0.4
358,24.0,5,"1626254,1610612742",4,4,22.8,0.8,1.0,0.857,0.48,0.52,0.526,0.105,0.316,0.263,0.158,0.421,0.421,0.2,0.0,0.143,1626254,Maurice Ndour,DAL,1610612742,0,0.0
359,25.0,5,"203929,1610612753",4,1,8.0,0.6,1.0,0.667,0.769,0.231,0.714,0.143,0.214,0.0,0.071,0.214,0.571,0.4,0.0,0.333,203929,Melvin Ejim,ORL,1610612753,3,0.75
360,36.0,5,"1897,1610612747",6,3,13.7,0.4,1.0,0.5,0.591,0.409,0.455,0.0,0.136,0.0,0.409,0.227,0.455,0.6,0.0,0.5,1897,Metta World Peace,LAL,1610612747,3,0.5
361,24.0,5,"203086,1610612757",7,4,24.7,0.9,1.0,0.958,0.431,0.569,0.274,0.192,0.575,0.041,0.151,0.288,0.082,0.1,0.0,0.042,203086,Meyers Leonard,POR,1610612757,3,0.429
362,24.0,5,"203487,1610612749",5,3,22.4,0.267,0.5,0.294,0.816,0.184,0.714,0.143,0.143,0.262,0.143,0.286,0.571,0.733,0.5,0.706,203487,Michael Carter-Williams,MIL,1610612749,2,0.4
363,22.0,5,"1626187,1610612747",4,1,12.9,0.5,1.0,0.667,0.7,0.3,0.5,0.5,0.375,0.0,0.125,0.25,0.0,0.5,0.0,0.333,1626187,Michael Frazier,LAL,1610612747,3,0.75
364,23.0,5,"1626261,1610612763",1,0,8.0,0.0,0.0,0.0,0.0,0.0,0.0,0.0,0.0,0.0,0.0,0.0,0.0,0.0,0.0,0.0,1626261,Michael Holyfield,MEM,1610612763,1,1.0
365,22.0,5,"203077,1610612766",1,0,12.6,1.0,0.0,1.0,0.75,0.25,1.0,0.0,0.0,0.5,0.0,0.0,1.0,0.0,0.0,0.0,203077,Michael Kidd-Gilchrist,CHA,1610612766,1,1.0
366,24.0,5,"1626252,1610612761",1,0,4.6,0.0,0.0,0.0,1.0,0.0,0.0,0.0,0.0,0.0,0.0,0.0,0.0,0.0,0.0,0.0,1626252,Michale Kyser,TOR,1610612761,1,1.0
367,28.0,5,"201144,1610612763",5,0,23.8,0.375,0.5,0.4,0.767,0.233,0.432,0.054,0.162,0.0,0.405,0.162,0.378,0.625,0.5,0.6,201144,Mike Conley,MEM,1610612763,5,1.0
368,36.0,5,"2034,1610612743",3,1,14.7,0.0,1.0,1.0,0.0,1.0,0.0,0.0,1.0,0.333,0.0,0.333,0.0,0.0,0.0,0.0,2034,Mike Miller,DEN,1610612743,2,0.667
369,24.0,5,"203488,1610612737",6,3,16.8,0.714,1.0,0.8,0.76,0.24,0.583,0.167,0.375,0.0,0.042,0.167,0.417,0.286,0.0,0.2,203488,Mike Muscala,ATL,1610612737,3,0.5
370,27.0,5,"203118,1610612737",6,2,19.0,0.583,1.0,0.6,0.848,0.152,0.857,0.25,0.054,0.179,0.089,0.089,0.607,0.417,0.0,0.4,203118,Mike Scott,ATL,1610612737,4,0.667
371,27.0,5,"203101,1610612749",3,3,10.1,1.0,0.0,1.0,1.0,0.0,0.25,0.0,0.0,0.25,0.75,0.125,0.25,0.0,0.0,0.0,203101,Miles Plumlee,MIL,1610612749,0,0.0
372,30.0,5,"203141,1610612756",6,2,18.4,0.25,1.0,0.813,0.34,0.66,0.16,0.0,0.72,0.04,0.12,0.1,0.16,0.75,0.0,0.188,203141,Mirza Teletovic,PHX,1610612756,4,0.667
373,24.0,5,"203956,1610612760",4,1,15.1,0.7,1.0,0.75,0.913,0.087,0.69,0.069,0.207,0.207,0.103,0.207,0.621,0.3,0.0,0.25,203956,Mitch McGary,OKC,1610612760,3,0.75
374,33.0,5,"2590,1610612739",5,5,22.4,0.1,0.8,0.333,0.548,0.452,0.455,0.318,0.341,0.136,0.205,0.114,0.136,0.9,0.2,0.667,2590,Mo Williams,CLE,1610612739,0,0.0
375,30.0,5,"101145,1610612754",6,2,22.5,0.211,1.0,0.286,0.81,0.19,0.691,0.327,0.109,0.255,0.2,0.455,0.364,0.789,0.0,0.714,101145,Monta Ellis,IND,1610612754,4,0.667
376,22.0,5,"1626149,1610612745",6,4,21.6,0.563,0.0,0.563,0.96,0.04,0.762,0.048,0.0,0.31,0.238,0.238,0.714,0.438,0.0,0.438,1626149,Montrezl Harrell,HOU,1610612745,2,0.333
377,20.0,5,"1626167,1610612754",6,1,17.0,0.667,0.0,0.667,0.895,0.105,0.769,0.462,0.0,0.026,0.231,0.103,0.308,0.333,0.0,0.333,1626167,Myles Turner,IND,1610612754,5,0.833
378,32.0,5,"101126,1610612740",4,3,20.6,0.0,0.4,0.154,0.606,0.394,0.457,0.286,0.429,0.114,0.114,0.286,0.171,1.0,0.6,0.846,101126,Nate Robinson,NOP,1610612740,1,0.25
379,28.0,5,"202357,1610612750",7,5,20.4,0.333,0.909,0.706,0.351,0.649,0.226,0.0,0.623,0.038,0.151,0.226,0.226,0.667,0.091,0.294,202357,Nemanja Bjelica,MIN,1610612750,2,0.286
380,33.0,5,"2403,1610612764",3,1,15.1,0.769,0.0,0.769,1.0,0.0,0.897,0.276,0.0,0.345,0.103,0.138,0.621,0.231,0.0,0.231,2403,Nene,WAS,1610612764,2,0.667
381,22.0,5,"203457,1610612755",5,4,27.1,0.65,0.0,0.65,1.0,0.0,0.656,0.098,0.0,0.148,0.344,0.295,0.557,0.35,0.0,0.35,203457,Nerlens Noel,PHI,1610612755,1,0.2
382,35.0,5,"2555,1610612760",5,1,17.3,0.5,0.0,0.5,0.75,0.25,1.0,0.0,0.0,0.0,0.0,0.167,1.0,0.5,0.0,0.5,2555,Nick Collison,OKC,1610612760,4,0.8
383,23.0,5,"203910,1610612743",6,2,17.7,0.0,1.0,0.6,0.607,0.393,0.308,0.154,0.692,0.154,0.0,0.0,0.154,1.0,0.0,0.4,203910,Nick Johnson,DEN,1610612743,4,0.667
384,27.0,5,"1626305,1610612739",3,3,9.8,1.0,0.0,1.0,0.833,0.167,0.75,0.5,0.0,0.0,0.25,0.25,0.25,0.0,0.0,0.0,1626305,Nick Minnerath,CLE,1610612739,0,0.0
385,25.0,5,"1626287,1610612750",4,4,3.3,0.667,0.0,0.667,0.8,0.2,0.857,0.0,0.0,0.286,0.143,0.429,0.857,0.333,0.0,0.333,1626287,Nick Wiggins,MIN,1610612750,0,0.0
386,31.0,5,"201156,1610612747",8,5,21.2,0.7,0.778,0.75,0.365,0.635,0.241,0.169,0.651,0.133,0.108,0.145,0.072,0.3,0.222,0.25,201156,Nick Young,LAL,1610612747,3,0.375
387,27.0,5,"201587,1610612766",6,0,24.4,0.688,0.714,0.696,0.593,0.407,0.41,0.103,0.269,0.077,0.321,0.218,0.308,0.313,0.286,0.304,201587,Nicolas Batum,CHA,1610612766,6,1.0
388,21.0,5,"203999,1610612743",7,3,21.8,0.656,0.0,0.636,0.933,0.067,0.78,0.049,0.037,0.098,0.183,0.171,0.732,0.344,1.0,0.364,203999,Nikola Jokic,DEN,1610612743,4,0.571
389,25.0,5,"202703,1610612741",8,4,22.6,0.75,0.867,0.806,0.435,0.565,0.311,0.097,0.437,0.117,0.252,0.107,0.214,0.25,0.133,0.194,202703,Nikola Mirotic,CHI,1610612741,4,0.5
390,25.0,5,"202696,1610612753",7,1,23.9,0.568,0.0,0.568,1.0,0.0,0.846,0.192,0.0,0.019,0.154,0.279,0.654,0.432,0.0,0.432,202696,Nikola Vucevic,ORL,1610612753,6,0.857
391,23.0,5,"1626295,1610612753",5,2,8.4,0.333,0.0,0.333,1.0,0.0,1.0,0.0,0.0,0.0,0.0,0.0,1.0,0.667,0.0,0.667,1626295,Nnanna Egwu,ORL,1610612753,3,0.6
392,20.0,5,"203943,1610612757",7,4,22.6,0.368,0.0,0.368,0.86,0.14,0.844,0.089,0.0,0.089,0.156,0.089,0.756,0.632,0.0,0.632,203943,Noah Vonleh,POR,1610612757,3,0.429
393,23.0,5,"1626181,1610612761",6,2,16.3,0.375,0.0,0.375,0.78,0.22,0.8,0.25,0.0,0.375,0.2,0.45,0.55,0.625,0.0,0.625,1626181,Norman Powell,TOR,1610612761,4,0.667
394,27.0,5,"202708,1610612740",2,1,19.0,0.0,1.0,0.5,0.526,0.474,0.286,0.143,0.429,0.429,0.286,0.143,0.143,1.0,0.0,0.5,202708,Norris Cole,NOP,1610612740,1,0.5
395,28.0,5,"201564,1610612749",6,4,16.5,0.6,1.0,0.714,0.618,0.382,0.541,0.432,0.324,0.054,0.135,0.162,0.108,0.4,0.0,0.286,201564,O.J. Mayo,MIL,1610612749,2,0.333
396,30.0,5,"200762,1610612743",1,0,7.4,0.5,0.0,0.5,0.429,0.571,0.667,0.0,0.0,0.0,0.333,0.667,0.667,0.5,0.0,0.5,200762,Oleksiy Pecherov,DEN,1610612743,1,1.0
397,27.0,5,"204179,1610612757",4,3,5.9,0.667,1.0,0.75,0.417,0.583,0.667,0.0,0.333,0.556,0.0,0.444,0.667,0.333,0.0,0.25,204179,Omari Johnson,POR,1610612757,1,0.25
398,29.0,5,"201600,1610612740",1,0,10.6,1.0,0.0,1.0,1.0,0.0,0.667,0.0,0.0,0.0,0.333,0.333,0.667,0.0,0.0,0.0,201600,Omer Asik,NOP,1610612740,1,1.0
399,28.0,5,"201956,1610612758",5,1,15.9,0.583,0.667,0.6,0.771,0.229,0.667,0.0,0.25,0.222,0.083,0.056,0.667,0.417,0.333,0.4,201956,Omri Casspi,SAC,1610612758,4,0.8
400,23.0,5,"203490,1610612764",7,3,24.8,0.615,0.833,0.656,0.778,0.222,0.578,0.178,0.2,0.244,0.222,0.2,0.4,0.385,0.167,0.344,203490,Otto Porter,WAS,1610612764,4,0.571
401,23.0,5,"203798,1610612763",5,1,19.6,0.75,0.833,0.8,0.313,0.688,0.258,0.194,0.581,0.097,0.161,0.226,0.065,0.25,0.167,0.2,203798,PJ Hairston,MEM,1610612763,4,0.8
402,31.0,5,"200782,1610612756",6,2,18.5,0.5,1.0,0.75,0.5,0.5,0.267,0.133,0.4,0.067,0.333,0.067,0.133,0.5,0.0,0.25,200782,PJ Tucker,PHX,1610612756,4,0.667
403,39.0,5,"203143,1610612746",6,3,14.8,0.5,0.0,0.167,0.35,0.65,0.25,0.125,0.75,0.125,0.0,0.0,0.125,0.5,1.0,0.833,203143,Pablo Prigioni,LAC,1610612746,3,0.5
404,23.0,5,"1626192,1610612757",7,4,18.5,0.4,1.0,0.727,0.412,0.588,0.323,0.0,0.581,0.29,0.097,0.161,0.323,0.6,0.0,0.273,1626192,Pat Connaughton,POR,1610612757,3,0.429
405,27.0,5,"201976,1610612745",7,5,24.0,0.25,0.846,0.706,0.26,0.74,0.148,0.037,0.722,0.204,0.13,0.093,0.111,0.75,0.154,0.294,201976,Patrick Beverley,HOU,1610612745,2,0.286
406,27.0,5,"202335,1610612761",7,2,19.3,0.6,1.0,0.75,0.655,0.345,0.476,0.095,0.429,0.095,0.095,0.095,0.381,0.4,0.0,0.25,202335,Patrick Patterson,TOR,1610612761,5,0.714
407,27.0,5,"201988,1610612759",5,3,17.6,0.538,0.75,0.588,0.595,0.405,0.634,0.244,0.293,0.317,0.073,0.244,0.39,0.462,0.25,0.412,201988,Patty Mills,SAS,1610612759,2,0.4
408,35.0,5,"2200,1610612741",5,2,22.8,0.75,1.0,0.813,0.763,0.237,0.5,0.333,0.25,0.0,0.25,0.042,0.167,0.25,0.0,0.188,2200,Pau Gasol,CHI,1610612741,3,0.6
409,26.0,5,"202331,1610612754",7,2,24.4,0.24,0.813,0.463,0.568,0.432,0.382,0.153,0.366,0.061,0.252,0.168,0.229,0.76,0.188,0.537,202331,Paul George,IND,1610612754,5,0.714
410,31.0,5,"200794,1610612737",5,2,24.4,0.563,1.0,0.65,0.766,0.234,0.615,0.192,0.231,0.192,0.154,0.135,0.423,0.438,0.0,0.35,200794,Paul Millsap,ATL,1610612737,3,0.6
411,38.0,5,"1718,1610612746",6,3,15.7,0.25,1.0,0.727,0.429,0.571,0.222,0.111,0.583,0.083,0.194,0.083,0.111,0.75,0.0,0.273,1718,Paul Pierce,LAC,1610612746,3,0.5
412,24.0,5,"203103,1610612738",5,0,8.3,0.0,1.0,0.5,0.75,0.25,0.4,0.4,0.6,0.0,0.0,0.0,0.0,1.0,0.0,0.5,203103,Perry Jones,BOS,1610612738,5,1.0
413,25.0,5,"203515,1610612756",4,3,16.5,0.0,0.5,0.167,0.636,0.364,0.421,0.211,0.316,0.158,0.263,0.0,0.211,1.0,0.5,0.833,203515,Phil Pressey,PHX,1610612756,1,0.25
414,24.0,5,"203510,1610612755",3,3,14.3,0.0,0.0,0.0,0.571,0.429,0.333,0.333,0.0,0.333,0.667,0.0,0.0,1.0,0.0,1.0,203510,Pierre Jackson,PHI,1610612755,0,0.0
415,25.0,5,"203112,1610612758",2,0,20.2,0.5,0.0,0.5,0.625,0.375,1.0,0.0,0.0,0.5,0.0,0.5,1.0,0.5,0.0,0.5,203112,Quincy Acy,SAC,1610612758,2,1.0
416,23.0,5,"203113,1610612751",4,3,7.4,1.0,0.0,1.0,1.0,0.0,1.0,0.333,0.0,0.0,0.0,0.667,0.667,0.0,0.0,0.0,203113,Quincy Miller,BKN,1610612751,1,0.25
417,23.0,5,"1626188,1610612739",6,6,12.9,0.167,1.0,0.375,0.636,0.364,0.6,0.1,0.3,0.2,0.1,0.1,0.5,0.833,0.0,0.625,1626188,Quinn Cook,CLE,1610612739,0,0.0
418,22.0,5,"1626154,1610612738",7,1,18.9,0.8,1.0,0.909,0.417,0.583,0.323,0.065,0.581,0.226,0.097,0.161,0.258,0.2,0.0,0.091,1626154,RJ Hunter,BOS,1610612738,6,0.857
419,30.0,5,"200765,1610612758",6,1,23.0,0.333,1.0,0.429,0.643,0.357,0.706,0.294,0.176,0.088,0.118,0.206,0.412,0.667,0.0,0.571,200765,Rajon Rondo,SAC,1610612758,5,0.833
420,24.0,5,"1626176,1610612754",6,1,8.4,0.833,0.0,0.833,1.0,0.0,0.667,0.111,0.0,0.222,0.333,0.167,0.556,0.167,0.0,0.167,1626176,Rakeem Christmas,IND,1610612754,5,0.833
421,30.0,5,"201196,1610612764",7,3,20.2,0.286,1.0,0.333,0.765,0.235,0.519,0.0,0.056,0.259,0.426,0.259,0.519,0.714,0.0,0.667,201196,Ramon Sessions,WAS,1610612764,4,0.571
422,32.0,5,"200751,1610612760",3,1,18.3,0.0,0.667,0.4,0.385,0.615,0.308,0.154,0.692,0.0,0.0,0.231,0.154,1.0,0.333,0.6,200751,Randy Foye,OKC,1610612760,2,0.667
423,19.0,5,"1626173,1610612749",6,4,23.2,0.688,1.0,0.792,0.526,0.474,0.533,0.233,0.4,0.0,0.067,0.117,0.3,0.313,0.0,0.208,1626173,Rashad Vaughn,MIL,1610612749,2,0.333
424,37.0,5,"2446,1610612759",5,3,11.3,0.6,1.0,0.714,0.55,0.45,0.588,0.118,0.353,0.118,0.059,0.235,0.471,0.4,0.0,0.286,2446,Rasual Butler,SAS,1610612759,2,0.4
425,24.0,5,"203526,1610612762",7,4,17.0,0.143,1.0,0.5,0.657,0.343,0.438,0.063,0.469,0.063,0.094,0.188,0.375,0.857,0.0,0.5,203526,Raul Neto,UTA,1610612762,3,0.429
426,25.0,5,"203492,1610612763",6,4,13.4,0.125,1.0,0.417,0.655,0.345,0.533,0.133,0.4,0.133,0.067,0.3,0.4,0.875,0.0,0.583,203492,Ray McCallum,MEM,1610612763,2,0.333
427,32.0,5,"101109,1610612742",5,5,20.7,0.143,0.0,0.136,0.833,0.167,0.913,0.174,0.065,0.13,0.022,0.043,0.739,0.857,1.0,0.864,101109,Raymond Felton,DAL,1610612742,0,0.0
428,25.0,5,"203493,1610612765",6,3,19.3,0.833,1.0,0.92,0.375,0.625,0.375,0.094,0.609,0.234,0.016,0.203,0.281,0.167,0.0,0.08,203493,Reggie Bullock,DET,1610612765,3,0.5
429,26.0,5,"202704,1610612765",6,4,29.3,0.273,0.5,0.333,0.627,0.373,0.484,0.132,0.264,0.132,0.253,0.176,0.352,0.727,0.5,0.667,202704,Reggie Jackson,DET,1610612765,2,0.333
430,29.0,5,"202130,1610612759",6,4,10.8,0.5,0.8,0.714,0.25,0.75,0.174,0.087,0.652,0.0,0.174,0.261,0.087,0.5,0.2,0.286,202130,Reggie Williams,SAS,1610612759,2,0.333
431,36.0,5,"2210,1610612739",6,5,22.8,0.727,1.0,0.857,0.405,0.595,0.328,0.09,0.448,0.03,0.224,0.149,0.239,0.273,0.0,0.143,2210,Richard Jefferson,CLE,1610612739,1,0.167
432,22.0,5,"1626158,1610612755",7,5,14.6,0.833,1.0,0.9,0.643,0.357,0.429,0.071,0.429,0.0,0.143,0.107,0.357,0.167,0.0,0.1,1626158,Richaun Holmes,PHI,1610612755,2,0.286
433,25.0,5,"201937,1610612750",3,2,24.9,0.5,1.0,0.571,0.824,0.176,0.571,0.381,0.143,0.048,0.286,0.095,0.19,0.5,0.0,0.429,201937,Ricky Rubio,MIN,1610612750,1,0.333
434,25.0,5,"203496,1610612755",7,5,24.2,0.364,0.867,0.654,0.429,0.571,0.262,0.048,0.536,0.119,0.202,0.274,0.214,0.636,0.133,0.346,203496,Robert Covington,PHI,1610612755,2,0.286
435,27.0,5,"203135,1610612747",4,2,11.0,0.5,0.0,0.5,1.0,0.0,0.727,0.182,0.0,0.0,0.273,0.0,0.545,0.5,0.0,0.5,203135,Robert Sacre,LAL,1610612747,2,0.5
436,22.0,5,"1626193,1610612747",4,1,13.5,0.8,0.0,0.8,1.0,0.0,1.0,0.4,0.0,0.0,0.0,0.0,0.6,0.2,0.0,0.2,1626193,Robert Upshaw,LAL,1610612747,3,0.75
437,28.0,5,"201577,1610612752",5,1,18.2,0.538,0.0,0.538,1.0,0.0,0.765,0.353,0.0,0.059,0.235,0.176,0.412,0.462,0.0,0.462,201577,Robin Lopez,NYK,1610612752,4,0.8
438,23.0,5,"203918,1610612762",7,4,23.2,0.136,1.0,0.345,0.652,0.348,0.512,0.116,0.244,0.081,0.244,0.198,0.395,0.864,0.0,0.655,203918,Rodney Hood,UTA,1610612762,3,0.429
439,30.0,5,"201155,1610612754",6,2,18.1,0.4,1.0,0.455,0.818,0.182,0.645,0.129,0.097,0.323,0.258,0.226,0.516,0.6,0.0,0.545,201155,Rodney Stuckey,IND,1610612754,4,0.667
440,24.0,5,"204040,1610612761",3,1,7.6,0.667,0.0,0.667,1.0,0.0,0.6,0.2,0.0,0.0,0.4,0.1,0.4,0.333,0.0,0.333,204040,Ronald Roberts,TOR,1610612761,2,0.667
441,21.0,5,"1626178,1610612751",5,3,16.9,0.8,0.0,0.8,1.0,0.0,0.833,0.333,0.0,0.333,0.167,0.333,0.5,0.2,0.0,0.2,1626178,Rondae Hollis-Jefferson,BKN,1610612751,2,0.4
442,33.0,5,"101179,1610612756",3,1,21.5,0.143,0.333,0.2,0.591,0.409,0.583,0.333,0.375,0.0,0.042,0.083,0.25,0.857,0.667,0.8,101179,Ronnie Price,PHX,1610612756,2,0.667
443,29.0,5,"201579,1610612747",8,5,21.8,0.389,0.0,0.389,1.0,0.0,0.75,0.083,0.0,0.0,0.25,0.125,0.667,0.611,0.0,0.611,201579,Roy Hibbert,LAL,1610612747,3,0.375
444,29.0,5,"200752,1610612758",5,1,27.3,0.476,0.9,0.613,0.615,0.385,0.467,0.111,0.333,0.2,0.2,0.233,0.356,0.524,0.1,0.387,200752,Rudy Gay,SAC,1610612758,4,0.8
445,24.0,5,"203497,1610612762",6,3,23.2,0.8,0.0,0.8,1.0,0.0,0.75,0.0,0.0,0.175,0.25,0.275,0.75,0.2,0.0,0.2,203497,Rudy Gobert,UTA,1610612762,3,0.5
446,25.0,5,"203893,1610612763",5,1,21.7,0.083,1.0,0.154,0.789,0.211,0.522,0.043,0.065,0.196,0.413,0.13,0.478,0.917,0.0,0.846,203893,Russ Smith,MEM,1610612763,4,0.8
447,27.0,5,"201566,1610612760",5,0,25.1,0.207,0.75,0.273,0.815,0.185,0.667,0.184,0.138,0.207,0.195,0.161,0.483,0.793,0.25,0.727,201566,Russell Westbrook,OKC,1610612760,5,1.0
448,28.0,5,"201583,1610612740",7,4,24.2,0.25,1.0,0.586,0.59,0.41,0.372,0.116,0.453,0.093,0.174,0.07,0.256,0.75,0.0,0.414,201583,Ryan Anderson,NOP,1610612740,3,0.429
449,23.0,5,"1626207,1610612751",4,3,13.9,0.2,0.0,0.167,0.667,0.333,0.588,0.471,0.176,0.118,0.235,0.118,0.118,0.8,1.0,0.833,1626207,Ryan Boatright,BKN,1610612751,1,0.25
450,31.0,5,"200797,1610612763",7,1,11.5,0.6,0.0,0.6,1.0,0.0,0.789,0.105,0.0,0.053,0.211,0.132,0.684,0.4,0.0,0.4,200797,Ryan Hollins,MEM,1610612763,6,0.857
451,25.0,5,"203527,1610612747",7,4,15.8,0.75,1.0,0.813,0.765,0.235,0.462,0.077,0.231,0.115,0.308,0.212,0.385,0.25,0.0,0.188,203527,Ryan Kelly,LAL,1610612747,3,0.429
452,30.0,5,"1626257,1610612742",5,5,15.4,0.286,0.0,0.286,1.0,0.0,0.778,0.111,0.0,0.167,0.222,0.5,0.667,0.714,0.0,0.714,1626257,Salah Mejri,DAL,1610612742,0,0.0
453,22.0,5,"1626155,1610612745",8,5,18.5,0.667,1.0,0.8,0.489,0.511,0.45,0.05,0.45,0.175,0.1,0.05,0.4,0.333,0.0,0.2,1626155,Sam Dekker,HOU,1610612745,3,0.375
454,23.0,5,"1626280,1610612766",5,1,6.1,1.0,0.0,1.0,0.667,0.333,1.0,0.0,0.0,0.0,0.0,0.0,1.0,0.0,0.0,0.0,1626280,Sam Thompson,CHA,1610612766,4,0.8
455,25.0,5,"1627258,1610612763",5,1,4.8,0.0,0.0,0.0,0.5,0.5,1.0,0.0,0.0,1.0,0.0,1.0,1.0,1.0,0.0,1.0,1627258,Sampson Carter,MEM,1610612763,4,0.8
456,36.0,5,"2223,1610612742",4,4,12.8,0.875,0.0,0.875,0.933,0.067,0.889,0.333,0.0,0.0,0.111,0.222,0.556,0.125,0.0,0.125,2223,Samuel Dalembert,DAL,1610612742,0,0.0
457,31.0,5,"201619,1610612739",6,6,18.0,0.8,0.0,0.8,1.0,0.0,0.625,0.0,0.0,0.0,0.375,0.375,0.625,0.2,0.0,0.2,201619,Sasha Kaun,CLE,1610612739,0,0.0
458,32.0,5,"2756,1610612752",5,1,20.3,0.7,1.0,0.8,0.676,0.324,0.476,0.333,0.357,0.119,0.167,0.119,0.143,0.3,0.0,0.2,2756,Sasha Vujacic,NYK,1610612752,4,0.8
459,23.0,5,"203959,1610612755",5,4,17.6,0.25,0.5,0.389,0.27,0.73,0.32,0.04,0.6,0.16,0.08,0.32,0.28,0.75,0.5,0.611,203959,Scottie Wilbekin,PHI,1610612755,1,0.2
460,26.0,5,"203930,1610612751",5,3,14.2,0.667,0.667,0.667,0.457,0.543,0.462,0.154,0.346,0.154,0.192,0.25,0.308,0.333,0.333,0.333,203930,Sean Kilpatrick,BKN,1610612751,2,0.4
461,26.0,5,"201586,1610612760",5,0,25.2,0.75,1.0,0.792,0.86,0.14,0.678,0.305,0.203,0.102,0.119,0.085,0.373,0.25,0.0,0.208,201586,Serge Ibaka,OKC,1610612760,5,1.0
462,22.0,5,"203508,1610612751",3,3,18.1,0.333,1.0,0.714,0.529,0.471,0.3,0.1,0.6,0.05,0.1,0.0,0.2,0.667,0.0,0.286,203508,Sergey Karasev,BKN,1610612751,0,0.0
463,25.0,5,"203552,1610612758",3,0,9.6,0.333,0.0,0.333,0.6,0.4,0.75,0.25,0.0,0.375,0.25,0.125,0.5,0.667,0.0,0.667,203552,Seth Curry,SAC,1610612758,3,1.0
464,23.0,5,"203498,1610612750",7,5,17.6,0.667,1.0,0.762,0.722,0.278,0.417,0.0,0.25,0.083,0.333,0.222,0.417,0.333,0.0,0.238,203498,Shabazz Muhammad,MIN,1610612750,2,0.286
465,24.0,5,"203894,1610612753",6,2,18.4,0.222,0.75,0.524,0.524,0.476,0.273,0.091,0.545,0.167,0.182,0.136,0.182,0.778,0.25,0.476,203894,Shabazz Napier,ORL,1610612753,4,0.667
466,23.0,5,"203499,1610612751",5,3,24.6,0.333,0.4,0.353,0.767,0.233,0.522,0.217,0.326,0.022,0.152,0.065,0.304,0.667,0.6,0.647,203499,Shane Larkin,BKN,1610612751,2,0.4
467,23.0,5,"1626263,1610612761",2,2,7.8,0.0,0.0,0.0,1.0,0.0,1.0,0.0,0.0,1.0,0.0,0.0,1.0,1.0,0.0,1.0,1626263,Shannon Scott,TOR,1610612761,0,0.0
468,30.0,5,"2733,1610612744",6,3,16.9,0.286,0.0,0.286,1.0,0.0,0.824,0.353,0.0,0.118,0.176,0.0,0.471,0.714,0.0,0.714,2733,Shaun Livingston,GSW,1610612744,3,0.5
469,25.0,5,"203963,1610612754",7,2,7.9,0.714,1.0,0.75,0.647,0.353,0.609,0.087,0.13,0.0,0.261,0.087,0.522,0.286,0.0,0.25,203963,Shayne Whittington,IND,1610612754,5,0.714
470,26.0,5,"202714,1610612762",6,2,15.7,0.167,1.0,0.333,0.658,0.342,0.632,0.263,0.237,0.184,0.132,0.263,0.368,0.833,0.0,0.667,202714,Shelvin Mack,UTA,1610612762,4,0.667
471,25.0,5,"203524,1610612754",3,2,13.8,0.0,1.0,0.167,0.733,0.267,0.625,0.0,0.188,0.0,0.188,0.125,0.625,1.0,0.0,0.833,203524,Solomon Hill,IND,1610612754,1,0.333
472,29.0,5,"201603,1610612755",6,2,21.9,0.75,1.0,0.8,0.625,0.375,0.667,0.056,0.25,0.278,0.083,0.222,0.611,0.25,0.0,0.2,201603,Sonny Weems,PHI,1610612755,4,0.667
473,23.0,5,"203915,1610612765",8,5,20.2,0.077,1.0,0.143,0.818,0.182,0.542,0.25,0.063,0.167,0.396,0.125,0.292,0.923,0.0,0.857,203915,Spencer Dinwiddie,DET,1610612765,3,0.375
474,28.0,5,"201150,1610612766",6,0,18.9,0.667,1.0,0.75,0.69,0.31,0.615,0.256,0.308,0.0,0.077,0.0,0.359,0.333,0.0,0.25,201150,Spencer Hawes,CHA,1610612766,6,1.0
475,20.0,5,"1626169,1610612765",8,5,27.4,0.321,1.0,0.486,0.728,0.272,0.519,0.093,0.25,0.148,0.231,0.213,0.426,0.679,0.0,0.514,1626169,Stanley Johnson,DET,1610612765,3,0.375
476,31.0,5,"202513,1610612741",1,0,1.4,0.0,0.0,0.0,0.0,0.0,0.0,0.0,0.0,0.0,0.0,0.0,0.0,0.0,0.0,0.0,202513,Stefhon Hannah,CHI,1610612741,1,1.0
477,28.0,5,"201939,1610612744",6,3,23.3,0.389,0.8,0.605,0.368,0.632,0.3,0.1,0.5,0.233,0.2,0.133,0.2,0.611,0.2,0.395,201939,Stephen Curry,GSW,1610612744,3,0.5
478,36.0,5,"2581,1610612765",1,0,24.0,0.0,0.0,0.0,0.333,0.667,1.0,0.0,0.0,0.0,0.0,0.0,1.0,1.0,0.0,1.0,2581,Steve Blake,DET,1610612765,1,1.0
479,33.0,5,"200779,1610612749",6,1,7.0,1.0,1.0,1.0,0.143,0.857,0.118,0.118,0.882,0.0,0.0,0.0,0.0,0.0,0.0,0.0,200779,Steve Novak,MIL,1610612749,5,0.833
480,22.0,5,"203500,1610612760",5,1,25.5,0.789,0.0,0.789,1.0,0.0,0.745,0.0,0.0,0.0,0.255,0.196,0.745,0.211,0.0,0.211,203500,Steven Adams,OKC,1610612760,4,0.8
481,24.0,5,"204456,1610612755",5,3,22.1,0.077,1.0,0.143,0.857,0.143,0.839,0.258,0.097,0.129,0.065,0.29,0.581,0.923,0.0,0.857,204456,TJ McConnell,PHI,1610612755,2,0.4
482,22.0,5,"203933,1610612756",6,2,25.3,0.657,1.0,0.667,0.868,0.132,0.854,0.195,0.037,0.463,0.11,0.39,0.659,0.343,0.0,0.333,203933,TJ Warren,PHX,1610612756,4,0.667
483,31.0,5,"201959,1610612741",4,2,17.8,0.706,0.0,0.706,0.92,0.08,0.791,0.233,0.0,0.093,0.209,0.047,0.558,0.294,0.0,0.294,201959,Taj Gibson,CHI,1610612741,2,0.5
484,25.0,5,"204075,1610612760",4,1,5.9,0.667,0.0,0.667,1.0,0.0,0.75,0.0,0.0,0.75,0.25,0.25,0.75,0.333,0.0,0.333,204075,Talib Zanna,OKC,1610612760,3,0.75
485,24.0,5,"204028,1610612747",3,1,14.4,0.818,0.0,0.818,1.0,0.0,1.0,0.091,0.0,0.182,0.0,0.364,0.909,0.182,0.0,0.182,204028,Tarik Black,LAL,1610612747,2,0.667
486,36.0,5,"2419,1610612750",6,4,14.4,0.5,1.0,0.8,0.444,0.556,0.296,0.074,0.667,0.111,0.037,0.222,0.222,0.5,0.0,0.2,2419,Tayshaun Prince,MIN,1610612750,2,0.333
487,23.0,5,"1626189,1610612737",3,0,7.2,1.0,1.0,1.0,0.5,0.5,0.4,0.4,0.6,0.0,0.0,0.0,0.0,0.0,0.0,0.0,1626189,Terran Petteway,ATL,1610612737,3,1.0
488,24.0,5,"203093,1610612745",6,5,23.7,0.636,0.75,0.654,0.813,0.188,0.667,0.03,0.182,0.242,0.152,0.136,0.636,0.364,0.25,0.346,203093,Terrence Jones,HOU,1610612745,1,0.167
489,25.0,5,"203082,1610612761",6,1,20.1,0.5,0.667,0.6,0.571,0.429,0.276,0.069,0.621,0.172,0.103,0.103,0.207,0.5,0.333,0.4,203082,Terrence Ross,TOR,1610612761,5,0.833
490,26.0,5,"202358,1610612756",2,0,4.1,0.0,0.0,0.0,0.333,0.667,0.0,0.0,0.0,0.0,0.0,0.0,0.0,0.0,0.0,0.0,202358,Terrico White,PHX,1610612756,2,1.0
491,22.0,5,"1626179,1610612738",5,0,18.6,0.111,0.875,0.471,0.6,0.4,0.367,0.082,0.49,0.184,0.143,0.327,0.286,0.889,0.125,0.529,1626179,Terry Rozier,BOS,1610612738,5,1.0
492,32.0,5,"200757,1610612737",4,2,14.5,1.0,1.0,1.0,0.6,0.4,0.4,0.0,0.3,0.0,0.3,0.1,0.4,0.0,0.0,0.0,200757,Thabo Sefolosha,ATL,1610612737,2,0.5
493,28.0,5,"201152,1610612751",5,3,25.4,0.385,0.0,0.385,0.98,0.02,0.825,0.063,0.0,0.079,0.175,0.111,0.762,0.615,0.0,0.615,201152,Thaddeus Young,BKN,1610612751,2,0.4
494,23.0,5,"203648,1610612752",3,2,4.4,0.0,0.0,0.0,1.0,0.0,0.0,0.0,0.0,0.0,0.0,0.0,0.0,0.0,0.0,0.0,203648,Thanasis Antetokounmpo,NYK,1610612752,1,0.333
495,25.0,5,"203080,1610612751",4,3,21.5,0.563,0.0,0.563,1.0,0.0,0.889,0.056,0.0,0.167,0.111,0.167,0.833,0.438,0.0,0.438,203080,Thomas Robinson,BKN,1610612751,1,0.25
496,31.0,5,"201168,1610612737",5,1,15.9,0.2,0.0,0.2,1.0,0.0,0.556,0.111,0.0,0.222,0.444,0.389,0.444,0.8,0.0,0.8,201168,Tiago Splitter,ATL,1610612737,4,0.8
497,26.0,5,"202353,1610612762",6,3,10.2,1.0,0.0,1.0,0.833,0.167,0.571,0.0,0.0,0.0,0.429,0.0,0.571,0.0,0.0,0.0,202353,Tibor Pleiss,UTA,1610612762,3,0.5
498,40.0,5,"1495,1610612759",5,3,17.9,0.722,0.0,0.722,1.0,0.0,0.947,0.211,0.0,0.053,0.053,0.158,0.737,0.278,0.0,0.278,1495,Tim Duncan,SAS,1610612759,2,0.4
499,25.0,5,"204025,1610612740",4,2,14.7,0.0,1.0,0.667,0.5,0.5,0.2,0.0,0.6,0.1,0.2,0.1,0.2,1.0,0.0,0.333,204025,Tim Frazier,NOP,1610612740,2,0.5
500,24.0,5,"203501,1610612737",7,3,19.4,0.6,1.0,0.833,0.435,0.565,0.256,0.103,0.538,0.0,0.205,0.282,0.154,0.4,0.0,0.167,203501,Tim Hardaway Jr.,ATL,1610612737,4,0.571
501,29.0,5,"202389,1610612739",5,4,25.0,0.773,0.0,0.773,0.976,0.024,0.863,0.118,0.0,0.078,0.137,0.078,0.745,0.227,0.0,0.227,202389,Timofey Mozgov,CLE,1610612739,1,0.2
502,23.0,5,"202699,1610612765",7,2,26.0,0.636,0.75,0.649,0.846,0.154,0.717,0.174,0.13,0.185,0.152,0.12,0.543,0.364,0.25,0.351,202699,Tobias Harris,DET,1610612765,5,0.714
503,30.0,5,"201962,1610612740",5,1,11.6,0.25,0.0,0.222,0.708,0.292,0.485,0.242,0.091,0.121,0.424,0.182,0.242,0.75,1.0,0.778,201962,Toney Douglas,NOP,1610612740,4,0.8
504,34.0,5,"2754,1610612763",4,0,19.1,0.727,1.0,0.769,0.864,0.136,0.733,0.267,0.2,0.2,0.067,0.433,0.467,0.273,0.0,0.231,2754,Tony Allen,MEM,1610612763,4,1.0
505,34.0,5,"2225,1610612759",4,3,23.1,0.273,0.0,0.273,0.933,0.067,0.647,0.294,0.0,0.235,0.353,0.294,0.353,0.727,0.0,0.727,2225,Tony Parker,SAS,1610612759,1,0.25
506,24.0,5,"203503,1610612741",7,3,28.7,0.2,1.0,0.5,0.612,0.388,0.476,0.063,0.429,0.222,0.095,0.238,0.413,0.8,0.0,0.5,203503,Tony Snell,CHI,1610612741,4,0.571
507,26.0,5,"203315,1610612764",4,1,7.5,0.2,0.0,0.2,0.857,0.143,0.714,0.286,0.0,0.286,0.286,0.286,0.429,0.8,0.0,0.8,203315,Toure Murry,WAS,1610612764,3,0.75
508,23.0,5,"1626275,1610612752",2,2,7.1,0.0,0.0,0.0,0.8,0.2,1.0,1.0,0.0,0.5,0.0,0.0,0.0,1.0,0.0,1.0,1626275,Travis Trice II,NYK,1610612752,0,0.0
509,31.0,5,"201645,1610612748",2,1,13.8,0.0,0.0,0.0,0.857,0.143,0.857,0.286,0.0,0.0,0.143,0.286,0.571,1.0,0.0,1.0,201645,Tre Kelley,MIA,1610612748,1,0.5
510,22.0,5,"1626203,1610612762",2,2,9.1,0.0,0.0,0.0,0.75,0.25,0.0,0.0,0.0,0.0,1.0,1.0,0.0,0.0,0.0,0.0,1626203,Treveon Graham,UTA,1610612762,0,0.0
511,30.0,5,"2772,1610612745",6,4,26.5,0.565,0.923,0.694,0.486,0.514,0.517,0.112,0.438,0.315,0.045,0.258,0.404,0.435,0.077,0.306,2772,Trevor Ariza,HOU,1610612745,2,0.333
512,28.0,5,"202344,1610612762",7,4,16.6,0.583,1.0,0.615,0.871,0.129,0.667,0.111,0.083,0.139,0.25,0.167,0.556,0.417,0.0,0.385,202344,Trevor Booker,UTA,1610612762,3,0.429
513,23.0,5,"203504,1610612762",6,3,24.6,0.167,0.7,0.324,0.662,0.338,0.522,0.152,0.326,0.217,0.152,0.326,0.37,0.833,0.3,0.676,203504,Trey Burke,UTA,1610612762,3,0.5
514,20.0,5,"1626168,1610612762",6,3,15.5,0.714,0.0,0.714,0.879,0.121,0.875,0.188,0.0,0.125,0.125,0.25,0.688,0.286,0.0,0.286,1626168,Trey Lyles,UTA,1610612762,3,0.5
515,24.0,5,"203584,1610612766",3,1,20.4,0.6,1.0,0.778,0.409,0.591,0.385,0.308,0.462,0.115,0.154,0.115,0.077,0.4,0.0,0.222,203584,Troy Daniels,CHA,1610612766,2,0.667
516,28.0,5,"201951,1610612754",5,4,22.6,0.0,0.833,0.278,0.6,0.4,0.471,0.118,0.353,0.235,0.176,0.294,0.353,1.0,0.167,0.722,201951,Ty Lawson,IND,1610612754,1,0.2
517,30.0,5,"201946,1610612766",4,1,22.5,0.375,1.0,0.444,0.909,0.091,0.516,0.065,0.097,0.0,0.387,0.226,0.452,0.625,0.0,0.556,201946,Tyler Hansbrough,CHA,1610612766,3,0.75
518,24.0,5,"204020,1610612748",8,4,16.8,0.526,1.0,0.654,0.714,0.286,0.551,0.203,0.304,0.145,0.145,0.159,0.348,0.474,0.0,0.346,204020,Tyler Johnson,MIA,1610612748,4,0.5
519,26.0,5,"203092,1610612738",7,1,15.1,0.75,0.0,0.75,1.0,0.0,0.814,0.102,0.0,0.136,0.186,0.203,0.712,0.25,0.0,0.25,203092,Tyler Zeller,BOS,1610612738,6,0.857
520,26.0,5,"201936,1610612740",2,1,24.1,0.231,1.0,0.333,0.84,0.16,0.743,0.229,0.171,0.257,0.086,0.0,0.514,0.769,0.0,0.667,201936,Tyreke Evans,NOP,1610612740,1,0.5
521,33.0,5,"2199,1610612756",4,1,15.5,0.667,0.0,0.667,1.0,0.0,0.75,0.125,0.0,0.063,0.25,0.25,0.625,0.333,0.0,0.333,2199,Tyson Chandler,PHX,1610612756,3,0.75
522,20.0,5,"1626145,1610612750",6,4,16.3,0.0,0.8,0.4,0.538,0.462,0.294,0.059,0.441,0.059,0.265,0.059,0.235,1.0,0.2,0.6,1626145,Tyus Jones,MIN,1610612750,2,0.333
523,36.0,5,"2617,1610612748",5,2,12.8,0.5,0.0,0.5,0.818,0.182,1.0,0.5,0.0,0.0,0.0,0.167,0.5,0.5,0.0,0.5,2617,Udonis Haslem,MIA,1610612748,3,0.6
524,24.0,5,"203506,1610612753",8,2,24.2,0.429,0.889,0.567,0.651,0.349,0.519,0.123,0.333,0.37,0.148,0.358,0.395,0.571,0.111,0.433,203506,Victor Oladipo,ORL,1610612753,6,0.75
525,39.0,5,"1713,1610612763",5,1,15.2,0.8,1.0,0.889,0.414,0.586,0.435,0.261,0.522,0.0,0.043,0.0,0.174,0.2,0.0,0.111,1713,Vince Carter,MEM,1610612763,4,0.8
526,21.0,5,"1626205,1610612758",1,0,2.5,0.0,0.0,0.0,0.0,0.0,0.0,0.0,0.0,0.0,0.0,0.0,0.0,0.0,0.0,0.0,1626205,Vincent Hunter,SAC,1610612758,1,1.0
527,24.0,5,"204002,1610612737",6,2,17.1,0.765,0.0,0.765,1.0,0.0,0.773,0.091,0.0,0.136,0.227,0.159,0.682,0.235,0.0,0.235,204002,Walter Tavares,ATL,1610612737,4,0.667
528,28.0,5,"201961,1610612751",5,3,22.2,0.8,0.556,0.643,0.474,0.526,0.233,0.14,0.628,0.186,0.14,0.372,0.093,0.2,0.444,0.357,201961,Wayne Ellington,BKN,1610612751,2,0.4
529,28.0,5,"202325,1610612746",6,3,18.8,1.0,0.75,0.917,0.5,0.5,0.571,0.429,0.429,0.071,0.0,0.143,0.143,0.0,0.25,0.083,202325,Wesley Johnson,LAC,1610612746,3,0.5
530,29.0,5,"202083,1610612742",1,1,15.5,0.5,1.0,0.667,0.667,0.333,0.571,0.286,0.429,0.0,0.0,0.0,0.286,0.5,0.0,0.333,202083,Wesley Matthews,DAL,1610612742,0,0.0
531,23.0,5,"1626201,1610612752",2,2,3.6,0.0,0.0,0.0,1.0,0.0,1.0,0.0,0.0,0.0,0.0,1.0,1.0,1.0,0.0,1.0,1626201,Wesley Saunders,NYK,1610612752,0,0.0
532,25.0,5,"203115,1610612743",7,3,25.4,0.3,1.0,0.44,0.763,0.237,0.556,0.083,0.208,0.264,0.236,0.222,0.472,0.7,0.0,0.56,203115,Will Barton,DEN,1610612743,4,0.571
533,23.0,5,"1626270,1610612745",6,3,12.5,0.75,1.0,0.833,0.632,0.368,0.32,0.08,0.24,0.16,0.44,0.0,0.24,0.25,0.0,0.167,1626270,Will Cummings,HOU,1610612745,3,0.5
534,22.0,5,"1626161,1610612758",6,1,23.5,0.643,0.0,0.643,1.0,0.0,0.8,0.057,0.0,0.086,0.2,0.229,0.743,0.357,0.0,0.357,1626161,Willie Cauley-Stein,SAC,1610612758,5,0.833
535,26.0,5,"203186,1610612751",1,1,5.1,0.0,0.0,0.0,1.0,0.0,0.0,0.0,0.0,0.0,0.0,0.0,0.0,0.0,0.0,0.0,203186,Willie Reed,BKN,1610612751,0,0.0
536,29.0,5,"201163,1610612743",5,2,26.6,0.583,1.0,0.706,0.636,0.364,0.5,0.167,0.313,0.083,0.188,0.188,0.333,0.417,0.0,0.294,201163,Wilson Chandler,DEN,1610612743,3,0.6
537,33.0,5,"200821,1610612763",6,1,16.0,1.0,1.0,1.0,0.318,0.682,0.286,0.286,0.643,0.0,0.071,0.0,0.0,0.0,0.0,0.0,200821,Yakhouba Diawara,MEM,1610612763,5,0.833
538,24.0,5,"1626304,1610612759",3,3,10.0,0.5,0.0,0.5,1.0,0.0,0.4,0.2,0.0,0.3,0.6,0.6,0.2,0.5,0.0,0.5,1626304,Youssou Ndoye,SAS,1610612759,0,0.0
539,21.0,5,"203897,1610612750",7,5,23.4,0.4,1.0,0.538,0.731,0.269,0.488,0.195,0.22,0.317,0.293,0.39,0.293,0.6,0.0,0.462,203897,Zach LaVine,MIN,1610612750,2,0.286
540,34.0,5,"2216,1610612763",5,0,22.7,0.632,0.0,0.632,1.0,0.0,0.864,0.591,0.0,0.023,0.136,0.136,0.273,0.368,0.0,0.368,2216,Zach Randolph,MEM,1610612763,5,1.0
541,32.0,5,"2585,1610612742",6,6,19.4,0.667,0.0,0.667,1.0,0.0,0.638,0.255,0.0,0.085,0.362,0.085,0.383,0.333,0.0,0.333,2585,Zaza Pachulia,DAL,1610612742,0,0.0
