,AGE,AST_PCT,AST_RATIO,AST_TO,CFID,CFPARAMS,DEF_RATING,DREB_PCT,EFG_PCT,FGA,FGA_PG,FGM,FGM_PG,FG_PCT,GP,L,MIN,NET_RATING,OFF_RATING,OREB_PCT,PACE,PIE,PLAYER_ID,PLAYER_NAME,REB_PCT,TEAM_ABBREVIATION,TEAM_ID,TM_TOV_PCT,TS_PCT,USG_PCT,W,W_PCT
0,21.0,0.0,0.0,0.0,5,"1626151,1610612766",128.7,0.167,0.0,0,0.0,0,0.0,0.0,2,1,3.7,-53.7,75.0,0.0,99.76,0.0,1626151,Aaron Harrison,0.067,CHA,1610612766,0.0,0.0,0.0,1,0.5
1,30.0,0.162,18.1,1.82,5,"201143,1610612737",102.5,0.165,0.513,116,11.6,54,5.4,0.466,10,6,32.7,-4.7,97.9,0.046,99.77,0.124,201143,Al Horford,0.109,ATL,1610612737,9.9,0.545,0.193,4,0.4
2,31.0,0.116,7.8,1.33,5,"2744,1610612766",117.1,0.242,0.506,83,11.9,42,6.0,0.506,7,4,24.1,-18.9,98.2,0.089,88.92,0.141,2744,Al Jefferson,0.155,CHA,1610612766,5.8,0.524,0.283,3,0.429
3,25.0,0.087,11.0,0.95,5,"202329,1610612757",106.9,0.201,0.547,128,11.6,56,5.1,0.438,11,6,33.8,-2.4,104.4,0.059,99.18,0.108,202329,Al-Farouq Aminu,0.127,POR,1610612757,11.6,0.572,0.184,5,0.455
4,24.0,0.075,14.7,2.5,5,"203459,1610612757",112.4,0.1,0.623,73,6.6,38,3.5,0.521,11,6,27.5,-6.6,105.8,0.017,100.31,0.079,203459,Allen Crabbe,0.057,POR,1610612757,5.9,0.645,0.123,5,0.455
5,33.0,0.0,0.0,0.0,5,"2405,1610612748",104.1,0.145,0.579,19,2.1,11,1.2,0.579,9,5,9.1,-10.3,93.8,0.048,93.05,0.08,2405,Amar'e Stoudemire,0.099,MIA,1610612748,28.6,0.666,0.179,4,0.444
6,29.0,0.053,7.8,0.4,5,"101161,1610612738",97.6,0.256,0.667,33,5.5,22,3.7,0.667,6,4,22.3,-5.3,92.3,0.087,98.44,0.139,101161,Amir Johnson,0.171,BOS,1610612738,19.6,0.69,0.158,2,0.333
7,33.0,0.2,34.8,6.5,5,"2760,1610612744",101.5,0.13,0.357,14,0.8,5,0.3,0.357,17,6,5.5,10.8,112.3,0.135,97.21,0.049,2760,Anderson Varejao,0.133,GSW,1610612744,5.4,0.447,0.116,11,0.647
8,22.0,0.0,0.0,0.0,5,"203083,1610612765",112.4,0.218,0.519,54,13.5,28,7.0,0.519,4,4,32.9,-3.4,109.0,0.113,88.45,0.087,203083,Andre Drummond,0.167,DET,1610612765,5.5,0.486,0.277,0,0.0
9,32.0,0.163,29.8,3.91,5,"2738,1610612744",104.9,0.103,0.552,164,6.8,78,3.3,0.476,24,9,32.0,4.4,109.2,0.05,100.01,0.091,2738,Andre Iguodala,0.076,GSW,1610612744,7.6,0.563,0.12,15,0.625
10,40.0,0.292,47.0,0.0,5,"1889,1610612759",112.3,0.103,0.5,7,1.8,3,0.8,0.429,4,1,8.8,8.2,120.6,0.077,91.79,0.096,1889,Andre Miller,0.091,SAS,1610612759,0.0,0.571,0.105,3,0.75
11,24.0,0.041,11.7,1.27,5,"203460,1610612760",102.1,0.177,0.535,86,4.8,40,2.2,0.465,18,7,26.2,6.4,108.5,0.058,98.34,0.069,203460,Andre Roberson,0.117,OKC,1610612760,9.2,0.527,0.098,11,0.611
12,31.0,0.127,22.7,1.58,5,"101106,1610612744",95.4,0.203,0.623,77,3.5,48,2.2,0.623,22,7,16.6,10.5,105.9,0.134,98.08,0.109,101106,Andrew Bogut,0.17,GSW,1610612744,14.4,0.607,0.125,15,0.682
13,27.0,0.0,0.0,0.0,5,"202726,1610612745",90.5,0.143,0.5,6,3.0,3,1.5,0.5,2,2,5.7,-15.8,74.7,0.0,96.74,0.067,202726,Andrew Goudelock,0.077,HOU,1610612745,33.3,0.5,0.313,0,0.0
14,30.0,0.023,3.0,0.25,5,"201627,1610612760",101.8,0.026,0.563,24,1.7,11,0.8,0.458,14,6,5.4,-3.0,98.8,0.0,98.23,0.079,201627,Anthony Morrow,0.014,OKC,1610612760,12.0,0.651,0.184,8,0.571
15,31.0,0.067,20.0,0.0,5,"201229,1610612765",126.5,0.158,0.5,4,1.3,2,0.7,0.5,3,3,8.7,-34.9,91.6,0.045,84.7,0.073,201229,Anthony Tolliver,0.098,DET,1610612765,0.0,0.5,0.08,0,0.0
16,29.0,0.083,13.1,0.67,5,"203382,1610612765",127.8,0.125,0.444,9,2.3,4,1.0,0.444,4,4,11.0,-35.3,92.4,0.081,94.09,0.035,203382,Aron Baynes,0.104,DET,1610612765,19.6,0.484,0.147,0,0.0
17,23.0,0.188,18.2,2.29,5,"203085,1610612746",111.0,0.083,0.459,61,10.2,26,4.3,0.426,6,4,24.0,-9.7,101.3,0.027,94.08,0.08,203085,Austin Rivers,0.055,LAC,1610612746,8.0,0.477,0.225,2,0.333
18,25.0,0.05,5.2,1.0,5,"202340,1610612738",105.7,0.026,0.469,16,16.0,7,7.0,0.438,1,1,33.2,-1.9,103.9,0.051,100.87,0.078,202340,Avery Bradley,0.039,BOS,1610612738,5.2,0.52,0.228,0,0.0
19,23.0,0.025,6.2,0.38,5,"202687,1610612761",106.2,0.321,0.58,69,3.5,40,2.0,0.58,20,10,25.3,-4.9,101.2,0.12,91.31,0.12,202687,Bismack Biyombo,0.217,TOR,1610612761,16.2,0.611,0.113,10,0.5
20,27.0,0.205,18.0,1.78,5,"201933,1610612746",99.4,0.201,0.387,53,13.3,20,5.0,0.377,4,2,31.7,3.0,102.5,0.056,95.9,0.129,201933,Blake Griffin,0.133,LAC,1610612746,10.1,0.469,0.261,2,0.5
21,27.0,0.12,13.7,1.0,5,"1626246,1610612759",111.7,0.313,0.667,12,1.7,8,1.1,0.667,7,3,6.0,1.5,113.2,0.138,92.21,0.14,1626246,Boban Marjanovic,0.23,SAS,1610612759,13.7,0.752,0.217,4,0.571
22,34.0,0.212,28.1,3.5,5,"2564,1610612759",95.8,0.123,0.478,46,5.1,21,2.3,0.457,9,3,17.6,7.8,103.5,0.015,95.19,0.095,2564,Boris Diaw,0.07,SAS,1610612759,8.0,0.492,0.156,6,0.667
23,30.0,0.042,11.6,1.5,5,"201575,1610612744",101.7,0.23,0.55,20,1.4,9,0.6,0.45,14,6,7.9,6.7,108.4,0.0,95.83,0.077,201575,Brandon Rush,0.119,GSW,1610612744,7.7,0.551,0.098,8,0.571
24,30.0,0.103,19.2,3.0,5,"203148,1610612757",108.3,0.0,0.222,9,0.9,2,0.2,0.222,10,6,3.6,13.2,121.4,0.037,105.14,-0.025,203148,Brian Roberts,0.019,POR,1610612757,6.4,0.344,0.146,4,0.4
25,23.0,0.25,50.0,0.0,5,"1627362,1610612748",42.9,0.0,0.0,1,0.5,0,0.0,0.0,2,1,3.0,88.7,131.6,0.0,98.29,0.0,1627362,Briante Weber,0.0,MIA,1610612748,0.0,0.0,0.094,1,0.5
26,24.0,0.138,13.2,1.8,5,"203468,1610612757",107.9,0.077,0.477,197,17.9,84,7.6,0.426,11,6,40.2,-1.3,106.6,0.016,98.16,0.087,203468,CJ McCollum,0.046,POR,1610612757,7.3,0.518,0.23,5,0.455
27,29.0,0.077,8.6,1.33,5,"101139,1610612754",106.9,0.23,0.289,38,5.4,10,1.4,0.263,7,4,13.1,-8.0,98.9,0.049,91.85,0.044,101139,CJ Miles,0.143,IND,1610612754,6.5,0.305,0.221,3,0.429
28,25.0,0.125,50.0,0.0,5,"203912,1610612746",58.7,0.125,0.0,1,0.5,0,0.0,0.0,2,2,3.7,51.5,110.3,0.0,101.7,0.0,203912,CJ Wilcox,0.067,LAC,1610612746,0.0,0.0,0.058,0,0.0
29,21.0,0.25,18.3,1.0,5,"1626166,1610612760",106.2,0.069,0.308,26,2.6,7,0.7,0.269,10,3,6.4,-22.3,83.9,0.0,94.92,-0.017,1626166,Cameron Payne,0.035,OKC,1610612760,18.3,0.324,0.264,7,0.7
30,33.0,0.032,6.1,1.0,5,"101112,1610612739",98.6,0.169,0.783,69,4.1,41,2.4,0.594,17,5,14.0,15.7,114.3,0.027,92.17,0.122,101112,Channing Frye,0.103,CLE,1610612739,6.1,0.791,0.155,12,0.706
31,31.0,0.2,6.7,1.0,5,"101111,1610612742",101.9,0.125,0.292,12,3.0,3,0.8,0.25,4,4,5.1,-24.4,77.5,0.0,100.97,0.0,101111,Charlie Villanueva,0.051,DAL,1610612742,6.7,0.349,0.292,0,0.0
32,37.0,0.063,12.8,0.6,5,"2365,1610612763",109.3,0.29,0.417,12,3.0,5,1.3,0.417,4,4,19.7,-21.5,87.8,0.178,90.47,0.11,2365,Chris Andersen,0.23,MEM,1610612763,21.3,0.483,0.121,0,0.0
33,34.0,0.067,4.0,0.17,5,"2549,1610612757",87.2,0.146,0.389,18,4.5,7,1.8,0.389,4,2,8.1,-2.7,84.5,0.059,97.61,-0.047,2549,Chris Kaman,0.107,POR,1610612757,24.0,0.389,0.323,2,0.5
34,31.0,0.453,25.1,7.25,5,"101108,1610612746",92.7,0.091,0.526,76,19.0,37,9.3,0.487,4,2,31.3,13.2,105.9,0.033,96.46,0.224,101108,Chris Paul,0.063,LAC,1610612746,3.5,0.575,0.311,2,0.5
35,22.0,0.083,12.3,0.67,5,"203991,1610612745",100.8,0.3,0.333,9,1.8,3,0.6,0.333,5,4,8.7,-21.5,79.3,0.17,106.3,0.096,203991,Clint Capela,0.23,HOU,1610612745,18.5,0.357,0.132,1,0.2
36,23.0,0.027,3.6,0.29,5,"203469,1610612766",96.9,0.224,0.553,38,5.4,21,3.0,0.553,7,4,19.6,0.3,97.2,0.069,98.08,0.117,203469,Cody Zeller,0.145,CHA,1610612766,12.4,0.624,0.179,3,0.429
37,27.0,0.06,13.3,1.5,5,"202332,1610612746",104.7,0.324,0.667,15,2.5,10,1.7,0.667,6,4,12.8,-2.2,102.6,0.113,95.15,0.159,202332,Cole Aldrich,0.216,LAC,1610612746,8.8,0.652,0.117,2,0.333
38,30.0,0.178,18.0,1.33,5,"201147,1610612745",99.1,0.05,0.278,27,5.4,7,1.4,0.259,5,4,15.4,-12.7,86.5,0.034,102.59,-0.017,201147,Corey Brewer,0.042,HOU,1610612745,13.5,0.36,0.189,1,0.2
39,24.0,0.208,20.3,2.14,5,"202709,1610612761",105.8,0.089,0.493,148,7.4,69,3.5,0.466,20,10,22.6,-10.4,95.4,0.028,91.21,0.093,202709,Cory Joseph,0.056,TOR,1610612761,9.5,0.524,0.191,10,0.5
40,30.0,0.057,12.6,1.8,5,"201584,1610612766",105.1,0.074,0.451,51,7.3,21,3.0,0.412,7,4,36.7,-5.5,99.7,0.021,93.05,0.048,201584,Courtney Lee,0.045,CHA,1610612766,7.0,0.521,0.115,3,0.429
41,35.0,0.091,11.0,2.0,5,"2563,1610612739",83.8,0.132,0.5,13,0.9,6,0.4,0.462,15,4,3.3,-4.5,79.3,0.0,91.84,0.155,2563,Dahntay Jones,0.071,CLE,1610612739,5.5,0.559,0.154,11,0.733
42,25.0,0.282,18.2,2.09,5,"203081,1610612757",110.9,0.085,0.455,242,22.0,89,8.1,0.368,11,6,39.8,-6.6,104.3,0.027,99.94,0.125,203081,Damian Lillard,0.054,POR,1610612757,8.7,0.527,0.296,5,0.455
43,29.0,0.036,8.8,1.17,5,"201980,1610612759",98.5,0.127,0.646,65,6.5,30,3.0,0.462,10,4,26.7,9.8,108.3,0.0,95.12,0.09,201980,Danny Green,0.067,SAS,1610612759,7.6,0.648,0.127,6,0.6
44,33.0,0.067,11.1,0.0,5,"101135,1610612742",128.0,0.227,0.75,8,4.0,6,3.0,0.75,2,2,16.3,-33.0,95.0,0.03,98.85,0.087,101135,David Lee,0.109,DAL,1610612742,0.0,0.75,0.109,0,0.0
45,35.0,0.12,16.5,1.86,5,"2561,1610612759",100.2,0.17,0.482,55,5.5,25,2.5,0.455,10,4,17.6,6.1,106.3,0.09,94.37,0.093,2561,David West,0.13,SAS,1610612759,8.9,0.492,0.174,6,0.6
46,27.0,0.087,13.4,1.57,5,"201599,1610612746",99.3,0.329,0.632,38,6.3,24,4.0,0.632,6,4,33.1,1.5,100.8,0.145,95.42,0.164,201599,DeAndre Jordan,0.237,LAC,1610612746,8.5,0.547,0.16,2,0.333
47,26.0,0.143,9.8,1.2,5,"201942,1610612761",107.7,0.118,0.399,398,19.9,157,7.9,0.394,20,10,37.3,-8.3,99.5,0.02,93.11,0.09,201942,DeMar DeRozan,0.066,TOR,1610612761,8.2,0.462,0.305,10,0.5
48,29.0,0.046,8.1,0.94,5,"201960,1610612761",106.1,0.123,0.472,159,8.0,62,3.1,0.39,20,10,29.8,-5.1,101.0,0.045,92.76,0.054,201960,DeMarre Carroll,0.083,TOR,1610612761,8.6,0.506,0.15,10,0.5
49,24.0,0.125,14.5,1.5,5,"1626153,1610612761",87.8,0.083,0.3,10,1.1,3,0.3,0.3,9,6,4.6,5.9,93.7,0.022,91.29,0.07,1626153,Delon Wright,0.049,TOR,1610612761,9.7,0.445,0.201,3,0.333
50,22.0,0.391,21.6,1.71,5,"203471,1610612737",99.5,0.072,0.51,104,10.4,47,4.7,0.452,10,6,19.1,1.5,101.0,0.038,94.0,0.112,203471,Dennis Schroder,0.056,ATL,1610612737,12.6,0.533,0.316,4,0.4
51,32.0,0.4,24.2,1.14,5,"101114,1610612742",104.2,0.051,0.417,18,6.0,6,2.0,0.333,3,2,16.4,-37.0,67.2,0.0,97.74,0.009,101114,Deron Williams,0.022,DAL,1610612742,21.2,0.417,0.233,1,0.333
52,33.0,0.096,17.6,2.67,5,"2734,1610612742",120.7,0.13,0.567,30,6.0,15,3.0,0.5,5,4,24.1,-12.9,107.8,0.009,94.1,0.059,2734,Devin Harris,0.068,DAL,1610612742,6.6,0.567,0.143,1,0.2
53,24.0,0.127,20.3,2.1,5,"203079,1610612760",102.6,0.092,0.496,132,7.3,55,3.1,0.417,18,7,27.3,5.6,108.1,0.014,98.05,0.059,203079,Dion Waiters,0.055,OKC,1610612760,9.7,0.52,0.145,11,0.611
54,38.0,0.083,7.6,1.14,5,"1717,1610612742",119.4,0.147,0.518,83,16.6,41,8.2,0.494,5,4,34.0,-13.7,105.7,0.022,94.95,0.125,1717,Dirk Nowitzki,0.086,DAL,1610612742,6.6,0.564,0.266,1,0.2
55,25.0,0.116,8.1,0.42,5,"202700,1610612745",103.1,0.168,0.486,37,7.4,16,3.2,0.432,5,4,19.7,-14.6,88.4,0.1,97.53,0.083,202700,Donatas Motiejunas,0.133,HOU,1610612745,19.5,0.495,0.24,1,0.2
56,30.0,0.286,14.5,0.0,5,"2748,1610612748",91.6,0.3,0.6,10,2.0,5,1.0,0.5,5,3,3.8,9.4,101.0,0.0,93.72,0.246,2748,Dorell Wright,0.15,MIA,1610612748,0.0,0.68,0.304,2,0.4
57,26.0,0.228,26.7,2.46,5,"203110,1610612744",101.1,0.222,0.5,276,12.0,119,5.2,0.431,23,8,38.2,9.8,110.9,0.048,100.19,0.137,203110,Draymond Green,0.138,GSW,1610612744,10.8,0.549,0.189,15,0.652
58,30.0,0.08,9.4,0.67,5,"2730,1610612745",115.4,0.295,0.542,48,9.6,26,5.2,0.542,5,4,36.0,-25.3,90.1,0.144,98.03,0.103,2730,Dwight Howard,0.212,HOU,1610612745,14.2,0.51,0.179,1,0.2
59,24.0,0.118,13.9,4.0,5,"203939,1610612742",110.2,0.157,0.474,19,4.8,9,2.3,0.474,4,3,16.0,-12.0,98.3,0.136,89.67,0.105,203939,Dwight Powell,0.145,DAL,1610612742,3.5,0.503,0.183,1,0.25
60,34.0,0.244,15.8,1.58,5,"2548,1610612748",100.5,0.155,0.492,254,18.1,119,8.5,0.469,14,7,33.8,3.7,104.2,0.032,93.37,0.165,2548,Dwyane Wade,0.098,MIA,1610612748,10.0,0.532,0.321,7,0.5
61,27.0,0.104,17.8,1.4,5,"202334,1610612757",108.3,0.265,0.525,40,3.6,21,1.9,0.525,11,6,18.6,-2.7,105.6,0.138,97.04,0.094,202334,Ed Davis,0.201,POR,1610612757,12.7,0.559,0.139,5,0.455
62,24.0,0.029,3.1,0.29,5,"202683,1610612760",101.6,0.217,0.559,118,6.6,65,3.6,0.551,18,7,18.0,4.8,106.4,0.17,96.58,0.149,202683,Enes Kanter,0.194,OKC,1610612760,10.6,0.617,0.209,11,0.611
63,27.0,0.221,19.7,1.59,5,"202323,1610612738",97.3,0.133,0.382,85,14.2,31,5.2,0.365,6,4,35.7,-5.7,91.6,0.038,101.63,0.077,202323,Evan Turner,0.084,BOS,1610612738,12.4,0.425,0.221,2,0.333
64,26.0,0.06,7.2,0.57,5,"203105,1610612744",110.9,0.217,0.536,69,3.0,37,1.6,0.536,23,9,8.8,-1.5,109.4,0.134,101.07,0.064,203105,Festus Ezeli,0.176,GSW,1610612744,12.7,0.526,0.215,14,0.609
65,23.0,0.074,12.3,4.0,5,"1626163,1610612766",101.2,0.17,0.359,46,6.6,14,2.0,0.304,7,4,27.2,-3.5,97.7,0.017,91.94,0.072,1626163,Frank Kaminsky,0.089,CHA,1610612766,3.1,0.453,0.147,3,0.429
66,30.0,0.11,16.7,1.88,5,"201588,1610612754",97.8,0.059,0.675,57,8.1,32,4.6,0.561,7,4,33.6,11.9,109.8,0.034,91.05,0.116,201588,George Hill,0.048,IND,1610612754,8.9,0.712,0.156,3,0.429
67,30.0,0.016,1.8,0.5,5,"101123,1610612748",83.6,0.155,0.367,49,4.1,16,1.3,0.327,12,7,9.2,13.9,97.5,0.021,91.22,0.044,101123,Gerald Green,0.088,MIA,1610612748,3.7,0.391,0.226,5,0.417
68,28.0,0.117,15.6,3.4,5,"201945,1610612757",109.2,0.134,0.409,82,7.5,30,2.7,0.366,11,6,21.2,-9.4,99.8,0.027,98.08,0.067,201945,Gerald Henderson,0.08,POR,1610612757,4.6,0.435,0.173,5,0.455
69,22.0,0.0,0.0,0.0,5,"203922,1610612754",125.0,0.0,0.75,4,1.0,3,0.8,0.75,4,2,2.6,-26.6,98.4,0.0,91.94,0.165,203922,Glenn Robinson,0.0,IND,1610612754,0.0,0.788,0.19,2,0.5
70,30.0,0.213,17.4,1.74,5,"201609,1610612748",95.1,0.139,0.481,206,14.7,91,6.5,0.442,14,7,33.7,4.8,99.9,0.028,93.16,0.115,201609,Goran Dragic,0.086,MIA,1610612748,10.0,0.514,0.257,7,0.5
71,24.0,0.058,10.9,1.67,5,"203084,1610612744",102.1,0.12,0.446,213,8.9,82,3.4,0.385,24,9,31.0,5.5,107.5,0.04,99.15,0.061,203084,Harrison Barnes,0.081,GSW,1610612744,6.5,0.474,0.147,15,0.625
72,27.0,0.016,2.9,0.23,5,"202355,1610612748",95.9,0.302,0.681,69,6.9,47,4.7,0.681,10,5,29.1,10.4,106.4,0.116,92.06,0.165,202355,Hassan Whiteside,0.218,MIA,1610612748,12.5,0.679,0.168,5,0.5
73,25.0,0.17,19.4,1.78,5,"203546,1610612744",97.4,0.106,0.547,53,3.3,26,1.6,0.491,16,6,9.6,6.6,104.0,0.014,99.38,0.103,203546,Ian Clark,0.06,GSW,1610612744,10.9,0.575,0.193,10,0.625
74,29.0,0.087,10.7,0.57,5,"101133,1610612754",90.9,0.139,0.5,42,6.0,21,3.0,0.5,7,4,24.6,6.2,97.1,0.086,92.85,0.076,101133,Ian Mahinmi,0.115,IND,1610612754,18.7,0.538,0.19,3,0.429
75,26.0,0.069,17.9,1.31,5,"202697,1610612739",104.7,0.121,0.525,60,2.9,25,1.2,0.417,21,5,17.5,4.6,109.3,0.035,91.45,0.045,202697,Iman Shumpert,0.079,CLE,1610612739,13.7,0.54,0.104,16,0.762
76,27.0,0.288,16.3,2.14,5,"202738,1610612738",97.4,0.082,0.45,119,19.8,47,7.8,0.395,6,4,36.6,-8.7,88.7,0.009,103.91,0.122,202738,Isaiah Thomas,0.043,BOS,1610612738,7.6,0.519,0.294,2,0.333
77,30.0,0.055,12.2,2.64,5,"2747,1610612739",104.9,0.097,0.609,188,9.0,82,3.9,0.436,21,5,34.8,11.5,116.4,0.011,93.99,0.068,2747,J.R. Smith,0.054,CLE,1610612739,4.6,0.613,0.129,16,0.762
78,32.0,0.051,5.5,1.0,5,"200755,1610612746",107.5,0.067,0.5,79,13.2,34,5.7,0.43,6,4,27.7,-4.4,103.1,0.006,95.94,0.065,200755,JJ Redick,0.037,LAC,1610612746,5.5,0.504,0.228,2,0.333
79,26.0,0.083,9.5,0.75,5,"203210,1610612763",119.6,0.192,0.545,22,5.5,12,3.0,0.545,4,4,18.1,-33.6,86.0,0.081,91.18,0.082,203210,JaMychal Green,0.132,MEM,1610612763,12.6,0.548,0.195,0,0.0
80,28.0,0.0,0.0,0.0,5,"201580,1610612742",86.7,0.077,0.5,2,1.0,1,0.5,0.5,2,2,7.1,9.1,95.8,0.167,97.59,-0.182,201580,JaVale McGee,0.12,DAL,1610612742,39.3,0.431,0.237,0,0.0
81,25.0,0.113,13.4,1.86,5,"203109,1610612738",93.2,0.183,0.347,72,12.0,20,3.3,0.278,6,4,32.9,-3.8,89.4,0.024,101.88,0.06,203109,Jae Crowder,0.099,BOS,1610612738,7.2,0.371,0.183,2,0.333
82,36.0,0.115,9.6,1.44,5,"2037,1610612746",103.0,0.057,0.398,103,17.2,39,6.5,0.379,6,4,33.2,2.0,105.1,0.01,96.22,0.085,2037,Jamal Crawford,0.034,LAC,1610612746,6.6,0.456,0.275,2,0.333
83,26.0,0.422,20.7,1.46,5,"201935,1610612745",111.8,0.116,0.475,100,20.0,41,8.2,0.41,5,4,38.6,-22.3,89.4,0.036,101.4,0.164,201935,James Harden,0.072,HOU,1610612745,14.1,0.555,0.31,1,0.2
84,29.0,0.122,15.3,0.86,5,"201949,1610612761",101.5,0.16,0.56,25,2.5,12,1.2,0.48,10,6,9.8,-12.9,88.5,0.033,91.42,0.064,201949,James Johnson,0.091,TOR,1610612761,17.8,0.57,0.167,4,0.4
85,35.0,0.103,19.0,3.0,5,"2592,1610612739",86.8,0.056,0.25,10,0.8,2,0.2,0.2,12,3,4.6,-6.3,80.5,0.02,91.84,-0.023,2592,James Jones,0.039,CLE,1610612739,6.3,0.255,0.111,9,0.75
86,23.0,0.083,22.8,2.0,5,"203949,1610612744",114.7,0.222,0.5,4,0.5,2,0.3,0.5,8,4,4.7,-14.0,100.7,0.0,100.13,0.052,203949,James Michael McAdoo,0.119,GSW,1610612744,11.4,0.434,0.082,4,0.5
87,20.0,0.0,0.0,0.0,5,"203923,1610612738",87.4,0.0,0.333,3,1.0,1,0.3,0.333,3,3,3.4,2.1,89.5,0.0,84.0,-0.071,203923,James Young,0.0,BOS,1610612738,25.0,0.333,0.202,0,0.0
88,24.0,0.156,12.3,1.17,5,"203096,1610612738",110.1,0.25,0.333,42,7.0,13,2.2,0.31,6,4,13.6,-15.4,94.6,0.12,103.21,0.03,203096,Jared Sullinger,0.179,BOS,1610612738,10.6,0.354,0.251,2,0.333
89,22.0,0.038,6.8,0.33,5,"1626185,1610612763",108.7,0.097,0.375,8,4.0,3,1.5,0.375,2,2,23.1,-25.1,83.7,0.087,91.44,0.022,1626185,Jarell Martin,0.091,MEM,1610612763,20.5,0.423,0.142,0,0.0
90,38.0,0.079,12.4,2.0,5,"1891,1610612745",118.7,0.097,0.421,38,7.6,13,2.6,0.342,5,4,24.8,-27.9,90.7,0.009,102.07,0.03,1891,Jason Terry,0.052,HOU,1610612745,6.2,0.445,0.145,1,0.2
91,29.0,0.029,8.1,1.0,5,"201574,1610612761",108.4,0.135,0.444,9,0.9,4,0.4,0.444,10,7,5.5,-11.5,96.9,0.118,92.33,0.015,201574,Jason Thompson,0.125,TOR,1610612761,8.1,0.388,0.097,3,0.3
92,29.0,0.0,0.0,0.0,5,"201965,1610612746",102.5,0.0,1.0,1,0.5,1,0.5,1.0,2,2,1.2,13.8,116.3,0.0,117.6,0.286,201965,Jeff Ayres,0.0,LAC,1610612746,0.0,1.042,0.183,0,0.0
93,29.0,0.039,6.3,1.33,5,"201145,1610612746",105.4,0.105,0.5,46,7.7,21,3.5,0.457,6,4,26.4,-0.8,104.6,0.019,94.97,0.076,201145,Jeff Green,0.061,LAC,1610612746,4.7,0.535,0.169,2,0.333
94,28.0,0.353,26.5,2.44,5,"201952,1610612737",104.2,0.059,0.417,121,12.1,46,4.6,0.38,10,6,27.9,-1.8,102.4,0.012,101.51,0.09,201952,Jeff Teague,0.036,ATL,1610612737,10.9,0.504,0.266,4,0.4
95,24.0,0.333,10.0,0.0,5,"203087,1610612766",124.1,0.3,0.611,9,3.0,5,1.7,0.556,3,2,3.9,-48.1,76.0,0.083,96.88,0.25,203087,Jeremy Lamb,0.182,CHA,1610612766,0.0,0.611,0.346,1,0.333
96,27.0,0.184,16.5,1.64,5,"202391,1610612766",97.5,0.08,0.437,63,9.0,26,3.7,0.413,7,4,27.0,1.1,98.6,0.018,94.34,0.094,202391,Jeremy Lin,0.049,CHA,1610612766,10.1,0.543,0.228,3,0.429
97,28.0,0.0,0.0,0.0,5,"201975,1610612765",233.3,0.0,1.0,1,1.0,1,1.0,1.0,1,1,1.7,-100.0,133.3,0.0,85.54,0.143,201975,Jodie Meeks,0.0,DET,1610612765,0.0,1.0,0.333,0,0.0
98,34.0,0.111,15.8,1.94,5,"2207,1610612748",98.7,0.131,0.472,158,11.3,68,4.9,0.43,14,7,35.2,4.9,103.6,0.018,92.8,0.092,2207,Joe Johnson,0.079,MIA,1610612748,8.1,0.504,0.183,7,0.5
99,24.0,0.2,8.4,0.5,5,"1626202,1610612754",125.0,0.143,0.438,8,2.0,3,0.8,0.375,4,2,2.6,-26.6,98.4,0.0,91.94,0.025,1626202,Joe Young,0.056,IND,1610612754,16.8,0.507,0.467,2,0.5
100,27.0,0.0,0.0,0.0,5,"204066,1610612738",100.0,0.0,0.0,1,1.0,0,0.0,0.0,1,1,1.3,-100.0,0.0,0.0,72.91,-0.5,204066,John Holland,0.0,BOS,1610612738,0.0,0.0,0.5,0,0.0
101,29.0,0.101,15.8,2.0,5,"201973,1610612738",100.1,0.227,0.554,46,7.7,22,3.7,0.478,6,4,27.0,-2.4,97.7,0.044,101.55,0.11,201973,Jonas Jerebko,0.133,BOS,1610612738,7.9,0.571,0.14,2,0.333
102,24.0,0.065,6.6,0.61,5,"202685,1610612761",101.4,0.332,0.567,120,10.0,68,5.7,0.567,12,6,26.7,-2.9,98.4,0.168,92.82,0.201,202685,Jonas Valanciunas,0.243,TOR,1610612761,10.8,0.601,0.215,6,0.5
103,26.0,0.125,14.4,2.0,5,"203613,1610612759",134.2,0.053,0.5,10,3.3,4,1.3,0.4,3,0,8.5,-13.6,120.6,0.214,86.33,0.052,203613,Jonathon Simmons,0.121,SAS,1610612759,7.2,0.506,0.232,3,1.0
104,29.0,0.242,27.4,1.6,5,"200770,1610612763",109.6,0.071,0.387,31,7.8,10,2.5,0.323,4,4,28.3,-18.1,91.5,0.0,90.05,0.049,200770,Jordan Farmar,0.029,MEM,1610612763,17.1,0.418,0.168,0,0.0
105,28.0,0.182,40.0,0.0,5,"201941,1610612754",116.1,0.4,0.0,3,0.6,0,0.0,0.0,5,2,3.0,-6.1,110.0,0.154,92.55,0.058,201941,Jordan Hill,0.261,IND,1610612754,0.0,0.0,0.094,3,0.6
106,25.0,0.0,0.0,0.0,5,"203895,1610612739",38.1,0.333,1.125,4,2.0,4,2.0,1.0,2,0,2.1,136.9,175.0,0.0,91.47,0.688,203895,Jordan McRae,0.25,CLE,1610612739,0.0,1.125,0.444,2,1.0
107,21.0,0.5,33.3,0.0,5,"1626175,1610612738",87.4,0.111,0.5,4,2.0,2,1.0,0.5,2,2,5.1,2.1,89.5,0.083,85.88,0.214,1626175,Jordan Mickey,0.095,BOS,1610612738,0.0,0.5,0.202,0,0.0
108,27.0,0.25,33.3,2.0,5,"203268,1610612766",124.1,0.2,0.0,3,1.0,0,0.0,0.0,3,2,3.9,-48.1,76.0,0.0,96.88,0.0,203268,Jorge Gutierrez,0.091,CHA,1610612766,16.7,0.0,0.154,1,0.333
109,32.0,0.27,30.4,1.82,5,"200826,1610612742",129.2,0.081,0.338,34,8.5,11,2.8,0.324,4,4,25.1,-19.4,109.7,0.0,93.91,0.022,200826,Jose Juan Barea,0.039,DAL,1610612742,16.7,0.358,0.213,0,0.0
110,24.0,0.0,0.0,0.0,5,"203962,1610612760",71.0,0.167,0.5,3,1.5,1,0.5,0.333,2,0,5.1,8.7,79.7,0.1,93.49,0.385,203962,Josh Huestis,0.136,OKC,1610612760,0.0,0.5,0.13,2,1.0
111,29.0,0.105,18.1,2.25,5,"201177,1610612748",92.0,0.178,0.471,34,3.4,16,1.6,0.471,10,5,13.4,12.5,104.6,0.064,93.02,0.089,201177,Josh McRoberts,0.12,MIA,1610612748,8.1,0.519,0.146,5,0.5
112,22.0,0.083,17.0,1.83,5,"1626196,1610612748",101.1,0.122,0.466,89,6.4,33,2.4,0.371,14,7,27.6,5.9,107.0,0.034,91.82,0.055,1626196,Josh Richardson,0.08,MIA,1610612748,9.3,0.489,0.132,7,0.5
113,30.0,0.174,17.5,0.8,5,"2746,1610612745",117.9,0.038,0.615,13,3.3,6,1.5,0.462,4,3,9.4,-22.6,95.3,0.033,102.21,0.015,2746,Josh Smith,0.036,HOU,1610612745,21.9,0.576,0.213,1,0.25
114,22.0,0.123,12.7,1.4,5,"1626147,1610612742",116.8,0.153,0.514,37,7.4,17,3.4,0.459,5,4,19.0,-6.0,110.9,0.107,92.58,0.104,1626147,Justin Anderson,0.128,DAL,1610612742,9.1,0.544,0.236,1,0.2
115,20.0,0.043,7.5,0.67,5,"1626159,1610612748",101.8,0.161,0.466,74,5.7,32,2.5,0.432,13,6,25.4,-3.2,98.7,0.062,91.87,0.071,1626159,Justise Winslow,0.113,MIA,1610612748,11.2,0.516,0.145,7,0.538
116,23.0,0.048,7.1,0.0,5,"203909,1610612745",90.0,0.167,0.346,13,3.3,4,1.0,0.308,4,4,8.4,-1.4,88.5,0.024,107.59,0.054,203909,KJ McDaniels,0.091,HOU,1610612745,0.0,0.346,0.145,0,0.0
117,24.0,0.14,12.0,1.75,5,"202695,1610612759",100.3,0.155,0.551,166,16.6,83,8.3,0.5,10,4,33.9,7.4,107.8,0.049,94.77,0.174,202695,Kawhi Leonard,0.104,SAS,1610612759,6.9,0.597,0.278,6,0.6
118,25.0,0.214,18.8,0.75,5,"203482,1610612738",112.4,0.08,0.111,9,2.3,1,0.3,0.111,4,3,7.9,-51.2,61.2,0.049,104.23,-0.09,203482,Kelly Olynyk,0.061,BOS,1610612738,25.0,0.111,0.166,1,0.25
119,26.0,0.248,13.4,2.33,5,"202689,1610612766",110.7,0.088,0.412,153,21.9,56,8.0,0.366,7,4,37.1,-12.4,98.3,0.013,93.02,0.115,202689,Kemba Walker,0.047,CHA,1610612766,5.8,0.472,0.332,3,0.429
120,26.0,0.092,11.9,1.9,5,"203145,1610612737",106.6,0.185,0.43,121,12.1,44,4.4,0.364,10,6,32.5,-5.8,100.8,0.027,100.92,0.091,203145,Kent Bazemore,0.109,ATL,1610612737,6.3,0.455,0.191,4,0.4
121,23.0,0.11,16.6,5.5,5,"203484,1610612765",113.5,0.109,0.56,50,12.5,22,5.5,0.44,4,4,40.3,-5.5,108.0,0.015,89.43,0.101,203484,Kentavious Caldwell-Pope,0.064,DET,1610612765,3.0,0.575,0.169,0,0.0
122,27.0,0.144,10.1,0.92,5,"201142,1610612760",103.4,0.173,0.468,407,22.6,175,9.7,0.43,18,7,40.3,6.2,109.7,0.02,98.58,0.138,201142,Kevin Durant,0.098,OKC,1610612760,10.9,0.542,0.319,11,0.611
123,27.0,0.102,12.3,1.56,5,"201567,1610612739",105.8,0.271,0.481,239,12.0,92,4.6,0.385,20,5,30.6,12.0,117.8,0.065,92.56,0.124,201567,Kevin Love,0.168,CLE,1610612739,7.9,0.539,0.222,15,0.75
124,33.0,0.111,9.9,0.5,5,"2755,1610612759",94.9,0.085,0.5,20,4.0,8,1.6,0.4,5,2,9.9,3.1,98.0,0.0,89.87,0.043,2755,Kevin Martin,0.05,SAS,1610612759,19.8,0.516,0.265,3,0.6
125,35.0,0.176,30.0,0.0,5,"2550,1610612737",79.8,0.143,0.357,7,1.2,2,0.3,0.286,6,2,4.6,19.8,99.6,0.0,89.06,0.066,2550,Kirk Hinrich,0.074,ATL,1610612737,0.0,0.357,0.125,4,0.667
126,26.0,0.113,9.1,1.15,5,"202691,1610612744",102.4,0.09,0.552,453,18.9,201,8.4,0.444,24,9,35.4,5.5,107.9,0.019,100.57,0.124,202691,Klay Thompson,0.055,GSW,1610612744,7.9,0.588,0.279,15,0.625
127,31.0,0.121,10.9,2.0,5,"2743,1610612737",101.4,0.262,0.554,28,7.0,13,3.3,0.464,4,3,14.0,14.8,116.1,0.16,93.17,0.193,2743,Kris Humphries,0.216,ATL,1610612737,5.5,0.604,0.269,1,0.25
128,22.0,0.083,17.9,1.75,5,"203937,1610612759",104.4,0.191,0.34,25,2.5,8,0.8,0.32,10,4,12.9,-5.0,99.4,0.02,93.56,0.067,203937,Kyle Anderson,0.111,SAS,1610612759,10.2,0.41,0.116,6,0.6
129,35.0,0.046,10.3,1.25,5,"2594,1610612737",98.5,0.142,0.627,75,7.5,35,3.5,0.467,10,6,31.6,3.0,101.5,0.01,99.18,0.091,2594,Kyle Korver,0.079,ATL,1610612737,8.3,0.652,0.118,4,0.4
130,30.0,0.277,21.3,1.89,5,"200768,1610612761",104.0,0.125,0.461,330,16.5,131,6.6,0.397,20,10,38.3,-0.7,103.3,0.027,91.62,0.11,200768,Kyle Lowry,0.074,TOR,1610612761,11.3,0.508,0.266,10,0.5
131,28.0,0.0,0.0,0.0,5,"202713,1610612760",98.0,0.122,0.444,9,1.5,3,0.5,0.333,6,3,8.4,-5.3,92.7,0.022,93.02,0.026,202713,Kyle Singler,0.074,OKC,1610612760,0.0,0.405,0.092,3,0.5
132,24.0,0.222,16.1,2.04,5,"202681,1610612739",106.3,0.072,0.535,423,20.1,201,9.6,0.475,21,5,36.8,9.4,115.7,0.023,94.04,0.138,202681,Kyrie Irving,0.048,CLE,1610612739,7.9,0.574,0.3,16,0.762
133,30.0,0.053,4.8,0.91,5,"200746,1610612759",99.8,0.186,0.527,169,16.9,88,8.8,0.521,10,4,33.7,6.4,106.3,0.081,95.02,0.167,200746,LaMarcus Aldridge,0.138,SAS,1610612759,5.2,0.579,0.276,6,0.6
134,24.0,0.25,20.8,0.75,5,"203934,1610612737",83.9,0.263,0.357,7,1.8,2,0.5,0.286,4,2,4.9,12.5,96.4,0.0,88.44,0.093,203934,Lamar Patterson,0.139,ATL,1610612737,27.7,0.403,0.277,2,0.5
135,25.0,0.143,12.5,2.33,5,"202362,1610612763",116.3,0.072,0.545,44,11.0,23,5.8,0.523,4,4,23.7,-18.7,97.6,0.012,91.66,0.094,202362,Lance Stephenson,0.04,MEM,1610612763,5.3,0.563,0.243,0,0.0
136,27.0,0.08,15.4,2.0,5,"202730,1610612754",105.3,0.204,0.3,10,1.7,3,0.5,0.3,6,3,8.5,-25.4,79.9,0.085,94.03,0.094,202730,Lavoy Allen,0.146,IND,1610612754,7.7,0.3,0.101,3,0.5
137,31.0,0.349,22.6,2.13,5,"2544,1610612739",102.0,0.22,0.564,417,19.9,219,10.4,0.525,21,5,39.1,12.4,114.4,0.061,92.85,0.199,2544,LeBron James,0.142,CLE,1610612739,10.6,0.585,0.306,16,0.762
138,33.0,0.094,12.2,1.36,5,"2571,1610612744",101.2,0.072,0.642,88,3.8,51,2.2,0.58,23,9,11.1,7.4,108.6,0.053,98.25,0.113,2571,Leandro Barbosa,0.063,GSW,1610612744,8.9,0.663,0.193,14,0.609
139,29.0,0.018,10.6,0.5,5,"201601,1610612746",104.1,0.089,0.667,6,1.2,4,0.8,0.667,5,3,15.7,-8.5,95.6,0.025,95.91,0.034,201601,Luc Mbah a Moute,0.058,LAC,1610612746,21.2,0.699,0.05,2,0.4
140,23.0,0.0,0.0,0.0,5,"203512,1610612761",94.5,0.269,0.75,4,0.8,3,0.6,0.75,5,4,5.8,-5.6,88.9,0.042,88.75,0.122,203512,Lucas Nogueira,0.16,TOR,1610612761,0.0,0.75,0.076,1,0.2
141,23.0,0.0,0.0,0.0,5,"1626242,1610612757",144.1,0.0,1.333,3,0.5,3,0.5,1.0,6,3,1.3,-1.0,143.1,0.0,81.2,0.177,1626242,Luis Montero,0.0,POR,1610612757,0.0,1.333,0.233,3,0.5
142,36.0,0.09,14.6,1.4,5,"2449,1610612761",106.3,0.139,0.323,31,2.8,8,0.7,0.258,11,6,12.8,-19.1,87.2,0.015,93.73,0.005,2449,Luis Scola,0.072,TOR,1610612761,10.5,0.391,0.137,5,0.455
143,31.0,0.069,11.0,0.96,5,"2736,1610612748",97.3,0.143,0.558,138,9.9,65,4.6,0.471,14,7,35.3,6.8,104.1,0.048,93.27,0.115,2736,Luol Deng,0.098,MIA,1610612748,11.5,0.601,0.17,7,0.5
144,38.0,0.184,28.1,3.57,5,"1938,1610612759",96.7,0.117,0.521,47,4.7,20,2.0,0.426,10,4,19.2,13.3,110.1,0.037,95.77,0.098,1938,Manu Ginobili,0.079,SAS,1610612759,7.9,0.586,0.151,6,0.6
145,26.0,0.118,13.9,2.0,5,"202694,1610612765",117.0,0.092,0.543,47,11.8,22,5.5,0.468,4,4,36.0,-9.9,107.1,0.017,88.63,0.087,202694,Marcus Morris,0.056,DET,1610612765,6.9,0.621,0.216,0,0.0
146,22.0,0.159,17.6,1.2,5,"203935,1610612738",96.3,0.113,0.458,60,10.0,22,3.7,0.367,6,4,32.1,-4.9,91.5,0.043,101.86,0.086,203935,Marcus Smart,0.076,BOS,1610612738,14.7,0.52,0.187,2,0.333
147,28.0,0.1,6.8,0.55,5,"201578,1610612744",99.7,0.181,0.466,118,4.9,46,1.9,0.39,24,9,8.4,1.2,100.8,0.083,98.82,0.077,201578,Marreese Speights,0.131,GSW,1610612744,12.3,0.509,0.333,15,0.625
148,30.0,0.043,9.9,3.0,5,"101107,1610612766",109.5,0.225,0.333,51,7.3,14,2.0,0.275,7,4,32.5,-15.0,94.6,0.032,93.31,0.058,101107,Marvin Williams,0.119,CHA,1610612766,3.3,0.341,0.114,3,0.429
149,26.0,0.255,32.6,2.12,5,"203486,1610612757",108.2,0.309,0.4,70,6.4,28,2.5,0.4,11,6,27.8,-3.6,104.6,0.116,98.93,0.118,203486,Mason Plumlee,0.21,POR,1610612757,15.4,0.456,0.15,5,0.455
150,36.0,0.151,14.8,0.85,5,"2440,1610612763",113.7,0.216,0.38,46,11.5,16,4.0,0.348,4,4,34.8,-24.6,89.1,0.036,91.69,0.061,2440,Matt Barnes,0.116,MEM,1610612763,17.5,0.427,0.207,0,0.0
151,25.0,0.378,36.2,4.0,5,"203521,1610612739",104.0,0.056,0.405,74,3.7,26,1.3,0.351,20,5,12.1,2.2,106.2,0.019,92.12,0.066,203521,Matthew Dellavedova,0.037,CLE,1610612739,9.1,0.461,0.193,15,0.75
152,23.0,0.046,5.0,0.64,5,"203090,1610612757",105.1,0.126,0.495,110,10.0,47,4.3,0.427,11,6,24.7,-4.2,100.9,0.076,98.37,0.064,203090,Maurice Harkless,0.1,POR,1610612757,7.9,0.5,0.208,5,0.455
153,27.0,0.071,5.1,0.43,5,"201563,1610612745",117.4,0.227,0.5,46,9.2,22,4.4,0.478,5,4,16.1,-17.5,99.9,0.057,103.93,0.112,201563,Michael Beasley,0.145,HOU,1610612745,11.8,0.53,0.284,1,0.2
154,24.0,0.097,11.2,1.0,5,"203488,1610612737",98.5,0.149,0.55,20,2.2,10,1.1,0.5,9,5,7.4,-1.0,97.5,0.111,94.58,0.102,203488,Mike Muscala,0.131,ATL,1610612737,11.2,0.575,0.162,4,0.444
155,27.0,0.047,8.8,0.63,5,"203118,1610612737",104.8,0.188,0.725,40,4.0,25,2.5,0.625,10,6,16.1,1.8,106.6,0.039,97.15,0.101,203118,Mike Scott,0.118,ATL,1610612737,14.2,0.747,0.145,4,0.4
156,33.0,0.1,7.2,0.3,5,"2590,1610612739",93.7,0.087,0.339,28,2.2,8,0.6,0.286,13,3,5.2,-14.7,79.0,0.0,92.25,-0.04,2590,Mo Williams,0.047,CLE,1610612739,23.9,0.346,0.281,10,0.769
157,30.0,0.242,23.5,1.76,5,"101145,1610612754",99.6,0.109,0.48,76,10.9,33,4.7,0.434,7,4,32.2,4.6,104.2,0.022,92.99,0.11,101145,Monta Ellis,0.069,IND,1610612754,13.3,0.504,0.208,3,0.429
158,22.0,0.0,0.0,0.0,5,"1626149,1610612745",98.2,0.222,0.333,3,1.5,1,0.5,0.333,2,2,5.8,-20.7,77.5,0.0,101.15,0.0,1626149,Montrezl Harrell,0.08,HOU,1610612745,20.5,0.387,0.165,0,0.0
159,20.0,0.028,3.3,0.25,5,"1626167,1610612754",100.3,0.164,0.465,71,10.1,33,4.7,0.465,7,4,28.2,5.8,106.1,0.101,91.53,0.08,1626167,Myles Turner,0.134,IND,1610612754,13.3,0.48,0.21,3,0.429
160,38.0,0.0,0.0,0.0,5,"1737,1610612760",59.7,0.222,0.5,2,0.4,1,0.2,0.5,5,2,1.9,16.8,76.5,0.111,83.59,0.121,1737,Nazr Mohammed,0.167,OKC,1610612760,33.3,0.5,0.15,3,0.6
161,35.0,0.094,38.8,5.0,5,"2555,1610612760",104.5,0.119,0.667,6,0.7,4,0.4,0.667,9,3,8.7,3.9,108.4,0.049,93.63,0.04,2555,Nick Collison,0.086,OKC,1610612760,7.8,0.654,0.047,6,0.667
162,27.0,0.139,13.9,1.25,5,"201587,1610612766",121.6,0.144,0.444,45,9.0,17,3.4,0.378,5,4,28.8,-30.5,91.1,0.015,92.23,0.082,201587,Nicolas Batum,0.073,CHA,1610612766,11.1,0.53,0.207,1,0.2
163,20.0,0.25,40.0,0.0,5,"203943,1610612757",128.7,0.3,0.0,3,0.5,0,0.0,0.0,6,3,2.0,-17.8,110.9,0.125,88.55,0.067,203943,Noah Vonleh,0.222,POR,1610612757,0.0,0.0,0.127,3,0.5
164,23.0,0.058,7.1,1.2,5,"1626181,1610612761",98.5,0.139,0.436,70,3.9,27,1.5,0.386,18,10,11.4,-5.7,92.8,0.02,91.47,0.081,1626181,Norman Powell,0.073,TOR,1610612761,5.9,0.462,0.174,8,0.444
165,23.0,0.0,0.0,0.0,5,"203798,1610612763",113.5,0.0,0.417,6,3.0,2,1.0,0.333,2,2,11.1,-15.2,98.3,0.0,86.59,-0.028,203798,PJ Hairston,0.0,MEM,1610612763,12.7,0.363,0.181,0,0.0
166,39.0,0.389,46.7,2.33,5,"203143,1610612746",107.2,0.037,0.0,5,1.0,0,0.0,0.0,5,3,5.2,-9.6,97.6,0.074,103.53,-0.091,203143,Pablo Prigioni,0.056,LAC,1610612746,20.0,0.0,0.126,2,0.4
167,23.0,0.0,0.0,0.0,5,"1626192,1610612757",144.1,0.167,0.8,5,0.8,3,0.5,0.6,6,3,1.3,-12.1,132.0,0.0,81.66,0.177,1626192,Pat Connaughton,0.091,POR,1610612757,0.0,0.8,0.36,3,0.5
168,27.0,0.139,20.1,2.75,5,"201976,1610612745",107.4,0.149,0.311,37,7.4,10,2.0,0.27,5,4,25.7,-16.9,90.5,0.03,99.07,0.039,201976,Patrick Beverley,0.086,HOU,1610612745,7.3,0.366,0.138,1,0.2
169,27.0,0.064,12.7,1.33,5,"202335,1610612761",109.4,0.106,0.482,136,6.8,55,2.8,0.404,20,10,29.1,-5.2,104.2,0.06,91.46,0.063,202335,Patrick Patterson,0.082,TOR,1610612761,9.5,0.519,0.132,10,0.5
170,27.0,0.18,23.3,2.5,5,"201988,1610612759",92.9,0.093,0.557,53,5.3,23,2.3,0.434,10,4,16.7,15.0,107.9,0.0,94.55,0.118,201988,Patty Mills,0.048,SAS,1610612759,9.3,0.571,0.18,6,0.6
171,26.0,0.217,14.7,1.3,5,"202331,1610612754",96.6,0.169,0.528,123,17.6,56,8.0,0.455,7,4,39.3,12.0,108.6,0.043,91.26,0.217,202331,Paul George,0.113,IND,1610612754,11.3,0.632,0.308,3,0.429
172,31.0,0.128,12.6,1.04,5,"200794,1610612737",100.0,0.181,0.46,137,13.7,59,5.9,0.431,10,6,36.5,-1.3,98.7,0.082,99.14,0.124,200794,Paul Millsap,0.133,ATL,1610612737,12.1,0.518,0.227,4,0.4
173,38.0,0.03,6.0,0.5,5,"1718,1610612746",97.2,0.102,0.208,12,2.4,2,0.4,0.167,5,4,10.7,-11.0,86.2,0.0,96.53,-0.044,1718,Paul Pierce,0.051,LAC,1610612746,11.9,0.218,0.133,1,0.2
174,22.0,0.1,23.1,3.0,5,"1626154,1610612738",95.4,0.147,0.278,9,1.8,2,0.4,0.222,5,4,8.2,4.5,100.0,0.022,98.17,0.022,1626154,RJ Hunter,0.076,BOS,1610612738,7.7,0.278,0.109,1,0.2
175,32.0,0.111,19.5,1.18,5,"200751,1610612760",104.1,0.101,0.439,41,2.6,14,0.9,0.341,16,6,11.9,-2.0,102.1,0.013,94.6,0.032,200751,Randy Foye,0.059,OKC,1610612760,16.5,0.468,0.127,10,0.625
176,32.0,0.247,21.1,1.92,5,"101109,1610612742",111.2,0.133,0.493,69,13.8,32,6.4,0.464,5,4,34.5,-14.4,96.7,0.013,94.91,0.11,101109,Raymond Felton,0.074,DAL,1610612742,11.0,0.508,0.233,1,0.2
177,25.0,0.273,33.3,0.0,5,"203493,1610612765",134.4,0.105,1.0,6,3.0,5,2.5,0.833,2,2,11.0,-34.6,99.8,0.0,90.24,0.16,203493,Reggie Bullock,0.057,DET,1610612765,0.0,1.0,0.146,0,0.0
178,26.0,0.411,35.7,3.7,5,"202704,1610612765",112.2,0.087,0.482,55,13.8,25,6.3,0.455,4,4,36.8,-3.3,108.9,0.017,87.82,0.122,202704,Reggie Jackson,0.052,DET,1610612765,9.6,0.502,0.227,0,0.0
179,36.0,0.055,11.7,1.08,5,"2210,1610612739",104.5,0.176,0.589,84,4.0,44,2.1,0.524,21,5,18.2,4.6,109.1,0.052,92.54,0.088,2210,Richard Jefferson,0.116,CLE,1610612739,10.9,0.614,0.13,16,0.762
180,30.0,0.226,20.9,2.33,5,"201155,1610612754",91.3,0.115,0.453,43,6.1,17,2.4,0.395,7,4,17.8,8.2,99.4,0.009,91.56,0.097,201155,Rodney Stuckey,0.066,IND,1610612754,9.0,0.468,0.204,3,0.429
181,27.0,0.484,27.1,2.54,5,"201566,1610612760",104.3,0.135,0.448,393,21.8,159,8.8,0.405,18,7,37.4,7.9,112.2,0.067,99.63,0.17,201566,Russell Westbrook,0.101,OKC,1610612760,10.7,0.515,0.337,11,0.611
182,30.0,0.02,6.1,0.0,5,"1626257,1610612742",107.2,0.129,0.7,10,2.5,7,1.8,0.7,4,3,19.0,-12.4,94.8,0.072,97.6,0.064,1626257,Salah Mejri,0.099,DAL,1610612742,0.0,0.622,0.091,1,0.25
183,26.0,0.024,5.2,1.11,5,"201586,1610612760",102.9,0.163,0.617,163,9.1,85,4.7,0.521,18,7,33.5,9.3,112.2,0.043,99.88,0.091,201586,Serge Ibaka,0.104,OKC,1610612760,4.7,0.629,0.129,11,0.611
184,30.0,0.236,27.3,2.76,5,"2733,1610612744",100.5,0.127,0.488,168,7.0,82,3.4,0.488,24,9,21.4,9.6,110.1,0.028,100.12,0.107,2733,Shaun Livingston,0.079,GSW,1610612744,9.9,0.532,0.18,15,0.625
185,25.0,0.064,16.3,2.67,5,"203524,1610612754",99.6,0.129,0.629,31,4.4,14,2.0,0.452,7,4,28.3,8.7,108.4,0.031,91.78,0.084,203524,Solomon Hill,0.082,IND,1610612754,6.1,0.71,0.099,3,0.429
186,23.0,1.0,50.0,0.0,5,"203915,1610612765",233.3,0.0,1.0,1,1.0,1,1.0,1.0,1,1,1.7,-100.0,133.3,0.0,85.54,0.214,203915,Spencer Dinwiddie,0.0,DET,1610612765,0.0,1.0,0.333,0,0.0
187,28.0,0.097,13.3,0.75,5,"201150,1610612766",71.2,0.22,0.5,13,2.6,6,1.2,0.462,5,2,10.6,21.7,93.0,0.07,101.54,0.18,201150,Spencer Hawes,0.157,CHA,1610612766,17.7,0.575,0.165,3,0.6
188,20.0,0.0,0.0,0.0,5,"1626169,1610612765",110.7,0.225,0.652,23,5.8,12,3.0,0.522,4,4,20.4,-2.7,108.0,0.0,87.01,0.092,1626169,Stanley Johnson,0.122,DET,1610612765,11.2,0.67,0.171,0,0.0
189,28.0,0.267,17.1,1.24,5,"201939,1610612744",104.2,0.149,0.556,338,18.8,148,8.2,0.438,18,7,34.1,4.2,108.4,0.025,101.55,0.156,201939,Stephen Curry,0.087,GSW,1610612744,13.8,0.603,0.314,11,0.611
190,36.0,0.385,47.9,2.0,5,"2581,1610612765",123.0,0.111,0.3,5,1.3,1,0.3,0.2,4,4,10.8,-21.5,101.5,0.0,92.7,0.006,2581,Steve Blake,0.061,DET,1610612765,23.9,0.34,0.128,0,0.0
191,22.0,0.034,7.5,0.76,5,"203500,1610612760",105.6,0.224,0.613,111,6.2,68,3.8,0.613,18,7,30.7,3.1,108.7,0.126,96.43,0.104,203500,Steven Adams,0.174,OKC,1610612760,9.8,0.636,0.126,11,0.611
192,25.0,0.064,7.1,0.69,5,"203082,1610612761",107.6,0.112,0.475,119,6.0,46,2.3,0.387,20,10,16.8,-17.0,90.6,0.013,91.38,0.065,203082,Terrence Ross,0.057,TOR,1610612761,10.3,0.493,0.199,10,0.5
193,22.0,0.113,18.8,3.0,5,"1626179,1610612738",95.9,0.169,0.478,23,4.6,9,1.8,0.391,5,3,19.7,-10.7,85.2,0.031,95.62,0.096,1626179,Terry Rozier,0.094,BOS,1610612738,6.3,0.503,0.12,2,0.4
194,32.0,0.137,21.4,1.7,5,"200757,1610612737",102.8,0.168,0.554,46,4.6,22,2.2,0.478,10,6,20.3,-0.8,102.0,0.047,97.86,0.098,200757,Thabo Sefolosha,0.112,ATL,1610612737,12.6,0.561,0.146,4,0.4
195,40.0,0.086,16.4,1.4,5,"1495,1610612759",95.2,0.178,0.423,52,5.2,22,2.2,0.423,10,4,21.8,14.6,109.8,0.058,92.43,0.078,1495,Tim Duncan,0.124,SAS,1610612759,11.7,0.482,0.156,6,0.6
196,24.0,0.143,18.1,2.33,5,"203501,1610612737",94.9,0.11,0.308,26,2.9,7,0.8,0.269,9,5,9.7,-2.0,92.9,0.0,92.83,0.042,203501,Tim Hardaway Jr.,0.057,ATL,1610612737,7.8,0.349,0.169,4,0.444
197,29.0,0.049,7.5,0.25,5,"202389,1610612739",105.4,0.25,0.4,15,1.2,6,0.5,0.4,13,3,5.8,-21.8,83.6,0.075,94.54,0.032,202389,Timofey Mozgov,0.16,CLE,1610612739,29.9,0.447,0.155,10,0.769
198,23.0,0.117,17.2,2.0,5,"202699,1610612765",113.4,0.234,0.5,46,11.5,21,5.3,0.457,4,4,39.0,-0.1,113.4,0.05,89.06,0.115,202699,Tobias Harris,0.147,DET,1610612765,8.6,0.561,0.187,0,0.0
199,34.0,0.058,6.3,0.5,5,"2754,1610612763",104.4,0.067,0.318,33,8.3,10,2.5,0.303,4,4,23.4,-14.8,89.6,0.058,92.45,0.011,2754,Tony Allen,0.061,MEM,1610612763,12.6,0.387,0.211,0,0.0
200,34.0,0.308,30.3,2.94,5,"2225,1610612759",102.1,0.083,0.469,98,9.8,44,4.4,0.449,10,4,26.4,3.5,105.6,0.005,94.37,0.102,2225,Tony Parker,0.047,SAS,1610612759,10.3,0.499,0.218,6,0.6
201,30.0,0.037,5.8,0.33,5,"2772,1610612745",111.2,0.089,0.294,51,10.2,13,2.6,0.255,5,4,36.2,-25.5,85.7,0.038,102.07,0.002,2772,Trevor Ariza,0.062,HOU,1610612745,17.5,0.313,0.148,1,0.2
202,25.0,0.033,9.5,0.88,5,"202684,1610612739",102.5,0.193,0.527,93,4.4,49,2.3,0.527,21,5,29.6,11.7,114.1,0.163,93.25,0.077,202684,Tristan Thompson,0.178,CLE,1610612739,10.8,0.559,0.104,16,0.762
203,24.0,0.0,0.0,0.0,5,"203584,1610612766",119.5,0.133,0.125,8,2.0,1,0.3,0.125,4,3,4.4,-33.7,85.8,0.0,91.75,-0.08,203584,Troy Daniels,0.061,CHA,1610612766,0.0,0.125,0.222,1,0.25
204,28.0,0.25,27.3,1.67,5,"201951,1610612754",111.6,0.09,0.333,18,2.6,6,0.9,0.333,7,4,10.5,-26.1,85.5,0.014,92.99,0.036,201951,Ty Lawson,0.051,IND,1610612754,16.4,0.388,0.169,3,0.429
205,30.0,0.0,0.0,0.0,5,"201946,1610612766",135.1,0.0,0.0,0,0.0,0,0.0,0.0,2,1,2.8,-60.1,75.0,0.0,88.69,0.0,201946,Tyler Hansbrough,0.0,CHA,1610612766,0.0,0.0,0.0,1,0.5
206,24.0,0.2,31.0,4.0,5,"204020,1610612748",102.2,0.091,0.591,11,2.2,5,1.0,0.455,5,2,12.1,10.4,112.6,0.042,90.89,0.085,204020,Tyler Johnson,0.068,MIA,1610612748,7.7,0.663,0.143,3,0.6
207,26.0,0.083,9.2,1.0,5,"203092,1610612738",87.4,0.355,0.467,15,5.0,7,2.3,0.467,3,3,12.7,14.5,101.9,0.093,99.97,0.17,203092,Tyler Zeller,0.203,BOS,1610612738,9.2,0.51,0.215,0,0.0
208,36.0,0.078,13.8,0.57,5,"2617,1610612748",109.6,0.299,0.533,15,1.7,8,0.9,0.533,9,5,9.4,-9.3,100.3,0.151,91.11,0.094,2617,Udonis Haslem,0.221,MIA,1610612748,24.1,0.581,0.138,4,0.444
209,39.0,0.119,11.2,1.67,5,"1713,1610612763",116.8,0.161,0.561,33,8.3,15,3.8,0.455,4,4,22.7,-27.1,89.6,0.052,90.88,0.113,1713,Vince Carter,0.095,MEM,1610612763,6.7,0.616,0.199,0,0.0
210,28.0,0.035,10.4,1.0,5,"202325,1610612746",88.3,0.16,0.464,14,2.3,5,0.8,0.357,6,4,12.8,15.3,103.6,0.06,97.69,0.091,202325,Wesley Johnson,0.109,LAC,1610612746,10.4,0.522,0.095,2,0.333
211,29.0,0.057,7.7,1.5,5,"202083,1610612742",123.2,0.099,0.417,60,12.0,20,4.0,0.333,5,4,34.7,-28.6,94.6,0.025,97.08,0.05,202083,Wesley Matthews,0.06,DAL,1610612742,5.1,0.475,0.191,1,0.2
212,24.0,0.189,22.8,2.0,5,"204098,1610612763",112.9,0.136,0.339,28,7.0,9,2.3,0.321,4,4,22.3,-23.8,89.1,0.013,92.83,0.04,204098,Xavier Munford,0.066,MEM,1610612763,11.4,0.329,0.18,0,0.0
213,34.0,0.132,8.9,1.0,5,"2216,1610612763",108.3,0.222,0.371,62,15.5,23,5.8,0.371,4,4,29.9,-24.2,84.1,0.112,91.9,0.084,2216,Zach Randolph,0.156,MEM,1610612763,8.9,0.4,0.266,0,0.0
214,32.0,0.232,32.3,8.0,5,"2585,1610612742",126.1,0.183,0.375,24,4.8,9,1.8,0.375,5,4,22.4,-29.2,96.9,0.101,91.31,0.106,2585,Zaza Pachulia,0.141,DAL,1610612742,4.0,0.524,0.143,1,0.2
