,AGE,BLK,BLKA,CFID,CFPARAMS,GP,L,MIN,OPP_PTS_2ND_CHANCE,OPP_PTS_FB,OPP_PTS_OFF_TOV,OPP_PTS_PAINT,PF,PFD,PLAYER_ID,PLAYER_NAME,PTS_2ND_CHANCE,PTS_FB,PTS_OFF_TOV,PTS_PAINT,TEAM_ABBREVIATION,TEAM_ID,W,W_PCT
0,31.0,0.1,0.3,5,"201166,1610612741",8,4,19.3,3.6,3.4,7.3,13.8,2.3,1.6,201166,Aaron Brooks,1.4,1.0,1.3,3.3,CHI,1610612741,4,0.5
1,20.0,0.5,0.0,5,"203932,1610612753",2,0,15.4,3.0,3.0,5.5,9.0,2.5,1.5,203932,Aaron Gordon,2.0,2.0,0.0,4.0,ORL,1610612753,2,1.0
2,21.0,0.0,0.0,5,"1626151,1610612766",6,1,12.8,1.0,6.3,6.2,12.3,1.2,0.5,1626151,Aaron Harrison,0.0,0.2,0.0,0.0,CHA,1610612766,5,0.833
3,23.0,0.0,1.0,5,"203519,1610612765",1,1,9.7,4.0,0.0,2.0,10.0,0.0,0.0,203519,Adonis Thomas,2.0,0.0,0.0,0.0,DET,1610612765,0,0.0
4,25.0,0.3,0.3,5,"203940,1610612750",6,4,12.0,2.8,4.5,4.3,10.7,2.8,1.2,203940,Adreian Payne,0.7,0.3,1.0,1.3,MIN,1610612750,2,0.333
5,30.0,1.2,0.3,5,"201143,1610612737",6,2,23.5,6.0,5.3,8.3,15.3,1.7,1.8,201143,Al Horford,0.7,0.7,0.8,5.3,ATL,1610612737,4,0.667
6,31.0,1.2,0.2,5,"2744,1610612766",6,0,24.1,5.2,7.0,7.8,17.3,1.8,2.2,2744,Al Jefferson,0.7,0.3,1.2,6.3,CHA,1610612766,6,1.0
7,25.0,1.3,1.0,5,"202329,1610612757",3,1,30.8,4.3,13.0,12.7,22.0,3.0,2.3,202329,Al-Farouq Aminu,2.3,2.0,3.0,5.3,POR,1610612757,2,0.667
8,24.0,0.1,1.0,5,"202692,1610612762",7,4,27.5,8.0,7.7,11.3,22.6,2.1,4.0,202692,Alec Burks,0.9,1.7,0.9,5.7,UTA,1610612762,3,0.429
9,23.0,1.6,0.2,5,"203458,1610612756",5,1,19.8,5.0,3.6,4.4,16.0,2.6,3.0,203458,Alex Len,2.8,0.0,1.2,6.0,PHX,1610612756,4,0.8
10,28.0,0.0,1.0,5,"1627293,1610612763",3,1,9.3,1.0,4.0,5.0,4.0,1.0,2.0,1627293,Alex Stepheson,1.3,0.0,0.0,1.3,MEM,1610612763,2,0.667
11,28.0,0.0,0.0,5,"201582,1610612740",1,0,8.2,2.0,2.0,0.0,4.0,1.0,0.0,201582,Alexis Ajinca,0.0,0.0,0.0,0.0,NOP,1610612740,1,1.0
12,24.0,0.0,0.3,5,"203459,1610612757",7,4,28.4,6.9,9.0,11.1,23.1,2.4,1.6,203459,Allen Crabbe,0.0,2.9,2.7,2.3,POR,1610612757,3,0.429
13,29.0,0.2,0.5,5,"202087,1610612740",6,4,21.2,6.8,3.7,5.7,21.0,2.8,2.0,202087,Alonzo Gee,0.0,1.3,1.0,1.3,NOP,1610612740,2,0.333
14,33.0,0.6,0.4,5,"2405,1610612748",5,2,12.8,2.8,4.4,5.2,6.8,1.4,2.0,2405,Amar'e Stoudemire,0.0,0.4,0.8,1.6,MIA,1610612748,3,0.6
15,29.0,1.0,0.7,5,"101161,1610612738",6,1,18.2,4.8,3.5,5.3,14.7,1.8,1.8,101161,Amir Johnson,1.5,0.5,1.0,7.7,BOS,1610612738,5,0.833
16,33.0,0.3,0.0,5,"2760,1610612744",6,6,15.7,4.0,2.5,7.8,11.3,2.0,1.7,2760,Anderson Varejao,0.5,0.3,2.0,3.3,GSW,1610612744,0,0.0
17,22.0,0.9,0.9,5,"203083,1610612765",8,5,28.7,6.5,6.5,9.8,20.3,2.5,2.5,203083,Andre Drummond,3.4,2.3,3.6,13.5,DET,1610612765,3,0.375
18,32.0,0.5,0.0,5,"2738,1610612744",6,3,15.4,7.0,3.8,6.0,12.0,0.8,0.8,2738,Andre Iguodala,0.0,2.0,0.8,2.0,GSW,1610612744,3,0.5
19,40.0,0.0,0.0,5,"1889,1610612759",3,2,16.4,1.7,2.0,4.3,10.0,0.7,3.3,1889,Andre Miller,0.3,0.0,1.7,4.0,SAS,1610612759,1,0.333
20,24.0,0.2,0.2,5,"203460,1610612760",6,1,20.2,4.7,6.5,9.8,16.0,2.5,1.2,203460,Andre Roberson,0.0,1.5,1.5,1.3,OKC,1610612760,5,0.833
21,31.0,1.3,0.0,5,"101106,1610612744",4,2,17.7,8.0,3.8,5.3,16.0,3.0,1.0,101106,Andrew Bogut,0.0,0.8,0.0,4.0,GSW,1610612744,2,0.5
22,26.0,0.0,0.2,5,"203094,1610612753",6,2,11.4,2.2,0.8,2.3,7.3,1.2,1.3,203094,Andrew Nicholson,1.3,0.5,1.0,3.7,ORL,1610612753,4,0.667
23,21.0,0.6,0.4,5,"203952,1610612750",7,5,23.7,6.4,9.0,7.6,20.6,1.6,4.3,203952,Andrew Wiggins,1.9,3.1,1.6,3.7,MIN,1610612750,2,0.286
24,23.0,0.0,0.2,5,"203461,1610612761",6,2,14.4,3.2,3.8,5.5,12.3,1.5,1.7,203461,Anthony Bennett,2.0,0.0,0.5,0.7,TOR,1610612761,4,0.667
25,23.0,0.0,0.0,5,"1626148,1610612747",7,4,18.5,5.1,4.6,7.0,14.9,1.4,0.4,1626148,Anthony Brown,0.3,0.4,1.1,0.3,LAL,1610612747,3,0.429
26,23.0,2.3,0.8,5,"203076,1610612740",6,3,29.1,7.8,6.0,7.5,24.0,2.0,6.3,203076,Anthony Davis,3.7,2.2,2.2,7.3,NOP,1610612740,3,0.5
27,30.0,0.0,0.2,5,"201627,1610612760",6,1,19.7,6.0,3.7,6.3,17.7,1.0,0.7,201627,Anthony Morrow,1.0,0.8,1.3,0.7,OKC,1610612760,5,0.833
28,31.0,0.1,0.0,5,"201229,1610612765",8,5,17.8,5.6,3.3,5.0,11.8,1.1,0.6,201229,Anthony Tolliver,0.9,1.3,0.9,0.3,DET,1610612765,3,0.375
29,21.0,0.2,0.7,5,"203462,1610612756",6,2,15.8,5.2,5.0,7.0,16.3,0.8,1.0,203462,Archie Goodwin,1.0,0.7,1.7,3.7,PHX,1610612756,4,0.667
30,29.0,0.5,0.0,5,"203382,1610612765",4,2,14.1,2.5,2.5,4.3,9.0,1.8,2.5,203382,Aron Baynes,1.3,0.5,0.8,3.0,DET,1610612765,2,0.5
31,30.0,0.0,0.3,5,"201167,1610612752",3,2,13.1,4.7,3.3,2.7,12.7,1.3,0.7,201167,Arron Afflalo,0.0,1.0,1.7,2.0,NYK,1610612752,1,0.333
32,26.0,0.0,0.0,5,"203529,1610612745",2,1,7.7,1.5,3.0,2.0,4.0,2.5,1.0,203529,Arsalan Kazemi,0.0,0.0,0.0,0.0,HOU,1610612745,1,0.5
33,28.0,0.5,0.3,5,"201948,1610612739",6,5,11.9,2.5,3.3,6.8,11.0,2.5,0.7,201948,Austin Daye,0.3,0.0,0.8,0.3,CLE,1610612739,1,0.167
34,23.0,0.2,0.0,5,"203085,1610612746",5,2,21.1,4.8,8.8,7.8,16.8,3.0,2.8,203085,Austin Rivers,0.4,1.2,1.4,4.0,LAC,1610612746,3,0.6
35,25.0,0.2,0.2,5,"202340,1610612738",6,1,19.2,5.5,4.2,5.2,14.7,2.0,0.7,202340,Avery Bradley,1.8,2.8,0.7,2.3,BOS,1610612738,5,0.833
36,23.0,0.0,0.0,5,"1626253,1610612743",2,1,10.7,2.0,1.0,2.5,8.0,1.5,0.5,1626253,Axel Toupane,0.0,0.0,0.0,0.0,DEN,1610612743,1,0.5
37,33.0,0.0,0.0,5,"2732,1610612744",2,1,8.3,0.0,3.0,6.5,4.0,0.5,0.0,2732,Ben Gordon,0.0,0.0,0.0,0.0,GSW,1610612744,1,0.5
38,23.0,0.0,0.2,5,"203463,1610612758",6,1,20.9,5.0,4.3,7.2,15.0,1.8,2.0,203463,Ben McLemore,0.3,2.2,1.5,1.3,SAC,1610612758,5,0.833
39,33.0,0.0,0.4,5,"2757,1610612748",5,1,15.2,2.2,6.8,7.4,13.2,1.2,2.4,2757,Beno Udrih,0.4,0.0,0.4,0.4,MIA,1610612748,4,0.8
40,23.0,1.0,0.9,5,"202687,1610612761",7,2,20.6,3.1,3.7,5.1,11.4,3.1,2.6,202687,Bismack Biyombo,1.7,0.0,1.0,2.0,TOR,1610612761,5,0.714
41,27.0,0.5,1.2,5,"201933,1610612746",6,3,26.4,4.7,7.5,11.2,22.3,2.3,4.5,201933,Blake Griffin,2.2,3.3,3.8,8.3,LAC,1610612746,3,0.5
42,31.0,0.0,1.3,5,"1627322,1610612740",4,3,13.8,4.0,2.8,6.3,12.0,2.0,0.8,1627322,Bo McCalebb,0.0,0.0,0.0,2.5,NOP,1610612740,1,0.25
43,27.0,1.0,0.2,5,"1626246,1610612759",5,3,11.6,1.0,5.6,6.8,6.0,0.8,0.6,1626246,Boban Marjanovic,1.6,0.0,1.2,3.6,SAS,1610612759,2,0.4
44,21.0,0.7,0.1,5,"1626171,1610612741",7,4,21.7,4.1,8.1,8.9,17.7,3.1,2.0,1626171,Bobby Portis,2.7,0.9,0.9,4.0,CHI,1610612741,3,0.429
45,27.0,0.3,1.0,5,"202711,1610612751",4,3,26.0,8.0,6.3,10.8,22.5,0.8,2.0,202711,Bojan Bogdanovic,1.0,1.5,2.3,3.5,BKN,1610612751,1,0.25
46,34.0,0.3,0.3,5,"2564,1610612759",3,1,11.4,3.0,3.3,4.3,6.7,1.3,0.7,2564,Boris Diaw,0.7,0.0,0.0,0.7,SAS,1610612759,2,0.667
47,22.0,0.2,0.3,5,"203078,1610612764",6,2,22.9,3.0,7.2,10.5,16.7,1.7,1.5,203078,Bradley Beal,1.3,4.0,3.2,6.7,WAS,1610612764,4,0.667
48,28.0,1.2,0.2,5,"201148,1610612763",5,1,19.5,4.4,5.2,9.0,13.6,2.2,1.4,201148,Brandan Wright,1.8,0.8,2.0,5.6,MEM,1610612763,4,0.8
49,23.0,0.0,0.0,5,"1626183,1610612746",2,1,6.1,1.0,1.0,2.0,3.0,0.0,0.0,1626183,Branden Dawson,0.0,3.0,3.0,3.0,LAC,1610612746,1,0.5
50,21.0,0.4,0.1,5,"1626165,1610612742",7,7,12.1,3.9,4.0,3.7,11.1,1.1,0.9,1626165,Brandon Ashley,0.3,0.1,0.6,0.0,DAL,1610612742,0,0.0
51,31.0,0.8,0.6,5,"101138,1610612747",5,4,19.5,5.4,6.0,7.8,17.6,2.2,2.2,101138,Brandon Bass,2.4,1.6,2.0,3.6,LAL,1610612747,1,0.2
52,24.0,0.0,0.2,5,"202688,1610612756",6,2,25.6,8.3,6.2,10.2,23.0,1.8,1.5,202688,Brandon Knight,0.0,1.8,2.2,2.0,PHX,1610612756,4,0.667
53,30.0,0.1,0.3,5,"201575,1610612744",7,4,18.5,6.3,6.3,10.9,17.7,1.9,1.3,201575,Brandon Rush,0.4,1.4,1.4,1.1,GSW,1610612744,3,0.429
54,30.0,0.0,0.1,5,"203148,1610612757",7,1,19.6,2.9,6.0,7.3,15.7,0.3,2.0,203148,Brian Roberts,1.1,1.1,1.4,2.0,POR,1610612757,6,0.857
55,28.0,2.8,0.2,5,"201572,1610612751",5,3,26.4,7.8,5.0,9.4,23.2,1.4,5.6,201572,Brook Lopez,2.0,0.6,2.2,7.6,BKN,1610612751,2,0.4
56,20.0,0.8,0.2,5,"203998,1610612761",6,2,14.1,2.3,2.0,5.5,11.0,2.0,0.7,203998,Bruno Caboclo,0.0,0.7,1.2,0.7,TOR,1610612761,4,0.667
57,23.0,0.0,0.5,5,"203955,1610612763",2,2,17.2,10.0,1.0,6.5,16.0,0.0,2.5,203955,Bryce Cotton,1.0,1.5,1.5,3.0,MEM,1610612763,0,0.0
58,23.0,0.1,0.7,5,"1626214,1610612740",7,4,18.2,4.9,5.9,5.9,16.3,2.4,2.6,1626214,Bryce Dejean-Jones,0.9,1.4,1.1,2.9,NOP,1610612740,3,0.429
59,24.0,0.4,0.2,5,"203927,1610612754",5,1,9.5,2.6,2.6,1.4,7.2,0.2,0.4,203927,CJ Fair,0.0,0.8,0.4,1.2,IND,1610612754,4,0.8
60,24.0,0.3,0.7,5,"203468,1610612757",7,4,31.0,7.3,10.6,10.6,22.3,2.3,2.3,203468,CJ McCollum,1.3,1.9,2.1,3.7,POR,1610612757,3,0.429
61,29.0,0.0,0.0,5,"101139,1610612754",6,2,18.4,5.5,3.3,3.8,14.7,1.5,1.3,101139,CJ Miles,1.3,2.0,1.7,2.7,IND,1610612754,4,0.667
62,32.0,0.5,0.2,5,"201228,1610612753",6,1,25.9,4.7,4.0,8.8,15.3,2.3,2.5,201228,CJ Watson,1.0,1.2,1.7,2.0,ORL,1610612753,5,0.833
63,25.0,0.2,0.2,5,"203912,1610612746",5,3,6.2,2.0,2.0,2.2,5.2,0.4,0.0,203912,CJ Wilcox,0.6,0.0,0.4,0.0,LAC,1610612746,2,0.4
64,25.0,0.5,0.3,5,"203946,1610612741",4,2,18.6,4.8,8.8,9.0,14.5,2.5,1.0,203946,Cameron Bairstow,2.0,0.0,0.5,3.5,CHI,1610612741,2,0.5
65,21.0,0.7,0.2,5,"1626166,1610612760",6,1,13.0,4.2,3.0,4.3,11.7,1.7,0.3,1626166,Cameron Payne,1.2,1.5,0.7,2.0,OKC,1610612760,5,0.833
66,32.0,1.2,0.4,5,"2546,1610612752",5,1,24.3,8.4,7.6,7.4,22.4,1.6,1.8,2546,Carmelo Anthony,3.8,1.8,2.0,4.0,NYK,1610612752,4,0.8
67,36.0,0.3,0.3,5,"2406,1610612758",4,1,13.6,1.0,3.8,5.0,10.0,1.5,0.5,2406,Caron Butler,0.8,0.5,0.8,0.0,SAC,1610612758,3,0.75
68,33.0,0.6,0.0,5,"101112,1610612739",7,1,18.1,2.3,4.3,5.4,10.6,2.1,1.4,101112,Channing Frye,1.3,0.4,0.6,2.0,CLE,1610612739,6,0.857
69,33.0,0.0,0.3,5,"101236,1610612745",4,3,6.7,1.5,1.0,2.8,3.0,0.8,0.0,101236,Charles Hayes,0.0,0.0,0.0,0.5,HOU,1610612745,1,0.25
70,31.0,0.0,0.2,5,"101111,1610612742",6,6,17.2,5.2,6.2,6.2,12.7,1.8,1.2,101111,Charlie Villanueva,1.8,2.3,2.8,3.3,DAL,1610612742,0,0.0
71,26.0,0.0,0.0,5,"203586,1610612749",1,1,8.9,7.0,0.0,4.0,8.0,2.0,4.0,203586,Charlie Westbrook,0.0,2.0,1.0,0.0,MIL,1610612749,0,0.0
72,28.0,0.3,0.0,5,"201978,1610612756",4,1,18.7,2.5,4.5,4.3,15.5,1.3,0.8,201978,Chase Budinger,0.8,2.0,2.0,2.0,PHX,1610612756,3,0.75
73,37.0,0.9,0.4,5,"2365,1610612763",7,4,15.4,4.6,3.9,3.6,11.4,0.7,1.3,2365,Chris Andersen,0.7,0.0,0.1,2.6,MEM,1610612763,3,0.429
74,26.0,0.2,0.0,5,"203569,1610612744",6,4,11.0,5.2,3.2,3.0,9.0,1.5,0.8,203569,Chris Babb,0.0,0.7,0.8,0.3,GSW,1610612744,2,0.333
75,32.0,0.3,0.6,5,"2547,1610612748",7,3,25.7,8.4,8.4,10.3,22.3,1.0,2.9,2547,Chris Bosh,0.3,0.0,2.0,3.4,MIA,1610612748,4,0.571
76,32.0,0.0,0.7,5,"203142,1610612749",3,2,24.2,5.0,9.0,8.0,16.0,1.3,3.0,203142,Chris Copeland,1.7,3.0,0.0,2.0,MIL,1610612749,1,0.333
77,32.0,0.6,0.2,5,"202808,1610612751",5,3,13.0,4.2,4.4,5.4,11.6,3.0,1.8,202808,Chris Daniels,1.8,0.0,1.4,2.4,BKN,1610612751,2,0.4
78,29.0,0.2,1.0,5,"201604,1610612740",5,3,19.7,9.0,7.4,6.0,20.8,0.4,3.0,201604,Chris Douglas-Roberts,0.0,2.8,1.8,2.0,NOP,1610612740,2,0.4
79,30.0,0.8,0.3,5,"202419,1610612739",4,4,9.2,3.5,2.5,3.8,10.5,2.3,0.8,202419,Chris Johnson,0.0,0.0,0.0,1.0,CLE,1610612739,0,0.0
80,26.0,0.0,0.0,5,"203187,1610612762",5,4,10.9,4.2,2.4,5.0,10.8,1.0,0.4,203187,Chris Johnson,0.0,0.4,1.2,1.6,UTA,1610612762,1,0.2
81,34.0,1.0,0.0,5,"2549,1610612757",2,1,11.2,2.5,6.0,8.0,6.0,2.0,0.0,2549,Chris Kaman,1.0,0.0,0.0,2.0,POR,1610612757,1,0.5
82,31.0,0.0,0.0,5,"101108,1610612746",5,2,23.5,4.6,7.0,9.2,18.0,2.4,2.2,101108,Chris Paul,1.4,1.4,0.8,2.4,LAC,1610612746,3,0.6
83,21.0,0.7,0.7,5,"1626217,1610612745",3,1,8.3,0.7,3.3,4.3,5.3,1.3,0.7,1626217,Chris Walker,2.0,0.7,0.0,4.0,HOU,1610612745,2,0.667
84,20.0,0.4,0.6,5,"1626174,1610612755",5,3,12.6,2.0,2.8,3.6,9.6,1.0,1.4,1626174,Christian Wood,0.4,0.4,0.8,4.4,PHI,1610612755,2,0.4
85,25.0,0.8,0.5,5,"203921,1610612752",6,2,20.2,6.3,3.5,5.3,17.0,3.0,2.5,203921,Cleanthony Early,0.2,3.0,1.8,4.0,NYK,1610612752,4,0.667
86,22.0,1.3,0.7,5,"203991,1610612745",6,3,23.9,5.2,7.3,7.0,18.3,2.7,2.3,203991,Clint Capela,2.0,1.5,3.5,6.7,HOU,1610612745,3,0.5
87,23.0,0.3,0.3,5,"203469,1610612766",8,1,22.1,6.0,6.6,7.6,16.0,2.3,2.5,203469,Cody Zeller,0.9,1.3,1.8,3.5,CHA,1610612766,7,0.875
88,27.0,0.3,0.0,5,"202332,1610612746",4,3,6.0,1.0,0.0,3.0,4.0,1.3,1.0,202332,Cole Aldrich,0.3,0.0,0.5,0.5,LAC,1610612746,1,0.25
89,30.0,0.0,0.3,5,"201147,1610612745",6,4,22.8,5.5,9.2,10.7,22.3,2.0,3.7,201147,Corey Brewer,0.8,2.7,2.0,6.3,HOU,1610612745,2,0.333
90,24.0,0.0,0.0,5,"1626186,1610612748",2,0,7.0,2.0,1.0,5.5,7.0,0.0,0.5,1626186,Corey Hawkins,0.0,0.0,1.5,0.0,MIA,1610612748,2,1.0
91,23.0,0.0,0.3,5,"1626258,1610612738",4,1,6.9,2.5,1.5,2.0,6.5,1.3,0.0,1626258,Corey Walden,0.0,0.5,0.5,0.5,BOS,1610612738,3,0.75
92,27.0,0.0,0.0,5,"1626290,1610612740",3,1,7.2,6.0,2.3,1.3,6.7,0.7,0.0,1626290,Corey Webster,0.0,0.0,0.0,0.7,NOP,1610612740,2,0.667
93,25.0,0.8,0.0,5,"203928,1610612756",5,2,5.0,1.8,1.6,1.8,4.8,0.6,0.6,203928,Cory Jefferson,0.0,0.4,0.4,1.6,PHX,1610612756,3,0.6
94,24.0,0.1,0.9,5,"202709,1610612761",7,2,21.2,3.6,4.3,6.4,13.1,1.6,3.1,202709,Cory Joseph,1.1,0.3,2.4,5.1,TOR,1610612761,5,0.714
95,23.0,0.0,0.0,5,"1626262,1610612738",1,0,0.2,0.0,0.0,0.0,0.0,0.0,0.0,1626262,Coty Clarke,0.0,0.0,0.0,0.0,BOS,1610612738,1,1.0
96,30.0,0.2,0.4,5,"201584,1610612766",5,0,23.5,3.0,9.4,9.4,14.0,1.4,0.4,201584,Courtney Lee,1.0,1.6,3.2,2.0,CHA,1610612766,5,1.0
97,23.0,0.2,0.0,5,"1626245,1610612741",5,2,8.8,0.8,6.8,5.8,6.4,1.2,0.6,1626245,Cristiano Felicio,1.4,0.0,0.4,1.6,CHI,1610612741,3,0.6
98,20.0,0.1,0.1,5,"1626156,1610612747",7,4,17.0,4.7,5.6,7.3,15.4,1.0,1.4,1626156,D'Angelo Russell,0.6,1.0,2.6,2.3,LAL,1610612747,3,0.429
99,28.0,0.0,0.8,5,"201571,1610612743",5,1,18.9,5.2,4.2,8.0,17.6,1.6,1.8,201571,D.J. Augustin,0.8,0.4,1.0,2.0,DEN,1610612743,4,0.8
100,25.0,0.0,0.0,5,"203474,1610612739",4,3,7.3,2.5,2.5,5.8,8.0,0.3,0.5,203474,DJ Stephens,0.0,0.0,0.5,2.5,CLE,1610612739,1,0.25
101,28.0,0.0,0.3,5,"201969,1610612752",4,2,5.8,3.0,1.3,0.5,5.0,0.5,0.5,201969,DaJuan Summers,0.0,0.0,0.0,1.0,NYK,1610612752,2,0.5
102,35.0,0.3,0.3,5,"2563,1610612739",4,3,24.5,7.0,6.8,9.0,19.5,2.5,3.3,2563,Dahntay Jones,1.0,1.3,2.8,2.5,CLE,1610612739,1,0.25
103,25.0,0.0,2.0,5,"203081,1610612757",5,3,31.3,5.6,9.2,11.8,26.8,2.4,5.2,203081,Damian Lillard,1.4,2.6,3.4,9.6,POR,1610612757,2,0.4
104,21.0,0.7,0.0,5,"203996,1610612749",3,2,18.3,7.3,6.0,7.3,10.7,3.0,2.7,203996,Damien Inglis,0.3,2.3,0.0,4.0,MIL,1610612749,1,0.333
105,36.0,0.0,0.3,5,"2863,1610612766",3,1,17.1,1.7,10.3,6.7,18.7,1.3,0.7,2863,Damien Wilkins,0.0,1.0,1.3,2.7,CHA,1610612766,2,0.667
106,30.0,0.0,0.0,5,"204014,1610612750",7,5,17.6,5.1,5.1,7.3,15.7,1.4,0.9,204014,Damjan Rudez,0.0,0.1,0.7,0.6,MIN,1610612750,2,0.286
107,27.0,0.0,0.6,5,"201568,1610612743",5,2,25.5,5.4,10.4,10.8,23.6,1.4,4.0,201568,Danilo Gallinari,1.6,0.8,2.2,2.8,DEN,1610612743,3,0.6
108,29.0,0.2,0.0,5,"201980,1610612759",6,4,16.6,1.0,6.2,5.3,12.7,1.2,1.2,201980,Danny Green,1.3,1.8,0.7,1.7,SAS,1610612759,2,0.333
109,29.0,0.6,0.4,5,"201967,1610612740",7,4,28.5,8.0,5.3,8.6,23.7,3.4,1.6,201967,Dante Cunningham,1.3,1.0,0.3,2.0,NOP,1610612740,3,0.429
110,23.0,0.3,0.3,5,"1626276,1610612752",3,2,2.4,1.0,0.7,0.0,2.0,1.0,0.0,1626276,Darion Atkins,0.0,0.0,0.0,0.0,NYK,1610612752,1,0.333
111,28.0,0.0,0.0,5,"201589,1610612743",2,2,17.4,3.0,3.5,4.0,15.0,2.0,1.5,201589,Darrell Arthur,1.0,1.0,1.0,1.0,DEN,1610612743,0,0.0
112,28.0,0.0,0.3,5,"201954,1610612758",6,1,26.5,5.5,9.5,9.5,19.3,1.7,3.8,201954,Darren Collison,2.3,2.2,3.3,5.0,SAC,1610612758,5,0.833
113,23.0,0.0,0.0,5,"1626199,1610612765",3,0,7.5,1.3,1.3,4.0,4.7,1.0,1.0,1626199,Darrun Hilliard,0.0,0.7,0.0,0.0,DET,1610612765,3,1.0
114,33.0,0.4,1.8,5,"101135,1610612742",5,1,20.0,3.8,6.2,6.8,16.8,1.8,1.2,101135,David Lee,0.4,1.4,0.4,6.0,DAL,1610612742,4,0.8
115,25.0,0.0,0.7,5,"204065,1610612758",3,0,5.2,1.3,1.3,5.0,2.7,0.3,1.0,204065,David Stockton,0.0,0.0,0.7,0.0,SAC,1610612758,3,1.0
116,35.0,1.0,0.3,5,"2561,1610612759",6,4,17.3,3.7,7.8,7.2,13.0,2.8,1.5,2561,David West,0.3,0.3,0.0,3.0,SAS,1610612759,2,0.333
117,27.0,1.7,0.2,5,"201599,1610612746",6,3,25.9,4.0,6.5,9.7,20.3,3.0,3.5,201599,DeAndre Jordan,0.7,2.2,3.0,6.3,LAC,1610612746,3,0.5
118,27.0,0.7,0.0,5,"201971,1610612764",3,0,16.4,3.3,7.7,7.0,17.3,3.3,2.0,201971,DeJuan Blair,5.0,0.7,0.0,10.0,WAS,1610612764,3,1.0
119,26.0,0.0,0.7,5,"201942,1610612761",6,2,24.8,5.0,6.7,6.5,17.7,2.7,3.0,201942,DeMar DeRozan,1.0,1.5,2.0,3.3,TOR,1610612761,4,0.667
120,25.0,0.4,1.0,5,"202326,1610612758",5,1,23.8,3.0,7.4,8.0,14.0,3.8,8.0,202326,DeMarcus Cousins,2.6,1.2,2.8,8.8,SAC,1610612758,4,0.8
121,29.0,0.3,0.9,5,"201960,1610612761",7,2,24.4,5.6,6.3,6.1,17.4,2.3,2.0,201960,DeMarre Carroll,0.7,1.9,3.1,3.1,TOR,1610612761,5,0.714
122,26.0,0.0,0.5,5,"203199,1610612737",4,1,4.6,0.0,1.5,2.0,3.5,0.5,0.8,203199,DeQuan Jones,0.0,1.5,1.0,1.0,ATL,1610612737,3,0.75
123,24.0,0.0,0.6,5,"1626153,1610612761",7,2,10.3,0.6,3.1,3.6,10.0,0.3,0.7,1626153,Delon Wright,0.7,0.6,0.3,2.0,TOR,1610612761,5,0.714
124,22.0,0.2,0.7,5,"203471,1610612737",6,2,17.3,3.2,5.2,7.0,12.0,1.8,2.8,203471,Dennis Schroder,0.3,2.3,2.5,3.7,ATL,1610612737,4,0.667
125,23.0,0.0,0.5,5,"1626269,1610612745",4,2,11.5,3.5,3.5,3.3,11.5,0.5,1.5,1626269,Denzel Livingston,0.8,0.3,1.5,2.5,HOU,1610612745,2,0.5
126,32.0,0.0,0.0,5,"101114,1610612742",1,1,15.5,4.0,4.0,6.0,10.0,1.0,2.0,101114,Deron Williams,0.0,0.0,2.0,2.0,DAL,1610612742,0,0.0
127,24.0,2.2,1.8,5,"202324,1610612762",5,3,25.9,5.6,7.6,8.8,17.6,2.2,3.2,202324,Derrick Favors,3.0,1.2,1.0,6.4,UTA,1610612762,2,0.4
128,27.0,0.0,0.0,5,"201565,1610612741",1,0,10.3,5.0,0.0,0.0,2.0,0.0,1.0,201565,Derrick Rose,2.0,2.0,2.0,6.0,CHI,1610612741,1,1.0
129,25.0,0.3,0.2,5,"202682,1610612752",6,2,21.2,5.3,5.2,6.7,18.0,1.3,3.3,202682,Derrick Williams,0.3,4.3,3.5,5.7,NYK,1610612752,4,0.667
130,24.0,0.5,0.0,5,"203472,1610612759",2,2,14.7,5.5,11.0,12.0,15.0,1.5,1.5,203472,Deshaun Thomas,1.0,1.5,0.0,2.0,SAS,1610612759,0,0.0
131,19.0,0.0,0.5,5,"1626164,1610612756",6,2,17.6,6.3,5.0,6.7,16.0,1.2,2.0,1626164,Devin Booker,0.0,2.3,0.7,2.0,PHX,1610612756,4,0.667
132,33.0,0.2,0.3,5,"2734,1610612742",6,6,17.0,4.7,4.5,5.5,11.3,1.2,1.5,2734,Devin Harris,0.7,2.7,1.7,3.3,DAL,1610612742,0,0.0
133,28.0,0.0,0.0,5,"202464,1610612743",4,2,3.3,1.8,0.0,0.5,2.5,0.5,0.3,202464,Devin Sweetney,0.0,0.5,0.5,0.5,DEN,1610612743,2,0.5
134,23.0,0.3,0.3,5,"203906,1610612753",7,2,19.0,3.9,3.6,5.1,11.7,1.9,2.1,203906,Devyn Marble,1.1,0.3,1.3,2.0,ORL,1610612753,5,0.714
135,26.0,1.4,0.1,5,"203473,1610612753",7,2,15.5,2.7,3.1,5.4,7.1,2.0,1.3,203473,Dewayne Dedmon,1.1,0.3,0.7,2.3,ORL,1610612753,5,0.714
136,24.0,0.0,0.0,5,"1626190,1610612760",1,0,4.6,0.0,0.0,1.0,2.0,0.0,1.0,1626190,Dez Wells,0.0,1.0,0.0,0.0,OKC,1610612760,1,1.0
137,24.0,0.0,0.0,5,"203079,1610612760",6,1,20.9,5.3,4.7,10.5,19.7,2.5,2.5,203079,Dion Waiters,0.5,2.3,2.8,3.3,OKC,1610612760,5,0.833
138,29.0,0.0,0.5,5,"202091,1610612739",4,3,19.9,4.3,7.3,11.0,18.5,1.0,1.5,202091,Dionte Christmas,0.5,1.0,0.5,2.5,CLE,1610612739,1,0.25
139,38.0,0.0,0.0,5,"1717,1610612742",3,3,22.7,3.3,6.7,6.3,16.0,2.0,1.3,1717,Dirk Nowitzki,0.0,0.7,3.3,2.0,DAL,1610612742,0,0.0
140,28.0,0.3,0.7,5,"202388,1610612751",3,2,21.5,6.7,6.3,8.3,23.3,0.7,3.3,202388,Donald Sloan,1.3,1.0,0.7,1.3,BKN,1610612751,1,0.333
141,24.0,0.0,0.4,5,"203926,1610612741",8,4,28.4,6.1,9.8,11.6,24.0,2.1,1.3,203926,Doug McDermott,1.4,2.6,1.4,2.8,CHI,1610612741,4,0.5
142,26.0,0.4,0.3,5,"203110,1610612744",7,4,21.1,9.0,5.9,10.0,18.3,3.4,3.0,203110,Draymond Green,0.6,1.6,1.0,3.1,GSW,1610612744,3,0.429
143,34.0,0.3,0.2,5,"2400,1610612764",6,2,17.6,2.7,4.7,5.8,14.3,3.5,0.3,2400,Drew Gooden,0.8,0.3,0.7,0.7,WAS,1610612764,4,0.667
144,24.0,0.0,0.0,5,"1626251,1610612758",1,0,8.5,3.0,4.0,7.0,6.0,2.0,1.0,1626251,Duje Dukan,0.0,0.0,0.0,0.0,SAC,1610612758,1,1.0
145,30.0,2.0,1.0,5,"2730,1610612745",1,1,23.3,6.0,4.0,7.0,20.0,1.0,3.0,2730,Dwight Howard,0.0,0.0,1.0,4.0,HOU,1610612745,0,0.0
146,24.0,0.3,0.3,5,"203939,1610612742",3,3,22.9,7.7,7.3,10.3,23.3,3.7,5.3,203939,Dwight Powell,1.3,1.3,0.3,2.7,DAL,1610612742,0,0.0
147,34.0,0.1,0.1,5,"2548,1610612748",7,3,22.4,6.6,6.1,8.4,18.3,1.3,3.6,2548,Dwyane Wade,0.9,1.0,0.9,3.7,MIA,1610612748,4,0.571
148,27.0,0.4,0.1,5,"202734,1610612741",8,4,25.0,6.1,9.0,11.3,21.3,2.9,1.4,202734,E'Twaun Moore,0.6,1.6,1.1,4.8,CHI,1610612741,4,0.5
149,34.0,0.0,0.0,5,"2853,1610612737",4,1,7.1,1.3,2.8,2.0,8.0,0.5,0.3,2853,Earl Barron,0.0,0.5,0.0,0.5,ATL,1610612737,3,0.75
150,27.0,1.4,1.1,5,"202334,1610612757",7,4,22.4,4.7,6.9,6.4,19.1,2.0,1.7,202334,Ed Davis,2.7,0.4,0.7,4.3,POR,1610612757,3,0.429
151,28.0,0.0,0.0,5,"1626293,1610612737",1,0,2.2,0.0,2.0,2.0,4.0,0.0,0.0,1626293,Edgar Sosa,0.0,0.0,0.0,0.0,ATL,1610612737,1,1.0
152,22.0,0.0,0.7,5,"203901,1610612753",3,2,21.2,6.3,4.3,8.3,14.7,3.0,2.7,203901,Elfrid Payton,0.0,2.0,0.7,5.3,ORL,1610612753,1,0.333
153,28.0,0.0,0.1,5,"202407,1610612762",7,4,16.5,5.1,2.7,5.3,11.7,2.3,2.7,202407,Elijah Millsap,0.7,1.3,1.3,1.1,UTA,1610612762,3,0.429
154,27.0,0.0,1.0,5,"202343,1610612763",2,1,13.0,0.0,8.0,5.0,13.0,1.5,0.5,202343,Elliot Williams,1.5,1.5,0.0,1.0,MEM,1610612763,1,0.5
155,20.0,0.4,0.2,5,"1626144,1610612743",5,2,29.1,7.6,11.4,12.6,28.0,2.2,3.0,1626144,Emmanuel Mudiay,0.8,2.4,2.6,5.6,DEN,1610612743,3,0.6
156,24.0,0.5,0.5,5,"202683,1610612760",4,0,23.0,4.8,5.8,9.0,18.5,2.5,2.3,202683,Enes Kanter,6.5,3.3,2.8,12.0,OKC,1610612760,4,1.0
157,26.0,0.7,1.0,5,"202339,1610612756",3,0,24.9,9.3,4.0,7.3,22.0,2.3,4.3,202339,Eric Bledsoe,2.0,3.3,4.0,4.7,PHX,1610612756,3,1.0
158,27.0,0.0,0.8,5,"201569,1610612740",5,3,24.6,7.8,4.2,5.2,20.4,2.0,3.2,201569,Eric Gordon,1.4,2.0,4.0,2.4,NOP,1610612740,2,0.4
159,24.0,2.5,0.0,5,"203961,1610612758",2,1,15.6,1.5,6.5,9.5,11.0,1.0,2.0,203961,Eric Moreland,2.0,1.0,2.0,7.0,SAC,1610612758,1,0.5
160,25.0,0.0,0.2,5,"203475,1610612762",5,3,18.4,5.0,4.6,6.8,16.4,0.8,1.4,203475,Erick Green,0.6,0.8,2.0,1.6,UTA,1610612762,2,0.4
161,29.0,0.3,0.3,5,"101141,1610612753",6,5,26.0,5.2,4.7,10.8,17.3,2.2,3.2,101141,Ersan Ilyasova,1.2,1.0,1.7,4.3,ORL,1610612753,1,0.167
162,23.0,0.1,0.7,5,"203095,1610612753",7,1,24.4,6.9,6.7,7.7,14.9,2.4,2.0,203095,Evan Fournier,1.3,1.6,2.1,3.1,ORL,1610612753,6,0.857
163,27.0,0.4,0.6,5,"202323,1610612738",5,1,20.9,6.0,4.2,5.2,17.6,0.6,1.8,202323,Evan Turner,1.4,0.4,1.0,3.2,BOS,1610612738,4,0.8
164,26.0,1.4,0.4,5,"203105,1610612744",7,4,16.2,5.1,5.1,8.6,12.3,2.9,2.9,203105,Festus Ezeli,1.6,0.3,1.1,3.4,GSW,1610612744,3,0.429
165,23.0,0.4,0.5,5,"1626163,1610612766",8,1,19.7,2.8,7.9,6.5,16.8,1.1,1.3,1626163,Frank Kaminsky,1.4,0.9,1.0,2.5,CHA,1610612766,7,0.875
166,24.0,0.5,0.0,5,"203128,1610612755",6,4,18.4,2.7,8.0,10.3,19.3,2.8,2.2,203128,Furkan Aldemir,1.0,0.0,0.5,2.3,PHI,1610612755,2,0.333
167,30.0,0.3,1.0,5,"202066,1610612764",3,2,18.2,2.3,4.3,4.3,13.3,1.7,0.7,202066,Garrett Temple,0.7,1.0,0.7,1.3,WAS,1610612764,1,0.333
168,21.0,0.0,0.8,5,"203914,1610612743",6,2,28.0,7.7,10.2,9.3,18.3,2.3,1.2,203914,Gary Harris,0.5,4.2,3.0,5.3,DEN,1610612743,4,0.667
169,31.0,0.0,0.7,5,"202390,1610612764",7,3,21.9,5.7,6.1,7.4,18.6,1.0,0.7,202390,Gary Neal,0.7,0.7,1.1,2.0,WAS,1610612764,4,0.571
170,30.0,0.7,0.0,5,"201588,1610612754",6,2,23.1,6.7,6.0,7.2,18.0,1.8,2.2,201588,George Hill,1.5,0.8,1.0,2.7,IND,1610612754,4,0.667
171,30.0,0.3,0.9,5,"101123,1610612748",8,4,21.8,7.0,5.9,7.6,14.3,2.0,3.9,101123,Gerald Green,0.8,2.9,3.0,4.5,MIA,1610612748,4,0.5
172,21.0,1.4,1.0,5,"203507,1610612749",5,4,25.2,5.6,6.0,12.2,15.6,3.0,4.0,203507,Giannis Antetokounmpo,1.0,3.0,2.0,5.2,MIL,1610612749,1,0.2
173,22.0,0.0,0.5,5,"203922,1610612754",6,1,23.6,6.0,5.5,7.5,19.0,1.7,1.3,203922,Glenn Robinson,0.8,1.5,2.3,4.0,IND,1610612754,5,0.833
174,30.0,0.2,0.5,5,"201609,1610612748",6,2,23.7,7.8,7.2,9.2,22.0,2.3,1.5,201609,Goran Dragic,0.5,1.3,1.8,4.3,MIA,1610612748,4,0.667
175,26.0,0.2,0.8,5,"202330,1610612762",6,3,25.8,7.5,7.5,9.2,19.7,2.5,3.3,202330,Gordon Hayward,1.2,3.2,2.8,3.3,UTA,1610612762,3,0.5
176,26.0,0.7,0.7,5,"203476,1610612750",7,5,25.3,6.9,8.7,9.3,22.6,1.9,3.3,203476,Gorgui Dieng,1.6,1.1,1.9,4.6,MIN,1610612750,2,0.286
177,26.0,0.3,1.0,5,"202328,1610612749",6,4,23.7,5.8,6.5,9.3,16.7,2.3,4.8,202328,Greg Monroe,3.7,1.0,2.7,8.7,MIL,1610612749,2,0.333
178,30.0,0.0,0.0,5,"201880,1610612753",2,0,8.3,1.0,1.5,5.0,9.0,2.5,1.0,201880,Greg Stiemsma,0.0,0.0,0.0,0.0,ORL,1610612753,2,1.0
179,23.0,0.5,0.3,5,"204222,1610612748",4,3,16.1,4.3,4.5,5.3,10.5,1.8,0.3,204222,Greg Whittington,1.8,0.5,0.0,2.0,MIA,1610612748,1,0.25
180,29.0,0.2,0.0,5,"202349,1610612749",6,4,19.0,4.8,4.3,7.7,11.7,1.8,0.7,202349,Greivis Vasquez,0.7,0.7,0.8,2.0,MIL,1610612749,2,0.333
181,24.0,0.2,0.4,5,"203084,1610612744",5,3,20.2,6.0,4.0,6.6,14.8,1.6,1.6,203084,Harrison Barnes,1.2,0.4,1.4,2.0,GSW,1610612744,2,0.4
182,27.0,4.3,1.3,5,"202355,1610612748",3,1,25.1,9.0,7.7,9.7,20.0,4.0,4.3,202355,Hassan Whiteside,2.3,0.0,1.3,9.3,MIA,1610612748,2,0.667
183,26.0,0.0,0.3,5,"203156,1610612751",6,2,4.7,1.3,1.5,1.7,4.0,1.2,0.3,203156,Henry Sims,0.3,0.0,0.3,1.0,BKN,1610612751,4,0.667
184,25.0,0.8,0.3,5,"203138,1610612755",6,4,27.2,4.5,9.2,14.5,24.7,2.7,1.3,203138,Hollis Thompson,1.7,1.8,3.0,1.7,PHI,1610612755,2,0.333
185,25.0,0.1,0.4,5,"203546,1610612744",7,4,13.1,3.1,4.7,7.3,10.6,1.7,0.9,203546,Ian Clark,1.3,0.9,1.3,2.0,GSW,1610612744,3,0.429
186,29.0,2.2,0.7,5,"101133,1610612754",6,2,20.7,5.0,4.5,6.0,15.0,2.5,2.8,101133,Ian Mahinmi,1.0,0.7,1.3,4.7,IND,1610612754,4,0.667
187,25.0,0.2,0.6,5,"203477,1610612755",5,3,28.0,8.2,8.4,10.0,18.8,1.6,2.2,203477,Isaiah Canaan,0.6,3.6,5.0,4.4,PHI,1610612755,2,0.4
188,27.0,0.2,0.4,5,"202738,1610612738",5,1,23.5,5.8,6.2,6.8,17.6,1.0,3.0,202738,Isaiah Thomas,2.8,3.2,4.6,5.6,BOS,1610612738,4,0.8
189,27.0,0.2,0.4,5,"202397,1610612755",5,2,11.5,4.0,4.2,5.4,13.2,1.0,2.2,202397,Ish Smith,0.0,0.2,0.0,1.6,PHI,1610612755,3,0.6
190,24.0,0.0,0.0,5,"1626266,1610612762",1,1,1.7,3.0,0.0,0.0,2.0,1.0,0.0,1626266,J.J. O'Brien,0.0,0.0,0.0,0.0,UTA,1610612762,0,0.0
191,30.0,0.5,0.0,5,"2747,1610612739",4,3,21.6,2.3,3.8,7.3,17.0,2.5,0.8,2747,J.R. Smith,0.8,1.8,1.5,3.5,CLE,1610612739,1,0.25
192,27.0,0.0,1.0,5,"201581,1610612764",4,2,10.5,3.3,4.5,6.8,11.5,1.3,1.3,201581,JJ Hickson,0.5,0.0,0.5,1.0,WAS,1610612764,2,0.5
193,32.0,0.0,0.0,5,"200755,1610612746",6,3,21.8,3.2,6.5,8.7,16.3,1.7,1.7,200755,JJ Redick,0.8,2.7,3.3,0.3,LAC,1610612746,3,0.5
194,22.0,0.0,0.0,5,"1626160,1610612755",5,4,10.4,2.2,2.6,3.2,14.0,1.0,1.2,1626160,JP Tokoto,0.2,0.6,0.6,1.2,PHI,1610612755,1,0.2
195,23.0,0.0,0.7,5,"203960,1610612743",6,4,18.9,5.8,6.8,9.2,13.3,2.7,2.7,203960,JaKarr Sampson,0.7,2.5,2.0,3.3,DEN,1610612743,2,0.333
196,26.0,0.2,0.5,5,"203210,1610612763",6,1,14.1,3.0,4.7,7.0,8.0,1.2,1.3,203210,JaMychal Green,1.7,0.7,1.3,3.7,MEM,1610612763,5,0.833
197,23.0,0.0,0.3,5,"203913,1610612747",6,3,14.3,4.5,3.2,6.0,12.0,1.8,2.3,203913,Jabari Brown,0.0,2.2,2.8,1.0,LAL,1610612747,3,0.5
198,25.0,0.3,0.0,5,"204022,1610612739",4,2,7.7,2.8,1.8,1.5,8.5,1.3,1.0,204022,Jack Cooley,1.8,0.0,0.0,1.5,CLE,1610612739,2,0.5
199,25.0,0.0,0.3,5,"203109,1610612738",6,1,19.7,3.8,3.5,5.3,15.7,2.0,2.5,203109,Jae Crowder,1.7,1.8,1.0,2.3,BOS,1610612738,5,0.833
200,20.0,1.0,1.4,5,"1626143,1610612755",5,3,20.9,6.4,6.0,6.0,17.2,3.2,3.2,1626143,Jahlil Okafor,1.6,0.4,2.6,7.2,PHI,1610612755,2,0.4
201,29.0,0.0,0.0,5,"202815,1610612741",1,0,1.4,0.0,0.0,3.0,0.0,0.0,0.0,202815,Jake Anderson,0.0,0.0,0.0,0.0,CHI,1610612741,1,1.0
202,23.0,0.7,0.0,5,"1626294,1610612764",3,1,6.9,1.3,0.7,2.7,6.0,0.7,1.0,1626294,Jaleel Roberts,0.7,0.0,0.7,2.7,WAS,1610612764,2,0.667
203,36.0,0.2,0.2,5,"2037,1610612746",5,3,20.5,5.2,7.4,9.4,18.8,1.4,2.8,2037,Jamal Crawford,0.0,0.8,0.8,0.8,LAC,1610612746,2,0.4
204,34.0,0.0,0.0,5,"2749,1610612743",5,1,19.9,5.8,6.0,6.2,10.8,2.8,1.8,2749,Jameer Nelson,0.4,2.0,2.4,0.8,DEN,1610612743,4,0.8
205,27.0,0.0,0.0,5,"202341,1610612758",5,1,19.3,3.2,3.4,5.2,12.0,1.2,0.4,202341,James Anderson,0.0,0.6,1.0,1.2,SAC,1610612758,4,0.8
206,25.0,0.0,0.2,5,"203516,1610612740",6,3,15.1,3.2,4.0,3.7,9.0,1.0,1.7,203516,James Ennis,2.2,1.8,2.2,4.7,NOP,1610612740,3,0.5
207,26.0,0.3,0.5,5,"201935,1610612745",6,4,23.7,6.8,8.0,7.2,21.7,2.5,2.8,201935,James Harden,0.7,2.8,1.7,4.0,HOU,1610612745,2,0.333
208,29.0,0.3,0.0,5,"201949,1610612761",3,1,10.0,2.3,0.7,3.0,9.3,1.7,0.3,201949,James Johnson,0.7,0.0,0.0,3.3,TOR,1610612761,2,0.667
209,35.0,0.4,0.0,5,"2592,1610612739",7,6,19.8,5.4,6.0,8.9,15.7,1.9,1.4,2592,James Jones,1.7,0.0,1.1,0.0,CLE,1610612739,1,0.143
210,23.0,1.0,0.1,5,"203949,1610612744",7,4,13.2,5.6,3.0,5.3,10.0,1.6,2.6,203949,James Michael McAdoo,0.6,1.3,1.0,4.0,GSW,1610612744,3,0.429
211,20.0,0.3,0.0,5,"203923,1610612738",7,1,13.7,2.6,3.0,5.3,10.3,1.3,1.6,203923,James Young,0.0,0.7,1.0,0.3,BOS,1610612738,6,0.857
212,25.0,0.0,0.4,5,"203966,1610612742",7,7,17.5,6.4,7.1,5.6,16.9,1.0,0.9,203966,Jamil Wilson,0.0,0.3,1.3,0.9,DAL,1610612742,0,0.0
213,25.0,0.1,1.1,5,"203099,1610612749",7,6,25.3,6.0,6.7,14.0,20.3,3.1,7.1,203099,Jared Cunningham,0.6,2.4,1.6,4.3,MIL,1610612749,1,0.143
214,30.0,0.0,0.0,5,"201162,1610612764",2,2,13.4,3.0,1.5,3.0,9.0,3.5,1.0,201162,Jared Dudley,0.0,1.5,1.0,1.0,WAS,1610612764,0,0.0
215,24.0,0.9,1.0,5,"203096,1610612738",7,1,15.7,1.9,4.1,4.1,10.3,2.4,2.1,203096,Jared Sullinger,2.6,0.4,0.6,4.3,BOS,1610612738,6,0.857
216,24.0,0.0,0.0,5,"204067,1610612764",3,1,10.7,8.3,4.0,5.0,11.3,0.7,1.0,204067,Jarell Eddie,0.0,1.7,1.0,0.7,WAS,1610612764,2,0.667
217,22.0,0.0,0.8,5,"203950,1610612748",6,1,15.4,2.3,5.2,8.3,11.0,3.2,1.3,203950,Jarnell Stokes,0.3,0.2,1.0,3.3,MIA,1610612748,5,0.833
218,24.0,0.2,0.2,5,"204189,1610612764",6,2,4.7,1.5,2.3,2.0,6.3,0.0,0.7,204189,Jaron Johnson,0.7,1.0,0.5,1.3,WAS,1610612764,4,0.667
219,32.0,0.0,0.3,5,"101127,1610612751",4,3,20.0,6.8,3.5,8.0,15.5,1.8,3.5,101127,Jarrett Jack,1.0,2.0,2.3,2.5,BKN,1610612751,1,0.25
220,27.0,0.2,0.2,5,"202820,1610612742",5,5,9.6,2.8,3.6,2.8,8.8,0.6,0.6,202820,Jarrid Famous,0.4,0.0,0.8,1.6,DAL,1610612742,0,0.0
221,30.0,0.0,0.1,5,"201160,1610612753",7,1,17.2,5.1,2.9,4.3,10.9,1.3,1.1,201160,Jason Smith,0.3,0.3,0.6,0.9,ORL,1610612753,6,0.857
222,38.0,0.0,0.0,5,"1891,1610612745",4,1,14.4,3.0,3.5,4.0,13.0,1.0,0.0,1891,Jason Terry,1.3,0.0,0.8,0.0,HOU,1610612745,3,0.75
223,29.0,1.0,0.3,5,"201574,1610612761",6,4,13.0,4.5,3.8,6.5,8.0,2.3,1.3,201574,Jason Thompson,1.0,0.0,0.7,2.7,TOR,1610612761,2,0.333
224,26.0,0.8,0.0,5,"1626279,1610612766",4,1,4.6,0.0,1.3,1.8,3.5,0.3,0.0,1626279,Jason Washburn,0.0,0.0,0.0,0.0,CHA,1610612766,3,0.75
225,30.0,0.3,0.3,5,"202399,1610612740",4,3,17.7,6.5,7.3,8.0,18.5,3.3,2.5,202399,Jeff Adrien,0.5,0.0,0.5,2.5,NOP,1610612740,1,0.25
226,29.0,0.0,0.2,5,"201145,1610612746",6,1,24.1,3.2,8.0,9.2,16.7,1.8,3.0,201145,Jeff Green,1.5,0.7,3.2,2.3,LAC,1610612746,5,0.833
227,28.0,0.4,0.6,5,"201952,1610612737",5,2,24.7,5.8,7.8,8.2,18.4,1.6,2.8,201952,Jeff Teague,0.0,4.6,1.6,3.6,ATL,1610612737,3,0.6
228,26.0,1.3,0.0,5,"203481,1610612762",7,4,11.4,6.0,2.6,3.7,10.0,1.4,1.0,203481,Jeff Withey,0.9,0.0,0.3,2.3,UTA,1610612762,3,0.429
229,22.0,1.0,0.5,5,"203924,1610612755",6,4,24.5,4.5,8.7,10.5,21.0,2.2,3.5,203924,Jerami Grant,0.8,1.3,0.8,4.0,PHI,1610612755,2,0.333
230,28.0,0.9,0.4,5,"202379,1610612742",7,7,19.4,5.1,5.1,6.3,14.9,1.4,1.0,202379,Jeremy Evans,0.0,0.9,0.6,2.9,DAL,1610612742,0,0.0
231,24.0,0.2,0.0,5,"203087,1610612766",6,0,20.1,4.0,5.7,6.3,16.3,1.5,1.5,203087,Jeremy Lamb,1.2,0.3,1.8,2.3,CHA,1610612766,6,1.0
232,27.0,0.0,0.7,5,"202391,1610612766",6,0,25.2,6.3,5.8,8.3,19.3,2.8,5.7,202391,Jeremy Lin,0.5,1.5,3.3,3.0,CHA,1610612766,6,1.0
233,25.0,0.0,0.0,5,"202719,1610612745",2,1,14.5,5.5,5.0,8.5,17.0,4.5,1.5,202719,Jeremy Tyler,1.0,0.0,0.0,0.0,HOU,1610612745,1,0.5
234,23.0,0.2,0.7,5,"1626170,1610612752",6,2,23.2,8.7,4.2,6.8,18.0,1.7,2.3,1626170,Jerian Grant,0.0,1.7,0.5,4.3,NYK,1610612752,4,0.667
235,27.0,0.4,0.2,5,"201573,1610612749",5,3,19.7,5.4,7.4,8.4,15.2,2.0,2.2,201573,Jerryd Bayless,0.8,0.4,1.8,2.8,MIL,1610612749,2,0.4
236,27.0,0.0,0.5,5,"202690,1610612752",2,2,13.2,3.5,8.5,12.0,11.0,0.5,0.0,202690,Jimmer Fredette,1.0,0.0,1.0,1.0,NYK,1610612752,0,0.0
237,26.0,0.3,0.8,5,"202710,1610612741",8,4,27.4,6.5,7.1,9.1,20.3,1.6,3.3,202710,Jimmy Butler,0.6,2.0,2.4,4.3,CHI,1610612741,4,0.5
238,31.0,0.2,0.7,5,"201149,1610612741",6,3,21.0,3.3,4.7,10.7,15.3,3.2,2.7,201149,Joakim Noah,2.7,0.3,0.7,3.7,CHI,1610612741,3,0.5
239,28.0,0.1,0.1,5,"201975,1610612765",7,5,22.0,7.0,5.0,7.1,16.0,1.0,1.6,201975,Jodie Meeks,0.3,0.9,1.3,2.3,DET,1610612765,2,0.286
240,24.0,0.1,0.4,5,"203925,1610612739",7,6,19.0,4.9,4.7,10.4,15.7,1.6,1.1,203925,Joe Harris,0.1,1.3,2.3,1.7,CLE,1610612739,1,0.143
241,28.0,0.0,0.0,5,"204060,1610612762",6,3,17.8,5.5,4.3,7.2,14.7,1.3,0.7,204060,Joe Ingles,0.0,0.7,0.7,2.0,UTA,1610612762,3,0.5
242,34.0,0.0,0.0,5,"2207,1610612748",4,3,26.6,7.0,5.8,10.3,22.5,0.8,3.5,2207,Joe Johnson,2.0,0.0,3.0,1.5,MIA,1610612748,1,0.25
243,24.0,0.0,0.0,5,"1626202,1610612754",6,2,20.0,5.2,4.3,5.3,16.0,1.8,1.5,1626202,Joe Young,0.8,2.0,1.3,3.0,IND,1610612754,4,0.667
244,33.0,1.8,0.4,5,"201202,1610612765",5,3,18.3,7.2,1.4,7.0,12.4,1.6,1.4,201202,Joel Anthony,0.8,0.0,0.0,1.6,DET,1610612765,2,0.4
245,24.0,0.0,0.7,5,"203530,1610612743",6,2,25.2,7.2,8.0,10.3,22.3,2.7,1.8,203530,Joffrey Lauvergne,3.8,0.7,2.5,8.7,DEN,1610612743,4,0.667
246,25.0,1.3,0.3,5,"203089,1610612749",6,4,14.3,4.0,2.8,6.3,6.7,1.8,1.8,203089,John Henson,2.5,0.7,0.7,7.0,MIL,1610612749,2,0.333
247,25.0,0.4,0.7,5,"203098,1610612756",7,7,28.5,9.1,9.7,10.3,26.0,0.9,3.0,203098,John Jenkins,0.9,3.0,3.1,5.1,PHX,1610612756,0,0.0
248,33.0,0.0,0.0,5,"101249,1610612748",1,1,15.8,4.0,2.0,7.0,14.0,0.0,3.0,101249,John Lucas III,0.0,0.0,0.0,0.0,MIA,1610612748,0,0.0
249,25.0,0.0,0.5,5,"202322,1610612764",6,3,22.6,3.3,7.2,10.0,17.7,1.3,2.8,202322,John Wall,1.3,1.8,1.8,2.7,WAS,1610612764,3,0.5
250,23.0,0.0,0.3,5,"203948,1610612749",6,4,16.1,5.8,6.5,6.0,12.7,3.2,0.8,203948,Johnny O'Bryant,1.7,0.7,0.7,2.7,MIL,1610612749,2,0.333
251,24.0,0.0,0.0,5,"1626281,1610612749",1,1,5.8,7.0,0.0,0.0,6.0,0.0,0.0,1626281,Jon Horford,0.0,0.0,0.0,0.0,MIL,1610612749,0,0.0
252,27.0,0.3,0.2,5,"202720,1610612756",6,2,17.0,5.2,6.0,6.5,16.3,2.3,2.2,202720,Jon Leuer,0.8,0.3,2.0,3.3,PHX,1610612756,4,0.667
253,29.0,0.3,0.0,5,"201973,1610612738",7,1,16.1,3.7,3.9,6.3,9.7,2.3,1.9,201973,Jonas Jerebko,1.1,0.4,1.4,2.9,BOS,1610612738,6,0.857
254,24.0,0.4,0.6,5,"202685,1610612761",7,2,20.2,4.9,5.7,6.9,14.9,2.3,2.9,202685,Jonas Valanciunas,2.3,0.0,1.7,6.6,TOR,1610612761,5,0.714
255,23.0,0.5,1.0,5,"1626182,1610612747",2,1,7.5,2.5,0.0,2.0,7.0,1.0,0.5,1626182,Jonathan Holmes,1.0,0.0,0.0,1.0,LAL,1610612747,1,0.5
256,26.0,0.0,0.0,5,"203613,1610612759",6,4,14.2,4.5,6.7,7.8,10.7,1.5,1.3,203613,Jonathon Simmons,0.3,0.7,0.3,1.3,SAS,1610612759,2,0.333
257,21.0,0.0,0.0,5,"203919,1610612763",1,1,17.2,0.0,11.0,12.0,12.0,3.0,3.0,203919,Jordan Adams,3.0,2.0,0.0,2.0,MEM,1610612763,0,0.0
258,26.0,0.0,0.0,5,"203947,1610612765",2,0,3.1,0.5,1.0,2.0,0.0,0.0,1.0,203947,Jordan Bachynski,0.0,1.0,0.0,1.0,DET,1610612765,2,1.0
259,24.0,0.1,0.6,5,"203903,1610612747",8,5,22.2,4.6,5.4,7.8,20.3,1.8,2.3,203903,Jordan Clarkson,1.6,1.8,2.0,6.3,LAL,1610612747,3,0.375
260,27.0,0.0,0.0,5,"202348,1610612741",5,3,7.3,0.2,4.8,4.8,6.0,0.8,0.4,202348,Jordan Crawford,0.6,0.0,0.0,0.0,CHI,1610612741,2,0.4
261,28.0,1.0,0.2,5,"201941,1610612754",5,1,14.2,5.0,4.4,4.2,12.8,1.6,1.2,201941,Jordan Hill,1.0,0.0,1.2,2.8,IND,1610612754,4,0.8
262,25.0,0.3,0.7,5,"203895,1610612739",7,5,19.9,3.1,6.3,8.9,20.0,2.1,2.3,203895,Jordan McRae,0.4,2.0,1.7,3.7,CLE,1610612739,2,0.286
263,21.0,1.1,0.3,5,"1626175,1610612738",7,1,9.7,2.6,2.1,3.9,6.9,0.6,1.0,1626175,Jordan Mickey,1.1,0.6,1.3,4.9,BOS,1610612738,6,0.857
264,23.0,0.0,0.2,5,"1626296,1610612753",5,2,6.1,1.2,1.0,1.8,5.6,0.6,0.0,1626296,Jordan Sibert,0.0,0.6,0.0,0.0,ORL,1610612753,3,0.6
265,27.0,0.0,0.5,5,"203268,1610612766",4,3,11.7,4.0,5.0,4.0,6.0,1.5,1.0,203268,Jorge Gutierrez,0.0,0.5,1.0,1.0,CHA,1610612766,1,0.25
266,34.0,0.0,0.0,5,"101181,1610612752",5,1,22.4,7.0,6.4,6.2,20.0,2.0,1.2,101181,Jose Calderon,0.6,1.0,2.6,0.8,NYK,1610612752,4,0.8
267,32.0,0.0,0.8,5,"200826,1610612742",6,6,18.0,5.7,5.2,5.3,15.7,1.5,2.5,200826,Jose Juan Barea,0.7,2.0,1.0,2.0,DAL,1610612742,0,0.0
268,27.0,0.9,0.0,5,"202725,1610612764",7,3,7.3,2.1,1.9,1.7,5.7,1.3,0.1,202725,Josh Harrellson,0.7,0.0,0.9,1.1,WAS,1610612764,4,0.571
269,24.0,0.5,0.0,5,"203962,1610612760",4,1,9.0,0.8,0.8,1.5,5.5,0.3,0.0,203962,Josh Huestis,0.0,0.0,0.0,0.0,OKC,1610612760,3,0.75
270,29.0,0.2,0.0,5,"201177,1610612748",5,3,14.8,4.8,2.0,4.8,6.0,1.2,0.8,201177,Josh McRoberts,1.2,0.0,0.8,0.4,MIA,1610612748,2,0.4
271,33.0,0.0,0.3,5,"2694,1610612749",4,3,5.7,1.3,2.5,4.3,4.5,1.8,0.0,2694,Josh Powell,0.0,0.0,0.0,0.0,MIL,1610612749,1,0.25
272,22.0,0.2,0.5,5,"1626196,1610612748",6,4,16.2,3.0,5.3,5.0,10.7,1.2,1.5,1626196,Josh Richardson,0.3,0.8,1.3,2.0,MIA,1610612748,2,0.333
273,30.0,0.5,0.5,5,"2746,1610612745",6,3,19.2,5.5,8.5,7.2,18.0,3.0,3.2,2746,Josh Smith,1.3,1.0,0.7,4.7,HOU,1610612745,3,0.5
274,24.0,0.3,0.9,5,"1626288,1610612745",7,4,15.8,3.4,5.7,7.4,15.4,4.1,0.4,1626288,Joshua Smith,2.6,0.0,1.1,6.3,HOU,1610612745,3,0.429
275,26.0,0.4,0.4,5,"201950,1610612740",7,4,12.9,2.6,3.4,1.9,9.7,1.4,2.3,201950,Jrue Holiday,0.0,0.3,0.9,2.6,NOP,1610612740,3,0.429
276,21.0,0.4,0.8,5,"203944,1610612747",8,5,21.3,5.3,4.9,7.8,18.8,2.3,3.0,203944,Julius Randle,3.8,1.3,2.4,9.0,LAL,1610612747,3,0.375
277,27.0,0.0,0.0,5,"202933,1610612760",1,0,4.3,0.0,0.0,1.0,2.0,1.0,0.0,202933,Julyan Stone,0.0,0.0,0.0,0.0,OKC,1610612760,1,1.0
278,22.0,0.9,0.9,5,"1626147,1610612742",7,7,24.4,9.1,8.9,8.3,21.4,1.9,1.4,1626147,Justin Anderson,0.6,2.6,2.9,4.3,DAL,1610612742,0,0.0
279,26.0,0.2,0.3,5,"202712,1610612765",6,4,19.1,4.0,5.0,8.3,17.3,3.5,1.2,202712,Justin Harper,0.5,0.8,2.5,1.0,DET,1610612765,2,0.333
280,27.0,0.6,0.0,5,"203200,1610612741",5,1,18.3,3.0,7.0,7.4,14.0,0.6,2.2,203200,Justin Holiday,1.0,1.2,0.4,0.4,CHI,1610612741,4,0.8
281,20.0,0.5,0.5,5,"1626159,1610612748",6,4,28.6,6.0,5.8,8.7,14.0,2.8,2.5,1626159,Justise Winslow,0.5,2.2,1.0,2.7,MIA,1610612748,2,0.333
282,24.0,0.0,0.0,5,"1626219,1610612744",1,0,9.8,13.0,0.0,2.0,14.0,2.0,2.0,1626219,Juwan Staten,0.0,2.0,0.0,0.0,GSW,1610612744,1,1.0
283,23.0,1.0,0.5,5,"203909,1610612745",8,5,18.4,5.5,8.0,7.6,17.5,2.6,3.0,203909,KJ McDaniels,1.3,1.8,1.5,3.3,HOU,1610612745,3,0.375
284,23.0,1.0,0.0,5,"1627292,1610612754",1,0,3.6,0.0,0.0,0.0,2.0,2.0,0.0,1627292,Kadeem Jack,0.0,0.0,0.0,0.0,IND,1610612754,1,1.0
285,20.0,1.0,0.7,5,"1626157,1610612750",7,5,23.0,7.6,9.1,6.3,20.3,2.7,2.9,1626157,Karl-Anthony Towns,1.7,0.9,2.0,5.1,MIN,1610612750,2,0.286
286,24.0,0.3,0.3,5,"202695,1610612759",6,4,23.4,2.3,10.8,7.7,19.0,1.5,3.3,202695,Kawhi Leonard,2.3,2.2,2.0,2.7,SAS,1610612759,2,0.333
287,22.0,0.0,0.0,5,"1626208,1610612759",3,2,6.3,0.7,2.7,2.0,4.0,0.3,0.0,1626208,Keifer Sykes,0.0,0.0,0.0,0.0,SAS,1610612759,1,0.333
288,24.0,0.2,0.4,5,"203951,1610612753",5,2,8.7,1.6,1.4,3.2,5.6,1.2,0.4,203951,Keith Appling,0.0,0.4,0.8,0.4,ORL,1610612753,3,0.6
289,27.0,0.4,1.0,5,"202728,1610612748",5,2,11.8,2.2,3.0,3.6,7.6,0.8,2.0,202728,Keith Benson,1.8,0.4,1.6,2.0,MIA,1610612748,3,0.6
290,25.0,0.2,0.0,5,"203482,1610612738",6,1,17.7,4.5,3.5,6.2,12.3,2.8,1.3,203482,Kelly Olynyk,0.3,0.7,0.7,3.3,BOS,1610612738,5,0.833
291,20.0,0.5,0.2,5,"1626162,1610612764",6,3,20.9,6.0,7.7,7.2,18.7,2.5,2.5,1626162,Kelly Oubre,0.3,3.0,2.0,2.7,WAS,1610612764,3,0.5
292,26.0,0.0,0.7,5,"202689,1610612766",7,1,22.5,3.3,6.9,5.7,14.3,1.1,3.6,202689,Kemba Walker,0.7,2.3,1.9,3.4,CHA,1610612766,6,0.857
293,31.0,0.6,0.3,5,"2570,1610612740",7,4,16.4,3.3,4.7,4.9,12.6,2.3,0.3,2570,Kendrick Perkins,1.1,0.0,0.9,2.3,NOP,1610612740,3,0.429
294,26.0,1.2,0.5,5,"202702,1610612743",6,2,20.2,4.8,8.2,9.5,16.0,2.8,4.3,202702,Kenneth Faried,2.8,1.0,1.5,5.7,DEN,1610612743,4,0.667
295,26.0,0.4,0.6,5,"203145,1610612737",5,2,22.2,4.8,9.0,9.0,14.4,2.6,2.6,203145,Kent Bazemore,0.4,2.2,2.4,4.0,ATL,1610612737,3,0.6
296,23.0,0.0,0.1,5,"203484,1610612765",7,5,23.8,6.3,3.9,9.7,15.4,0.9,1.4,203484,Kentavious Caldwell-Pope,0.3,2.0,3.3,2.3,DET,1610612765,2,0.286
297,27.0,1.0,0.6,5,"201142,1610612760",5,0,24.8,5.4,7.4,11.8,18.0,1.8,2.6,201142,Kevin Durant,1.8,1.4,3.0,7.2,OKC,1610612760,5,1.0
298,40.0,0.3,0.0,5,"708,1610612750",6,4,12.9,3.7,2.7,3.7,9.7,2.0,0.7,708,Kevin Garnett,0.0,0.3,0.3,1.0,MIN,1610612750,2,0.333
299,27.0,0.5,0.0,5,"201567,1610612739",2,1,17.4,2.0,2.0,3.5,14.0,1.5,4.5,201567,Kevin Love,1.0,1.0,1.0,2.0,CLE,1610612739,1,0.5
300,33.0,0.0,0.4,5,"2755,1610612759",5,4,16.0,4.4,7.6,4.4,17.2,1.2,2.4,2755,Kevin Martin,1.2,1.2,1.8,2.8,SAS,1610612759,1,0.2
301,26.0,0.0,0.3,5,"202338,1610612752",4,2,14.0,2.8,2.3,2.8,9.0,2.0,0.5,202338,Kevin Seraphin,1.5,0.0,2.0,3.0,NYK,1610612752,2,0.5
302,24.0,0.3,0.0,5,"203114,1610612749",6,4,24.0,6.3,5.5,11.3,14.3,3.8,1.7,203114,Khris Middleton,0.3,1.0,1.7,3.3,MIL,1610612749,2,0.333
303,35.0,0.0,0.0,5,"2550,1610612737",6,3,17.7,3.2,7.2,7.0,12.7,2.2,0.7,2550,Kirk Hinrich,0.3,0.3,0.7,1.0,ATL,1610612737,3,0.5
304,26.0,0.3,0.5,5,"202691,1610612744",6,3,24.2,9.7,6.2,11.8,20.0,1.7,3.2,202691,Klay Thompson,1.7,1.5,3.0,3.7,GSW,1610612744,3,0.5
305,29.0,0.0,0.0,5,"1626285,1610612750",3,3,2.7,0.0,0.0,0.0,1.3,1.0,0.0,1626285,Kleon Penn,0.0,0.0,0.0,0.0,MIN,1610612750,0,0.0
306,37.0,0.0,0.2,5,"977,1610612747",5,4,18.1,2.8,4.0,6.8,12.4,1.4,2.8,977,Kobe Bryant,0.4,2.0,2.2,2.4,LAL,1610612747,1,0.2
307,27.0,2.0,0.4,5,"201585,1610612758",5,0,24.1,5.0,5.6,8.2,18.8,1.8,2.0,201585,Kosta Koufos,1.6,0.4,0.8,7.6,SAC,1610612758,5,1.0
308,31.0,0.3,0.4,5,"2743,1610612737",7,3,24.7,5.1,7.7,10.9,19.7,2.4,1.9,2743,Kris Humphries,1.9,0.9,3.6,2.3,ATL,1610612737,4,0.571
309,20.0,1.0,0.5,5,"204001,1610612752",4,2,19.4,5.0,5.8,5.8,16.5,2.0,1.0,204001,Kristaps Porzingis,0.5,0.0,0.5,2.5,NYK,1610612752,2,0.5
310,22.0,0.3,0.2,5,"203937,1610612759",6,4,21.0,3.5,8.3,8.7,13.7,2.8,1.8,203937,Kyle Anderson,0.0,1.3,0.8,2.0,SAS,1610612759,2,0.333
311,25.0,0.0,0.0,5,"1626271,1610612756",1,0,5.7,0.0,0.0,0.0,6.0,0.0,0.0,1626271,Kyle Casey,0.0,0.0,0.0,0.0,PHX,1610612756,1,1.0
312,35.0,0.2,0.2,5,"2594,1610612737",6,2,21.1,5.3,6.0,7.8,12.3,0.7,1.3,2594,Kyle Korver,0.0,2.2,2.2,0.3,ATL,1610612737,4,0.667
313,30.0,0.0,0.2,5,"200768,1610612761",5,0,26.2,8.0,6.4,5.6,19.2,1.6,4.8,200768,Kyle Lowry,0.4,3.0,4.8,6.4,TOR,1610612761,5,1.0
314,26.0,1.2,0.2,5,"203124,1610612752",5,1,19.9,7.6,5.8,6.0,14.8,2.4,2.6,203124,Kyle O'Quinn,1.6,0.4,0.8,5.2,NYK,1610612752,4,0.8
315,28.0,0.6,0.0,5,"202713,1610612760",5,1,10.4,5.8,2.8,4.0,10.0,2.0,0.4,202713,Kyle Singler,0.6,0.0,0.4,0.4,OKC,1610612760,4,0.8
316,30.0,0.4,0.6,5,"200746,1610612759",5,3,25.3,3.6,11.4,8.2,23.2,2.2,2.8,200746,LaMarcus Aldridge,1.8,0.4,1.0,4.4,SAS,1610612759,2,0.4
317,24.0,0.2,0.5,5,"203934,1610612737",6,2,17.2,2.0,4.7,9.0,11.7,1.5,1.8,203934,Lamar Patterson,0.5,1.5,0.7,1.3,ATL,1610612737,4,0.667
318,25.0,0.0,0.3,5,"202362,1610612763",6,3,22.3,5.7,8.0,8.7,19.3,2.7,0.7,202362,Lance Stephenson,0.8,0.7,1.0,2.3,MEM,1610612763,3,0.5
319,28.0,0.2,0.0,5,"202498,1610612752",6,2,14.3,3.8,3.2,3.7,11.3,1.0,0.5,202498,Lance Thomas,0.0,0.3,0.7,0.3,NYK,1610612752,4,0.667
320,24.0,0.2,0.5,5,"204038,1610612752",6,2,27.0,8.3,6.8,7.7,22.7,1.5,1.2,204038,Langston Galloway,0.5,0.7,2.2,0.7,NYK,1610612752,4,0.667
321,23.0,0.0,0.0,5,"1626204,1610612747",5,2,11.0,2.4,1.8,4.0,10.8,1.4,1.0,1626204,Larry Nance Jr.,0.8,0.0,0.4,2.0,LAL,1610612747,3,0.6
322,27.0,0.6,0.1,5,"202730,1610612754",7,2,18.1,4.3,5.0,3.7,13.1,1.0,0.4,202730,Lavoy Allen,0.6,0.6,0.3,2.0,IND,1610612754,5,0.714
323,25.0,0.0,0.0,5,"1626272,1610612763",6,1,14.3,2.3,4.5,6.0,7.7,0.7,1.2,1626272,Lazeric Jones,0.3,0.3,0.8,0.3,MEM,1610612763,5,0.833
324,31.0,0.0,0.0,5,"2544,1610612739",2,2,24.1,5.0,6.0,7.5,15.0,2.5,3.5,2544,LeBron James,0.0,3.0,3.0,4.0,CLE,1610612739,0,0.0
325,33.0,0.1,0.4,5,"2571,1610612744",7,4,12.3,4.6,2.3,3.0,9.1,1.0,1.3,2571,Leandro Barbosa,0.7,2.0,3.0,4.9,GSW,1610612744,3,0.429
326,23.0,0.0,0.0,5,"1626260,1610612738",2,1,0.3,0.0,0.0,0.0,1.0,0.0,0.5,1626260,Levi Randolph,1.5,0.0,0.0,1.0,BOS,1610612738,1,0.5
327,25.0,0.2,0.2,5,"203485,1610612765",5,4,13.1,4.6,2.2,3.4,8.8,1.2,0.4,203485,Lorenzo Brown,0.0,1.6,1.6,2.4,DET,1610612765,1,0.2
328,33.0,1.3,0.3,5,"200811,1610612752",3,1,13.5,5.3,4.0,3.7,15.3,2.7,1.7,200811,Lou Amundson,0.7,1.3,2.0,4.0,NYK,1610612752,2,0.667
329,29.0,0.3,0.8,5,"101150,1610612747",6,5,25.0,6.0,9.0,11.0,23.0,2.8,5.7,101150,Lou Williams,1.0,1.7,3.3,4.0,LAL,1610612747,1,0.167
330,29.0,0.3,0.5,5,"201601,1610612746",4,2,8.4,3.0,2.0,3.8,6.0,0.8,1.0,201601,Luc Mbah a Moute,1.0,0.0,0.8,1.5,LAC,1610612746,2,0.5
331,23.0,0.0,0.0,5,"1626242,1610612757",2,2,3.8,0.0,0.0,2.0,1.0,0.0,0.0,1626242,Luis Montero,0.0,1.0,0.0,1.0,POR,1610612757,0,0.0
332,36.0,0.0,0.3,5,"2449,1610612761",6,1,17.8,3.5,4.0,3.3,13.7,2.0,2.2,2449,Luis Scola,1.8,0.7,1.8,6.0,TOR,1610612761,5,0.833
333,27.0,0.0,0.0,5,"202337,1610612740",3,1,24.7,9.3,12.3,5.3,20.0,1.3,1.3,202337,Luke Babbitt,1.7,1.0,4.0,2.0,NOP,1610612740,2,0.667
334,31.0,0.0,0.2,5,"2736,1610612748",6,2,22.9,7.7,8.0,9.7,21.0,1.0,2.2,2736,Luol Deng,0.3,1.8,1.3,3.0,MIA,1610612748,4,0.667
335,23.0,0.0,0.0,5,"1626259,1610612738",1,0,0.2,0.0,0.0,0.0,0.0,0.0,0.0,1626259,Malcolm Miller,0.0,0.0,0.0,0.0,BOS,1610612738,1,1.0
336,38.0,0.4,0.0,5,"1938,1610612759",5,3,15.6,1.8,6.0,3.4,12.0,1.6,1.8,1938,Manu Ginobili,0.6,1.4,1.8,3.2,SAS,1610612759,2,0.4
337,31.0,2.0,0.8,5,"201188,1610612763",5,0,27.2,2.6,9.8,9.8,15.6,3.0,3.4,201188,Marc Gasol,0.8,0.2,1.6,4.8,MEM,1610612763,5,1.0
338,33.0,0.3,0.0,5,"1626273,1610612747",3,1,17.8,6.7,6.7,5.7,16.7,2.3,1.3,1626273,Marcelo Huertas,0.0,0.7,1.3,2.0,LAL,1610612747,2,0.667
339,32.0,1.0,0.7,5,"101162,1610612764",7,3,24.9,4.6,6.3,10.3,17.4,2.0,3.9,101162,Marcin Gortat,1.0,3.0,1.4,10.0,WAS,1610612764,4,0.571
340,30.0,0.0,0.3,5,"201158,1610612758",6,1,27.7,6.3,7.8,12.0,21.3,1.5,3.8,201158,Marco Belinelli,0.7,1.7,3.5,1.3,SAC,1610612758,5,0.833
341,30.0,0.5,0.3,5,"202068,1610612749",4,3,10.5,2.0,4.8,4.0,5.0,1.0,0.5,202068,Marcus Landry,0.0,0.5,0.0,0.5,MIL,1610612749,1,0.25
342,26.0,0.4,0.3,5,"202694,1610612765",8,5,23.6,5.1,3.9,7.5,14.5,3.4,2.0,202694,Marcus Morris,1.1,1.8,3.4,2.8,DET,1610612765,3,0.375
343,28.0,0.0,0.0,5,"204136,1610612741",2,0,1.6,0.0,1.5,3.0,1.0,0.0,0.0,204136,Marcus Simmons,0.0,0.0,0.0,0.0,CHI,1610612741,2,1.0
344,22.0,0.0,0.2,5,"203935,1610612738",5,0,24.2,4.0,5.4,6.2,18.4,2.2,2.6,203935,Marcus Smart,1.4,1.4,3.2,4.0,BOS,1610612738,5,1.0
345,29.0,0.0,0.7,5,"201977,1610612764",6,4,22.7,6.0,5.3,5.7,19.3,1.7,1.5,201977,Marcus Thornton,2.3,0.3,2.2,3.0,WAS,1610612764,2,0.333
346,30.0,0.0,0.6,5,"201596,1610612763",5,3,19.0,5.4,5.4,6.4,11.2,2.6,3.6,201596,Mario Chalmers,0.4,0.8,2.4,2.0,MEM,1610612763,2,0.4
347,21.0,0.1,0.3,5,"1626209,1610612753",8,2,21.8,5.4,5.0,9.0,11.8,2.5,1.3,1626209,Mario Hezonja,1.1,0.9,2.8,2.3,ORL,1610612753,6,0.75
348,26.0,1.0,0.8,5,"202693,1610612764",6,2,23.0,11.7,5.2,11.2,21.7,3.0,2.8,202693,Markieff Morris,1.5,0.3,4.0,4.0,WAS,1610612764,4,0.667
349,28.0,0.6,0.1,5,"201578,1610612744",7,4,15.4,6.4,3.9,8.0,15.1,2.0,2.6,201578,Marreese Speights,2.4,0.9,0.9,3.7,GSW,1610612744,3,0.429
350,25.0,0.0,0.0,5,"1626289,1610612758",1,0,2.5,0.0,4.0,5.0,2.0,0.0,0.0,1626289,Marshall Henderson,0.0,0.0,0.0,0.0,SAC,1610612758,1,1.0
351,30.0,0.1,0.4,5,"101107,1610612766",7,0,21.4,3.6,5.7,6.0,14.9,1.1,1.4,101107,Marvin Williams,0.7,0.6,0.9,1.7,CHA,1610612766,7,1.0
352,26.0,0.4,0.0,5,"203486,1610612757",7,4,21.3,4.4,9.9,9.7,15.4,2.7,2.6,203486,Mason Plumlee,0.3,1.0,1.3,5.1,POR,1610612757,3,0.429
353,36.0,0.6,0.8,5,"2440,1610612763",5,0,17.4,2.6,4.0,8.0,8.4,2.2,1.0,2440,Matt Barnes,1.0,1.2,0.2,1.2,MEM,1610612763,5,1.0
354,36.0,0.0,0.0,5,"2588,1610612759",2,2,6.1,0.0,1.0,2.0,4.0,0.0,0.0,2588,Matt Bonner,0.0,0.0,0.0,0.0,SAS,1610612759,0,0.0
355,28.0,0.0,0.0,5,"202394,1610612743",2,0,4.6,3.5,1.5,0.0,3.0,1.5,0.0,202394,Matt Janning,0.0,1.0,1.0,0.0,DEN,1610612743,2,1.0
356,25.0,0.0,0.7,5,"203521,1610612739",6,5,23.5,7.3,5.5,10.2,19.3,2.0,0.5,203521,Matthew Dellavedova,1.3,0.7,1.2,3.3,CLE,1610612739,1,0.167
357,23.0,0.4,0.2,5,"203090,1610612757",5,3,24.3,4.0,8.2,8.4,17.6,1.4,2.4,203090,Maurice Harkless,2.6,2.2,3.0,4.4,POR,1610612757,2,0.4
358,24.0,0.8,0.0,5,"1626254,1610612742",4,4,22.8,9.0,8.5,7.8,19.5,2.5,2.0,1626254,Maurice Ndour,0.0,1.3,2.0,2.0,DAL,1610612742,0,0.0
359,25.0,0.0,0.3,5,"203929,1610612753",4,1,8.0,1.0,1.8,4.3,8.0,1.5,0.5,203929,Melvin Ejim,1.3,0.0,0.8,2.0,ORL,1610612753,3,0.75
360,36.0,0.2,0.2,5,"1897,1610612747",6,3,13.7,3.3,4.3,7.0,12.7,1.8,1.5,1897,Metta World Peace,0.0,0.0,0.8,1.7,LAL,1610612747,3,0.5
361,24.0,0.7,0.0,5,"203086,1610612757",7,4,24.7,5.3,9.3,10.0,17.7,2.6,1.9,203086,Meyers Leonard,0.9,0.4,3.0,0.9,POR,1610612757,3,0.429
362,24.0,1.2,0.6,5,"203487,1610612749",5,3,22.4,7.0,5.0,11.2,12.8,2.8,1.6,203487,Michael Carter-Williams,1.2,2.2,2.4,4.8,MIL,1610612749,2,0.4
363,22.0,0.0,0.5,5,"1626187,1610612747",4,1,12.9,1.5,1.5,4.0,13.0,1.0,1.0,1626187,Michael Frazier,0.0,0.0,0.5,0.0,LAL,1610612747,3,0.75
364,23.0,0.0,0.0,5,"1626261,1610612763",1,0,8.0,5.0,4.0,6.0,10.0,2.0,0.0,1626261,Michael Holyfield,0.0,0.0,0.0,0.0,MEM,1610612763,1,1.0
365,22.0,0.0,0.0,5,"203077,1610612766",1,0,12.6,0.0,7.0,4.0,10.0,0.0,2.0,203077,Michael Kidd-Gilchrist,0.0,2.0,0.0,4.0,CHA,1610612766,1,1.0
366,24.0,0.0,0.0,5,"1626252,1610612761",1,0,4.6,0.0,4.0,4.0,6.0,0.0,0.0,1626252,Michale Kyser,0.0,0.0,0.0,0.0,TOR,1610612761,1,1.0
367,28.0,0.0,1.0,5,"201144,1610612763",5,0,23.8,2.4,8.2,8.6,14.0,0.8,4.0,201144,Mike Conley,0.8,0.0,1.2,2.8,MEM,1610612763,5,1.0
368,36.0,0.0,0.0,5,"2034,1610612743",3,1,14.7,5.7,4.3,6.3,11.3,3.0,0.0,2034,Mike Miller,0.0,1.0,1.0,0.0,DEN,1610612743,2,0.667
369,24.0,0.5,0.3,5,"203488,1610612737",6,3,16.8,2.5,5.5,6.7,14.3,1.7,0.7,203488,Mike Muscala,1.0,0.0,0.7,1.7,ATL,1610612737,3,0.5
370,27.0,0.2,0.3,5,"203118,1610612737",6,2,19.0,4.3,6.0,8.2,11.7,1.7,1.2,203118,Mike Scott,1.0,1.7,0.8,5.7,ATL,1610612737,4,0.667
371,27.0,0.7,0.3,5,"203101,1610612749",3,3,10.1,4.7,5.7,4.7,8.0,0.7,2.7,203101,Miles Plumlee,1.3,1.3,0.7,1.3,MIL,1610612749,0,0.0
372,30.0,0.2,0.3,5,"203141,1610612756",6,2,18.4,5.5,5.8,8.7,16.7,2.2,1.0,203141,Mirza Teletovic,0.7,0.3,0.8,1.3,PHX,1610612756,4,0.667
373,24.0,0.5,0.3,5,"203956,1610612760",4,1,15.1,4.0,3.0,6.0,11.5,1.3,1.3,203956,Mitch McGary,0.5,1.5,1.5,4.5,OKC,1610612760,3,0.75
374,33.0,0.0,0.6,5,"2590,1610612739",5,5,22.4,6.8,5.6,10.6,18.0,1.6,1.4,2590,Mo Williams,1.0,1.2,1.0,1.2,CLE,1610612739,0,0.0
375,30.0,0.2,0.2,5,"101145,1610612754",6,2,22.5,6.5,5.2,7.7,17.7,0.7,1.7,101145,Monta Ellis,0.0,2.3,4.2,3.3,IND,1610612754,4,0.667
376,22.0,0.5,0.2,5,"1626149,1610612745",6,4,21.6,8.2,10.5,9.7,24.0,4.0,2.3,1626149,Montrezl Harrell,2.2,2.2,1.7,5.0,HOU,1610612745,2,0.333
377,20.0,2.5,0.2,5,"1626167,1610612754",6,1,17.0,4.2,3.2,5.2,12.7,1.7,2.2,1626167,Myles Turner,0.3,0.2,0.7,2.0,IND,1610612754,5,0.833
378,32.0,0.0,0.8,5,"101126,1610612740",4,3,20.6,7.8,4.3,8.0,21.5,2.0,1.5,101126,Nate Robinson,0.0,1.0,2.5,1.5,NOP,1610612740,1,0.25
379,28.0,0.1,0.3,5,"202357,1610612750",7,5,20.4,6.7,5.4,6.6,18.3,2.7,0.9,202357,Nemanja Bjelica,0.9,0.3,1.7,1.7,MIN,1610612750,2,0.286
380,33.0,0.3,0.0,5,"2403,1610612764",3,1,15.1,2.0,5.3,3.3,12.0,0.7,2.3,2403,Nene,0.0,3.3,1.3,6.0,WAS,1610612764,2,0.667
381,22.0,1.4,0.2,5,"203457,1610612755",5,4,27.1,6.6,10.4,12.4,26.8,2.2,4.6,203457,Nerlens Noel,1.2,1.8,3.6,6.8,PHI,1610612755,1,0.2
382,35.0,0.0,0.2,5,"2555,1610612760",5,1,17.3,3.4,4.6,9.6,18.0,1.4,0.6,2555,Nick Collison,0.8,0.0,0.4,2.4,OKC,1610612760,4,0.8
383,23.0,0.0,0.3,5,"203910,1610612743",6,2,17.7,4.0,4.7,5.8,13.7,2.0,1.3,203910,Nick Johnson,0.8,0.3,0.0,0.3,DEN,1610612743,4,0.667
384,27.0,0.0,0.0,5,"1626305,1610612739",3,3,9.8,3.0,2.3,8.7,11.3,1.3,0.7,1626305,Nick Minnerath,0.7,0.0,0.7,0.7,CLE,1610612739,0,0.0
385,25.0,0.0,0.3,5,"1626287,1610612750",4,4,3.3,0.0,1.5,0.0,1.0,0.3,0.3,1626287,Nick Wiggins,0.0,0.5,0.8,1.5,MIN,1610612750,0,0.0
386,31.0,0.0,0.1,5,"201156,1610612747",8,5,21.2,5.1,4.5,6.8,21.8,2.3,1.0,201156,Nick Young,0.3,1.4,1.5,0.8,LAL,1610612747,3,0.375
387,27.0,0.2,0.2,5,"201587,1610612766",6,0,24.4,5.2,7.0,8.5,18.0,0.8,3.2,201587,Nicolas Batum,0.2,1.0,2.8,4.0,CHA,1610612766,6,1.0
388,21.0,0.6,0.1,5,"203999,1610612743",7,3,21.8,5.3,6.4,8.0,15.4,3.3,3.6,203999,Nikola Jokic,3.0,1.1,2.0,8.6,DEN,1610612743,4,0.571
389,25.0,0.4,0.1,5,"202703,1610612741",8,4,22.6,4.3,6.8,7.6,17.8,2.6,3.4,202703,Nikola Mirotic,2.1,1.5,1.4,2.8,CHI,1610612741,4,0.5
390,25.0,1.0,0.7,5,"202696,1610612753",7,1,23.9,5.3,4.1,8.4,14.0,2.9,3.1,202696,Nikola Vucevic,3.4,0.3,4.1,9.7,ORL,1610612753,6,0.857
391,23.0,0.4,0.0,5,"1626295,1610612753",5,2,8.4,1.4,1.8,2.4,6.0,1.4,0.6,1626295,Nnanna Egwu,0.8,0.0,0.0,1.2,ORL,1610612753,3,0.6
392,20.0,0.4,0.6,5,"203943,1610612757",7,4,22.6,4.0,6.7,9.0,18.0,2.3,1.6,203943,Noah Vonleh,3.1,0.6,0.6,4.9,POR,1610612757,3,0.429
393,23.0,0.3,0.3,5,"1626181,1610612761",6,2,16.3,3.3,3.8,7.2,15.3,1.7,1.0,1626181,Norman Powell,0.8,2.5,3.0,3.7,TOR,1610612761,4,0.667
394,27.0,0.0,1.0,5,"202708,1610612740",2,1,19.0,2.5,5.0,6.0,7.0,2.5,2.0,202708,Norris Cole,3.0,3.0,1.0,1.0,NOP,1610612740,1,0.5
395,28.0,0.2,0.0,5,"201564,1610612749",6,4,16.5,4.8,3.3,5.3,10.3,1.7,1.0,201564,O.J. Mayo,0.0,0.3,1.0,0.7,MIL,1610612749,2,0.333
396,30.0,0.0,0.0,5,"200762,1610612743",1,0,7.4,5.0,0.0,0.0,4.0,0.0,1.0,200762,Oleksiy Pecherov,0.0,0.0,4.0,4.0,DEN,1610612743,1,1.0
397,27.0,0.0,0.3,5,"204179,1610612757",4,3,5.9,1.0,2.0,3.3,3.5,0.5,0.0,204179,Omari Johnson,0.0,1.3,1.0,1.5,POR,1610612757,1,0.25
398,29.0,0.0,0.0,5,"201600,1610612740",1,0,10.6,6.0,2.0,3.0,8.0,1.0,1.0,201600,Omer Asik,1.0,0.0,1.0,2.0,NOP,1610612740,1,1.0
399,28.0,0.0,0.2,5,"201956,1610612758",5,1,15.9,2.2,6.8,8.2,14.8,1.0,1.2,201956,Omri Casspi,0.8,1.6,0.4,4.8,SAC,1610612758,4,0.8
400,23.0,0.4,0.6,5,"203490,1610612764",7,3,24.8,3.0,5.7,9.0,16.9,1.7,2.0,203490,Otto Porter,2.3,3.1,2.6,5.1,WAS,1610612764,4,0.571
401,23.0,0.0,0.2,5,"203798,1610612763",5,1,19.6,3.0,7.4,5.4,16.0,3.4,1.4,203798,PJ Hairston,0.8,0.6,1.4,0.4,MEM,1610612763,4,0.8
402,31.0,0.2,0.3,5,"200782,1610612756",6,2,18.5,9.0,4.7,9.5,17.3,2.0,1.3,200782,PJ Tucker,0.0,0.2,0.2,0.3,PHX,1610612756,4,0.667
403,39.0,0.0,0.0,5,"203143,1610612746",6,3,14.8,3.5,3.8,5.3,13.3,1.3,1.0,203143,Pablo Prigioni,0.0,0.3,0.0,0.3,LAC,1610612746,3,0.5
404,23.0,0.1,0.0,5,"1626192,1610612757",7,4,18.5,3.3,7.9,8.3,11.7,2.3,0.4,1626192,Pat Connaughton,0.3,1.3,0.7,1.4,POR,1610612757,3,0.429
405,27.0,0.3,0.1,5,"201976,1610612745",7,5,24.0,7.4,8.0,10.9,20.3,2.6,2.0,201976,Patrick Beverley,0.0,1.6,0.7,0.9,HOU,1610612745,2,0.286
406,27.0,0.1,0.1,5,"202335,1610612761",7,2,19.3,3.4,3.0,7.0,12.9,0.9,0.6,202335,Patrick Patterson,0.3,0.3,0.3,1.1,TOR,1610612761,5,0.714
407,27.0,0.0,0.2,5,"201988,1610612759",5,3,17.6,1.6,8.4,6.0,15.2,1.0,0.6,201988,Patty Mills,0.6,2.6,2.0,3.2,SAS,1610612759,2,0.4
408,35.0,0.6,0.0,5,"2200,1610612741",5,2,22.8,6.0,6.2,5.4,17.6,2.0,2.8,2200,Pau Gasol,0.6,0.0,0.4,1.6,CHI,1610612741,3,0.6
409,26.0,0.4,0.6,5,"202331,1610612754",7,2,24.4,7.3,5.3,7.3,17.4,1.7,5.1,202331,Paul George,2.4,1.1,3.1,4.3,IND,1610612754,5,0.714
410,31.0,0.8,1.0,5,"200794,1610612737",5,2,24.4,5.6,7.4,8.4,15.6,2.6,2.6,200794,Paul Millsap,0.0,2.0,1.4,4.4,ATL,1610612737,3,0.6
411,38.0,0.7,0.3,5,"1718,1610612746",6,3,15.7,3.8,5.3,5.2,11.7,1.7,1.7,1718,Paul Pierce,0.0,0.5,0.5,0.7,LAC,1610612746,3,0.5
412,24.0,0.2,0.4,5,"203103,1610612738",5,0,8.3,1.8,2.2,3.2,6.4,1.4,0.0,203103,Perry Jones,0.0,0.0,0.0,0.0,BOS,1610612738,5,1.0
413,25.0,0.3,0.3,5,"203515,1610612756",4,3,16.5,2.5,8.0,8.3,13.5,3.0,2.3,203515,Phil Pressey,0.0,0.8,0.0,1.0,PHX,1610612756,1,0.25
414,24.0,0.0,0.3,5,"203510,1610612755",3,3,14.3,2.0,4.3,6.0,15.3,1.0,0.7,203510,Pierre Jackson,0.0,0.7,0.0,0.0,PHI,1610612755,0,0.0
415,25.0,1.5,0.0,5,"203112,1610612758",2,0,20.2,5.5,5.5,9.0,16.0,1.5,1.0,203112,Quincy Acy,0.0,1.0,1.0,2.0,SAC,1610612758,2,1.0
416,23.0,0.0,0.5,5,"203113,1610612751",4,3,7.4,1.8,1.5,2.5,6.0,1.0,0.3,203113,Quincy Miller,0.5,0.0,1.0,1.0,BKN,1610612751,1,0.25
417,23.0,0.0,0.5,5,"1626188,1610612739",6,6,12.9,2.3,4.2,9.5,13.7,2.0,0.7,1626188,Quinn Cook,0.5,0.7,0.3,1.7,CLE,1610612739,0,0.0
418,22.0,0.4,0.3,5,"1626154,1610612738",7,1,18.9,4.3,4.4,7.0,14.3,1.3,0.6,1626154,RJ Hunter,0.3,1.0,0.7,1.1,BOS,1610612738,6,0.857
419,30.0,0.2,0.2,5,"200765,1610612758",6,1,23.0,2.0,6.2,7.7,16.0,0.8,2.0,200765,Rajon Rondo,0.3,0.5,1.2,2.3,SAC,1610612758,5,0.833
420,24.0,0.3,0.2,5,"1626176,1610612754",6,1,8.4,1.8,1.7,1.3,5.7,1.2,0.8,1626176,Rakeem Christmas,0.8,0.7,0.5,1.7,IND,1610612754,5,0.833
421,30.0,0.1,0.3,5,"201196,1610612764",7,3,20.2,3.7,5.0,5.6,13.7,1.0,3.6,201196,Ramon Sessions,0.3,2.0,2.0,4.0,WAS,1610612764,4,0.571
422,32.0,0.3,0.0,5,"200751,1610612760",3,1,18.3,4.0,8.3,11.0,18.7,2.0,0.0,200751,Randy Foye,0.0,0.0,1.0,0.7,OKC,1610612760,2,0.667
423,19.0,0.0,0.5,5,"1626173,1610612749",6,4,23.2,6.8,9.7,9.5,16.3,1.7,1.0,1626173,Rashad Vaughn,0.5,0.0,1.2,3.0,MIL,1610612749,2,0.333
424,37.0,0.0,0.0,5,"2446,1610612759",5,3,11.3,0.4,4.0,3.4,6.8,1.2,0.2,2446,Rasual Butler,0.4,0.4,0.8,1.6,SAS,1610612759,2,0.4
425,24.0,0.1,0.6,5,"203526,1610612762",7,4,17.0,5.1,4.3,7.4,14.3,1.6,1.3,203526,Raul Neto,0.0,0.3,0.9,1.7,UTA,1610612762,3,0.429
426,25.0,0.2,0.5,5,"203492,1610612763",6,4,13.4,3.3,5.3,6.7,8.3,1.5,0.8,203492,Ray McCallum,0.3,0.7,1.5,2.0,MEM,1610612763,2,0.333
427,32.0,0.2,0.4,5,"101109,1610612742",5,5,20.7,7.4,5.6,6.8,16.0,1.8,0.8,101109,Raymond Felton,1.4,1.2,0.4,6.8,DAL,1610612742,0,0.0
428,25.0,0.0,0.2,5,"203493,1610612765",6,3,19.3,4.7,3.2,5.5,14.0,1.7,0.5,203493,Reggie Bullock,0.3,2.5,2.2,3.0,DET,1610612765,3,0.5
429,26.0,0.5,1.2,5,"202704,1610612765",6,4,29.3,6.5,5.8,10.8,20.7,2.2,3.5,202704,Reggie Jackson,0.8,2.0,2.7,5.3,DET,1610612765,2,0.333
430,29.0,0.2,0.0,5,"202130,1610612759",6,4,10.8,2.3,6.5,5.7,8.0,0.2,0.7,202130,Reggie Williams,0.0,0.0,1.0,0.3,SAS,1610612759,2,0.333
431,36.0,0.0,0.2,5,"2210,1610612739",6,5,22.8,5.2,4.8,12.5,16.3,2.5,2.5,2210,Richard Jefferson,1.0,0.3,1.7,2.7,CLE,1610612739,1,0.167
432,22.0,0.4,0.1,5,"1626158,1610612755",7,5,14.6,1.9,3.7,6.6,11.4,2.9,1.1,1626158,Richaun Holmes,0.4,0.0,0.4,1.4,PHI,1610612755,2,0.286
433,25.0,0.0,0.0,5,"201937,1610612750",3,2,24.9,6.0,8.3,7.3,19.3,3.0,3.3,201937,Ricky Rubio,0.7,0.3,0.7,1.3,MIN,1610612750,1,0.333
434,25.0,0.6,0.6,5,"203496,1610612755",7,5,24.2,5.6,9.7,9.6,18.9,2.9,2.4,203496,Robert Covington,2.3,1.4,3.3,2.6,PHI,1610612755,2,0.286
435,27.0,0.5,0.0,5,"203135,1610612747",4,2,11.0,3.0,4.0,3.3,8.5,2.0,1.0,203135,Robert Sacre,0.3,0.0,0.0,1.5,LAL,1610612747,2,0.5
436,22.0,0.8,0.0,5,"1626193,1610612747",4,1,13.5,3.3,2.3,5.0,13.5,2.5,0.5,1626193,Robert Upshaw,0.0,0.0,0.0,1.5,LAL,1610612747,3,0.75
437,28.0,0.8,0.2,5,"201577,1610612752",5,1,18.2,6.6,4.0,4.6,17.2,2.0,2.0,201577,Robin Lopez,1.4,0.4,1.2,2.8,NYK,1610612752,4,0.8
438,23.0,0.1,0.3,5,"203918,1610612762",7,4,23.2,7.9,5.0,8.1,16.3,2.4,2.3,203918,Rodney Hood,0.7,1.0,2.4,4.9,UTA,1610612762,3,0.429
439,30.0,0.2,0.2,5,"201155,1610612754",6,2,18.1,5.0,6.0,3.7,12.3,1.2,1.2,201155,Rodney Stuckey,0.7,1.7,1.2,2.7,IND,1610612754,4,0.667
440,24.0,0.0,0.0,5,"204040,1610612761",3,1,7.6,2.0,1.7,3.0,10.0,1.3,1.0,204040,Ronald Roberts,0.7,0.0,0.3,1.3,TOR,1610612761,2,0.667
441,21.0,0.2,0.2,5,"1626178,1610612751",5,3,16.9,5.2,2.6,6.4,13.6,1.8,1.4,1626178,Rondae Hollis-Jefferson,0.0,0.8,0.8,1.2,BKN,1610612751,2,0.4
442,33.0,0.0,0.3,5,"101179,1610612756",3,1,21.5,7.7,6.7,8.0,18.7,3.3,2.7,101179,Ronnie Price,0.7,0.0,0.7,2.0,PHX,1610612756,2,0.667
443,29.0,1.5,0.4,5,"201579,1610612747",8,5,21.8,4.9,5.6,8.3,19.3,2.0,2.9,201579,Roy Hibbert,2.6,0.0,0.8,4.0,LAL,1610612747,3,0.375
444,29.0,0.6,0.6,5,"200752,1610612758",5,1,27.3,4.8,7.4,10.2,20.8,1.6,3.0,200752,Rudy Gay,1.6,3.6,4.2,6.4,SAC,1610612758,4,0.8
445,24.0,1.2,0.2,5,"203497,1610612762",6,3,23.2,6.8,7.0,10.7,17.0,2.5,3.2,203497,Rudy Gobert,1.2,1.2,1.8,5.0,UTA,1610612762,3,0.5
446,25.0,0.2,0.8,5,"203893,1610612763",5,1,21.7,4.8,5.8,10.0,14.8,1.6,2.8,203893,Russ Smith,1.0,1.8,1.2,4.4,MEM,1610612763,4,0.8
447,27.0,0.2,1.2,5,"201566,1610612760",5,0,25.1,5.4,7.4,11.2,19.2,2.6,4.6,201566,Russell Westbrook,1.4,3.6,2.8,8.4,OKC,1610612760,5,1.0
448,28.0,0.3,0.6,5,"201583,1610612740",7,4,24.2,6.9,6.7,7.7,20.0,2.1,2.0,201583,Ryan Anderson,0.9,1.1,0.9,3.1,NOP,1610612740,3,0.429
449,23.0,0.3,0.3,5,"1626207,1610612751",4,3,13.9,1.8,3.8,6.0,8.5,1.3,0.8,1626207,Ryan Boatright,0.0,0.5,0.5,0.5,BKN,1610612751,1,0.25
450,31.0,0.4,0.1,5,"200797,1610612763",7,1,11.5,1.7,3.3,4.3,6.9,1.1,2.3,200797,Ryan Hollins,1.0,0.3,0.7,3.7,MEM,1610612763,6,0.857
451,25.0,0.6,0.6,5,"203527,1610612747",7,4,15.8,4.7,6.3,6.9,14.6,1.6,1.9,203527,Ryan Kelly,0.7,0.9,1.6,2.9,LAL,1610612747,3,0.429
452,30.0,0.8,0.4,5,"1626257,1610612742",5,5,15.4,4.0,4.0,4.0,11.2,1.6,2.0,1626257,Salah Mejri,1.4,0.6,1.8,2.4,DAL,1610612742,0,0.0
453,22.0,0.1,0.4,5,"1626155,1610612745",8,5,18.5,5.3,7.9,8.3,17.0,1.4,1.0,1626155,Sam Dekker,1.5,0.9,0.3,2.0,HOU,1610612745,3,0.375
454,23.0,0.0,0.2,5,"1626280,1610612766",5,1,6.1,0.6,1.4,2.4,3.2,0.4,0.0,1626280,Sam Thompson,0.0,0.0,0.0,0.8,CHA,1610612766,4,0.8
455,25.0,0.2,0.0,5,"1627258,1610612763",5,1,4.8,0.0,1.8,2.4,2.4,0.6,0.2,1627258,Sampson Carter,0.0,0.4,0.4,0.4,MEM,1610612763,4,0.8
456,36.0,1.3,0.0,5,"2223,1610612742",4,4,12.8,5.5,4.5,4.8,12.0,1.8,0.8,2223,Samuel Dalembert,0.5,0.0,1.0,2.5,DAL,1610612742,0,0.0
457,31.0,0.3,0.2,5,"201619,1610612739",6,6,18.0,3.7,4.0,11.5,13.0,2.5,1.5,201619,Sasha Kaun,0.7,0.0,1.0,1.7,CLE,1610612739,0,0.0
458,32.0,0.2,0.2,5,"2756,1610612752",5,1,20.3,4.4,6.0,5.6,18.0,2.0,2.6,2756,Sasha Vujacic,1.4,1.0,1.0,1.2,NYK,1610612752,4,0.8
459,23.0,0.0,0.2,5,"203959,1610612755",5,4,17.6,2.6,6.8,8.4,18.8,0.6,1.4,203959,Scottie Wilbekin,0.0,1.6,3.2,2.8,PHI,1610612755,1,0.2
460,26.0,0.0,0.4,5,"203930,1610612751",5,3,14.2,4.2,6.2,5.2,16.8,1.0,1.2,203930,Sean Kilpatrick,0.8,1.6,2.6,3.2,BKN,1610612751,2,0.4
461,26.0,1.6,0.2,5,"201586,1610612760",5,0,25.2,5.6,7.2,11.6,20.0,2.0,1.4,201586,Serge Ibaka,1.8,1.2,1.0,4.4,OKC,1610612760,5,1.0
462,22.0,0.3,0.3,5,"203508,1610612751",3,3,18.1,5.3,7.3,8.3,12.0,2.0,1.3,203508,Sergey Karasev,0.7,0.3,0.0,1.3,BKN,1610612751,0,0.0
463,25.0,0.0,0.0,5,"203552,1610612758",3,0,9.6,1.7,2.7,4.7,4.7,1.3,1.0,203552,Seth Curry,0.0,1.0,0.3,1.3,SAC,1610612758,3,1.0
464,23.0,0.0,0.9,5,"203498,1610612750",7,5,17.6,5.1,5.6,5.7,16.3,1.3,2.7,203498,Shabazz Muhammad,1.3,0.9,2.3,4.3,MIN,1610612750,2,0.286
465,24.0,0.0,0.3,5,"203894,1610612753",6,2,18.4,2.8,2.8,4.7,11.7,1.8,1.8,203894,Shabazz Napier,1.0,1.8,1.5,2.0,ORL,1610612753,4,0.667
466,23.0,0.0,0.8,5,"203499,1610612751",5,3,24.6,6.6,6.4,8.8,20.4,2.4,1.6,203499,Shane Larkin,0.8,0.2,0.6,2.8,BKN,1610612751,2,0.4
467,23.0,0.0,0.0,5,"1626263,1610612761",2,2,7.8,3.0,1.5,6.5,6.0,1.5,1.0,1626263,Shannon Scott,0.0,1.0,0.0,1.0,TOR,1610612761,0,0.0
468,30.0,0.0,0.2,5,"2733,1610612744",6,3,16.9,6.5,4.3,7.0,13.3,1.0,1.3,2733,Shaun Livingston,0.8,0.7,0.0,2.7,GSW,1610612744,3,0.5
469,25.0,0.1,0.1,5,"203963,1610612754",7,2,7.9,2.9,2.7,2.0,6.3,1.9,0.9,203963,Shayne Whittington,0.3,0.0,0.3,1.7,IND,1610612754,5,0.714
470,26.0,0.0,0.0,5,"202714,1610612762",6,2,15.7,3.0,4.7,7.7,11.7,0.3,1.2,202714,Shelvin Mack,0.5,1.2,1.7,2.3,UTA,1610612762,4,0.667
471,25.0,0.0,0.3,5,"203524,1610612754",3,2,13.8,5.0,3.3,6.3,12.0,0.7,2.0,203524,Solomon Hill,3.0,0.0,0.7,3.3,IND,1610612754,1,0.333
472,29.0,0.0,0.2,5,"201603,1610612755",6,2,21.9,9.7,6.2,9.7,20.0,2.0,0.8,201603,Sonny Weems,0.8,1.7,1.3,3.7,PHI,1610612755,4,0.667
473,23.0,0.3,0.4,5,"203915,1610612765",8,5,20.2,5.5,3.0,6.4,13.3,2.3,2.3,203915,Spencer Dinwiddie,1.0,1.0,0.8,1.8,DET,1610612765,3,0.375
474,28.0,0.7,0.2,5,"201150,1610612766",6,0,18.9,3.3,4.5,7.0,13.7,1.7,0.7,201150,Spencer Hawes,0.0,0.0,0.0,2.3,CHA,1610612766,6,1.0
475,20.0,0.4,0.9,5,"1626169,1610612765",8,5,27.4,8.0,5.9,10.6,19.0,2.9,2.8,1626169,Stanley Johnson,1.6,2.0,2.9,5.8,DET,1610612765,3,0.375
476,31.0,0.0,0.0,5,"202513,1610612741",1,0,1.4,0.0,0.0,3.0,0.0,1.0,0.0,202513,Stefhon Hannah,0.0,0.0,0.0,0.0,CHI,1610612741,1,1.0
477,28.0,0.2,0.0,5,"201939,1610612744",6,3,23.3,9.8,6.5,11.2,20.3,2.7,3.0,201939,Stephen Curry,0.0,4.7,2.7,4.0,GSW,1610612744,3,0.5
478,36.0,0.0,0.0,5,"2581,1610612765",1,0,24.0,3.0,8.0,5.0,16.0,2.0,1.0,2581,Steve Blake,0.0,0.0,0.0,2.0,DET,1610612765,1,1.0
479,33.0,0.2,0.0,5,"200779,1610612749",6,1,7.0,2.7,2.0,2.7,5.7,0.0,0.2,200779,Steve Novak,0.3,0.0,0.0,0.0,MIL,1610612749,5,0.833
480,22.0,1.0,0.6,5,"203500,1610612760",5,1,25.5,7.8,6.6,11.2,22.8,2.8,5.0,203500,Steven Adams,3.8,0.0,2.0,7.6,OKC,1610612760,4,0.8
481,24.0,0.2,0.2,5,"204456,1610612755",5,3,22.1,4.0,6.6,9.4,23.2,2.0,2.0,204456,TJ McConnell,0.0,0.8,1.8,3.6,PHI,1610612755,2,0.4
482,22.0,0.0,0.5,5,"203933,1610612756",6,2,25.3,7.8,7.8,9.2,22.3,3.0,2.2,203933,TJ Warren,2.0,6.3,5.3,9.0,PHX,1610612756,4,0.667
483,31.0,1.5,0.3,5,"201959,1610612741",4,2,17.8,4.3,3.5,7.3,10.5,1.3,2.8,201959,Taj Gibson,3.8,1.0,0.5,6.0,CHI,1610612741,2,0.5
484,25.0,0.5,0.0,5,"204075,1610612760",4,1,5.9,1.8,0.5,0.8,3.0,0.3,0.3,204075,Talib Zanna,0.5,1.5,0.5,1.5,OKC,1610612760,3,0.75
485,24.0,0.3,0.7,5,"204028,1610612747",3,1,14.4,2.3,2.7,5.3,10.7,1.7,1.0,204028,Tarik Black,2.0,1.3,2.7,6.7,LAL,1610612747,2,0.667
486,36.0,0.0,0.2,5,"2419,1610612750",6,4,14.4,1.8,2.3,4.5,10.3,0.8,0.7,2419,Tayshaun Prince,0.0,0.5,1.0,1.0,MIN,1610612750,2,0.333
487,23.0,0.0,0.0,5,"1626189,1610612737",3,0,7.2,0.0,1.3,4.3,4.7,1.3,0.3,1626189,Terran Petteway,0.0,0.0,0.0,0.0,ATL,1610612737,3,1.0
488,24.0,0.5,1.2,5,"203093,1610612745",6,5,23.7,4.7,9.2,9.5,23.7,1.2,2.5,203093,Terrence Jones,2.3,2.7,1.5,7.0,HOU,1610612745,1,0.167
489,25.0,0.8,0.0,5,"203082,1610612761",6,1,20.1,4.2,2.8,6.3,12.3,1.8,0.7,203082,Terrence Ross,0.3,0.8,0.5,1.0,TOR,1610612761,5,0.833
490,26.0,0.5,0.0,5,"202358,1610612756",2,0,4.1,1.0,2.5,2.5,3.0,0.0,0.0,202358,Terrico White,0.0,0.0,0.0,0.0,PHX,1610612756,2,1.0
491,22.0,0.0,0.4,5,"1626179,1610612738",5,0,18.6,3.0,3.4,5.4,11.2,1.2,2.0,1626179,Terry Rozier,1.0,1.8,3.2,2.8,BOS,1610612738,5,1.0
492,32.0,0.8,0.3,5,"200757,1610612737",4,2,14.5,4.8,2.8,5.3,10.0,1.0,1.0,200757,Thabo Sefolosha,0.0,0.0,0.5,2.0,ATL,1610612737,2,0.5
493,28.0,0.0,0.6,5,"201152,1610612751",5,3,25.4,7.0,5.0,10.0,19.6,2.2,3.2,201152,Thaddeus Young,0.8,1.0,1.4,9.6,BKN,1610612751,2,0.4
494,23.0,0.3,0.3,5,"203648,1610612752",3,2,4.4,2.7,2.3,0.0,4.7,0.3,0.3,203648,Thanasis Antetokounmpo,0.0,0.0,0.0,0.0,NYK,1610612752,1,0.333
495,25.0,1.3,1.0,5,"203080,1610612751",4,3,21.5,6.3,5.3,10.3,19.0,2.5,1.8,203080,Thomas Robinson,3.0,1.5,1.5,7.5,BKN,1610612751,1,0.25
496,31.0,0.8,0.4,5,"201168,1610612737",5,1,15.9,3.4,6.6,4.8,10.8,1.8,2.4,201168,Tiago Splitter,0.2,0.8,1.4,1.6,ATL,1610612737,4,0.8
497,26.0,0.2,0.3,5,"202353,1610612762",6,3,10.2,2.5,1.5,4.7,7.3,1.7,0.7,202353,Tibor Pleiss,0.3,0.0,0.0,1.3,UTA,1610612762,3,0.5
498,40.0,0.6,0.4,5,"1495,1610612759",5,3,17.9,1.4,7.8,6.8,13.6,0.8,1.2,1495,Tim Duncan,0.8,0.4,1.2,5.6,SAS,1610612759,2,0.4
499,25.0,0.0,0.0,5,"204025,1610612740",4,2,14.7,3.5,4.0,7.3,9.5,2.8,1.3,204025,Tim Frazier,0.5,0.5,0.5,1.0,NOP,1610612740,2,0.5
500,24.0,0.0,0.4,5,"203501,1610612737",7,3,19.4,4.3,4.9,7.4,12.9,1.3,0.9,203501,Tim Hardaway Jr.,0.3,0.0,1.6,0.9,ATL,1610612737,4,0.571
501,29.0,0.6,0.8,5,"202389,1610612739",5,4,25.0,4.6,7.0,10.8,18.8,2.0,4.0,202389,Timofey Mozgov,1.4,0.8,0.8,7.6,CLE,1610612739,1,0.2
502,23.0,0.4,0.4,5,"202699,1610612765",7,2,26.0,6.7,5.6,9.4,16.3,3.1,2.0,202699,Tobias Harris,1.1,2.4,1.6,7.1,DET,1610612765,5,0.714
503,30.0,0.2,0.4,5,"201962,1610612740",5,1,11.6,3.2,3.6,2.8,9.2,1.4,1.8,201962,Toney Douglas,0.8,0.8,1.2,1.6,NOP,1610612740,4,0.8
504,34.0,0.0,0.5,5,"2754,1610612763",4,0,19.1,0.5,6.8,7.3,12.5,2.8,1.8,2754,Tony Allen,0.0,1.5,3.3,3.5,MEM,1610612763,4,1.0
505,34.0,0.0,0.5,5,"2225,1610612759",4,3,23.1,3.3,10.5,8.8,18.5,1.8,2.8,2225,Tony Parker,0.5,2.0,2.5,3.0,SAS,1610612759,1,0.25
506,24.0,0.3,0.7,5,"203503,1610612741",7,3,28.7,5.4,9.7,10.0,19.7,2.3,1.3,203503,Tony Snell,0.6,2.0,2.1,3.7,CHI,1610612741,4,0.571
507,26.0,0.0,0.0,5,"203315,1610612764",4,1,7.5,2.0,3.5,4.5,11.0,1.3,0.8,203315,Toure Murry,0.0,1.0,1.0,1.5,WAS,1610612764,3,0.75
508,23.0,0.0,0.5,5,"1626275,1610612752",2,2,7.1,4.5,1.5,0.0,6.0,1.0,0.5,1626275,Travis Trice II,0.0,1.0,0.0,0.0,NYK,1610612752,0,0.0
509,31.0,0.0,0.0,5,"201645,1610612748",2,1,13.8,4.0,8.0,8.5,11.0,1.0,0.5,201645,Tre Kelley,0.0,0.0,1.0,2.0,MIA,1610612748,1,0.5
510,22.0,0.0,1.0,5,"1626203,1610612762",2,2,9.1,6.5,1.0,3.5,11.0,0.5,1.0,1626203,Treveon Graham,0.5,0.0,0.5,0.0,UTA,1610612762,0,0.0
511,30.0,0.2,0.2,5,"2772,1610612745",6,4,26.5,7.7,7.3,9.5,22.0,1.2,1.0,2772,Trevor Ariza,1.5,4.7,3.8,6.0,HOU,1610612745,2,0.333
512,28.0,0.3,0.4,5,"202344,1610612762",7,4,16.6,6.3,4.9,8.1,13.7,1.3,1.4,202344,Trevor Booker,0.7,0.7,0.9,2.9,UTA,1610612762,3,0.429
513,23.0,0.0,1.0,5,"203504,1610612762",6,3,24.6,8.3,6.5,10.8,19.0,0.8,2.0,203504,Trey Burke,0.3,3.3,5.0,5.7,UTA,1610612762,3,0.5
514,20.0,0.2,0.2,5,"1626168,1610612762",6,3,15.5,5.3,2.5,4.7,11.7,1.7,1.0,1626168,Trey Lyles,0.3,0.7,1.3,3.7,UTA,1610612762,3,0.5
515,24.0,0.0,0.0,5,"203584,1610612766",3,1,20.4,3.7,5.3,4.3,14.0,1.7,1.0,203584,Troy Daniels,0.7,1.0,1.0,0.7,CHA,1610612766,2,0.667
516,28.0,0.0,0.2,5,"201951,1610612754",5,4,22.6,5.8,6.4,9.2,22.4,2.2,2.4,201951,Ty Lawson,0.4,2.4,3.0,3.6,IND,1610612754,1,0.2
517,30.0,0.5,1.3,5,"201946,1610612766",4,1,22.5,2.0,9.3,6.5,19.5,3.3,4.0,201946,Tyler Hansbrough,2.5,0.0,1.8,3.5,CHA,1610612766,3,0.75
518,24.0,0.1,0.5,5,"204020,1610612748",8,4,16.8,3.9,2.5,3.3,9.0,1.5,1.3,204020,Tyler Johnson,1.0,1.3,1.4,3.0,MIA,1610612748,4,0.5
519,26.0,0.7,0.4,5,"203092,1610612738",7,1,15.1,3.7,2.1,3.7,14.0,2.1,1.7,203092,Tyler Zeller,2.1,1.1,1.7,6.0,BOS,1610612738,6,0.857
520,26.0,0.0,0.5,5,"201936,1610612740",2,1,24.1,3.0,8.0,9.0,15.0,2.0,3.5,201936,Tyreke Evans,2.0,4.5,0.0,9.0,NOP,1610612740,1,0.5
521,33.0,0.5,0.0,5,"2199,1610612756",4,1,15.5,7.0,3.0,5.5,15.0,1.8,1.0,2199,Tyson Chandler,1.5,0.3,1.0,2.5,PHX,1610612756,3,0.75
522,20.0,0.0,0.2,5,"1626145,1610612750",6,4,16.3,4.8,8.7,6.3,18.3,1.0,1.3,1626145,Tyus Jones,0.0,0.3,0.3,1.3,MIN,1610612750,2,0.333
523,36.0,0.2,0.4,5,"2617,1610612748",5,2,12.8,3.8,3.4,6.0,10.0,2.6,0.4,2617,Udonis Haslem,0.0,0.0,0.4,1.2,MIA,1610612748,3,0.6
524,24.0,0.3,0.9,5,"203506,1610612753",8,2,24.2,5.9,5.3,8.4,15.5,2.1,1.5,203506,Victor Oladipo,1.4,3.8,3.6,4.0,ORL,1610612753,6,0.75
525,39.0,0.4,0.0,5,"1713,1610612763",5,1,15.2,3.6,6.0,8.2,13.2,2.6,1.4,1713,Vince Carter,0.6,0.0,0.0,0.8,MEM,1610612763,4,0.8
526,21.0,0.0,0.0,5,"1626205,1610612758",1,0,2.5,0.0,4.0,5.0,2.0,0.0,0.0,1626205,Vincent Hunter,0.0,0.0,0.0,0.0,SAC,1610612758,1,1.0
527,24.0,1.5,0.3,5,"204002,1610612737",6,2,17.1,2.5,2.8,9.5,8.7,3.3,2.2,204002,Walter Tavares,1.8,1.0,1.2,5.0,ATL,1610612737,4,0.667
528,28.0,0.0,0.4,5,"201961,1610612751",5,3,22.2,7.4,4.0,10.4,20.8,1.4,1.6,201961,Wayne Ellington,1.2,1.6,3.2,0.8,BKN,1610612751,2,0.4
529,28.0,0.3,0.0,5,"202325,1610612746",6,3,18.8,3.5,5.5,5.0,16.7,2.0,0.8,202325,Wesley Johnson,0.0,0.3,0.7,0.7,LAC,1610612746,3,0.5
530,29.0,0.0,1.0,5,"202083,1610612742",1,1,15.5,4.0,4.0,6.0,10.0,1.0,0.0,202083,Wesley Matthews,0.0,0.0,0.0,2.0,DAL,1610612742,0,0.0
531,23.0,0.0,0.0,5,"1626201,1610612752",2,2,3.6,1.0,1.5,0.0,4.0,0.5,0.0,1626201,Wesley Saunders,0.0,0.0,1.0,1.0,NYK,1610612752,0,0.0
532,25.0,0.6,1.1,5,"203115,1610612743",7,3,25.4,8.1,6.4,7.6,18.3,1.3,2.6,203115,Will Barton,1.3,2.7,2.3,4.9,DEN,1610612743,4,0.571
533,23.0,0.0,0.3,5,"1626270,1610612745",6,3,12.5,2.0,8.0,5.2,13.7,2.2,2.5,1626270,Will Cummings,0.8,0.7,0.0,1.0,HOU,1610612745,3,0.5
534,22.0,1.3,0.7,5,"1626161,1610612758",6,1,23.5,3.5,9.5,8.3,13.7,2.7,1.5,1626161,Willie Cauley-Stein,1.8,0.5,1.3,4.3,SAC,1610612758,5,0.833
535,26.0,0.0,0.0,5,"203186,1610612751",1,1,5.1,0.0,1.0,1.0,0.0,0.0,1.0,203186,Willie Reed,0.0,0.0,0.0,0.0,BKN,1610612751,0,0.0
536,29.0,0.6,0.6,5,"201163,1610612743",5,2,26.6,5.6,9.2,11.0,20.4,2.0,2.6,201163,Wilson Chandler,1.6,0.8,1.8,3.2,DEN,1610612743,3,0.6
537,33.0,0.0,0.2,5,"200821,1610612763",6,1,16.0,3.2,4.2,7.8,8.7,1.0,0.3,200821,Yakhouba Diawara,0.0,0.0,0.0,0.0,MEM,1610612763,5,0.833
538,24.0,0.0,0.0,5,"1626304,1610612759",3,3,10.0,3.3,6.0,4.0,9.3,2.0,3.0,1626304,Youssou Ndoye,0.0,1.0,2.0,0.7,SAS,1610612759,0,0.0
539,21.0,0.4,1.0,5,"203897,1610612750",7,5,23.4,8.3,7.7,7.0,22.0,0.9,1.7,203897,Zach LaVine,0.6,1.9,2.3,1.7,MIN,1610612750,2,0.286
540,34.0,0.4,0.4,5,"2216,1610612763",5,0,22.7,1.8,8.2,8.2,13.6,2.0,1.8,2216,Zach Randolph,1.4,0.2,1.2,2.4,MEM,1610612763,5,1.0
541,32.0,0.2,0.2,5,"2585,1610612742",6,6,19.4,6.8,7.2,8.2,14.3,2.7,2.5,2585,Zaza Pachulia,2.3,0.7,0.7,3.0,DAL,1610612742,0,0.0
