,AGE,BLK,CFID,CFPARAMS,DEF_RATING,DEF_WS,DREB,DREB_PCT,GP,L,MIN,OPP_PTS_2ND_CHANCE,OPP_PTS_FB,OPP_PTS_OFF_TOV,OPP_PTS_PAINT,PCT_BLK,PCT_DREB,PCT_STL,PLAYER_ID,PLAYER_NAME,STL,TEAM_ABBREVIATION,TEAM_ID,W,W_PCT
0,31.0,10,5,"201166,1610612741",103.5,1.18,80,0.078,69,33,1107.61,287,317,362,950,0.089,0.101,0.226,201166,Aaron Brooks,30,CHI,1610612741,36,0.522
1,20.0,55,5,"203932,1610612753",104.2,1.88,353,0.21,78,46,1862.92,408,519,607,1710,0.252,0.273,0.186,203932,Aaron Gordon,59,ORL,1610612753,32,0.41
2,21.0,0,5,"1626151,1610612766",98.7,0.17,11,0.133,21,6,93.3,20,47,40,88,0.0,0.164,0.316,1626151,Aaron Harrison,6,CHA,1610612766,15,0.714
3,25.0,11,5,"203940,1610612750",111.5,0.04,91,0.22,52,34,485.59,151,163,207,534,0.234,0.294,0.203,203940,Adreian Payne,16,MIN,1610612750,18,0.346
4,30.0,121,5,"201143,1610612737",98.2,4.6,448,0.18,82,34,2631.29833333,710,622,823,2188,0.383,0.241,0.144,201143,Al Horford,68,ATL,1610612737,48,0.585
5,31.0,41,5,"2744,1610612766",99.7,1.72,244,0.244,47,14,1096.47166667,259,266,280,958,0.306,0.302,0.166,2744,Al Jefferson,30,CHA,1610612766,33,0.702
6,25.0,53,5,"202329,1610612757",106.2,1.78,401,0.185,82,38,2340.88833333,613,534,818,2150,0.23,0.245,0.202,202329,Al-Farouq Aminu,72,POR,1610612757,44,0.537
7,33.0,1,5,"101187,1610612764",98.2,0.33,26,0.149,13,5,192.183333333,37,38,44,124,0.067,0.187,0.125,101187,Alan Anderson,4,WAS,1610612764,8,0.615
8,23.0,5,5,"1626210,1610612756",109.8,0.02,24,0.387,10,7,68.15,19,28,20,76,0.5,0.48,0.286,1626210,Alan Williams,4,PHX,1610612756,3,0.3
9,24.0,4,5,"202692,1610612762",102.7,0.96,93,0.139,31,18,797.24,175,217,236,616,0.045,0.182,0.133,202692,Alec Burks,18,UTA,1610612762,13,0.419
10,23.0,62,5,"203458,1610612756",105.2,1.58,416,0.248,78,55,1820.795,493,624,777,1608,0.392,0.319,0.138,203458,Alex Len,38,PHX,1610612756,23,0.295
11,28.0,5,5,"1627293,1610612763",95.2,0.16,9,0.122,8,6,72.1516666667,17,39,20,60,0.625,0.158,0.067,1627293,Alex Stepheson,1,MEM,1610612763,2,0.25
12,28.0,36,5,"201582,1610612740",102.6,1.03,194,0.257,59,39,860.715,167,184,249,682,0.545,0.328,0.13,201582,Alexis Ajinca,19,NOP,1610612740,20,0.339
13,24.0,16,5,"203459,1610612757",106.1,1.59,189,0.097,81,38,2104.925,558,491,701,1748,0.08,0.128,0.213,203459,Allen Crabbe,63,POR,1610612757,43,0.531
14,29.0,13,5,"202087,1610612740",104.1,1.66,185,0.126,73,46,1631.985,442,390,494,1530,0.087,0.16,0.227,202087,Alonzo Gee,63,NOP,1610612740,27,0.37
15,33.0,41,5,"2405,1610612748",102.4,0.93,157,0.229,52,22,762.285,172,215,242,678,0.5,0.29,0.161,2405,Amar'e Stoudemire,18,MIA,1610612748,30,0.577
16,29.0,83,5,"101161,1610612738",101.3,2.44,327,0.194,79,34,1800.16166667,528,377,565,1590,0.472,0.261,0.151,101161,Amir Johnson,52,BOS,1610612738,45,0.57
17,33.0,10,5,"2760,1610612744",102.6,0.56,104,0.23,53,12,495.573333333,138,121,176,402,0.25,0.301,0.198,2760,Anderson Varejao,16,GSW,1610612744,41,0.774
18,22.0,112,5,"203083,1610612765",102.3,3.29,803,0.343,81,38,2665.52333333,575,571,780,2480,0.549,0.436,0.293,203083,Andre Drummond,119,DET,1610612765,43,0.531
19,32.0,19,5,"2738,1610612744",99.2,2.84,211,0.127,65,6,1731.65833333,507,513,616,1630,0.09,0.171,0.222,2738,Andre Iguodala,73,GSW,1610612744,59,0.908
20,40.0,0,5,"1889,1610612759",105.9,0.35,39,0.101,39,19,461.19,117,126,167,362,0.0,0.136,0.239,1889,Andre Miller,16,SAS,1610612759,20,0.513
21,24.0,42,5,"203460,1610612760",100.8,2.21,172,0.113,70,22,1553.30833333,451,379,547,1422,0.186,0.147,0.209,203460,Andre Roberson,53,OKC,1610612760,48,0.686
22,30.0,9,5,"200745,1610612751",111.2,0.08,69,0.135,46,35,633.676666667,137,157,239,636,0.153,0.18,0.057,200745,Andrea Bargnani,4,BKN,1610612751,11,0.239
23,31.0,114,5,"101106,1610612744",97.2,2.71,371,0.252,70,8,1451.26,386,403,486,1230,0.567,0.324,0.145,101106,Andrew Bogut,33,GSW,1610612744,62,0.886
24,27.0,2,5,"202726,1610612745",94.4,0.12,1,0.015,8,3,49.7083333333,32,13,31,48,0.154,0.027,0.5,202726,Andrew Goudelock,6,HOU,1610612745,5,0.625
25,26.0,22,5,"203094,1610612753",98.6,1.37,167,0.216,56,34,822.755,222,180,239,676,0.232,0.282,0.082,203094,Andrew Nicholson,10,ORL,1610612753,22,0.393
26,21.0,46,5,"203952,1610612750",106.6,2.0,186,0.074,81,52,2844.55666667,767,802,996,2724,0.158,0.1,0.161,203952,Andrew Wiggins,78,MIN,1610612750,29,0.358
27,23.0,0,5,"203461,1610612761",114.3,-0.02,17,0.293,19,7,84.2133333333,6,29,35,72,0.0,0.327,0.238,203461,Anthony Bennett,5,TOR,1610612761,12,0.632
28,23.0,5,5,"1626148,1610612747",103.1,0.67,61,0.116,29,25,598.65,146,194,178,570,0.093,0.151,0.161,1626148,Anthony Brown,14,LAL,1610612747,4,0.138
29,23.0,125,5,"203076,1610612740",107.3,1.32,497,0.262,61,37,2164.24333333,510,552,654,1934,0.568,0.332,0.226,203076,Anthony Davis,78,NOP,1610612740,24,0.393
30,30.0,5,5,"201627,1610612760",105.7,0.74,52,0.06,68,22,926.431666667,271,264,350,914,0.053,0.08,0.167,201627,Anthony Morrow,22,OKC,1610612760,46,0.676
31,31.0,16,5,"201229,1610612765",102.4,1.61,190,0.159,72,36,1340.57666667,287,281,346,1208,0.144,0.198,0.142,201229,Anthony Tolliver,26,DET,1610612765,36,0.5
32,21.0,13,5,"203462,1610612756",111.6,0.08,115,0.114,57,43,1113.82833333,310,439,496,1070,0.153,0.15,0.175,203462,Archie Goodwin,27,PHX,1610612756,14,0.246
33,29.0,52,5,"203382,1610612765",105.6,1.0,244,0.223,81,38,1232.89,278,275,392,1090,0.584,0.278,0.132,203382,Aron Baynes,21,DET,1610612765,43,0.531
34,30.0,10,5,"201167,1610612752",106.3,1.72,243,0.109,71,44,2370.90666667,635,633,719,2174,0.035,0.142,0.11,201167,Arron Afflalo,25,NYK,1610612752,27,0.38
35,23.0,9,5,"203085,1610612746",103.3,1.66,108,0.08,67,25,1463.825,510,405,520,1308,0.049,0.113,0.181,203085,Austin Rivers,48,LAC,1610612746,42,0.627
36,25.0,19,5,"202340,1610612738",102.9,2.94,172,0.073,76,31,2536.12333333,813,564,769,2260,0.083,0.1,0.238,202340,Avery Bradley,117,BOS,1610612738,45,0.592
37,23.0,6,5,"1626253,1610612743",109.7,0.1,23,0.087,21,12,305.325,89,81,113,300,0.167,0.114,0.171,1626253,Axel Toupane,7,DEN,1610612743,9,0.429
38,23.0,10,5,"203463,1610612758",105.4,1.24,114,0.083,68,40,1442.86666667,370,457,604,1270,0.063,0.11,0.199,203463,Ben McLemore,52,SAC,1610612758,28,0.412
39,33.0,1,5,"2757,1610612748",102.1,0.88,64,0.101,44,18,707.645,151,126,219,560,0.011,0.125,0.151,2757,Beno Udrih,14,MIA,1610612748,26,0.591
40,23.0,133,5,"202687,1610612761",100.6,2.61,473,0.281,82,26,1807.82,432,389,541,1440,0.586,0.364,0.073,202687,Bismack Biyombo,19,TOR,1610612761,56,0.683
41,27.0,17,5,"201933,1610612746",100.0,1.8,243,0.221,35,13,1170.28166667,293,265,344,984,0.145,0.291,0.164,201933,Blake Griffin,28,LAC,1610612746,22,0.629
42,27.0,23,5,"1626246,1610612759",103.0,0.57,121,0.275,54,7,507.805,107,160,179,412,0.442,0.355,0.15,1626246,Boban Marjanovic,12,SAS,1610612759,47,0.87
43,21.0,22,5,"1626171,1610612741",108.6,0.49,214,0.21,62,33,1102.08,301,313,363,1016,0.206,0.275,0.21,1626171,Bobby Portis,25,CHI,1610612741,29,0.468
44,27.0,5,5,"202711,1610612751",109.4,0.75,219,0.118,79,58,2114.645,515,703,851,2194,0.027,0.159,0.092,202711,Bojan Bogdanovic,29,BKN,1610612751,21,0.266
45,34.0,21,5,"2564,1610612759",96.6,2.74,175,0.139,76,12,1385.54666667,315,317,427,1260,0.132,0.175,0.113,2564,Boris Diaw,26,SAS,1610612759,64,0.842
46,22.0,11,5,"203078,1610612764",105.2,1.48,147,0.099,55,27,1708.245,410,457,580,1470,0.079,0.128,0.179,203078,Bradley Beal,54,WAS,1610612764,28,0.509
47,28.0,15,5,"201148,1610612763",113.1,-0.02,29,0.148,12,6,212.123333333,61,61,86,178,0.652,0.204,0.156,201148,Brandan Wright,5,MEM,1610612763,6,0.5
48,23.0,1,5,"1626183,1610612746",122.6,-0.04,2,0.067,6,1,28.865,12,22,14,42,0.333,0.105,0.0,1626183,Branden Dawson,0,LAC,1610612746,5,0.833
49,31.0,55,5,"101138,1610612747",106.9,0.89,181,0.153,66,50,1342.41166667,385,406,433,1358,0.491,0.205,0.156,101138,Brandon Bass,33,LAL,1610612747,16,0.242
50,26.0,7,5,"201943,1610612753",103.3,0.98,80,0.103,48,28,867.455,185,222,268,760,0.081,0.128,0.2,201943,Brandon Jennings,29,ORL,1610612753,20,0.417
51,24.0,20,5,"202688,1610612756",107.5,1.09,166,0.099,52,36,1870.38666667,495,664,767,1698,0.129,0.128,0.202,202688,Brandon Knight,61,PHX,1610612756,16,0.308
52,30.0,23,5,"201575,1610612744",108.7,0.45,160,0.154,72,9,1054.74166667,353,347,400,1046,0.163,0.205,0.128,201575,Brandon Rush,20,GSW,1610612744,63,0.875
53,30.0,2,5,"203148,1610612757",105.4,0.4,35,0.086,51,25,470.146666667,103,120,138,368,0.071,0.108,0.156,203148,Brian Roberts,10,POR,1610612757,26,0.51
54,23.0,3,5,"1627362,1610612748",118.8,-0.14,17,0.127,7,4,168.638333333,41,63,62,156,0.188,0.163,0.36,1627362,Briante Weber,9,MIA,1610612748,3,0.429
55,28.0,124,5,"201572,1610612751",106.3,1.79,369,0.167,73,52,2456.57,574,731,905,2300,0.663,0.216,0.151,201572,Brook Lopez,58,BKN,1610612751,21,0.288
56,20.0,1,5,"203998,1610612761",94.7,0.1,1,0.024,6,0,42.6833333333,13,11,13,44,0.125,0.028,0.25,203998,Bruno Caboclo,2,TOR,1610612761,6,1.0
57,23.0,0,5,"203955,1610612763",135.0,-0.11,0,0.0,8,7,38.7583333333,17,10,19,46,0.0,0.0,0.429,203955,Bryce Cotton,3,MEM,1610612763,1,0.125
58,23.0,2,5,"1626214,1610612740",106.4,0.2,40,0.175,14,6,278.556666667,50,65,74,272,0.083,0.215,0.244,1626214,Bryce Dejean-Jones,10,NOP,1610612740,8,0.571
59,24.0,23,5,"203468,1610612757",104.8,2.56,212,0.084,80,36,2779.895,689,640,916,2338,0.082,0.109,0.233,203468,CJ McCollum,97,POR,1610612757,44,0.55
60,29.0,29,5,"101139,1610612754",102.8,1.75,150,0.112,64,30,1463.60666667,419,385,514,1306,0.197,0.151,0.19,101139,CJ Miles,53,IND,1610612754,34,0.531
61,32.0,5,5,"201228,1610612753",107.3,0.41,56,0.094,33,19,655.686666667,171,163,221,656,0.068,0.126,0.176,201228,CJ Watson,19,ORL,1610612753,14,0.424
62,25.0,2,5,"203912,1610612746",97.2,0.32,11,0.063,23,8,166.818333333,57,53,49,154,0.125,0.086,0.323,203912,CJ Wilcox,10,LAC,1610612746,15,0.652
63,25.0,3,5,"203946,1610612741",98.3,0.18,24,0.235,18,14,102.6,27,37,35,60,0.231,0.304,0.154,203946,Cameron Bairstow,2,CHI,1610612741,4,0.222
64,21.0,6,5,"1626166,1610612760",107.1,0.44,76,0.121,57,13,697.613333333,199,219,260,636,0.083,0.159,0.321,1626166,Cameron Payne,36,OKC,1610612760,44,0.772
65,32.0,9,5,"201171,1610612755",112.3,-0.01,97,0.202,36,31,569.39,177,185,207,574,0.15,0.267,0.138,201171,Carl Landry,12,PHI,1610612755,5,0.139
66,32.0,38,5,"2546,1610612752",105.8,2.01,458,0.195,72,40,2529.8,665,694,801,2262,0.127,0.256,0.212,2546,Carmelo Anthony,62,NYK,1610612752,32,0.444
67,36.0,1,5,"2406,1610612758",105.6,0.14,17,0.115,17,15,175.668333333,49,55,71,162,0.091,0.155,0.265,2406,Caron Butler,9,SAC,1610612758,2,0.118
68,27.0,21,5,"202718,1610612742",104.2,1.81,256,0.158,61,32,1799.20666667,489,605,537,1582,0.175,0.209,0.185,202718,Chandler Parsons,46,DAL,1610612742,29,0.475
69,33.0,28,5,"101112,1610612739",102.1,1.49,199,0.192,70,35,1199.15666667,267,292,386,956,0.28,0.25,0.142,101112,Channing Frye,29,CLE,1610612739,35,0.5
70,33.0,0,5,"101236,1610612745",91.0,0.07,8,0.286,2,1,23.8333333333,10,9,13,30,0.0,0.4,0.0,101236,Charles Hayes,0,HOU,1610612745,1,0.5
71,31.0,15,5,"101111,1610612742",106.6,0.47,128,0.213,62,33,665.036666667,158,220,191,596,0.268,0.276,0.205,101111,Charlie Villanueva,18,DAL,1610612742,29,0.468
72,28.0,10,5,"201978,1610612756",102.8,1.08,107,0.129,66,37,929.716666667,261,262,330,880,0.119,0.165,0.196,201978,Chase Budinger,32,PHX,1610612756,29,0.439
73,37.0,13,5,"2365,1610612763",112.1,0.01,62,0.191,27,16,402.531666667,111,116,117,336,0.406,0.274,0.183,2365,Chris Andersen,15,MEM,1610612763,11,0.407
74,32.0,34,5,"2547,1610612748",100.3,2.62,342,0.211,53,24,1777.92666667,481,355,556,1422,0.16,0.271,0.149,2547,Chris Bosh,36,MIA,1610612748,29,0.547
75,32.0,0,5,"203142,1610612749",119.4,-0.13,9,0.073,24,14,155.93,44,38,67,134,0.0,0.108,0.1,203142,Chris Copeland,2,MIL,1610612749,10,0.417
76,26.0,20,5,"203187,1610612762",97.7,1.61,105,0.134,70,32,856.803333333,212,181,278,674,0.198,0.169,0.219,203187,Chris Johnson,32,UTA,1610612762,38,0.543
77,34.0,1,5,"2549,1610612757",106.6,0.08,17,0.17,16,5,111.766666667,23,24,43,80,0.111,0.213,0.143,2549,Chris Kaman,1,POR,1610612757,11,0.688
78,21.0,12,5,"1626191,1610612751",116.3,-0.19,43,0.145,24,17,362.12,118,115,163,406,0.3,0.208,0.373,1626191,Chris McCullough,28,BKN,1610612751,7,0.292
79,31.0,13,5,"101108,1610612746",99.8,3.78,271,0.119,74,24,2420.27166667,597,562,661,2002,0.048,0.157,0.359,101108,Chris Paul,152,LAC,1610612746,50,0.676
80,20.0,7,5,"1626174,1610612755",108.9,0.06,25,0.192,17,17,144.781666667,64,60,51,148,0.412,0.275,0.179,1626174,Christian Wood,5,PHI,1610612755,0,0.0
81,25.0,3,5,"203921,1610612752",95.7,0.32,22,0.146,17,11,153.823333333,38,38,42,126,0.143,0.196,0.182,203921,Cleanthony Early,2,NYK,1610612752,6,0.353
82,20.0,2,5,"1626146,1610612757",108.5,0.02,4,0.118,8,5,35.9583333333,12,8,10,24,0.5,0.154,0.167,1626146,Cliff Alexander,1,POR,1610612757,3,0.375
83,22.0,92,5,"203991,1610612745",103.1,1.66,300,0.225,77,38,1470.71,426,416,577,1316,0.517,0.309,0.187,203991,Clint Capela,59,HOU,1610612745,39,0.506
84,23.0,63,5,"203469,1610612766",103.2,1.98,317,0.201,73,31,1773.715,410,439,528,1416,0.312,0.251,0.207,203469,Cody Zeller,57,CHA,1610612766,42,0.575
85,27.0,68,5,"202332,1610612746",99.8,1.23,202,0.284,60,19,799.703333333,261,209,264,696,0.654,0.402,0.257,202332,Cole Aldrich,47,LAC,1610612746,41,0.683
86,30.0,19,5,"201147,1610612745",104.3,1.67,157,0.102,82,41,1668.86666667,541,482,688,1520,0.106,0.14,0.238,201147,Corey Brewer,84,HOU,1610612745,41,0.5
87,25.0,1,5,"203928,1610612756",107.3,0.03,10,0.196,8,6,50.0633333333,12,25,21,52,0.25,0.286,0.0,203928,Cory Jefferson,0,PHX,1610612756,2,0.25
88,24.0,20,5,"202709,1610612761",100.2,3.05,171,0.092,80,26,2046.185,495,440,533,1630,0.082,0.121,0.193,202709,Cory Joseph,63,TOR,1610612761,54,0.675
89,23.0,0,5,"1626262,1610612738",128.7,-0.01,1,0.333,3,3,5.80166666667,0,2,2,6,0.0,0.333,0.0,1626262,Coty Clarke,0,BOS,1610612738,0,0.0
90,30.0,28,5,"201584,1610612766",103.3,2.53,176,0.087,79,30,2334.47333333,565,715,682,1988,0.125,0.114,0.209,201584,Courtney Lee,85,CHA,1610612766,49,0.62
91,23.0,13,5,"1626245,1610612741",101.4,0.42,72,0.252,31,17,320.603333333,75,86,108,258,0.406,0.317,0.12,1626245,Cristiano Felicio,6,CHI,1610612741,14,0.452
92,20.0,13,5,"1626156,1610612747",110.3,0.54,227,0.113,80,63,2259.03,669,872,824,2286,0.066,0.152,0.273,1626156,D'Angelo Russell,93,LAL,1610612747,17,0.213
93,28.0,4,5,"201571,1610612743",105.8,0.94,87,0.081,62,27,1177.74,332,340,446,1130,0.035,0.107,0.245,201571,D.J. Augustin,38,DEN,1610612743,35,0.565
94,35.0,2,5,"2563,1610612739",110.4,0.01,4,0.114,1,1,42.35,15,7,14,24,0.333,0.143,0.333,2563,Dahntay Jones,1,CLE,1610612739,0,0.0
95,25.0,28,5,"203081,1610612757",107.3,1.66,257,0.105,75,35,2675.62,692,644,915,2440,0.107,0.138,0.173,203081,Damian Lillard,65,POR,1610612757,40,0.533
96,21.0,3,5,"203996,1610612749",98.9,0.26,29,0.195,20,15,156.351666667,37,22,68,154,0.136,0.266,0.194,203996,Damien Inglis,6,MIL,1610612749,5,0.25
97,30.0,1,5,"204014,1610612750",107.7,0.16,15,0.065,33,24,277.285,67,82,121,252,0.045,0.086,0.071,204014,Damjan Rudez,3,MIN,1610612750,9,0.273
98,27.0,19,5,"201568,1610612743",106.9,1.22,229,0.143,53,31,1838.70666667,438,501,625,1656,0.111,0.182,0.143,201568,Danilo Gallinari,42,DEN,1610612743,22,0.415
99,29.0,64,5,"201980,1610612759",95.3,4.32,255,0.134,79,14,2061.57,448,479,528,1638,0.229,0.167,0.222,201980,Danny Green,79,SAS,1610612759,65,0.823
100,29.0,33,5,"201967,1610612740",109.1,0.75,179,0.108,80,52,1970.94833333,389,437,624,1796,0.231,0.134,0.132,201967,Dante Cunningham,42,NOP,1610612740,28,0.35
101,28.0,48,5,"201589,1610612743",103.5,1.65,207,0.151,70,44,1516.04166667,416,431,540,1248,0.327,0.201,0.218,201589,Darrell Arthur,53,DEN,1610612743,26,0.371
102,28.0,4,5,"201954,1610612758",107.2,1.38,141,0.07,74,45,2218.83666667,629,632,755,2006,0.02,0.094,0.182,201954,Darren Collison,77,SAC,1610612758,29,0.392
103,23.0,1,5,"1626199,1610612765",102.4,0.46,40,0.115,38,21,382.983333333,99,75,112,310,0.024,0.145,0.164,1626199,Darrun Hilliard,9,DET,1610612765,17,0.447
104,33.0,28,5,"101135,1610612742",102.3,1.16,204,0.247,55,28,902.93,246,261,336,766,0.378,0.322,0.133,101135,David Lee,22,DAL,1610612742,27,0.491
105,35.0,55,5,"2561,1610612759",95.2,2.99,237,0.187,78,15,1404.22833333,317,338,387,1160,0.362,0.237,0.17,2561,David West,44,SAS,1610612759,63,0.808
106,27.0,177,5,"201599,1610612746",100.3,3.9,792,0.321,77,26,2597.615,691,640,721,2162,0.596,0.425,0.118,201599,DeAndre Jordan,51,LAC,1610612746,51,0.662
107,27.0,2,5,"201971,1610612764",109.4,0.08,37,0.203,29,17,218.07,49,50,62,208,0.154,0.28,0.235,201971,DeJuan Blair,8,WAS,1610612764,12,0.414
108,26.0,21,5,"201942,1610612761",104.1,2.83,285,0.116,78,25,2803.795,690,667,862,2382,0.07,0.147,0.184,201942,DeMar DeRozan,81,TOR,1610612761,53,0.679
109,25.0,92,5,"202326,1610612758",104.4,2.2,589,0.274,65,36,2245.83833333,613,680,860,1984,0.43,0.357,0.233,202326,DeMarcus Cousins,101,SAC,1610612758,29,0.446
110,29.0,6,5,"201960,1610612761",101.9,1.02,91,0.134,26,10,786.441666667,158,212,249,624,0.09,0.168,0.308,201960,DeMarre Carroll,44,TOR,1610612761,16,0.615
111,24.0,3,5,"1626153,1610612761",100.6,0.33,29,0.136,27,8,229.241666667,62,42,69,184,0.125,0.17,0.222,1626153,Delon Wright,8,TOR,1610612761,19,0.704
112,22.0,9,5,"203471,1610612737",95.7,3.31,179,0.123,80,33,1620.95833333,432,350,504,1296,0.047,0.165,0.226,203471,Dennis Schroder,70,ATL,1610612737,47,0.588
113,32.0,14,5,"101114,1610612742",104.0,2.16,171,0.088,65,34,2106.02166667,569,642,669,1782,0.096,0.115,0.206,101114,Deron Williams,61,DAL,1610612742,31,0.477
114,24.0,91,5,"202324,1610612762",103.3,2.18,334,0.2,62,32,1983.16833333,421,519,646,1628,0.46,0.256,0.234,202324,Derrick Favors,74,UTA,1610612762,30,0.484
115,27.0,14,5,"201565,1610612741",105.8,1.69,179,0.086,66,34,2097.42333333,655,601,687,2034,0.054,0.118,0.176,201565,Derrick Rose,44,CHI,1610612741,32,0.485
116,25.0,9,5,"202682,1610612752",106.3,1.06,249,0.191,80,48,1434.865,381,398,436,1348,0.065,0.256,0.159,202682,Derrick Williams,29,NYK,1610612752,32,0.4
117,19.0,20,5,"1626164,1610612756",108.5,0.95,160,0.083,76,56,2107.68166667,611,766,907,1932,0.119,0.109,0.142,1626164,Devin Booker,44,PHX,1610612756,20,0.263
118,33.0,13,5,"2734,1610612742",102.9,1.54,120,0.102,64,29,1280.45,367,439,416,1066,0.118,0.137,0.294,2734,Devin Harris,60,DAL,1610612742,35,0.547
119,23.0,1,5,"203906,1610612753",101.2,0.34,32,0.134,28,16,248.88,70,52,53,220,0.034,0.176,0.325,203906,Devyn Marble,13,ORL,1610612753,12,0.429
120,26.0,46,5,"203473,1610612753",103.8,0.74,161,0.25,58,37,705.091666667,191,171,273,676,0.489,0.343,0.18,203473,Dewayne Dedmon,22,ORL,1610612753,21,0.362
121,24.0,15,5,"203079,1610612760",105.4,1.83,166,0.082,78,25,2151.61833333,633,606,820,2050,0.062,0.11,0.243,203079,Dion Waiters,81,OKC,1610612760,53,0.679
122,38.0,52,5,"1717,1610612742",104.1,2.35,437,0.202,75,37,2363.49,650,761,691,1874,0.281,0.267,0.164,1717,Dirk Nowitzki,52,DAL,1610612742,38,0.507
123,28.0,4,5,"202388,1610612751",108.3,0.64,156,0.131,61,48,1317.88666667,343,384,440,1340,0.038,0.173,0.165,202388,Donald Sloan,32,BKN,1610612751,13,0.213
124,25.0,5,5,"202700,1610612745",101.2,0.75,72,0.14,37,18,546.643333333,173,209,236,550,0.094,0.191,0.153,202700,Donatas Motiejunas,17,HOU,1610612745,19,0.514
125,24.0,6,5,"203926,1610612741",104.8,1.72,158,0.09,81,40,1860.56,528,558,652,1676,0.031,0.118,0.065,203926,Doug McDermott,14,CHI,1610612741,41,0.506
126,26.0,113,5,"203110,1610612744",97.5,5.25,635,0.222,81,8,2807.99833333,762,833,935,2530,0.315,0.288,0.229,203110,Draymond Green,119,GSW,1610612744,73,0.901
127,34.0,11,5,"2400,1610612764",109.9,0.09,57,0.234,30,12,305.178333333,95,110,92,292,0.314,0.315,0.148,2400,Drew Gooden,8,WAS,1610612764,18,0.6
128,24.0,0,5,"1626251,1610612758",104.0,0.02,2,0.08,1,1,24.2333333333,9,12,6,30,0.0,0.118,0.2,1626251,Duje Dukan,1,SAC,1610612758,0,0.0
129,30.0,113,5,"2730,1610612745",105.1,1.98,597,0.293,71,37,2279.69666667,668,647,963,2024,0.502,0.399,0.146,2730,Dwight Howard,69,HOU,1610612745,34,0.479
130,24.0,24,5,"203939,1610612742",100.8,1.45,189,0.214,69,34,991.628333333,257,324,320,874,0.348,0.279,0.224,203939,Dwight Powell,36,DAL,1610612742,35,0.507
131,34.0,42,5,"2548,1610612748",103.9,2.35,220,0.108,74,31,2257.795,620,577,783,2076,0.125,0.14,0.259,2548,Dwyane Wade,79,MIA,1610612748,43,0.581
132,27.0,18,5,"202734,1610612741",104.6,1.2,114,0.092,59,30,1263.2,388,387,435,1194,0.119,0.125,0.239,202734,E'Twaun Moore,37,CHI,1610612741,29,0.492
133,27.0,72,5,"202334,1610612757",103.2,1.87,375,0.239,81,38,1684.37,446,402,539,1318,0.424,0.312,0.242,202334,Ed Davis,57,POR,1610612757,43,0.531
134,22.0,20,5,"203901,1610612753",104.4,2.1,184,0.096,73,41,2144.93666667,503,610,718,1980,0.093,0.124,0.234,203901,Elfrid Payton,89,ORL,1610612753,32,0.438
135,28.0,3,5,"202407,1610612762",96.0,0.36,29,0.179,20,11,172.775,44,41,49,114,0.125,0.225,0.259,202407,Elijah Millsap,7,UTA,1610612762,9,0.45
136,27.0,0,5,"202343,1610612763",100.2,0.07,3,0.079,5,1,45.1383333333,7,9,10,30,0.0,0.1,0.0,202343,Elliot Williams,0,MEM,1610612763,4,0.8
137,37.0,8,5,"1882,1610612755",97.3,0.43,54,0.245,17,15,224.695,62,65,66,204,0.4,0.321,0.257,1882,Elton Brand,9,PHI,1610612755,2,0.118
138,20.0,35,5,"1626144,1610612743",107.1,1.34,200,0.107,68,39,2067.78666667,489,576,725,1838,0.159,0.136,0.193,1626144,Emmanuel Mudiay,65,DEN,1610612743,29,0.426
139,24.0,33,5,"202683,1610612760",106.5,1.22,415,0.256,82,27,1720.67833333,493,461,670,1664,0.2,0.338,0.11,202683,Enes Kanter,26,OKC,1610612760,55,0.671
140,26.0,19,5,"202339,1610612756",103.5,1.16,107,0.112,31,19,1058.77166667,284,341,397,960,0.209,0.146,0.318,202339,Eric Bledsoe,63,PHX,1610612756,12,0.387
141,27.0,14,5,"201569,1610612740",105.1,1.31,89,0.067,45,31,1481.35166667,371,393,474,1268,0.089,0.086,0.186,201569,Eric Gordon,43,NOP,1610612740,14,0.311
142,24.0,4,5,"203961,1610612758",103.4,0.05,8,0.157,8,7,47.5833333333,26,18,14,38,0.571,0.222,0.0,203961,Eric Moreland,0,SAC,1610612758,1,0.125
143,25.0,0,5,"203475,1610612762",117.1,-0.03,3,0.115,9,3,42.1333333333,6,10,14,38,0.0,0.136,0.143,203475,Erick Green,1,UTA,1610612762,6,0.667
144,29.0,33,5,"101141,1610612753",106.4,1.35,259,0.167,74,39,1880.37,438,491,651,1854,0.239,0.214,0.171,101141,Ersan Ilyasova,52,ORL,1610612753,35,0.473
145,23.0,2,5,"203095,1610612753",106.8,1.73,192,0.085,79,46,2565.97166667,609,743,886,2350,0.008,0.113,0.206,203095,Evan Fournier,96,ORL,1610612753,33,0.418
146,27.0,28,5,"202323,1610612738",100.0,3.45,347,0.165,81,34,2270.715,597,499,753,2042,0.151,0.219,0.19,202323,Evan Turner,80,BOS,1610612738,47,0.58
147,26.0,50,5,"203105,1610612744",96.6,1.5,166,0.224,46,4,770.188333333,171,235,281,728,0.521,0.287,0.125,203105,Festus Ezeli,18,GSW,1610612744,42,0.913
148,23.0,43,5,"1626163,1610612766",101.2,2.35,266,0.171,81,34,1707.65666667,403,461,507,1390,0.238,0.212,0.159,1626163,Frank Kaminsky,38,CHA,1610612766,47,0.58
149,30.0,18,5,"202066,1610612764",101.0,2.73,176,0.103,80,40,1951.16166667,455,464,591,1600,0.106,0.131,0.192,202066,Garrett Temple,69,WAS,1610612764,40,0.5
150,21.0,18,5,"203914,1610612743",108.6,1.09,166,0.077,76,45,2438.67,592,653,854,2250,0.078,0.101,0.238,203914,Gary Harris,97,DEN,1610612743,31,0.408
151,31.0,1,5,"202390,1610612764",110.2,0.2,72,0.108,40,22,807.43,215,220,269,730,0.019,0.142,0.145,202390,Gary Neal,20,WAS,1610612764,18,0.45
152,30.0,17,5,"201588,1610612754",100.3,3.74,240,0.105,74,33,2524.39166667,644,571,811,2098,0.071,0.138,0.177,201588,George Hill,83,IND,1610612754,41,0.554
153,30.0,19,5,"101123,1610612748",102.2,1.94,138,0.096,69,29,1557.21833333,418,289,486,1320,0.104,0.123,0.191,101123,Gerald Green,38,MIA,1610612748,40,0.58
154,28.0,19,5,"201945,1610612757",104.4,1.39,181,0.137,72,33,1431.1,379,325,477,1132,0.13,0.178,0.201,201945,Gerald Henderson,39,POR,1610612757,39,0.542
155,21.0,113,5,"203507,1610612749",106.5,2.0,499,0.202,80,48,2823.41333333,840,743,996,2564,0.321,0.275,0.193,203507,Giannis Antetokounmpo,94,MIL,1610612749,32,0.4
156,22.0,9,5,"203922,1610612754",103.1,0.56,56,0.118,45,21,508.181666667,115,163,172,454,0.164,0.154,0.2,203922,Glenn Robinson,17,IND,1610612754,24,0.533
157,30.0,17,5,"201609,1610612748",101.4,3.22,223,0.101,72,28,2362.66166667,677,550,731,2114,0.052,0.132,0.211,201609,Goran Dragic,71,MIA,1610612748,44,0.611
158,26.0,27,5,"202330,1610612762",102.8,3.4,336,0.135,80,42,2892.95666667,688,723,951,2388,0.084,0.174,0.207,202330,Gordon Hayward,95,UTA,1610612762,38,0.475
159,26.0,96,5,"203476,1610612750",105.8,1.76,428,0.222,82,53,2220.05166667,595,597,789,2062,0.419,0.299,0.24,203476,Gorgui Dieng,94,MIN,1610612750,29,0.354
160,26.0,67,5,"202328,1610612749",107.5,1.35,478,0.239,79,47,2314.185,688,641,816,2150,0.283,0.327,0.173,202328,Greg Monroe,72,MIL,1610612749,32,0.405
161,25.0,1,5,"202962,1610612750",113.7,-0.04,30,0.186,18,10,191.94,37,67,85,210,0.333,0.231,0.182,202962,Greg Smith,4,MIN,1610612750,8,0.444
162,29.0,0,5,"202349,1610612749",107.6,0.26,42,0.105,23,14,459.911666667,121,132,192,440,0.0,0.148,0.147,202349,Greivis Vasquez,10,MIL,1610612749,9,0.391
163,24.0,10,5,"203084,1610612744",101.6,2.67,248,0.127,66,7,2041.57666667,560,563,640,1914,0.041,0.167,0.116,203084,Harrison Barnes,41,GSW,1610612744,59,0.894
164,27.0,269,5,"202355,1610612748",101.7,2.79,627,0.316,73,31,2125.32333333,628,448,686,1886,0.745,0.414,0.161,202355,Hassan Whiteside,44,MIA,1610612748,42,0.575
165,26.0,14,5,"203156,1610612751",112.4,-0.01,51,0.23,14,12,263.038333333,75,88,105,322,0.538,0.317,0.167,203156,Henry Sims,9,BKN,1610612751,2,0.143
166,25.0,24,5,"203138,1610612755",106.8,1.45,218,0.113,77,67,2153.9,713,750,910,2058,0.095,0.156,0.098,203138,Hollis Thompson,36,PHI,1610612755,10,0.13
167,25.0,13,5,"203546,1610612744",110.0,0.16,55,0.101,66,7,578.496666667,187,223,240,576,0.183,0.137,0.2,203546,Ian Clark,17,GSW,1610612744,59,0.894
168,29.0,75,5,"101133,1610612754",98.2,3.2,369,0.221,71,30,1815.74666667,423,426,599,1474,0.426,0.283,0.172,101133,Ian Mahinmi,65,IND,1610612754,41,0.577
169,26.0,19,5,"202697,1610612739",100.7,1.89,171,0.143,54,15,1316.33,298,306,413,1070,0.165,0.183,0.273,202697,Iman Shumpert,54,CLE,1610612739,39,0.722
170,25.0,12,5,"203477,1610612755",107.8,1.06,154,0.09,77,67,1966.08166667,611,689,784,1878,0.048,0.121,0.172,203477,Isaiah Canaan,56,PHI,1610612755,10,0.13
171,27.0,9,5,"202738,1610612738",102.6,3.14,197,0.08,82,34,2644.38666667,805,578,796,2376,0.039,0.108,0.183,202738,Isaiah Thomas,91,BOS,1610612738,48,0.585
172,27.0,24,5,"202397,1610612755",108.0,1.18,262,0.127,77,61,2238.79833333,698,708,825,2146,0.094,0.174,0.24,202397,Ish Smith,88,PHI,1610612755,16,0.208
173,24.0,0,5,"1626266,1610612762",125.0,-0.01,1,0.25,2,0,6.26666666667,4,4,4,4,0.0,0.333,0.5,1626266,J.J. O'Brien,1,UTA,1610612762,2,1.0
174,30.0,21,5,"2747,1610612739",104.4,2.29,174,0.084,77,24,2362.00166667,566,577,749,2086,0.12,0.107,0.25,2747,J.R. Smith,81,CLE,1610612739,53,0.688
175,27.0,14,5,"201581,1610612764",104.0,0.44,93,0.226,35,18,436.546666667,131,134,148,386,0.378,0.294,0.224,201581,JJ Hickson,15,WAS,1610612764,17,0.486
176,32.0,5,5,"200755,1610612746",99.4,3.38,129,0.065,75,25,2096.78166667,525,487,547,1764,0.022,0.085,0.122,200755,JJ Redick,42,LAC,1610612746,50,0.667
177,23.0,33,5,"203960,1610612743",105.2,1.04,144,0.134,73,55,1159.695,312,354,446,1060,0.208,0.176,0.127,203960,JaKarr Sampson,23,DEN,1610612743,18,0.247
178,26.0,33,5,"203210,1610612763",105.0,1.32,234,0.197,78,39,1446.12,321,420,477,1114,0.25,0.254,0.155,203210,JaMychal Green,46,MEM,1610612763,39,0.5
179,28.0,26,5,"201580,1610612742",104.4,0.36,80,0.231,34,19,369.8,124,117,104,306,0.703,0.324,0.1,201580,JaVale McGee,5,DAL,1610612742,15,0.441
180,21.0,29,5,"203953,1610612749",106.5,1.72,272,0.127,76,44,2407.97166667,730,674,885,2260,0.105,0.175,0.168,203953,Jabari Parker,69,MIL,1610612749,32,0.421
181,25.0,35,5,"203109,1610612738",101.4,3.13,303,0.141,73,30,2308.25166667,746,468,643,2056,0.162,0.191,0.266,203109,Jae Crowder,126,BOS,1610612738,43,0.589
182,20.0,61,5,"1626143,1610612755",108.7,0.68,251,0.178,53,47,1590.565,457,589,725,1498,0.295,0.238,0.094,1626143,Jahlil Okafor,22,PHI,1610612755,6,0.113
183,36.0,12,5,"2037,1610612746",103.1,2.38,125,0.066,79,28,2126.16666667,656,562,699,1800,0.046,0.092,0.127,2037,Jamal Crawford,52,LAC,1610612746,51,0.646
184,34.0,5,5,"2749,1610612743",108.3,0.49,96,0.109,39,27,1035.655,246,253,330,866,0.064,0.14,0.174,2749,Jameer Nelson,25,DEN,1610612743,12,0.308
185,27.0,14,5,"202341,1610612758",104.4,0.71,73,0.104,51,32,721.01,254,229,281,650,0.165,0.143,0.158,202341,James Anderson,21,SAC,1610612758,19,0.373
186,25.0,5,5,"203516,1610612740",111.5,0.03,21,0.078,22,11,328.515,95,69,140,288,0.278,0.102,0.308,203516,James Ennis,16,NOP,1610612740,11,0.5
187,26.0,51,5,"201935,1610612745",106.0,2.42,438,0.157,82,41,3124.635,925,956,1257,2848,0.152,0.214,0.215,201935,James Harden,139,HOU,1610612745,41,0.5
188,29.0,33,5,"201949,1610612761",105.0,0.82,98,0.121,57,22,925.72,217,217,269,830,0.33,0.157,0.192,201949,James Johnson,29,TOR,1610612761,35,0.614
189,35.0,10,5,"2592,1610612739",100.9,0.65,42,0.099,48,15,463.42,125,87,142,380,0.182,0.129,0.172,2592,James Jones,11,CLE,1610612739,33,0.688
190,23.0,8,5,"203949,1610612744",115.4,-0.1,28,0.131,41,4,261.525,70,105,125,250,0.364,0.166,0.263,203949,James Michael McAdoo,10,GSW,1610612744,37,0.902
191,20.0,1,5,"203923,1610612738",106.5,0.14,22,0.129,29,17,198.901666667,37,49,50,178,0.053,0.165,0.2,203923,James Young,6,BOS,1610612738,12,0.414
192,25.0,2,5,"203099,1610612749",103.2,0.46,35,0.102,44,13,410.368333333,97,77,183,348,0.074,0.135,0.219,203099,Jared Cunningham,14,MIL,1610612749,31,0.705
193,30.0,18,5,"201162,1610612764",103.0,2.37,232,0.128,81,41,2097.655,506,498,662,1802,0.116,0.166,0.192,201162,Jared Dudley,75,WAS,1610612764,40,0.494
194,24.0,47,5,"203096,1610612738",101.3,2.56,479,0.271,81,34,1914.63333333,594,409,566,1702,0.297,0.361,0.197,203096,Jared Sullinger,75,BOS,1610612738,47,0.58
195,24.0,1,5,"204067,1610612764",105.5,0.12,21,0.15,26,13,146.766666667,39,48,53,122,0.083,0.189,0.227,204067,Jarell Eddie,5,WAS,1610612764,13,0.5
196,22.0,7,5,"1626185,1610612763",107.0,0.25,47,0.15,27,17,379.54,89,120,134,294,0.179,0.194,0.123,1626185,Jarell Martin,8,MEM,1610612763,10,0.37
197,22.0,0,5,"203950,1610612748",80.6,0.07,3,0.176,7,6,18.5833333333,0,9,7,12,0.0,0.176,1.0,203950,Jarnell Stokes,1,MIA,1610612748,1,0.143
198,32.0,7,5,"101127,1610612751",107.1,0.66,127,0.138,32,22,1026.65333333,247,321,390,952,0.089,0.179,0.198,101127,Jarrett Jack,34,BKN,1610612751,10,0.313
199,30.0,65,5,"201160,1610612753",104.0,1.2,166,0.163,76,43,1180.995,259,300,372,1034,0.492,0.21,0.168,201160,Jason Smith,33,ORL,1610612753,33,0.434
200,38.0,9,5,"1891,1610612745",106.9,0.82,65,0.058,72,35,1257.65,370,370,514,1154,0.074,0.08,0.183,1891,Jason Terry,47,HOU,1610612745,37,0.514
201,29.0,20,5,"201574,1610612761",104.6,0.46,102,0.234,47,9,471.381666667,128,155,137,432,0.351,0.301,0.158,201574,Jason Thompson,12,TOR,1610612761,38,0.809
202,29.0,3,5,"201965,1610612746",115.5,-0.04,18,0.17,17,6,106.618333333,49,35,37,114,0.333,0.25,0.0,201965,Jeff Ayres,0,LAC,1610612746,11,0.647
203,29.0,40,5,"201145,1610612746",103.6,2.37,258,0.132,80,32,2253.245,606,589,661,1826,0.169,0.177,0.144,201145,Jeff Green,58,LAC,1610612746,48,0.6
204,28.0,24,5,"201952,1610612737",100.9,3.2,181,0.083,79,32,2254.76833333,645,614,759,1990,0.081,0.113,0.228,201952,Jeff Teague,97,ATL,1610612737,47,0.595
205,26.0,53,5,"203481,1610612762",97.6,1.19,117,0.209,51,26,657.783333333,153,127,176,512,0.697,0.271,0.189,203481,Jeff Withey,21,UTA,1610612762,25,0.49
206,22.0,127,5,"203924,1610612755",105.7,1.69,262,0.139,77,68,2066.35833333,635,694,880,1942,0.431,0.188,0.159,203924,Jerami Grant,54,PHI,1610612755,9,0.117
207,28.0,9,5,"202379,1610612742",102.4,0.32,43,0.167,30,14,251.408333333,64,70,104,194,0.346,0.209,0.188,202379,Jeremy Evans,6,DAL,1610612742,16,0.533
208,24.0,30,5,"203087,1610612766",95.7,2.53,208,0.18,66,26,1227.255,285,299,339,906,0.196,0.227,0.226,203087,Jeremy Lamb,42,CHA,1610612766,40,0.606
209,27.0,42,5,"202391,1610612766",100.4,3.05,211,0.111,78,31,2047.53833333,487,546,611,1654,0.177,0.14,0.2,202391,Jeremy Lin,58,CHA,1610612766,47,0.603
210,23.0,10,5,"1626170,1610612752",103.7,1.34,120,0.105,76,47,1264.89,352,283,403,1132,0.07,0.142,0.286,1626170,Jerian Grant,50,NYK,1610612752,29,0.382
211,27.0,11,5,"201573,1610612749",107.8,0.83,120,0.092,52,31,1504.81833333,442,421,568,1374,0.065,0.128,0.191,201573,Jerryd Bayless,47,MIL,1610612749,21,0.404
212,27.0,0,5,"202690,1610612752",118.2,-0.01,0,0.0,6,5,17.5583333333,5,0,6,22,0.0,0.0,0.5,202690,Jimmer Fredette,1,NYK,1610612752,1,0.167
213,26.0,43,5,"202710,1610612741",103.3,2.73,279,0.116,67,30,2473.725,754,684,774,2242,0.136,0.158,0.326,202710,Jimmy Butler,110,CHI,1610612741,37,0.552
214,31.0,29,5,"201149,1610612741",99.3,1.03,168,0.266,29,14,635.423333333,183,158,212,522,0.387,0.339,0.231,201149,Joakim Noah,18,CHI,1610612741,15,0.517
215,28.0,0,5,"201975,1610612765",88.0,0.13,4,0.103,3,0,43.4866666667,10,7,15,38,0.0,0.118,0.0,201975,Jodie Meeks,0,DET,1610612765,3,1.0
216,24.0,0,5,"203925,1610612739",151.2,-0.08,3,0.375,5,0,15.1033333333,5,7,10,28,0.0,0.6,0.0,203925,Joe Harris,0,CLE,1610612739,5,1.0
217,28.0,4,5,"204060,1610612762",101.8,1.62,132,0.124,81,41,1241.39166667,288,290,434,1018,0.034,0.16,0.289,204060,Joe Ingles,55,UTA,1610612762,40,0.494
218,34.0,4,5,"2207,1610612748",106.3,1.99,243,0.101,81,50,2703.23333333,701,765,934,2544,0.017,0.131,0.15,2207,Joe Johnson,61,MIA,1610612748,31,0.383
219,24.0,0,5,"1626202,1610612754",103.3,0.42,44,0.123,41,22,383.496666667,105,99,120,366,0.0,0.16,0.273,1626202,Joe Young,15,IND,1610612754,19,0.463
220,33.0,12,5,"201202,1610612765",102.8,0.11,13,0.151,19,7,95.7033333333,27,9,31,74,0.857,0.191,0.222,201202,Joel Anthony,2,DET,1610612765,12,0.632
221,24.0,15,5,"203530,1610612743",109.8,0.31,213,0.232,59,35,1041.24333333,293,322,396,1046,0.17,0.305,0.098,203530,Joffrey Lauvergne,13,DEN,1610612743,24,0.407
222,25.0,109,5,"203089,1610612749",102.4,1.19,134,0.152,57,35,959.473333333,262,243,387,804,0.645,0.207,0.132,203089,John Henson,18,MIL,1610612749,22,0.386
223,25.0,1,5,"203098,1610612756",106.4,0.35,49,0.102,43,25,480.303333333,138,186,181,498,0.024,0.133,0.14,203098,John Jenkins,8,PHX,1610612756,18,0.419
224,25.0,59,5,"202322,1610612764",103.3,3.07,337,0.138,77,40,2783.99833333,694,703,908,2342,0.244,0.178,0.292,202322,John Wall,145,WAS,1610612764,37,0.481
225,23.0,8,5,"203948,1610612749",106.2,0.63,111,0.15,66,39,857.085,227,214,311,792,0.096,0.203,0.137,203948,Johnny O'Bryant,18,MIL,1610612749,27,0.409
226,27.0,30,5,"202720,1610612756",104.4,1.24,297,0.259,67,45,1255.30166667,327,408,512,1156,0.27,0.337,0.18,202720,Jon Leuer,38,PHX,1610612756,22,0.328
227,29.0,24,5,"201973,1610612738",98.5,2.02,211,0.199,78,31,1176.48,330,284,386,1048,0.235,0.266,0.097,201973,Jonas Jerebko,20,BOS,1610612738,47,0.603
228,24.0,80,5,"202685,1610612761",106.1,1.18,363,0.273,60,20,1556.955,360,384,468,1354,0.488,0.346,0.1,202685,Jonas Valanciunas,25,TOR,1610612761,40,0.667
229,26.0,5,5,"203613,1610612759",101.2,1.13,80,0.109,55,8,812.813333333,213,227,279,770,0.057,0.142,0.2,203613,Jonathon Simmons,24,SAS,1610612759,47,0.855
230,21.0,0,5,"203919,1610612763",95.5,0.03,2,0.182,2,2,14.6666666667,2,5,5,12,0.0,0.222,0.429,203919,Jordan Adams,3,MEM,1610612763,0,0.0
231,24.0,7,5,"203903,1610612747",111.5,0.23,220,0.096,79,62,2552.485,783,909,864,2606,0.033,0.129,0.236,203903,Jordan Clarkson,88,LAL,1610612747,17,0.215
232,29.0,2,5,"200770,1610612763",112.7,-0.02,21,0.097,12,10,291.293333333,74,109,94,274,0.111,0.138,0.242,200770,Jordan Farmar,15,MEM,1610612763,2,0.167
233,25.0,3,5,"202706,1610612740",115.3,-0.11,50,0.194,11,7,303.658333333,85,80,106,264,0.188,0.26,0.2,202706,Jordan Hamilton,8,NOP,1610612740,4,0.364
234,28.0,37,5,"201941,1610612754",101.3,2.0,295,0.209,73,33,1512.68333333,444,418,523,1320,0.261,0.278,0.159,201941,Jordan Hill,36,IND,1610612754,40,0.548
235,25.0,1,5,"203895,1610612739",96.7,0.37,16,0.082,22,12,195.935,59,33,56,136,0.04,0.11,0.12,203895,Jordan McRae,3,CLE,1610612739,10,0.455
236,21.0,11,5,"1626175,1610612738",89.0,0.16,7,0.143,16,7,57.1783333333,9,19,17,56,0.846,0.189,0.0,1626175,Jordan Mickey,0,BOS,1610612738,9,0.563
237,27.0,0,5,"203268,1610612766",103.2,0.07,7,0.103,12,3,63.3,18,25,25,62,0.0,0.125,0.429,203268,Jorge Gutierrez,3,CHA,1610612766,9,0.75
238,34.0,7,5,"101181,1610612752",106.3,1.47,207,0.109,72,43,2023.72166667,517,592,685,1820,0.026,0.143,0.296,101181,Jose Calderon,63,NYK,1610612752,29,0.403
239,32.0,2,5,"200826,1610612742",107.7,0.95,126,0.085,74,36,1666.90833333,501,594,493,1394,0.015,0.114,0.12,200826,Jose Juan Barea,26,DAL,1610612742,38,0.514
240,24.0,2,5,"203962,1610612760",107.7,0.03,8,0.157,5,3,54.9833333333,14,13,18,48,0.333,0.211,0.25,203962,Josh Huestis,1,OKC,1610612760,2,0.4
241,29.0,7,5,"201177,1610612748",101.9,0.77,83,0.157,42,15,594.676666667,151,119,178,482,0.1,0.2,0.217,201177,Josh McRoberts,18,MIA,1610612748,27,0.643
242,22.0,25,5,"1626196,1610612748",101.4,1.5,86,0.085,52,23,1106.96666667,306,245,390,926,0.169,0.111,0.22,1626196,Josh Richardson,36,MIA,1610612748,29,0.558
243,30.0,47,5,"2746,1610612745",102.1,1.11,141,0.177,55,24,879.973333333,246,254,340,772,0.409,0.24,0.189,2746,Josh Smith,34,HOU,1610612745,31,0.564
244,26.0,22,5,"201950,1610612740",105.9,1.44,168,0.106,65,38,1830.915,430,398,531,1558,0.133,0.133,0.272,201950,Jrue Holiday,88,NOP,1610612740,27,0.415
245,21.0,29,5,"203944,1610612747",113.0,-0.23,657,0.327,81,64,2286.13,688,929,822,2350,0.151,0.435,0.163,203944,Julius Randle,53,LAL,1610612747,17,0.21
246,22.0,25,5,"1626147,1610612742",99.8,1.02,114,0.188,55,27,646.876666667,153,219,187,500,0.352,0.235,0.213,1626147,Justin Anderson,19,DAL,1610612742,28,0.509
247,26.0,0,5,"202712,1610612765",141.7,-0.12,1,0.038,5,1,35.0833333333,7,12,17,32,0.0,0.048,1.0,202712,Justin Harper,1,DET,1610612765,4,0.8
248,27.0,19,5,"203200,1610612741",104.9,0.71,78,0.111,53,25,772.486666667,196,242,291,682,0.253,0.147,0.258,203200,Justin Holiday,32,CHI,1610612741,28,0.528
249,20.0,26,5,"1626159,1610612748",99.0,3.72,322,0.158,78,32,2232.285,556,444,737,1858,0.088,0.201,0.199,1626159,Justise Winslow,68,MIA,1610612748,46,0.59
250,21.0,44,5,"203994,1610612743",105.1,0.48,110,0.227,32,18,547.091666667,158,153,174,494,0.512,0.289,0.296,203994,Jusuf Nurkic,24,DEN,1610612743,14,0.438
251,23.0,6,5,"203909,1610612745",93.8,0.55,26,0.104,37,20,235.39,72,59,73,176,0.176,0.144,0.14,203909,KJ McDaniels,7,HOU,1610612745,17,0.459
252,20.0,138,5,"1626157,1610612750",108.1,1.36,629,0.271,82,53,2626.54166667,742,750,928,2498,0.515,0.367,0.132,1626157,Karl-Anthony Towns,58,MIN,1610612750,29,0.354
253,24.0,71,5,"202695,1610612759",94.9,5.14,398,0.182,72,12,2379.62166667,493,617,606,1942,0.227,0.227,0.305,202695,Kawhi Leonard,128,SAS,1610612759,60,0.833
254,24.0,0,5,"203951,1610612753",81.4,0.1,1,0.042,5,5,26.85,1,6,9,18,0.0,0.048,0.25,203951,Keith Appling,1,ORL,1610612753,0,0.0
255,25.0,33,5,"203482,1610612738",97.7,2.5,209,0.158,69,29,1394.785,403,314,396,1200,0.3,0.213,0.202,203482,Kelly Olynyk,52,BOS,1610612738,40,0.58
256,20.0,7,5,"1626162,1610612764",103.9,0.7,108,0.177,63,32,671.381666667,184,225,185,566,0.135,0.231,0.212,1626162,Kelly Oubre,22,WAS,1610612764,31,0.492
257,26.0,39,5,"202689,1610612766",102.2,3.61,301,0.116,81,34,2885.01666667,698,679,795,2408,0.123,0.146,0.286,202689,Kemba Walker,126,CHA,1610612766,47,0.58
258,24.0,2,5,"203088,1610612755",112.3,0.0,26,0.076,30,27,399.63,138,140,171,374,0.042,0.107,0.203,203088,Kendall Marshall,16,PHI,1610612755,3,0.1
259,31.0,11,5,"2570,1610612740",110.8,0.09,103,0.225,37,24,542.008333333,136,150,199,486,0.314,0.282,0.151,2570,Kendrick Perkins,11,NOP,1610612740,13,0.351
260,26.0,60,5,"202702,1610612743",109.1,0.65,346,0.232,67,41,1694.46833333,385,462,600,1558,0.337,0.295,0.124,202702,Kenneth Faried,32,DEN,1610612743,26,0.388
261,26.0,38,5,"203145,1610612737",99.5,3.36,351,0.176,75,31,2082.66333333,619,559,689,1780,0.138,0.24,0.249,203145,Kent Bazemore,98,ATL,1610612737,44,0.587
262,23.0,17,5,"203484,1610612765",102.6,3.34,212,0.085,76,35,2788.73166667,635,563,815,2606,0.085,0.109,0.263,203484,Kentavious Caldwell-Pope,110,DET,1610612765,41,0.539
263,27.0,85,5,"201142,1610612760",102.2,3.24,544,0.209,72,20,2577.58666667,780,723,931,2414,0.249,0.276,0.177,201142,Kevin Durant,69,OKC,1610612760,52,0.722
264,40.0,10,5,"708,1610612750",96.4,1.08,135,0.262,38,24,555.705,140,95,134,468,0.169,0.335,0.283,708,Kevin Garnett,28,MIN,1610612750,14,0.368
265,27.0,41,5,"201567,1610612739",102.6,2.89,613,0.287,77,24,2424.38333333,557,614,784,2112,0.229,0.363,0.176,201567,Kevin Love,58,CLE,1610612739,53,0.688
266,33.0,3,5,"2755,1610612759",106.8,0.76,96,0.102,55,31,1094.95,291,329,415,984,0.026,0.132,0.156,2755,Kevin Martin,26,SAS,1610612759,24,0.436
267,26.0,36,5,"202338,1610612752",102.9,0.61,95,0.194,48,33,526.521666667,140,135,187,440,0.643,0.26,0.127,202338,Kevin Seraphin,8,NYK,1610612752,15,0.313
268,20.0,0,5,"1626172,1610612744",151.6,-0.11,6,0.375,5,1,20.5983333333,7,16,12,22,0.0,0.6,0.0,1626172,Kevon Looney,0,GSW,1610612744,4,0.8
269,24.0,19,5,"203114,1610612749",104.7,2.68,258,0.103,79,46,2852.0,860,750,987,2586,0.056,0.141,0.253,203114,Khris Middleton,131,MIL,1610612749,33,0.418
270,35.0,2,5,"2550,1610612737",98.7,1.03,62,0.107,46,20,630.998333333,189,145,202,540,0.03,0.142,0.158,2550,Kirk Hinrich,15,ATL,1610612737,26,0.565
271,26.0,49,5,"202691,1610612744",99.7,4.21,271,0.1,80,9,2666.08166667,751,779,932,2504,0.143,0.132,0.131,202691,Klay Thompson,60,GSW,1610612744,71,0.888
272,37.0,13,5,"977,1610612747",114.1,-0.44,206,0.123,66,53,1863.32333333,621,740,663,1952,0.087,0.168,0.221,977,Kobe Bryant,62,LAL,1610612747,13,0.197
273,27.0,70,5,"201585,1610612758",108.0,0.77,254,0.19,78,46,1482.41666667,380,455,586,1308,0.511,0.251,0.154,201585,Kosta Koufos,40,SAC,1610612758,32,0.41
274,25.0,5,5,"203123,1610612743",98.7,0.48,32,0.125,26,18,294.015,80,73,116,228,0.172,0.162,0.25,203123,Kostas Papanikolaou,13,DEN,1610612743,8,0.308
275,31.0,23,5,"2743,1610612737",105.9,0.66,161,0.216,53,24,834.695,212,256,270,772,0.225,0.28,0.121,2743,Kris Humphries,16,ATL,1610612737,29,0.547
276,20.0,134,5,"204001,1610612752",104.1,2.06,394,0.206,72,44,2046.47,519,483,630,1776,0.519,0.269,0.218,204001,Kristaps Porzingis,53,NYK,1610612752,28,0.389
277,22.0,29,5,"203937,1610612759",97.7,2.24,219,0.201,78,14,1244.96166667,286,308,349,1062,0.197,0.261,0.269,203937,Kyle Anderson,60,SAS,1610612759,64,0.821
278,35.0,35,5,"2594,1610612737",98.1,4.17,246,0.108,80,34,2400.815,651,613,779,2028,0.113,0.145,0.137,2594,Kyle Korver,60,ATL,1610612737,46,0.575
279,30.0,34,5,"200768,1610612761",102.6,3.38,310,0.124,77,23,2851.405,693,619,851,2348,0.103,0.16,0.326,200768,Kyle Lowry,158,TOR,1610612761,54,0.701
280,26.0,49,5,"203124,1610612752",104.3,0.76,174,0.237,65,39,764.256666667,234,218,243,660,0.583,0.323,0.215,203124,Kyle O'Quinn,20,NYK,1610612752,26,0.4
281,28.0,9,5,"202713,1610612760",104.0,1.0,91,0.099,68,25,977.135,272,294,395,934,0.091,0.129,0.205,202713,Kyle Singler,30,OKC,1610612760,43,0.632
282,24.0,18,5,"202681,1610612739",104.7,1.55,113,0.078,53,16,1667.43833333,384,440,496,1556,0.131,0.1,0.242,202681,Kyrie Irving,56,CLE,1610612739,37,0.698
283,30.0,81,5,"200746,1610612759",97.1,4.24,456,0.222,74,13,2260.90166667,485,576,580,1864,0.273,0.279,0.101,200746,LaMarcus Aldridge,38,SAS,1610612759,61,0.824
284,24.0,2,5,"203934,1610612737",103.2,0.44,46,0.141,35,12,395.033333333,82,110,114,358,0.063,0.178,0.12,203934,Lamar Patterson,9,ATL,1610612737,23,0.657
285,25.0,9,5,"202362,1610612763",105.9,1.09,183,0.152,69,33,1372.32333333,368,387,471,1176,0.058,0.206,0.184,202362,Lance Stephenson,43,MEM,1610612763,36,0.522
286,28.0,7,5,"202498,1610612752",103.2,1.5,97,0.079,59,34,1313.40166667,359,361,474,1236,0.049,0.106,0.133,202498,Lance Thomas,22,NYK,1610612752,25,0.424
287,24.0,22,5,"204038,1610612752",103.2,2.29,245,0.131,82,50,2033.29833333,535,495,618,1764,0.102,0.172,0.287,204038,Langston Galloway,77,NYK,1610612752,32,0.39
288,23.0,23,5,"1626204,1610612747",105.9,0.98,211,0.184,63,49,1265.73166667,340,368,430,1174,0.202,0.247,0.263,1626204,Larry Nance Jr.,54,LAL,1610612747,14,0.222
289,27.0,42,5,"202730,1610612754",98.2,2.73,262,0.18,79,36,1598.82333333,416,407,526,1272,0.292,0.236,0.095,202730,Lavoy Allen,26,IND,1610612754,43,0.544
290,31.0,49,5,"2544,1610612739",101.4,3.66,454,0.187,76,20,2708.39666667,631,642,856,2276,0.224,0.238,0.267,2544,LeBron James,104,CLE,1610612739,56,0.737
291,33.0,10,5,"2571,1610612744",103.9,1.12,89,0.09,68,8,1079.155,316,325,348,986,0.071,0.117,0.221,2571,Leandro Barbosa,44,GSW,1610612744,60,0.882
292,25.0,1,5,"203485,1610612765",118.7,-0.05,7,0.149,8,7,60.7333333333,8,23,35,54,0.333,0.194,0.429,203485,Lorenzo Brown,3,DET,1610612765,1,0.125
293,33.0,7,5,"200811,1610612752",100.2,0.31,26,0.137,29,18,204.435,53,48,53,148,0.226,0.181,0.167,200811,Lou Amundson,6,NYK,1610612752,11,0.379
294,29.0,19,5,"101150,1610612747",110.4,0.43,138,0.08,67,53,1906.745,602,651,657,1930,0.106,0.107,0.219,101150,Lou Williams,62,LAL,1610612747,14,0.209
295,29.0,19,5,"201601,1610612746",97.5,2.36,111,0.09,75,26,1273.835,310,300,346,1032,0.167,0.118,0.205,201601,Luc Mbah a Moute,44,LAC,1610612746,49,0.653
296,23.0,12,5,"203512,1610612761",103.5,0.25,28,0.136,29,12,224.696666667,68,40,39,200,0.48,0.176,0.267,203512,Lucas Nogueira,12,TOR,1610612761,17,0.586
297,23.0,0,5,"1626242,1610612757",122.2,-0.05,4,0.118,12,6,42.0366666667,13,8,20,18,0.0,0.174,0.0,1626242,Luis Montero,0,POR,1610612757,6,0.5
298,36.0,27,5,"2449,1610612761",106.7,1.11,276,0.199,76,26,1636.23,378,424,559,1442,0.168,0.252,0.171,2449,Luis Scola,46,TOR,1610612761,50,0.658
299,27.0,7,5,"202337,1610612740",108.8,0.36,123,0.166,47,31,845.1,188,242,277,762,0.117,0.211,0.083,202337,Luke Babbitt,11,NOP,1610612740,16,0.34
300,31.0,29,5,"2736,1610612748",102.8,2.83,335,0.155,74,29,2393.94333333,609,608,748,2186,0.086,0.199,0.216,2736,Luol Deng,74,MIA,1610612748,45,0.608
301,38.0,11,5,"1938,1610612759",93.9,2.67,120,0.115,58,11,1134.12666667,262,273,352,968,0.097,0.147,0.333,1938,Manu Ginobili,66,SAS,1610612759,47,0.81
302,31.0,70,5,"201188,1610612763",102.9,2.04,304,0.202,52,22,1791.045,427,560,551,1384,0.44,0.266,0.154,201188,Marc Gasol,50,MEM,1610612763,30,0.577
303,33.0,7,5,"1626273,1610612747",101.5,1.14,72,0.093,53,45,868.816666667,221,272,271,764,0.109,0.119,0.182,1626273,Marcelo Huertas,26,LAL,1610612747,8,0.151
304,32.0,96,5,"101162,1610612764",103.0,2.58,519,0.252,75,40,2255.91666667,579,594,755,1888,0.462,0.324,0.124,101162,Marcin Gortat,47,WAS,1610612764,35,0.467
305,30.0,2,5,"201158,1610612758",106.7,1.14,107,0.071,68,41,1671.58166667,458,501,631,1590,0.016,0.096,0.124,201158,Marco Belinelli,37,SAC,1610612758,27,0.397
306,26.0,23,5,"202694,1610612765",103.1,3.24,313,0.126,80,38,2856.485,615,633,845,2644,0.119,0.159,0.152,202694,Marcus Morris,67,DET,1610612765,42,0.525
307,22.0,18,5,"203935,1610612738",100.2,2.52,179,0.117,61,25,1666.775,499,369,514,1458,0.129,0.155,0.275,203935,Marcus Smart,91,BOS,1610612738,36,0.59
308,29.0,4,5,"201977,1610612764",104.8,1.02,112,0.112,61,29,1108.12833333,346,378,410,1088,0.038,0.152,0.194,201977,Marcus Thornton,47,WAS,1610612764,32,0.525
309,30.0,13,5,"201596,1610612763",100.8,1.98,133,0.111,61,23,1372.76666667,377,379,442,1044,0.106,0.149,0.332,201596,Mario Chalmers,88,MEM,1610612763,38,0.623
310,21.0,17,5,"1626209,1610612753",103.6,1.51,148,0.121,79,46,1412.83666667,307,338,435,1288,0.113,0.156,0.17,1626209,Mario Hezonja,39,ORL,1610612753,33,0.418
311,24.0,15,5,"203900,1610612751",113.7,-0.18,99,0.12,62,50,982.346666667,284,268,388,980,0.163,0.167,0.245,203900,Markel Brown,38,BKN,1610612751,12,0.194
312,26.0,34,5,"202693,1610612764",104.8,1.49,279,0.195,64,42,1628.875,377,501,617,1364,0.268,0.247,0.216,202693,Markieff Morris,58,WAS,1610612764,22,0.344
313,28.0,34,5,"201578,1610612744",105.1,0.72,162,0.205,72,8,832.45,269,255,279,824,0.333,0.279,0.143,201578,Marreese Speights,19,GSW,1610612744,64,0.889
314,30.0,77,5,"101107,1610612766",102.6,2.76,394,0.187,81,34,2338.08166667,549,563,653,1938,0.281,0.236,0.165,101107,Marvin Williams,58,CHA,1610612766,47,0.58
315,26.0,85,5,"203486,1610612757",107.0,1.34,427,0.223,82,38,2083.36333333,519,466,752,1910,0.419,0.293,0.234,203486,Mason Plumlee,68,POR,1610612757,44,0.537
316,36.0,57,5,"2440,1610612763",107.4,1.33,336,0.179,76,38,2190.15333333,532,688,656,1740,0.273,0.238,0.206,2440,Matt Barnes,78,MEM,1610612763,38,0.5
317,36.0,1,5,"2588,1610612759",98.8,0.33,24,0.133,30,5,205.895,52,66,67,166,0.053,0.169,0.194,2588,Matt Bonner,6,SAS,1610612759,25,0.833
318,25.0,9,5,"203521,1610612739",99.7,2.9,129,0.076,76,22,1867.235,417,384,581,1444,0.063,0.097,0.164,203521,Matthew Dellavedova,44,CLE,1610612739,54,0.711
319,23.0,35,5,"203090,1610612757",104.7,1.38,179,0.133,78,38,1457.01166667,412,328,499,1214,0.241,0.177,0.211,203090,Maurice Harkless,49,POR,1610612757,40,0.513
320,36.0,11,5,"1897,1610612747",102.5,0.69,70,0.125,35,29,589.876666667,140,176,193,502,0.212,0.166,0.268,1897,Metta World Peace,22,LAL,1610612747,6,0.171
321,24.0,18,5,"203086,1610612757",106.4,0.95,263,0.213,61,28,1332.59333333,325,303,450,1016,0.191,0.273,0.054,203086,Meyers Leonard,8,POR,1610612757,33,0.541
322,27.0,9,5,"201563,1610612745",109.6,0.12,69,0.198,20,10,362.586666667,125,106,155,322,0.18,0.284,0.183,201563,Michael Beasley,11,HOU,1610612745,10,0.5
323,24.0,41,5,"203487,1610612749",105.3,1.43,228,0.154,54,33,1649.30333333,473,446,624,1408,0.199,0.21,0.28,203487,Michael Carter-Williams,80,MIL,1610612749,21,0.389
324,22.0,3,5,"203077,1610612766",95.0,0.44,33,0.16,7,2,204.741666667,31,63,54,168,0.125,0.183,0.143,203077,Michael Kidd-Gilchrist,3,CHA,1610612766,5,0.714
325,28.0,16,5,"201144,1610612763",103.4,1.9,138,0.093,56,23,1760.47833333,421,511,479,1386,0.098,0.123,0.215,201144,Mike Conley,67,MEM,1610612763,33,0.589
326,35.0,10,5,"2399,1610612741",111.2,0.09,75,0.116,31,18,702.636666667,208,185,224,666,0.118,0.157,0.157,2399,Mike Dunleavy,14,CHI,1610612741,13,0.419
327,36.0,4,5,"2034,1610612743",110.4,0.08,47,0.14,47,26,372.96,108,88,123,332,0.103,0.19,0.232,2034,Mike Miller,13,DEN,1610612743,21,0.447
328,24.0,27,5,"203488,1610612737",102.0,0.7,79,0.157,60,26,564.891666667,138,134,198,512,0.403,0.21,0.114,203488,Mike Muscala,13,ATL,1610612737,34,0.567
329,27.0,17,5,"203118,1610612737",95.3,2.41,153,0.144,75,29,1145.90833333,262,246,382,912,0.148,0.19,0.116,203118,Mike Scott,25,ATL,1610612737,46,0.613
330,27.0,50,5,"203101,1610612749",103.1,0.99,138,0.174,61,38,869.896666667,236,222,317,802,0.446,0.239,0.144,203101,Miles Plumlee,21,MIL,1610612749,23,0.377
331,30.0,21,5,"203141,1610612756",108.9,0.7,247,0.164,79,56,1685.52666667,458,648,692,1664,0.149,0.215,0.123,203141,Mirza Teletovic,32,PHX,1610612756,23,0.291
332,24.0,2,5,"203956,1610612760",122.8,-0.1,14,0.222,20,3,72.45,28,39,37,70,0.4,0.304,0.077,203956,Mitch McGary,1,OKC,1610612760,17,0.85
333,33.0,5,5,"2590,1610612739",103.0,0.85,66,0.099,41,14,747.946666667,166,186,282,620,0.083,0.126,0.147,2590,Mo Williams,14,CLE,1610612739,27,0.659
334,30.0,37,5,"101145,1610612754",100.1,4.19,229,0.091,81,37,2734.00666667,746,731,949,2346,0.137,0.12,0.27,101145,Monta Ellis,150,IND,1610612754,44,0.543
335,22.0,11,5,"1626149,1610612745",102.7,0.45,40,0.108,39,22,378.611666667,98,130,154,340,0.262,0.146,0.153,1626149,Montrezl Harrell,11,HOU,1610612745,17,0.436
336,20.0,86,5,"1626167,1610612754",100.6,2.02,264,0.207,60,28,1367.185,384,331,438,1220,0.528,0.275,0.096,1626167,Myles Turner,25,IND,1610612754,32,0.533
337,32.0,0,5,"101126,1610612740",115.4,-0.01,0,0.0,2,2,23.2966666667,7,5,11,26,0.0,0.0,0.5,101126,Nate Robinson,1,NOP,1610612740,0,0.0
338,38.0,0,5,"1737,1610612760",84.9,0.07,3,0.158,5,0,19.4583333333,2,10,12,12,0.0,0.158,0.0,1737,Nazr Mohammed,0,OKC,1610612760,5,1.0
339,28.0,21,5,"202357,1610612750",107.3,0.67,161,0.178,60,40,1074.80333333,256,276,443,968,0.239,0.233,0.157,202357,Nemanja Bjelica,26,MIN,1610612750,20,0.333
340,33.0,26,5,"2403,1610612764",101.4,1.48,207,0.227,57,29,1093.91,235,272,351,936,0.321,0.287,0.23,2403,Nene,54,WAS,1610612764,28,0.491
341,22.0,100,5,"203457,1610612755",105.6,1.61,388,0.22,67,57,1965.26166667,599,711,874,1834,0.403,0.302,0.326,203457,Nerlens Noel,118,PHI,1610612755,10,0.149
342,35.0,16,5,"2555,1610612760",100.4,1.01,103,0.161,59,20,699.261666667,175,201,265,626,0.281,0.201,0.172,2555,Nick Collison,15,OKC,1610612760,39,0.661
343,31.0,7,5,"201156,1610612747",108.5,0.47,83,0.092,54,41,1033.39333333,309,318,350,1024,0.079,0.124,0.146,201156,Nick Young,23,LAL,1610612747,13,0.241
344,27.0,43,5,"201587,1610612766",102.1,3.09,373,0.166,70,29,2447.71,600,640,736,2114,0.156,0.209,0.178,201587,Nicolas Batum,65,CHA,1610612766,41,0.586
345,22.0,20,5,"203917,1610612755",107.4,1.08,160,0.101,73,65,1808.80333333,530,639,741,1726,0.087,0.135,0.147,203917,Nik Stauskas,44,PHI,1610612755,8,0.11
346,21.0,50,5,"203999,1610612743",102.9,1.96,379,0.248,80,49,1732.56833333,357,429,558,1398,0.318,0.311,0.27,203999,Nikola Jokic,79,DEN,1610612743,31,0.388
347,25.0,46,5,"202703,1610612741",104.4,1.59,304,0.197,66,29,1646.11,455,451,549,1630,0.234,0.264,0.256,202703,Nikola Mirotic,58,CHI,1610612741,37,0.561
348,30.0,0,5,"201593,1610612750",115.0,-0.05,14,0.118,12,10,156.315,54,50,64,148,0.0,0.154,0.048,201593,Nikola Pekovic,1,MIN,1610612750,2,0.167
349,25.0,70,5,"202696,1610612753",105.5,1.67,402,0.223,65,37,2036.73,446,567,660,1756,0.372,0.286,0.155,202696,Nikola Vucevic,53,ORL,1610612753,28,0.431
350,20.0,26,5,"203943,1610612757",105.4,0.97,214,0.202,78,37,1173.50166667,261,266,402,1016,0.228,0.266,0.153,203943,Noah Vonleh,27,POR,1610612757,41,0.526
351,23.0,10,5,"1626181,1610612761",104.1,0.73,95,0.142,49,17,725.226666667,166,193,212,612,0.114,0.182,0.244,1626181,Norman Powell,29,TOR,1610612761,32,0.653
352,27.0,5,5,"202708,1610612740",107.8,0.65,141,0.137,45,25,1198.31333333,294,275,335,1164,0.041,0.178,0.2,202708,Norris Cole,37,NOP,1610612740,20,0.444
353,28.0,8,5,"201564,1610612749",102.3,1.36,92,0.094,41,24,1089.67666667,328,306,385,962,0.056,0.126,0.267,201564,O.J. Mayo,48,MIL,1610612749,17,0.415
354,29.0,23,5,"201600,1610612740",107.9,0.62,294,0.28,68,39,1178.10666667,230,297,350,1020,0.271,0.343,0.119,201600,Omer Asik,21,NOP,1610612740,29,0.426
355,28.0,17,5,"201956,1610612758",105.0,1.69,352,0.196,69,42,1880.405,548,558,726,1694,0.109,0.261,0.165,201956,Omri Casspi,56,SAC,1610612758,27,0.391
356,27.0,3,5,"203111,1610612740",109.5,0.04,11,0.141,7,6,101.71,13,42,35,106,0.231,0.169,0.188,203111,Orlando Johnson,3,NOP,1610612740,1,0.143
357,23.0,32,5,"203490,1610612764",103.2,2.54,294,0.148,75,39,2275.90666667,552,616,820,1942,0.173,0.189,0.251,203490,Otto Porter,105,WAS,1610612764,36,0.48
358,23.0,11,5,"203798,1610612763",107.5,0.8,149,0.136,66,35,1313.09333333,325,339,387,1100,0.081,0.173,0.144,203798,PJ Hairston,32,MEM,1610612763,31,0.47
359,31.0,20,5,"200782,1610612756",106.5,1.8,347,0.152,82,59,2539.565,659,901,1132,2196,0.108,0.196,0.262,200782,PJ Tucker,106,PHX,1610612756,23,0.28
360,39.0,1,5,"203143,1610612746",101.0,1.12,76,0.103,59,22,822.603333333,296,240,255,758,0.01,0.145,0.308,203143,Pablo Prigioni,53,LAC,1610612746,37,0.627
361,23.0,0,5,"1626192,1610612757",97.1,0.26,21,0.144,34,17,143.466666667,33,24,39,72,0.0,0.196,0.118,1626192,Pat Connaughton,2,POR,1610612757,17,0.5
362,27.0,26,5,"201976,1610612745",104.6,1.93,177,0.097,71,36,2040.7,611,585,798,1814,0.118,0.132,0.215,201976,Patrick Beverley,94,HOU,1610612745,35,0.493
363,27.0,32,5,"202335,1610612761",100.6,2.89,265,0.146,79,25,2019.59166667,523,418,535,1600,0.136,0.191,0.17,202335,Patrick Patterson,53,TOR,1610612761,54,0.684
364,27.0,6,5,"201988,1610612759",96.8,3.26,131,0.087,81,15,1662.04333333,388,379,490,1454,0.033,0.112,0.206,201988,Patty Mills,59,SAS,1610612759,66,0.815
365,35.0,146,5,"2200,1610612741",103.5,2.48,638,0.277,72,36,2291.475,733,657,759,2132,0.488,0.376,0.153,2200,Pau Gasol,42,CHI,1610612741,36,0.5
366,26.0,29,5,"202331,1610612754",100.0,4.33,484,0.187,81,37,2818.93333333,756,704,957,2402,0.109,0.248,0.271,202331,Paul George,152,IND,1610612754,44,0.543
367,31.0,139,5,"200794,1610612737",100.1,4.0,534,0.213,81,33,2647.225,772,702,876,2326,0.389,0.289,0.29,200794,Paul Millsap,147,ATL,1610612737,48,0.593
368,38.0,17,5,"1718,1610612746",103.3,1.34,174,0.151,68,24,1230.51333333,340,349,344,1048,0.134,0.206,0.163,1718,Paul Pierce,33,LAC,1610612746,44,0.647
369,25.0,4,5,"203515,1610612756",103.2,0.33,28,0.109,23,20,283.443333333,80,105,110,290,0.133,0.145,0.281,203515,Phil Pressey,18,PHX,1610612756,3,0.13
370,25.0,24,5,"203112,1610612758",106.3,0.64,123,0.154,59,38,875.91,256,286,359,768,0.289,0.21,0.163,203112,Quincy Acy,29,SAC,1610612758,21,0.356
371,22.0,4,5,"1626154,1610612738",95.6,0.65,35,0.131,36,15,314.568333333,61,102,111,292,0.125,0.164,0.237,1626154,RJ Hunter,14,BOS,1610612738,21,0.583
372,30.0,10,5,"200765,1610612758",106.8,1.72,358,0.15,72,43,2536.68833333,716,814,1041,2312,0.042,0.201,0.298,200765,Rajon Rondo,141,SAC,1610612758,29,0.403
373,24.0,0,5,"1626176,1610612754",202.0,-0.06,0,0.0,1,0,6.1,3,2,10,8,0.0,0.0,0.0,1626176,Rakeem Christmas,0,IND,1610612754,1,1.0
374,30.0,5,5,"201196,1610612764",103.9,1.73,178,0.123,82,41,1667.05166667,383,430,502,1490,0.039,0.16,0.152,201196,Ramon Sessions,46,WAS,1610612764,41,0.5
375,32.0,29,5,"200751,1610612760",102.5,1.96,132,0.086,81,44,1641.52166667,425,471,617,1462,0.171,0.114,0.155,200751,Randy Foye,39,OKC,1610612760,37,0.457
376,19.0,16,5,"1626173,1610612749",106.3,0.74,77,0.086,70,40,1000.69333333,262,306,393,928,0.124,0.115,0.176,1626173,Rashad Vaughn,29,MIL,1610612749,30,0.429
377,37.0,23,5,"2446,1610612759",97.6,0.79,53,0.13,46,5,431.528333333,95,114,124,390,0.377,0.163,0.191,2446,Rasual Butler,13,SAS,1610612759,41,0.891
378,24.0,2,5,"203526,1610612762",99.7,2.31,103,0.08,81,41,1498.65166667,346,353,492,1224,0.012,0.102,0.267,203526,Raul Neto,62,UTA,1610612762,40,0.494
379,25.0,7,5,"203492,1610612763",101.8,0.61,39,0.096,41,11,474.381666667,111,122,142,386,0.143,0.122,0.141,203492,Ray McCallum,12,MEM,1610612763,30,0.732
380,32.0,15,5,"101109,1610612742",105.0,1.99,222,0.111,80,40,2192.195,631,758,689,1854,0.089,0.146,0.221,101109,Raymond Felton,68,DAL,1610612742,40,0.5
381,25.0,2,5,"203493,1610612765",109.9,0.12,54,0.151,37,15,428.845,94,90,138,378,0.061,0.186,0.196,203493,Reggie Bullock,10,DET,1610612765,22,0.595
382,26.0,11,5,"202704,1610612765",104.1,2.45,195,0.092,79,36,2424.245,542,527,718,2308,0.063,0.117,0.165,202704,Reggie Jackson,59,DET,1610612765,43,0.544
383,36.0,14,5,"2210,1610612739",102.7,1.57,113,0.096,74,23,1325.65333333,305,266,445,1092,0.144,0.122,0.191,2210,Richard Jefferson,33,CLE,1610612739,51,0.689
384,22.0,40,5,"1626158,1610612755",105.1,0.64,73,0.121,51,44,702.001666667,210,239,298,624,0.44,0.159,0.162,1626158,Richaun Holmes,19,PHI,1610612755,7,0.137
385,25.0,10,5,"201937,1610612750",105.7,1.89,286,0.139,76,48,2322.58666667,658,604,777,2166,0.04,0.188,0.391,201937,Ricky Rubio,162,MIN,1610612750,28,0.368
386,25.0,40,5,"203496,1610612755",105.1,1.7,354,0.211,67,57,1903.01166667,546,581,727,1696,0.177,0.279,0.284,203496,Robert Covington,105,PHI,1610612755,10,0.149
387,27.0,10,5,"203135,1610612747",104.5,0.31,40,0.138,25,23,320.09,85,121,113,306,0.455,0.178,0.08,203135,Robert Sacre,4,LAL,1610612747,2,0.08
388,28.0,129,5,"201577,1610612752",105.1,1.94,334,0.161,82,50,2218.91833333,556,614,742,2024,0.459,0.21,0.068,201577,Robin Lopez,16,NYK,1610612752,32,0.39
389,23.0,16,5,"203918,1610612762",102.9,2.89,229,0.107,79,40,2540.81666667,587,606,828,2074,0.06,0.138,0.192,203918,Rodney Hood,73,UTA,1610612762,39,0.494
390,30.0,8,5,"201155,1610612754",100.2,1.88,137,0.116,58,25,1275.46333333,361,306,447,1112,0.065,0.152,0.199,201155,Rodney Stuckey,43,IND,1610612754,33,0.569
391,21.0,16,5,"1626178,1610612751",101.4,0.85,115,0.199,29,22,615.456666667,159,189,221,546,0.239,0.256,0.317,1626178,Rondae Hollis-Jefferson,39,BKN,1610612751,7,0.241
392,33.0,13,5,"101179,1610612756",100.9,1.69,74,0.068,62,42,1211.18333333,269,395,468,1024,0.146,0.086,0.349,101179,Ronnie Price,74,PHX,1610612756,20,0.323
393,29.0,110,5,"201579,1610612747",112.6,-0.08,266,0.154,81,64,1877.78666667,608,764,674,1892,0.625,0.211,0.122,201579,Roy Hibbert,32,LAL,1610612747,17,0.21
394,29.0,51,5,"200752,1610612758",106.4,1.73,353,0.16,70,41,2378.71,643,759,914,2190,0.226,0.211,0.231,200752,Rudy Gay,100,SAC,1610612758,29,0.414
395,24.0,135,5,"203497,1610612762",100.0,2.93,460,0.273,61,28,1932.13,477,442,640,1494,0.616,0.351,0.148,203497,Rudy Gobert,45,UTA,1610612762,33,0.541
396,25.0,1,5,"203893,1610612763",114.9,-0.02,8,0.143,15,9,66.185,12,26,42,52,0.2,0.19,0.357,203893,Russ Smith,5,MEM,1610612763,6,0.4
397,27.0,20,5,"201566,1610612760",102.2,3.46,481,0.178,80,25,2749.46833333,805,719,969,2590,0.052,0.234,0.376,201566,Russell Westbrook,163,OKC,1610612760,55,0.688
398,28.0,25,5,"201583,1610612740",106.9,1.33,265,0.153,66,42,2008.32,500,477,615,1878,0.129,0.196,0.117,201583,Ryan Anderson,38,NOP,1610612740,24,0.364
399,31.0,21,5,"200797,1610612763",113.0,-0.04,51,0.143,37,19,459.673333333,102,123,166,362,0.553,0.191,0.077,200797,Ryan Hollins,6,MEM,1610612763,18,0.486
400,25.0,10,5,"203527,1610612747",99.0,0.79,100,0.229,36,33,469.873333333,144,116,130,458,0.213,0.305,0.167,203527,Ryan Kelly,13,LAL,1610612747,3,0.083
401,30.0,36,5,"1626257,1610612742",102.5,0.48,82,0.211,34,18,397.23,100,134,112,270,0.706,0.28,0.143,1626257,Salah Mejri,8,DAL,1610612742,16,0.471
402,22.0,0,5,"1626155,1610612745",124.0,-0.01,1,0.2,3,2,6.14833333333,0,0,0,8,0.0,0.25,1.0,1626155,Sam Dekker,1,HOU,1610612745,1,0.333
403,31.0,5,5,"201619,1610612739",94.7,0.21,14,0.154,25,7,95.395,31,20,32,66,0.385,0.2,0.2,201619,Sasha Kaun,4,CLE,1610612739,18,0.72
404,32.0,5,5,"2756,1610612752",104.1,0.92,123,0.151,61,39,908.408333333,224,258,275,774,0.048,0.199,0.266,2756,Sasha Vujacic,34,NYK,1610612752,22,0.361
405,26.0,2,5,"203930,1610612751",116.5,-0.34,44,0.083,31,24,616.175,189,194,231,646,0.031,0.113,0.124,203930,Sean Kilpatrick,12,BKN,1610612751,7,0.226
406,26.0,148,5,"201586,1610612760",102.5,3.05,392,0.16,78,24,2500.29333333,748,646,843,2314,0.416,0.211,0.099,201586,Serge Ibaka,38,OKC,1610612760,54,0.692
407,22.0,2,5,"203508,1610612751",105.9,0.32,50,0.15,40,31,399.423333333,101,122,152,428,0.065,0.202,0.087,203508,Sergey Karasev,6,BKN,1610612751,9,0.225
408,25.0,3,5,"203552,1610612758",107.7,0.38,51,0.081,44,27,691.743333333,209,235,246,592,0.05,0.111,0.175,203552,Seth Curry,22,SAC,1610612758,17,0.386
409,23.0,7,5,"203498,1610612750",108.8,0.73,167,0.117,82,53,1681.915,463,483,683,1656,0.051,0.156,0.094,203498,Shabazz Muhammad,24,MIN,1610612750,29,0.354
410,24.0,1,5,"203894,1610612753",104.8,0.54,46,0.087,55,32,599.865,138,166,197,512,0.013,0.113,0.295,203894,Shabazz Napier,23,ORL,1610612753,23,0.418
411,23.0,12,5,"203499,1610612751",109.5,0.6,152,0.104,78,58,1750.56833333,413,507,707,1790,0.075,0.138,0.314,203499,Shane Larkin,95,BKN,1610612751,20,0.256
412,30.0,27,5,"2733,1610612744",101.2,2.04,127,0.089,78,9,1519.53333333,455,393,480,1434,0.154,0.119,0.217,2733,Shaun Livingston,57,GSW,1610612744,69,0.885
413,25.0,1,5,"203963,1610612754",95.2,0.08,7,0.194,7,3,40.7166666667,7,9,17,26,0.333,0.233,0.143,203963,Shayne Whittington,1,IND,1610612754,4,0.571
414,26.0,3,5,"202714,1610612762",100.8,1.51,115,0.125,52,25,1057.88666667,231,242,407,876,0.029,0.157,0.19,202714,Shelvin Mack,34,UTA,1610612762,27,0.519
415,25.0,11,5,"203524,1610612754",100.3,1.3,127,0.156,59,28,866.15,254,215,272,756,0.125,0.206,0.222,203524,Solomon Hill,37,IND,1610612754,31,0.525
416,29.0,1,5,"201603,1610612755",107.2,0.32,46,0.109,43,37,498.308333333,121,174,196,442,0.029,0.141,0.096,201603,Sonny Weems,10,PHI,1610612755,6,0.14
417,23.0,0,5,"203915,1610612765",99.8,0.24,13,0.094,12,7,159.23,28,34,45,126,0.0,0.115,0.115,203915,Spencer Dinwiddie,3,DET,1610612765,5,0.417
418,28.0,27,5,"201150,1610612766",98.9,1.72,193,0.201,57,27,1034.90333333,236,289,333,790,0.252,0.252,0.15,201150,Spencer Hawes,22,CHA,1610612766,30,0.526
419,20.0,12,5,"1626169,1610612765",104.1,1.73,248,0.164,73,36,1687.07166667,363,377,541,1480,0.079,0.205,0.251,1626169,Stanley Johnson,55,DET,1610612765,37,0.507
420,28.0,15,5,"201939,1610612744",98.3,4.78,362,0.131,79,8,2700.025,736,809,915,2460,0.043,0.171,0.348,201939,Stephen Curry,169,GSW,1610612744,71,0.899
421,36.0,5,5,"2581,1610612765",103.7,1.03,80,0.092,58,24,986.4,222,210,300,858,0.068,0.116,0.175,2581,Steve Blake,24,DET,1610612765,34,0.586
422,33.0,0,5,"200779,1610612749",102.1,0.06,5,0.102,10,2,44.2883333333,15,18,20,36,0.0,0.139,0.0,200779,Steve Novak,0,MIL,1610612749,8,0.8
423,22.0,89,5,"203500,1610612760",99.0,3.3,314,0.158,80,26,2014.37666667,553,542,667,1788,0.306,0.207,0.127,203500,Steven Adams,42,OKC,1610612760,54,0.675
424,24.0,10,5,"204456,1610612755",106.8,1.08,207,0.154,81,71,1605.98666667,451,591,663,1522,0.051,0.206,0.328,204456,TJ McConnell,95,PHI,1610612755,10,0.123
425,22.0,16,5,"203933,1610612756",107.7,0.6,90,0.1,47,33,1070.19,270,393,466,1022,0.167,0.129,0.19,203933,TJ Warren,37,PHX,1610612756,14,0.298
426,31.0,77,5,"201959,1610612741",104.4,1.88,298,0.155,73,36,1935.54166667,597,579,641,1734,0.32,0.211,0.208,201959,Taj Gibson,47,CHI,1610612741,37,0.507
427,24.0,18,5,"204028,1610612747",101.4,0.65,113,0.257,39,33,495.656666667,119,129,158,418,0.621,0.325,0.167,204028,Tarik Black,14,LAL,1610612747,6,0.154
428,36.0,13,5,"2419,1610612750",103.5,1.56,115,0.089,77,50,1461.59166667,408,349,470,1380,0.1,0.119,0.149,2419,Tayshaun Prince,36,MIN,1610612750,27,0.351
429,24.0,39,5,"203093,1610612745",112.1,0.01,149,0.166,50,26,1044.25166667,330,310,388,1026,0.312,0.23,0.114,203093,Terrence Jones,23,HOU,1610612745,24,0.48
430,25.0,25,5,"203082,1610612761",100.6,2.5,164,0.104,73,20,1747.37666667,411,340,507,1414,0.113,0.136,0.205,203082,Terrence Ross,54,TOR,1610612761,53,0.726
431,22.0,1,5,"1626179,1610612738",100.6,0.45,39,0.134,39,15,311.325,69,117,88,304,0.037,0.181,0.103,1626179,Terry Rozier,6,BOS,1610612738,24,0.615
432,32.0,37,5,"200757,1610612737",97.9,3.18,282,0.171,75,33,1757.54833333,459,405,596,1508,0.177,0.228,0.239,200757,Thabo Sefolosha,85,ATL,1610612737,42,0.56
433,28.0,37,5,"201152,1610612751",107.4,1.43,484,0.227,73,52,2407.5,568,738,897,2404,0.218,0.294,0.302,201152,Thaddeus Young,112,BKN,1610612751,21,0.288
434,23.0,0,5,"203648,1610612752",134.8,-0.02,1,0.125,2,1,6.25,2,0,2,2,0.0,0.167,0.0,203648,Thanasis Antetokounmpo,0,NYK,1610612752,1,0.5
435,25.0,36,5,"203080,1610612751",110.7,0.17,223,0.293,71,55,916.443333333,277,267,376,910,0.396,0.4,0.238,203080,Thomas Robinson,39,BKN,1610612751,16,0.225
436,31.0,12,5,"201168,1610612737",94.2,1.3,75,0.145,36,15,579.473333333,142,157,207,436,0.19,0.189,0.154,201168,Tiago Splitter,20,ATL,1610612737,21,0.583
437,26.0,2,5,"202353,1610612762",107.7,0.05,9,0.134,12,5,81.54,24,19,38,64,0.5,0.176,0.083,202353,Tibor Pleiss,1,UTA,1610612762,7,0.583
438,40.0,78,5,"1495,1610612759",93.8,3.48,332,0.234,61,11,1536.35666667,322,384,404,1160,0.361,0.289,0.175,1495,Tim Duncan,47,SAS,1610612759,50,0.82
439,25.0,2,5,"204025,1610612740",104.7,0.69,84,0.126,51,26,741.255,190,153,247,588,0.042,0.161,0.3,204025,Tim Frazier,33,NOP,1610612740,25,0.49
440,24.0,7,5,"203501,1610612737",98.0,1.52,79,0.097,51,22,864.016666667,205,161,286,682,0.07,0.126,0.147,203501,Tim Hardaway Jr.,21,ATL,1610612737,29,0.569
441,29.0,57,5,"202389,1610612739",103.7,1.41,227,0.187,76,24,1325.575,307,339,452,1084,0.496,0.24,0.135,202389,Timofey Mozgov,22,CLE,1610612739,52,0.684
442,23.0,40,5,"202699,1610612765",103.7,2.65,414,0.184,76,39,2513.42,568,622,797,2148,0.187,0.234,0.168,202699,Tobias Harris,65,DET,1610612765,37,0.487
443,30.0,5,5,"201962,1610612740",109.7,0.4,118,0.111,61,39,1262.19833333,283,334,391,1148,0.058,0.138,0.33,201962,Toney Douglas,70,NOP,1610612740,22,0.361
444,34.0,18,5,"2754,1610612763",104.1,1.63,192,0.143,64,30,1619.82166667,395,479,519,1364,0.136,0.192,0.336,2754,Tony Allen,110,MEM,1610612763,34,0.531
445,34.0,11,5,"2225,1610612759",96.8,3.76,159,0.089,72,13,1980.45833333,413,533,508,1624,0.041,0.111,0.156,2225,Tony Parker,54,SAS,1610612759,59,0.819
446,24.0,17,5,"203503,1610612741",97.0,2.49,180,0.132,64,31,1301.01333333,378,315,393,1150,0.107,0.174,0.104,203503,Tony Snell,16,CHI,1610612741,33,0.516
447,23.0,0,5,"203100,1610612752",108.9,0.06,19,0.141,8,8,144.3,46,61,84,142,0.0,0.184,0.136,203100,Tony Wroten,3,NYK,1610612752,0,0.0
448,30.0,26,5,"2772,1610612745",107.0,1.85,299,0.119,81,41,2859.03833333,844,857,1179,2646,0.09,0.164,0.264,2772,Trevor Ariza,160,HOU,1610612745,40,0.494
449,28.0,41,5,"202344,1610612762",100.2,2.44,286,0.202,79,40,1632.1,372,401,577,1352,0.227,0.26,0.209,202344,Trevor Booker,59,UTA,1610612762,39,0.494
450,23.0,6,5,"203504,1610612762",102.9,1.57,94,0.08,64,33,1365.84333333,351,328,444,1114,0.044,0.107,0.165,203504,Trey Burke,35,UTA,1610612762,31,0.484
451,20.0,18,5,"1626168,1610612762",103.0,1.58,240,0.203,80,42,1382.34333333,344,341,435,1188,0.14,0.26,0.135,1626168,Trey Lyles,26,UTA,1610612762,38,0.475
452,25.0,51,5,"202684,1610612739",101.7,2.96,470,0.233,82,25,2269.33,498,469,701,1934,0.29,0.293,0.121,202684,Tristan Thompson,38,CLE,1610612739,57,0.695
453,24.0,3,5,"203584,1610612766",104.2,0.49,50,0.119,43,18,476.266666667,123,143,159,420,0.086,0.146,0.151,203584,Troy Daniels,11,CHA,1610612766,25,0.581
454,28.0,7,5,"201951,1610612754",105.7,1.17,94,0.072,66,35,1411.20833333,443,416,555,1414,0.045,0.098,0.204,201951,Ty Lawson,53,IND,1610612754,31,0.47
455,21.0,1,5,"203898,1610612749",104.2,0.64,62,0.108,46,29,654.478333333,180,157,232,618,0.014,0.147,0.231,203898,Tyler Ennis,25,MIL,1610612749,17,0.37
456,30.0,7,5,"201946,1610612766",107.3,0.21,49,0.174,44,16,342.741666667,67,90,116,302,0.28,0.22,0.25,201946,Tyler Hansbrough,12,CHA,1610612766,28,0.636
457,24.0,14,5,"204020,1610612748",98.4,1.47,81,0.104,36,17,862.573333333,227,166,285,732,0.14,0.134,0.226,204020,Tyler Johnson,24,MIA,1610612748,19,0.528
458,26.0,22,5,"203092,1610612738",101.9,0.93,116,0.168,60,22,709.938333333,216,187,246,640,0.31,0.221,0.089,203092,Tyler Zeller,10,BOS,1610612738,38,0.633
459,26.0,8,5,"201936,1610612740",105.4,0.63,109,0.159,25,14,765.335,189,153,230,626,0.098,0.203,0.271,201936,Tyreke Evans,32,NOP,1610612740,11,0.44
460,33.0,44,5,"2199,1610612756",108.1,0.81,401,0.272,66,48,1617.94333333,388,632,725,1352,0.404,0.349,0.145,2199,Tyson Chandler,36,PHX,1610612756,18,0.273
461,20.0,3,5,"1626145,1610612750",110.3,0.14,40,0.083,37,24,572.72,149,204,236,594,0.07,0.111,0.337,1626145,Tyus Jones,31,MIN,1610612750,13,0.351
462,36.0,2,5,"2617,1610612748",100.7,0.37,65,0.301,37,12,259.571666667,72,38,79,200,0.118,0.369,0.135,2617,Udonis Haslem,5,MIA,1610612748,25,0.676
463,24.0,54,5,"203506,1610612753",104.5,2.29,297,0.135,72,40,2379.58,603,650,820,2146,0.208,0.18,0.305,203506,Victor Oladipo,116,ORL,1610612753,32,0.444
464,39.0,16,5,"1713,1610612763",106.0,0.79,115,0.132,60,27,1005.38666667,251,303,320,686,0.193,0.177,0.199,1713,Vince Carter,38,MEM,1610612763,33,0.55
465,24.0,6,5,"204002,1610612737",112.9,-0.01,14,0.222,11,4,72.5166666667,15,20,43,66,0.857,0.275,0.083,204002,Walter Tavares,1,ATL,1610612737,7,0.636
466,28.0,5,5,"201961,1610612751",106.9,1.06,154,0.107,76,58,1615.03166667,410,482,579,1630,0.039,0.14,0.193,201961,Wayne Ellington,48,BKN,1610612751,18,0.237
467,28.0,56,5,"202325,1610612746",100.4,2.46,211,0.137,80,29,1665.895,498,444,516,1438,0.249,0.191,0.257,202325,Wesley Johnson,89,LAC,1610612746,51,0.638
468,29.0,17,5,"202083,1610612742",105.7,2.14,211,0.089,78,38,2644.30166667,735,818,728,2226,0.098,0.115,0.215,202083,Wesley Matthews,78,DAL,1610612742,40,0.513
469,25.0,39,5,"203115,1610612743",105.8,1.87,417,0.202,82,49,2353.33833333,618,607,823,2150,0.171,0.262,0.219,203115,Will Barton,71,DEN,1610612743,33,0.402
470,22.0,66,5,"1626161,1610612758",108.1,0.71,218,0.166,66,40,1411.50833333,425,464,546,1276,0.482,0.228,0.18,1626161,Willie Cauley-Stein,47,SAC,1610612758,26,0.394
471,26.0,30,5,"203186,1610612751",105.8,0.34,73,0.206,39,31,425.616666667,90,149,189,398,0.769,0.268,0.103,203186,Willie Reed,6,BKN,1610612751,8,0.205
472,24.0,3,5,"204098,1610612763",112.3,0.0,28,0.144,14,11,244.293333333,51,81,73,172,0.167,0.19,0.277,204098,Xavier Munford,13,MEM,1610612763,3,0.214
473,21.0,17,5,"203897,1610612750",109.5,0.79,201,0.1,82,53,2293.55,609,659,953,2264,0.084,0.135,0.184,203897,Zach LaVine,69,MIN,1610612750,29,0.354
474,34.0,13,5,"2216,1610612763",105.8,1.58,350,0.21,68,31,2016.405,530,629,622,1690,0.083,0.282,0.127,2216,Zach Randolph,43,MEM,1610612763,37,0.544
475,32.0,22,5,"2585,1610612742",103.2,2.22,469,0.262,76,36,2004.09,516,653,578,1702,0.18,0.339,0.237,2585,Zaza Pachulia,64,DAL,1610612742,40,0.526
