,AGE,BLK,BLKA,CFID,CFPARAMS,GP,L,MIN,OPP_PTS_2ND_CHANCE,OPP_PTS_FB,OPP_PTS_OFF_TOV,OPP_PTS_PAINT,PF,PFD,PLAYER_ID,PLAYER_NAME,PTS_2ND_CHANCE,PTS_FB,PTS_OFF_TOV,PTS_PAINT,TEAM_ABBREVIATION,TEAM_ID,W,W_PCT
0,31.0,1,2,5,"201166,1610612741",8,4,154.1,29,27,58,110,18,13,201166,Aaron Brooks,11,8,10,26,CHI,1610612741,4,0.5
1,20.0,1,0,5,"203932,1610612753",2,0,30.8333333333,6,6,11,18,5,3,203932,Aaron Gordon,4,4,0,8,ORL,1610612753,2,1.0
2,21.0,0,0,5,"1626151,1610612766",6,1,76.85,6,38,37,74,7,3,1626151,Aaron Harrison,0,1,0,0,CHA,1610612766,5,0.833
3,23.0,0,1,5,"203519,1610612765",1,1,9.7,4,0,2,10,0,0,203519,Adonis Thomas,2,0,0,0,DET,1610612765,0,0.0
4,25.0,2,2,5,"203940,1610612750",6,4,71.7266666667,17,27,26,64,17,7,203940,Adreian Payne,4,2,6,8,MIN,1610612750,2,0.333
5,30.0,7,2,5,"201143,1610612737",6,2,140.75,36,32,50,92,10,11,201143,Al Horford,4,4,5,32,ATL,1610612737,4,0.667
6,31.0,7,1,5,"2744,1610612766",6,0,144.566666667,31,42,47,104,11,13,2744,Al Jefferson,4,2,7,38,CHA,1610612766,6,1.0
7,25.0,4,3,5,"202329,1610612757",3,1,92.4,13,39,38,66,9,7,202329,Al-Farouq Aminu,7,6,9,16,POR,1610612757,2,0.667
8,24.0,1,7,5,"202692,1610612762",7,4,192.456666667,56,54,79,158,15,28,202692,Alec Burks,6,12,6,40,UTA,1610612762,3,0.429
9,23.0,8,1,5,"203458,1610612756",5,1,98.9,25,18,22,80,13,15,203458,Alex Len,14,0,6,30,PHX,1610612756,4,0.8
10,28.0,0,3,5,"1627293,1610612763",3,1,27.75,3,12,15,12,3,6,1627293,Alex Stepheson,4,0,0,4,MEM,1610612763,2,0.667
11,28.0,0,0,5,"201582,1610612740",1,0,8.23333333333,2,2,0,4,1,0,201582,Alexis Ajinca,0,0,0,0,NOP,1610612740,1,1.0
12,24.0,0,2,5,"203459,1610612757",7,4,198.853333333,48,63,78,162,17,11,203459,Allen Crabbe,0,20,19,16,POR,1610612757,3,0.429
13,29.0,1,3,5,"202087,1610612740",6,4,127.271666667,41,22,34,126,17,12,202087,Alonzo Gee,0,8,6,8,NOP,1610612740,2,0.333
14,33.0,3,2,5,"2405,1610612748",5,2,63.8166666667,14,22,26,34,7,10,2405,Amar'e Stoudemire,0,2,4,8,MIA,1610612748,3,0.6
15,29.0,6,4,5,"101161,1610612738",6,1,109.383333333,29,21,32,88,11,11,101161,Amir Johnson,9,3,6,46,BOS,1610612738,5,0.833
16,33.0,2,0,5,"2760,1610612744",6,6,93.9383333333,24,15,47,68,12,10,2760,Anderson Varejao,3,2,12,20,GSW,1610612744,0,0.0
17,22.0,7,7,5,"203083,1610612765",8,5,229.85,52,52,78,162,20,20,203083,Andre Drummond,27,18,29,108,DET,1610612765,3,0.375
18,32.0,3,0,5,"2738,1610612744",6,3,92.15,42,23,36,72,5,5,2738,Andre Iguodala,0,12,5,12,GSW,1610612744,3,0.5
19,40.0,0,0,5,"1889,1610612759",3,2,49.3,5,6,13,30,2,10,1889,Andre Miller,1,0,5,12,SAS,1610612759,1,0.333
20,24.0,1,1,5,"203460,1610612760",6,1,121.4,28,39,59,96,15,7,203460,Andre Roberson,0,9,9,8,OKC,1610612760,5,0.833
21,31.0,5,0,5,"101106,1610612744",4,2,70.77,32,15,21,64,12,4,101106,Andrew Bogut,0,3,0,16,GSW,1610612744,2,0.5
22,26.0,0,1,5,"203094,1610612753",6,2,68.5883333333,13,5,14,44,7,8,203094,Andrew Nicholson,8,3,6,22,ORL,1610612753,4,0.667
23,21.0,4,3,5,"203952,1610612750",7,5,165.82,45,63,53,144,11,30,203952,Andrew Wiggins,13,22,11,26,MIN,1610612750,2,0.286
24,23.0,0,1,5,"203461,1610612761",6,2,86.1416666667,19,23,33,74,9,10,203461,Anthony Bennett,12,0,3,4,TOR,1610612761,4,0.667
25,23.0,0,0,5,"1626148,1610612747",7,4,129.533333333,36,32,49,104,10,3,1626148,Anthony Brown,2,3,8,2,LAL,1610612747,3,0.429
26,23.0,14,5,5,"203076,1610612740",6,3,174.78,47,36,45,144,12,38,203076,Anthony Davis,22,13,13,44,NOP,1610612740,3,0.5
27,30.0,0,1,5,"201627,1610612760",6,1,118.35,36,22,38,106,6,4,201627,Anthony Morrow,6,5,8,4,OKC,1610612760,5,0.833
28,31.0,1,0,5,"201229,1610612765",8,5,142.71,45,26,40,94,9,5,201229,Anthony Tolliver,7,10,7,2,DET,1610612765,3,0.375
29,21.0,1,4,5,"203462,1610612756",6,2,95.0,31,30,42,98,5,6,203462,Archie Goodwin,6,4,10,22,PHX,1610612756,4,0.667
30,29.0,2,0,5,"203382,1610612765",4,2,56.4666666667,10,10,17,36,7,10,203382,Aron Baynes,5,2,3,12,DET,1610612765,2,0.5
31,30.0,0,1,5,"201167,1610612752",3,2,39.4333333333,14,10,8,38,4,2,201167,Arron Afflalo,0,3,5,6,NYK,1610612752,1,0.333
32,26.0,0,0,5,"203529,1610612745",2,1,15.4816666667,3,6,4,8,5,2,203529,Arsalan Kazemi,0,0,0,0,HOU,1610612745,1,0.5
33,28.0,3,2,5,"201948,1610612739",6,5,71.3783333333,15,20,41,66,15,4,201948,Austin Daye,2,0,5,2,CLE,1610612739,1,0.167
34,23.0,1,0,5,"203085,1610612746",5,2,105.65,24,44,39,84,15,14,203085,Austin Rivers,2,6,7,20,LAC,1610612746,3,0.6
35,25.0,1,1,5,"202340,1610612738",6,1,115.16,33,25,31,88,12,4,202340,Avery Bradley,11,17,4,14,BOS,1610612738,5,0.833
36,23.0,0,0,5,"1626253,1610612743",2,1,21.4833333333,4,2,5,16,3,1,1626253,Axel Toupane,0,0,0,0,DEN,1610612743,1,0.5
37,33.0,0,0,5,"2732,1610612744",2,1,16.6166666667,0,6,13,8,1,0,2732,Ben Gordon,0,0,0,0,GSW,1610612744,1,0.5
38,23.0,0,1,5,"203463,1610612758",6,1,125.585,30,26,43,90,11,12,203463,Ben McLemore,2,13,9,8,SAC,1610612758,5,0.833
39,33.0,0,2,5,"2757,1610612748",5,1,76.15,11,34,37,66,6,12,2757,Beno Udrih,2,0,2,2,MIA,1610612748,4,0.8
40,23.0,7,6,5,"202687,1610612761",7,2,143.941666667,22,26,36,80,22,18,202687,Bismack Biyombo,12,0,7,14,TOR,1610612761,5,0.714
41,27.0,3,7,5,"201933,1610612746",6,3,158.378333333,28,45,67,134,14,27,201933,Blake Griffin,13,20,23,50,LAC,1610612746,3,0.5
42,31.0,0,5,5,"1627322,1610612740",4,3,55.3666666667,16,11,25,48,8,3,1627322,Bo McCalebb,0,0,0,10,NOP,1610612740,1,0.25
43,27.0,5,1,5,"1626246,1610612759",5,3,58.0633333333,5,28,34,30,4,3,1626246,Boban Marjanovic,8,0,6,18,SAS,1610612759,2,0.4
44,21.0,5,1,5,"1626171,1610612741",7,4,152.075,29,57,62,124,22,14,1626171,Bobby Portis,19,6,6,28,CHI,1610612741,3,0.429
45,27.0,1,4,5,"202711,1610612751",4,3,103.983333333,32,25,43,90,3,8,202711,Bojan Bogdanovic,4,6,9,14,BKN,1610612751,1,0.25
46,34.0,1,1,5,"2564,1610612759",3,1,34.07,9,10,13,20,4,2,2564,Boris Diaw,2,0,0,2,SAS,1610612759,2,0.667
47,22.0,1,2,5,"203078,1610612764",6,2,137.516666667,18,43,63,100,10,9,203078,Bradley Beal,8,24,19,40,WAS,1610612764,4,0.667
48,28.0,6,1,5,"201148,1610612763",5,1,97.5166666667,22,26,45,68,11,7,201148,Brandan Wright,9,4,10,28,MEM,1610612763,4,0.8
49,23.0,0,0,5,"1626183,1610612746",2,1,12.2166666667,2,2,4,6,0,0,1626183,Branden Dawson,0,6,6,6,LAC,1610612746,1,0.5
50,21.0,3,1,5,"1626165,1610612742",7,7,84.6416666667,27,28,26,78,8,6,1626165,Brandon Ashley,2,1,4,0,DAL,1610612742,0,0.0
51,31.0,4,3,5,"101138,1610612747",5,4,97.6833333333,27,30,39,88,11,11,101138,Brandon Bass,12,8,10,18,LAL,1610612747,1,0.2
52,24.0,0,1,5,"202688,1610612756",6,2,153.433333333,50,37,61,138,11,9,202688,Brandon Knight,0,11,13,12,PHX,1610612756,4,0.667
53,30.0,1,2,5,"201575,1610612744",7,4,129.65,44,44,76,124,13,9,201575,Brandon Rush,3,10,10,8,GSW,1610612744,3,0.429
54,30.0,0,1,5,"203148,1610612757",7,1,137.25,20,42,51,110,2,14,203148,Brian Roberts,8,8,10,14,POR,1610612757,6,0.857
55,28.0,14,1,5,"201572,1610612751",5,3,131.88,39,25,47,116,7,28,201572,Brook Lopez,10,3,11,38,BKN,1610612751,2,0.4
56,20.0,5,1,5,"203998,1610612761",6,2,84.4166666667,14,12,33,66,12,4,203998,Bruno Caboclo,0,4,7,4,TOR,1610612761,4,0.667
57,23.0,0,1,5,"203955,1610612763",2,2,34.3266666667,20,2,13,32,0,5,203955,Bryce Cotton,2,3,3,6,MEM,1610612763,0,0.0
58,23.0,1,5,5,"1626214,1610612740",7,4,127.733333333,34,41,41,114,17,18,1626214,Bryce Dejean-Jones,6,10,8,20,NOP,1610612740,3,0.429
59,24.0,2,1,5,"203927,1610612754",5,1,47.3666666667,13,13,7,36,1,2,203927,CJ Fair,0,4,2,6,IND,1610612754,4,0.8
60,24.0,2,5,5,"203468,1610612757",7,4,216.828333333,51,74,74,156,16,16,203468,CJ McCollum,9,13,15,26,POR,1610612757,3,0.429
61,29.0,0,0,5,"101139,1610612754",6,2,110.216666667,33,20,23,88,9,8,101139,CJ Miles,8,12,10,16,IND,1610612754,4,0.667
62,32.0,3,1,5,"201228,1610612753",6,1,155.188333333,28,24,53,92,14,15,201228,CJ Watson,6,7,10,12,ORL,1610612753,5,0.833
63,25.0,1,1,5,"203912,1610612746",5,3,30.9333333333,10,10,11,26,2,0,203912,CJ Wilcox,3,0,2,0,LAC,1610612746,2,0.4
64,25.0,2,1,5,"203946,1610612741",4,2,74.5666666667,19,35,36,58,10,4,203946,Cameron Bairstow,8,0,2,14,CHI,1610612741,2,0.5
65,21.0,4,1,5,"1626166,1610612760",6,1,77.8333333333,25,18,26,70,10,2,1626166,Cameron Payne,7,9,4,12,OKC,1610612760,5,0.833
66,32.0,6,2,5,"2546,1610612752",5,1,121.46,42,38,37,112,8,9,2546,Carmelo Anthony,19,9,10,20,NYK,1610612752,4,0.8
67,36.0,1,1,5,"2406,1610612758",4,1,54.3833333333,4,15,20,40,6,2,2406,Caron Butler,3,2,3,0,SAC,1610612758,3,0.75
68,33.0,4,0,5,"101112,1610612739",7,1,127.018333333,16,30,38,74,15,10,101112,Channing Frye,9,3,4,14,CLE,1610612739,6,0.857
69,33.0,0,1,5,"101236,1610612745",4,3,26.9833333333,6,4,11,12,3,0,101236,Charles Hayes,0,0,0,2,HOU,1610612745,1,0.25
70,31.0,0,1,5,"101111,1610612742",6,6,103.28,31,37,37,76,11,7,101111,Charlie Villanueva,11,14,17,20,DAL,1610612742,0,0.0
71,26.0,0,0,5,"203586,1610612749",1,1,8.91666666667,7,0,4,8,2,4,203586,Charlie Westbrook,0,2,1,0,MIL,1610612749,0,0.0
72,28.0,1,0,5,"201978,1610612756",4,1,74.8666666667,10,18,17,62,5,3,201978,Chase Budinger,3,8,8,8,PHX,1610612756,3,0.75
73,37.0,6,3,5,"2365,1610612763",7,4,108.0,32,27,25,80,5,9,2365,Chris Andersen,5,0,1,18,MEM,1610612763,3,0.429
74,26.0,1,0,5,"203569,1610612744",6,4,66.2666666667,31,19,18,54,9,5,203569,Chris Babb,0,4,5,2,GSW,1610612744,2,0.333
75,32.0,2,4,5,"2547,1610612748",7,3,179.6,59,59,72,156,7,20,2547,Chris Bosh,2,0,14,24,MIA,1610612748,4,0.571
76,32.0,0,2,5,"203142,1610612749",3,2,72.7,15,27,24,48,4,9,203142,Chris Copeland,5,9,0,6,MIL,1610612749,1,0.333
77,32.0,3,1,5,"202808,1610612751",5,3,65.0333333333,21,22,27,58,15,9,202808,Chris Daniels,9,0,7,12,BKN,1610612751,2,0.4
78,29.0,1,5,5,"201604,1610612740",5,3,98.7,45,37,30,104,2,15,201604,Chris Douglas-Roberts,0,14,9,10,NOP,1610612740,2,0.4
79,30.0,3,1,5,"202419,1610612739",4,4,36.6133333333,14,10,15,42,9,3,202419,Chris Johnson,0,0,0,4,CLE,1610612739,0,0.0
80,26.0,0,0,5,"203187,1610612762",5,4,54.6166666667,21,12,25,54,5,2,203187,Chris Johnson,0,2,6,8,UTA,1610612762,1,0.2
81,34.0,2,0,5,"2549,1610612757",2,1,22.32,5,12,16,12,4,0,2549,Chris Kaman,2,0,0,4,POR,1610612757,1,0.5
82,31.0,0,0,5,"101108,1610612746",5,2,117.535,23,35,46,90,12,11,101108,Chris Paul,7,7,4,12,LAC,1610612746,3,0.6
83,21.0,2,2,5,"1626217,1610612745",3,1,24.7666666667,2,10,13,16,4,2,1626217,Chris Walker,6,2,0,12,HOU,1610612745,2,0.667
84,20.0,2,3,5,"1626174,1610612755",5,3,62.925,10,14,18,48,5,7,1626174,Christian Wood,2,2,4,22,PHI,1610612755,2,0.4
85,25.0,5,3,5,"203921,1610612752",6,2,121.398333333,38,21,32,102,18,15,203921,Cleanthony Early,1,18,11,24,NYK,1610612752,4,0.667
86,22.0,8,4,5,"203991,1610612745",6,3,143.666666667,31,44,42,110,16,14,203991,Clint Capela,12,9,21,40,HOU,1610612745,3,0.5
87,23.0,2,2,5,"203469,1610612766",8,1,176.55,48,53,61,128,18,20,203469,Cody Zeller,7,10,14,28,CHA,1610612766,7,0.875
88,27.0,1,0,5,"202332,1610612746",4,3,23.8316666667,4,0,12,16,5,4,202332,Cole Aldrich,1,0,2,2,LAC,1610612746,1,0.25
89,30.0,0,2,5,"201147,1610612745",6,4,136.683333333,33,55,64,134,12,22,201147,Corey Brewer,5,16,12,38,HOU,1610612745,2,0.333
90,24.0,0,0,5,"1626186,1610612748",2,0,13.9833333333,4,2,11,14,0,1,1626186,Corey Hawkins,0,0,3,0,MIA,1610612748,2,1.0
91,23.0,0,1,5,"1626258,1610612738",4,1,27.5516666667,10,6,8,26,5,0,1626258,Corey Walden,0,2,2,2,BOS,1610612738,3,0.75
92,27.0,0,0,5,"1626290,1610612740",3,1,21.4816666667,18,7,4,20,2,0,1626290,Corey Webster,0,0,0,2,NOP,1610612740,2,0.667
93,25.0,4,0,5,"203928,1610612756",5,2,24.8333333333,9,8,9,24,3,3,203928,Cory Jefferson,0,2,2,8,PHX,1610612756,3,0.6
94,24.0,1,6,5,"202709,1610612761",7,2,148.283333333,25,30,45,92,11,22,202709,Cory Joseph,8,2,17,36,TOR,1610612761,5,0.714
95,23.0,0,0,5,"1626262,1610612738",1,0,0.201666666667,0,0,0,0,0,0,1626262,Coty Clarke,0,0,0,0,BOS,1610612738,1,1.0
96,30.0,1,2,5,"201584,1610612766",5,0,117.366666667,15,47,47,70,7,2,201584,Courtney Lee,5,8,16,10,CHA,1610612766,5,1.0
97,23.0,1,0,5,"1626245,1610612741",5,2,43.93,4,34,29,32,6,3,1626245,Cristiano Felicio,7,0,2,8,CHI,1610612741,3,0.6
98,20.0,1,1,5,"1626156,1610612747",7,4,118.866666667,33,39,51,108,7,10,1626156,D'Angelo Russell,4,7,18,16,LAL,1610612747,3,0.429
99,28.0,0,4,5,"201571,1610612743",5,1,94.6666666667,26,21,40,88,8,9,201571,D.J. Augustin,4,2,5,10,DEN,1610612743,4,0.8
100,25.0,0,0,5,"203474,1610612739",4,3,29.3966666667,10,10,23,32,1,2,203474,DJ Stephens,0,0,2,10,CLE,1610612739,1,0.25
101,28.0,0,1,5,"201969,1610612752",4,2,23.2166666667,12,5,2,20,2,2,201969,DaJuan Summers,0,0,0,4,NYK,1610612752,2,0.5
102,35.0,1,1,5,"2563,1610612739",4,3,97.8966666667,28,27,36,78,10,13,2563,Dahntay Jones,4,5,11,10,CLE,1610612739,1,0.25
103,25.0,0,10,5,"203081,1610612757",5,3,156.541666667,28,46,59,134,12,26,203081,Damian Lillard,7,13,17,48,POR,1610612757,2,0.4
104,21.0,2,0,5,"203996,1610612749",3,2,54.8833333333,22,18,22,32,9,8,203996,Damien Inglis,1,7,0,12,MIL,1610612749,1,0.333
105,36.0,0,1,5,"2863,1610612766",3,1,51.4,5,31,20,56,4,2,2863,Damien Wilkins,0,3,4,8,CHA,1610612766,2,0.667
106,30.0,0,0,5,"204014,1610612750",7,5,123.496666667,36,36,51,110,10,6,204014,Damjan Rudez,0,1,5,4,MIN,1610612750,2,0.286
107,27.0,0,3,5,"201568,1610612743",5,2,127.35,27,52,54,118,7,20,201568,Danilo Gallinari,8,4,11,14,DEN,1610612743,3,0.6
108,29.0,1,0,5,"201980,1610612759",6,4,99.7233333333,6,37,32,76,7,7,201980,Danny Green,8,11,4,10,SAS,1610612759,2,0.333
109,29.0,4,3,5,"201967,1610612740",7,4,199.77,56,37,60,166,24,11,201967,Dante Cunningham,9,7,2,14,NOP,1610612740,3,0.429
110,23.0,1,1,5,"1626276,1610612752",3,2,7.33333333333,3,2,0,6,3,0,1626276,Darion Atkins,0,0,0,0,NYK,1610612752,1,0.333
111,28.0,0,0,5,"201589,1610612743",2,2,34.75,6,7,8,30,4,3,201589,Darrell Arthur,2,2,2,2,DEN,1610612743,0,0.0
112,28.0,0,2,5,"201954,1610612758",6,1,158.888333333,33,57,57,116,10,23,201954,Darren Collison,14,13,20,30,SAC,1610612758,5,0.833
113,23.0,0,0,5,"1626199,1610612765",3,0,22.6333333333,4,4,12,14,3,3,1626199,Darrun Hilliard,0,2,0,0,DET,1610612765,3,1.0
114,33.0,2,9,5,"101135,1610612742",5,1,100.066666667,19,31,34,84,9,6,101135,David Lee,2,7,2,30,DAL,1610612742,4,0.8
115,25.0,0,2,5,"204065,1610612758",3,0,15.535,4,4,15,8,1,3,204065,David Stockton,0,0,2,0,SAC,1610612758,3,1.0
116,35.0,6,2,5,"2561,1610612759",6,4,103.626666667,22,47,43,78,17,9,2561,David West,2,2,0,18,SAS,1610612759,2,0.333
117,27.0,10,1,5,"201599,1610612746",6,3,155.155,24,39,58,122,18,21,201599,DeAndre Jordan,4,13,18,38,LAC,1610612746,3,0.5
118,27.0,2,0,5,"201971,1610612764",3,0,49.1,10,23,21,52,10,6,201971,DeJuan Blair,15,2,0,30,WAS,1610612764,3,1.0
119,26.0,0,4,5,"201942,1610612761",6,2,148.74,30,40,39,106,16,18,201942,DeMar DeRozan,6,9,12,20,TOR,1610612761,4,0.667
120,25.0,2,5,5,"202326,1610612758",5,1,119.116666667,15,37,40,70,19,40,202326,DeMarcus Cousins,13,6,14,44,SAC,1610612758,4,0.8
121,29.0,2,6,5,"201960,1610612761",7,2,171.076666667,39,44,43,122,16,14,201960,DeMarre Carroll,5,13,22,22,TOR,1610612761,5,0.714
122,26.0,0,2,5,"203199,1610612737",4,1,18.2816666667,0,6,8,14,2,3,203199,DeQuan Jones,0,6,4,4,ATL,1610612737,3,0.75
123,24.0,0,4,5,"1626153,1610612761",7,2,72.3166666667,4,22,25,70,2,5,1626153,Delon Wright,5,4,2,14,TOR,1610612761,5,0.714
124,22.0,1,4,5,"203471,1610612737",6,2,103.716666667,19,31,42,72,11,17,203471,Dennis Schroder,2,14,15,22,ATL,1610612737,4,0.667
125,23.0,0,2,5,"1626269,1610612745",4,2,46.1166666667,14,14,13,46,2,6,1626269,Denzel Livingston,3,1,6,10,HOU,1610612745,2,0.5
126,32.0,0,0,5,"101114,1610612742",1,1,15.5333333333,4,4,6,10,1,2,101114,Deron Williams,0,0,2,2,DAL,1610612742,0,0.0
127,24.0,11,9,5,"202324,1610612762",5,3,129.533333333,28,38,44,88,11,16,202324,Derrick Favors,15,6,5,32,UTA,1610612762,2,0.4
128,27.0,0,0,5,"201565,1610612741",1,0,10.3166666667,5,0,0,2,0,1,201565,Derrick Rose,2,2,2,6,CHI,1610612741,1,1.0
129,25.0,2,1,5,"202682,1610612752",6,2,127.216666667,32,31,40,108,8,20,202682,Derrick Williams,2,26,21,34,NYK,1610612752,4,0.667
130,24.0,1,0,5,"203472,1610612759",2,2,29.35,11,22,24,30,3,3,203472,Deshaun Thomas,2,3,0,4,SAS,1610612759,0,0.0
131,19.0,0,3,5,"1626164,1610612756",6,2,105.45,38,30,40,96,7,12,1626164,Devin Booker,0,14,4,12,PHX,1610612756,4,0.667
132,33.0,1,2,5,"2734,1610612742",6,6,101.75,28,27,33,68,7,9,2734,Devin Harris,4,16,10,20,DAL,1610612742,0,0.0
133,28.0,0,0,5,"202464,1610612743",4,2,13.35,7,0,2,10,2,1,202464,Devin Sweetney,0,2,2,2,DEN,1610612743,2,0.5
134,23.0,2,2,5,"203906,1610612753",7,2,133.071666667,27,25,36,82,13,15,203906,Devyn Marble,8,2,9,14,ORL,1610612753,5,0.714
135,26.0,10,1,5,"203473,1610612753",7,2,108.516666667,19,22,38,50,14,9,203473,Dewayne Dedmon,8,2,5,16,ORL,1610612753,5,0.714
136,24.0,0,0,5,"1626190,1610612760",1,0,4.58333333333,0,0,1,2,0,1,1626190,Dez Wells,0,1,0,0,OKC,1610612760,1,1.0
137,24.0,0,0,5,"203079,1610612760",6,1,125.316666667,32,28,63,118,15,15,203079,Dion Waiters,3,14,17,20,OKC,1610612760,5,0.833
138,29.0,0,2,5,"202091,1610612739",4,3,79.64,17,29,44,74,4,6,202091,Dionte Christmas,2,4,2,10,CLE,1610612739,1,0.25
139,38.0,0,0,5,"1717,1610612742",3,3,68.1533333333,10,20,19,48,6,4,1717,Dirk Nowitzki,0,2,10,6,DAL,1610612742,0,0.0
140,28.0,1,2,5,"202388,1610612751",3,2,64.4666666667,20,19,25,70,2,10,202388,Donald Sloan,4,3,2,4,BKN,1610612751,1,0.333
141,24.0,0,3,5,"203926,1610612741",8,4,227.371666667,49,78,93,192,17,10,203926,Doug McDermott,11,21,11,22,CHI,1610612741,4,0.5
142,26.0,3,2,5,"203110,1610612744",7,4,147.75,63,41,70,128,24,21,203110,Draymond Green,4,11,7,22,GSW,1610612744,3,0.429
143,34.0,2,1,5,"2400,1610612764",6,2,105.801666667,16,28,35,86,21,2,2400,Drew Gooden,5,2,4,4,WAS,1610612764,4,0.667
144,24.0,0,0,5,"1626251,1610612758",1,0,8.53333333333,3,4,7,6,2,1,1626251,Duje Dukan,0,0,0,0,SAC,1610612758,1,1.0
145,30.0,2,1,5,"2730,1610612745",1,1,23.25,6,4,7,20,1,3,2730,Dwight Howard,0,0,1,4,HOU,1610612745,0,0.0
146,24.0,1,1,5,"203939,1610612742",3,3,68.6366666667,23,22,31,70,11,16,203939,Dwight Powell,4,4,1,8,DAL,1610612742,0,0.0
147,34.0,1,1,5,"2548,1610612748",7,3,157.033333333,46,43,59,128,9,25,2548,Dwyane Wade,6,7,6,26,MIA,1610612748,4,0.571
148,27.0,3,1,5,"202734,1610612741",8,4,200.346666667,49,72,90,170,23,11,202734,E'Twaun Moore,5,13,9,38,CHI,1610612741,4,0.5
149,34.0,0,0,5,"2853,1610612737",4,1,28.3816666667,5,11,8,32,2,1,2853,Earl Barron,0,2,0,2,ATL,1610612737,3,0.75
150,27.0,10,8,5,"202334,1610612757",7,4,156.813333333,33,48,45,134,14,12,202334,Ed Davis,19,3,5,30,POR,1610612757,3,0.429
151,28.0,0,0,5,"1626293,1610612737",1,0,2.23166666667,0,2,2,4,0,0,1626293,Edgar Sosa,0,0,0,0,ATL,1610612737,1,1.0
152,22.0,0,2,5,"203901,1610612753",3,2,63.55,19,13,25,44,9,8,203901,Elfrid Payton,0,6,2,16,ORL,1610612753,1,0.333
153,28.0,0,1,5,"202407,1610612762",7,4,115.386666667,36,19,37,82,16,19,202407,Elijah Millsap,5,9,9,8,UTA,1610612762,3,0.429
154,27.0,0,2,5,"202343,1610612763",2,1,26.05,0,16,10,26,3,1,202343,Elliot Williams,3,3,0,2,MEM,1610612763,1,0.5
155,20.0,2,1,5,"1626144,1610612743",5,2,145.65,38,57,63,140,11,15,1626144,Emmanuel Mudiay,4,12,13,28,DEN,1610612743,3,0.6
156,24.0,2,2,5,"202683,1610612760",4,0,91.885,19,23,36,74,10,9,202683,Enes Kanter,26,13,11,48,OKC,1610612760,4,1.0
157,26.0,2,3,5,"202339,1610612756",3,0,74.6666666667,28,12,22,66,7,13,202339,Eric Bledsoe,6,10,12,14,PHX,1610612756,3,1.0
158,27.0,0,4,5,"201569,1610612740",5,3,122.85,39,21,26,102,10,16,201569,Eric Gordon,7,10,20,12,NOP,1610612740,2,0.4
159,24.0,5,0,5,"203961,1610612758",2,1,31.1166666667,3,13,19,22,2,4,203961,Eric Moreland,4,2,4,14,SAC,1610612758,1,0.5
160,25.0,0,1,5,"203475,1610612762",5,3,92.2166666667,25,23,34,82,4,7,203475,Erick Green,3,4,10,8,UTA,1610612762,2,0.4
161,29.0,2,2,5,"101141,1610612753",6,5,155.831666667,31,28,65,104,13,19,101141,Ersan Ilyasova,7,6,10,26,ORL,1610612753,1,0.167
162,23.0,1,5,5,"203095,1610612753",7,1,170.733333333,48,47,54,104,17,14,203095,Evan Fournier,9,11,15,22,ORL,1610612753,6,0.857
163,27.0,2,3,5,"202323,1610612738",5,1,104.55,30,21,26,88,3,9,202323,Evan Turner,7,2,5,16,BOS,1610612738,4,0.8
164,26.0,10,3,5,"203105,1610612744",7,4,113.113333333,36,36,60,86,20,20,203105,Festus Ezeli,11,2,8,24,GSW,1610612744,3,0.429
165,23.0,3,4,5,"1626163,1610612766",8,1,157.366666667,22,63,52,134,9,10,1626163,Frank Kaminsky,11,7,8,20,CHA,1610612766,7,0.875
166,24.0,3,0,5,"203128,1610612755",6,4,110.193333333,16,48,62,116,17,13,203128,Furkan Aldemir,6,0,3,14,PHI,1610612755,2,0.333
167,30.0,1,3,5,"202066,1610612764",3,2,54.545,7,13,13,40,5,2,202066,Garrett Temple,2,3,2,4,WAS,1610612764,1,0.333
168,21.0,0,5,5,"203914,1610612743",6,2,168.0,46,61,56,110,14,7,203914,Gary Harris,3,25,18,32,DEN,1610612743,4,0.667
169,31.0,0,5,5,"202390,1610612764",7,3,153.235,40,43,52,130,7,5,202390,Gary Neal,5,5,8,14,WAS,1610612764,4,0.571
170,30.0,4,0,5,"201588,1610612754",6,2,138.44,40,36,43,108,11,13,201588,George Hill,9,5,6,16,IND,1610612754,4,0.667
171,30.0,2,7,5,"101123,1610612748",8,4,174.433333333,56,47,61,114,16,31,101123,Gerald Green,6,23,24,36,MIA,1610612748,4,0.5
172,21.0,7,5,5,"203507,1610612749",5,4,125.916666667,28,30,61,78,15,20,203507,Giannis Antetokounmpo,5,15,10,26,MIL,1610612749,1,0.2
173,22.0,0,3,5,"203922,1610612754",6,1,141.45,36,33,45,114,10,8,203922,Glenn Robinson,5,9,14,24,IND,1610612754,5,0.833
174,30.0,1,3,5,"201609,1610612748",6,2,142.283333333,47,43,55,132,14,9,201609,Goran Dragic,3,8,11,26,MIA,1610612748,4,0.667
175,26.0,1,5,5,"202330,1610612762",6,3,155.031666667,45,45,55,118,15,20,202330,Gordon Hayward,7,19,17,20,UTA,1610612762,3,0.5
176,26.0,5,5,5,"203476,1610612750",7,5,177.171666667,48,61,65,158,13,23,203476,Gorgui Dieng,11,8,13,32,MIN,1610612750,2,0.286
177,26.0,2,6,5,"202328,1610612749",6,4,142.066666667,35,39,56,100,14,29,202328,Greg Monroe,22,6,16,52,MIL,1610612749,2,0.333
178,30.0,0,0,5,"201880,1610612753",2,0,16.6333333333,2,3,10,18,5,2,201880,Greg Stiemsma,0,0,0,0,ORL,1610612753,2,1.0
179,23.0,2,1,5,"204222,1610612748",4,3,64.25,17,18,21,42,7,1,204222,Greg Whittington,7,2,0,8,MIA,1610612748,1,0.25
180,29.0,1,0,5,"202349,1610612749",6,4,113.9,29,26,46,70,11,4,202349,Greivis Vasquez,4,4,5,12,MIL,1610612749,2,0.333
181,24.0,1,2,5,"203084,1610612744",5,3,100.861666667,30,20,33,74,8,8,203084,Harrison Barnes,6,2,7,10,GSW,1610612744,2,0.4
182,27.0,13,4,5,"202355,1610612748",3,1,75.2416666667,27,23,29,60,12,13,202355,Hassan Whiteside,7,0,4,28,MIA,1610612748,2,0.667
183,26.0,0,2,5,"203156,1610612751",6,2,28.3,8,9,10,24,7,2,203156,Henry Sims,2,0,2,6,BKN,1610612751,4,0.667
184,25.0,5,2,5,"203138,1610612755",6,4,163.466666667,27,55,87,148,16,8,203138,Hollis Thompson,10,11,18,10,PHI,1610612755,2,0.333
185,25.0,1,3,5,"203546,1610612744",7,4,91.7,22,33,51,74,12,6,203546,Ian Clark,9,6,9,14,GSW,1610612744,3,0.429
186,29.0,13,4,5,"101133,1610612754",6,2,124.0,30,27,36,90,15,17,101133,Ian Mahinmi,6,4,8,28,IND,1610612754,4,0.667
187,25.0,1,3,5,"203477,1610612755",5,3,139.846666667,41,42,50,94,8,11,203477,Isaiah Canaan,3,18,25,22,PHI,1610612755,2,0.4
188,27.0,1,2,5,"202738,1610612738",5,1,117.273333333,29,31,34,88,5,15,202738,Isaiah Thomas,14,16,23,28,BOS,1610612738,4,0.8
189,27.0,1,2,5,"202397,1610612755",5,2,57.3333333333,20,21,27,66,5,11,202397,Ish Smith,0,1,0,8,PHI,1610612755,3,0.6
190,24.0,0,0,5,"1626266,1610612762",1,1,1.65,3,0,0,2,1,0,1626266,J.J. O'Brien,0,0,0,0,UTA,1610612762,0,0.0
191,30.0,2,0,5,"2747,1610612739",4,3,86.5833333333,9,15,29,68,10,3,2747,J.R. Smith,3,7,6,14,CLE,1610612739,1,0.25
192,27.0,0,4,5,"201581,1610612764",4,2,41.9916666667,13,18,27,46,5,5,201581,JJ Hickson,2,0,2,4,WAS,1610612764,2,0.5
193,32.0,0,0,5,"200755,1610612746",6,3,130.793333333,19,39,52,98,10,10,200755,JJ Redick,5,16,20,2,LAC,1610612746,3,0.5
194,22.0,0,0,5,"1626160,1610612755",5,4,52.2316666667,11,13,16,70,5,6,1626160,JP Tokoto,1,3,3,6,PHI,1610612755,1,0.2
195,23.0,0,4,5,"203960,1610612743",6,4,113.22,35,41,55,80,16,16,203960,JaKarr Sampson,4,15,12,20,DEN,1610612743,2,0.333
196,26.0,1,3,5,"203210,1610612763",6,1,84.44,18,28,42,48,7,8,203210,JaMychal Green,10,4,8,22,MEM,1610612763,5,0.833
197,23.0,0,2,5,"203913,1610612747",6,3,85.8333333333,27,19,36,72,11,14,203913,Jabari Brown,0,13,17,6,LAL,1610612747,3,0.5
198,25.0,1,0,5,"204022,1610612739",4,2,30.6333333333,11,7,6,34,5,4,204022,Jack Cooley,7,0,0,6,CLE,1610612739,2,0.5
199,25.0,0,2,5,"203109,1610612738",6,1,118.043333333,23,21,32,94,12,15,203109,Jae Crowder,10,11,6,14,BOS,1610612738,5,0.833
200,20.0,5,7,5,"1626143,1610612755",5,3,104.683333333,32,30,30,86,16,16,1626143,Jahlil Okafor,8,2,13,36,PHI,1610612755,2,0.4
201,29.0,0,0,5,"202815,1610612741",1,0,1.41666666667,0,0,3,0,0,0,202815,Jake Anderson,0,0,0,0,CHI,1610612741,1,1.0
202,23.0,2,0,5,"1626294,1610612764",3,1,20.7,4,2,8,18,2,3,1626294,Jaleel Roberts,2,0,2,8,WAS,1610612764,2,0.667
203,36.0,1,1,5,"2037,1610612746",5,3,102.415,26,37,47,94,7,14,2037,Jamal Crawford,0,4,4,4,LAC,1610612746,2,0.4
204,34.0,0,0,5,"2749,1610612743",5,1,99.275,29,30,31,54,14,9,2749,Jameer Nelson,2,10,12,4,DEN,1610612743,4,0.8
205,27.0,0,0,5,"202341,1610612758",5,1,96.3166666667,16,17,26,60,6,2,202341,James Anderson,0,3,5,6,SAC,1610612758,4,0.8
206,25.0,0,1,5,"203516,1610612740",6,3,90.6,19,24,22,54,6,10,203516,James Ennis,13,11,13,28,NOP,1610612740,3,0.5
207,26.0,2,3,5,"201935,1610612745",6,4,142.3,41,48,43,130,15,17,201935,James Harden,4,17,10,24,HOU,1610612745,2,0.333
208,29.0,1,0,5,"201949,1610612761",3,1,29.9833333333,7,2,9,28,5,1,201949,James Johnson,2,0,0,10,TOR,1610612761,2,0.667
209,35.0,3,0,5,"2592,1610612739",7,6,138.816666667,38,42,62,110,13,10,2592,James Jones,12,0,8,0,CLE,1610612739,1,0.143
210,23.0,7,1,5,"203949,1610612744",7,4,92.55,39,21,37,70,11,18,203949,James Michael McAdoo,4,9,7,28,GSW,1610612744,3,0.429
211,20.0,2,0,5,"203923,1610612738",7,1,96.115,18,21,37,72,9,11,203923,James Young,0,5,7,2,BOS,1610612738,6,0.857
212,25.0,0,3,5,"203966,1610612742",7,7,122.831666667,45,50,39,118,7,6,203966,Jamil Wilson,0,2,9,6,DAL,1610612742,0,0.0
213,25.0,1,8,5,"203099,1610612749",7,6,177.311666667,42,47,98,142,22,50,203099,Jared Cunningham,4,17,11,30,MIL,1610612749,1,0.143
214,30.0,0,0,5,"201162,1610612764",2,2,26.855,6,3,6,18,7,2,201162,Jared Dudley,0,3,2,2,WAS,1610612764,0,0.0
215,24.0,6,7,5,"203096,1610612738",7,1,109.923333333,13,29,29,72,17,15,203096,Jared Sullinger,18,3,4,30,BOS,1610612738,6,0.857
216,24.0,0,0,5,"204067,1610612764",3,1,32.15,25,12,15,34,2,3,204067,Jarell Eddie,0,5,3,2,WAS,1610612764,2,0.667
217,22.0,0,5,5,"203950,1610612748",6,1,92.2383333333,14,31,50,66,19,8,203950,Jarnell Stokes,2,1,6,20,MIA,1610612748,5,0.833
218,24.0,1,1,5,"204189,1610612764",6,2,28.3833333333,9,14,12,38,0,4,204189,Jaron Johnson,4,6,3,8,WAS,1610612764,4,0.667
219,32.0,0,1,5,"101127,1610612751",4,3,80.1833333333,27,14,32,62,7,14,101127,Jarrett Jack,4,8,9,10,BKN,1610612751,1,0.25
220,27.0,1,1,5,"202820,1610612742",5,5,48.1233333333,14,18,14,44,3,3,202820,Jarrid Famous,2,0,4,8,DAL,1610612742,0,0.0
221,30.0,0,1,5,"201160,1610612753",7,1,120.503333333,36,20,30,76,9,8,201160,Jason Smith,2,2,4,6,ORL,1610612753,6,0.857
222,38.0,0,0,5,"1891,1610612745",4,1,57.675,12,14,16,52,4,0,1891,Jason Terry,5,0,3,0,HOU,1610612745,3,0.75
223,29.0,6,2,5,"201574,1610612761",6,4,77.7166666667,27,23,39,48,14,8,201574,Jason Thompson,6,0,4,16,TOR,1610612761,2,0.333
224,26.0,3,0,5,"1626279,1610612766",4,1,18.2166666667,0,5,7,14,1,0,1626279,Jason Washburn,0,0,0,0,CHA,1610612766,3,0.75
225,30.0,1,1,5,"202399,1610612740",4,3,70.7033333333,26,29,32,74,13,10,202399,Jeff Adrien,2,0,2,10,NOP,1610612740,1,0.25
226,29.0,0,1,5,"201145,1610612746",6,1,144.598333333,19,48,55,100,11,18,201145,Jeff Green,9,4,19,14,LAC,1610612746,5,0.833
227,28.0,2,3,5,"201952,1610612737",5,2,123.333333333,29,39,41,92,8,14,201952,Jeff Teague,0,23,8,18,ATL,1610612737,3,0.6
228,26.0,9,0,5,"203481,1610612762",7,4,79.785,42,18,26,70,10,7,203481,Jeff Withey,6,0,2,16,UTA,1610612762,3,0.429
229,22.0,6,3,5,"203924,1610612755",6,4,147.103333333,27,52,63,126,13,21,203924,Jerami Grant,5,8,5,24,PHI,1610612755,2,0.333
230,28.0,6,3,5,"202379,1610612742",7,7,136.078333333,36,36,44,104,10,7,202379,Jeremy Evans,0,6,4,20,DAL,1610612742,0,0.0
231,24.0,1,0,5,"203087,1610612766",6,0,120.558333333,24,34,38,98,9,9,203087,Jeremy Lamb,7,2,11,14,CHA,1610612766,6,1.0
232,27.0,0,4,5,"202391,1610612766",6,0,151.333333333,38,35,50,116,17,34,202391,Jeremy Lin,3,9,20,18,CHA,1610612766,6,1.0
233,25.0,0,0,5,"202719,1610612745",2,1,28.99,11,10,17,34,9,3,202719,Jeremy Tyler,2,0,0,0,HOU,1610612745,1,0.5
234,23.0,1,4,5,"1626170,1610612752",6,2,139.368333333,52,25,41,108,10,14,1626170,Jerian Grant,0,10,3,26,NYK,1610612752,4,0.667
235,27.0,2,1,5,"201573,1610612749",5,3,98.485,27,37,42,76,10,11,201573,Jerryd Bayless,4,2,9,14,MIL,1610612749,2,0.4
236,27.0,0,1,5,"202690,1610612752",2,2,26.4,7,17,24,22,1,0,202690,Jimmer Fredette,2,0,2,2,NYK,1610612752,0,0.0
237,26.0,2,6,5,"202710,1610612741",8,4,219.59,52,57,73,162,13,26,202710,Jimmy Butler,5,16,19,34,CHI,1610612741,4,0.5
238,31.0,1,4,5,"201149,1610612741",6,3,126.15,20,28,64,92,19,16,201149,Joakim Noah,16,2,4,22,CHI,1610612741,3,0.5
239,28.0,1,1,5,"201975,1610612765",7,5,153.846666667,49,35,50,112,7,11,201975,Jodie Meeks,2,6,9,16,DET,1610612765,2,0.286
240,24.0,1,3,5,"203925,1610612739",7,6,132.92,34,33,73,110,11,8,203925,Joe Harris,1,9,16,12,CLE,1610612739,1,0.143
241,28.0,0,0,5,"204060,1610612762",6,3,106.548333333,33,26,43,88,8,4,204060,Joe Ingles,0,4,4,12,UTA,1610612762,3,0.5
242,34.0,0,0,5,"2207,1610612748",4,3,106.4,28,23,41,90,3,14,2207,Joe Johnson,8,0,12,6,MIA,1610612748,1,0.25
243,24.0,0,0,5,"1626202,1610612754",6,2,120.141666667,31,26,32,96,11,9,1626202,Joe Young,5,12,8,18,IND,1610612754,4,0.667
244,33.0,9,2,5,"201202,1610612765",5,3,91.4,36,7,35,62,8,7,201202,Joel Anthony,4,0,0,8,DET,1610612765,2,0.4
245,24.0,0,4,5,"203530,1610612743",6,2,151.041666667,43,48,62,134,16,11,203530,Joffrey Lauvergne,23,4,15,52,DEN,1610612743,4,0.667
246,25.0,8,2,5,"203089,1610612749",6,4,85.8166666667,24,17,38,40,11,11,203089,John Henson,15,4,4,42,MIL,1610612749,2,0.333
247,25.0,3,5,5,"203098,1610612756",7,7,199.571666667,64,68,72,182,6,21,203098,John Jenkins,6,21,22,36,PHX,1610612756,0,0.0
248,33.0,0,0,5,"101249,1610612748",1,1,15.8166666667,4,2,7,14,0,3,101249,John Lucas III,0,0,0,0,MIA,1610612748,0,0.0
249,25.0,0,3,5,"202322,1610612764",6,3,135.765,20,43,60,106,8,17,202322,John Wall,8,11,11,16,WAS,1610612764,3,0.5
250,23.0,0,2,5,"203948,1610612749",6,4,96.4833333333,35,39,36,76,19,5,203948,Johnny O'Bryant,10,4,4,16,MIL,1610612749,2,0.333
251,24.0,0,0,5,"1626281,1610612749",1,1,5.75,7,0,0,6,0,0,1626281,Jon Horford,0,0,0,0,MIL,1610612749,0,0.0
252,27.0,2,1,5,"202720,1610612756",6,2,102.233333333,31,36,39,98,14,13,202720,Jon Leuer,5,2,12,20,PHX,1610612756,4,0.667
253,29.0,2,0,5,"201973,1610612738",7,1,112.865,26,27,44,68,16,13,201973,Jonas Jerebko,8,3,10,20,BOS,1610612738,6,0.857
254,24.0,3,4,5,"202685,1610612761",7,2,141.328333333,34,40,48,104,16,20,202685,Jonas Valanciunas,16,0,12,46,TOR,1610612761,5,0.714
255,23.0,1,2,5,"1626182,1610612747",2,1,15.05,5,0,4,14,2,1,1626182,Jonathan Holmes,2,0,0,2,LAL,1610612747,1,0.5
256,26.0,0,0,5,"203613,1610612759",6,4,85.3333333333,27,40,47,64,9,8,203613,Jonathon Simmons,2,4,2,8,SAS,1610612759,2,0.333
257,21.0,0,0,5,"203919,1610612763",1,1,17.1666666667,0,11,12,12,3,3,203919,Jordan Adams,3,2,0,2,MEM,1610612763,0,0.0
258,26.0,0,0,5,"203947,1610612765",2,0,6.28333333333,1,2,4,0,0,2,203947,Jordan Bachynski,0,2,0,2,DET,1610612765,2,1.0
259,24.0,1,5,5,"203903,1610612747",8,5,177.816666667,37,43,62,162,14,18,203903,Jordan Clarkson,13,14,16,50,LAL,1610612747,3,0.375
260,27.0,0,0,5,"202348,1610612741",5,3,36.4466666667,1,24,24,30,4,2,202348,Jordan Crawford,3,0,0,0,CHI,1610612741,2,0.4
261,28.0,5,1,5,"201941,1610612754",5,1,71.1833333333,25,22,21,64,8,6,201941,Jordan Hill,5,0,6,14,IND,1610612754,4,0.8
262,25.0,2,5,5,"203895,1610612739",7,5,139.575,22,44,62,140,15,16,203895,Jordan McRae,3,14,12,26,CLE,1610612739,2,0.286
263,21.0,8,2,5,"1626175,1610612738",7,1,68.2483333333,18,15,27,48,4,7,1626175,Jordan Mickey,8,4,9,34,BOS,1610612738,6,0.857
264,23.0,0,1,5,"1626296,1610612753",5,2,30.3833333333,6,5,9,28,3,0,1626296,Jordan Sibert,0,3,0,0,ORL,1610612753,3,0.6
265,27.0,0,2,5,"203268,1610612766",4,3,46.75,16,20,16,24,6,4,203268,Jorge Gutierrez,0,2,4,4,CHA,1610612766,1,0.25
266,34.0,0,0,5,"101181,1610612752",5,1,112.116666667,35,32,31,100,10,6,101181,Jose Calderon,3,5,13,4,NYK,1610612752,4,0.8
267,32.0,0,5,5,"200826,1610612742",6,6,107.85,34,31,32,94,9,15,200826,Jose Juan Barea,4,12,6,12,DAL,1610612742,0,0.0
268,27.0,6,0,5,"202725,1610612764",7,3,51.35,15,13,12,40,9,1,202725,Josh Harrellson,5,0,6,8,WAS,1610612764,4,0.571
269,24.0,2,0,5,"203962,1610612760",4,1,36.0166666667,3,3,6,22,1,0,203962,Josh Huestis,0,0,0,0,OKC,1610612760,3,0.75
270,29.0,1,0,5,"201177,1610612748",5,3,74.05,24,10,24,30,6,4,201177,Josh McRoberts,6,0,4,2,MIA,1610612748,2,0.4
271,33.0,0,1,5,"2694,1610612749",4,3,22.9333333333,5,10,17,18,7,0,2694,Josh Powell,0,0,0,0,MIL,1610612749,1,0.25
272,22.0,1,3,5,"1626196,1610612748",6,4,97.32,18,32,30,64,7,9,1626196,Josh Richardson,2,5,8,12,MIA,1610612748,2,0.333
273,30.0,3,3,5,"2746,1610612745",6,3,114.953333333,33,51,43,108,18,19,2746,Josh Smith,8,6,4,28,HOU,1610612745,3,0.5
274,24.0,2,6,5,"1626288,1610612745",7,4,110.935,24,40,52,108,29,3,1626288,Joshua Smith,18,0,8,44,HOU,1610612745,3,0.429
275,26.0,3,3,5,"201950,1610612740",7,4,90.3466666667,18,24,13,68,10,16,201950,Jrue Holiday,0,2,6,18,NOP,1610612740,3,0.429
276,21.0,3,6,5,"203944,1610612747",8,5,170.666666667,42,39,62,150,18,24,203944,Julius Randle,30,10,19,72,LAL,1610612747,3,0.375
277,27.0,0,0,5,"202933,1610612760",1,0,4.31666666667,0,0,1,2,1,0,202933,Julyan Stone,0,0,0,0,OKC,1610612760,1,1.0
278,22.0,6,6,5,"1626147,1610612742",7,7,170.635,64,62,58,150,13,10,1626147,Justin Anderson,4,18,20,30,DAL,1610612742,0,0.0
279,26.0,1,2,5,"202712,1610612765",6,4,114.335,24,30,50,104,21,7,202712,Justin Harper,3,5,15,6,DET,1610612765,2,0.333
280,27.0,3,0,5,"203200,1610612741",5,1,91.45,15,35,37,70,3,11,203200,Justin Holiday,5,6,2,2,CHI,1610612741,4,0.8
281,20.0,3,3,5,"1626159,1610612748",6,4,171.408333333,36,35,52,84,17,15,1626159,Justise Winslow,3,13,6,16,MIA,1610612748,2,0.333
282,24.0,0,0,5,"1626219,1610612744",1,0,9.76666666667,13,0,2,14,2,2,1626219,Juwan Staten,0,2,0,0,GSW,1610612744,1,1.0
283,23.0,8,4,5,"203909,1610612745",8,5,146.85,44,64,61,140,21,24,203909,KJ McDaniels,10,14,12,26,HOU,1610612745,3,0.375
284,23.0,1,0,5,"1627292,1610612754",1,0,3.63333333333,0,0,0,2,2,0,1627292,Kadeem Jack,0,0,0,0,IND,1610612754,1,1.0
285,20.0,7,5,5,"1626157,1610612750",7,5,161.075,53,64,44,142,19,20,1626157,Karl-Anthony Towns,12,6,14,36,MIN,1610612750,2,0.286
286,24.0,2,2,5,"202695,1610612759",6,4,140.383333333,14,65,46,114,9,20,202695,Kawhi Leonard,14,13,12,16,SAS,1610612759,2,0.333
287,22.0,0,0,5,"1626208,1610612759",3,2,18.75,2,8,6,12,1,0,1626208,Keifer Sykes,0,0,0,0,SAS,1610612759,1,0.333
288,24.0,1,2,5,"203951,1610612753",5,2,43.25,8,7,16,28,6,2,203951,Keith Appling,0,2,4,2,ORL,1610612753,3,0.6
289,27.0,2,5,5,"202728,1610612748",5,2,59.0416666667,11,15,18,38,4,10,202728,Keith Benson,9,2,8,10,MIA,1610612748,3,0.6
290,25.0,1,0,5,"203482,1610612738",6,1,106.456666667,27,21,37,74,17,8,203482,Kelly Olynyk,2,4,4,20,BOS,1610612738,5,0.833
291,20.0,3,1,5,"1626162,1610612764",6,3,125.398333333,36,46,43,112,15,15,1626162,Kelly Oubre,2,18,12,16,WAS,1610612764,3,0.5
292,26.0,0,5,5,"202689,1610612766",7,1,157.61,23,48,40,100,8,25,202689,Kemba Walker,5,16,13,24,CHA,1610612766,6,0.857
293,31.0,4,2,5,"2570,1610612740",7,4,114.65,23,33,34,88,16,2,2570,Kendrick Perkins,8,0,6,16,NOP,1610612740,3,0.429
294,26.0,7,3,5,"202702,1610612743",6,2,121.066666667,29,49,57,96,17,26,202702,Kenneth Faried,17,6,9,34,DEN,1610612743,4,0.667
295,26.0,2,3,5,"203145,1610612737",5,2,111.17,24,45,45,72,13,13,203145,Kent Bazemore,2,11,12,20,ATL,1610612737,3,0.6
296,23.0,0,1,5,"203484,1610612765",7,5,166.566666667,44,27,68,108,6,10,203484,Kentavious Caldwell-Pope,2,14,23,16,DET,1610612765,2,0.286
297,27.0,5,3,5,"201142,1610612760",5,0,124.233333333,27,37,59,90,9,13,201142,Kevin Durant,9,7,15,36,OKC,1610612760,5,1.0
298,40.0,2,0,5,"708,1610612750",6,4,77.4166666667,22,16,22,58,12,4,708,Kevin Garnett,0,2,2,6,MIN,1610612750,2,0.333
299,27.0,1,0,5,"201567,1610612739",2,1,34.7833333333,4,4,7,28,3,9,201567,Kevin Love,2,2,2,4,CLE,1610612739,1,0.5
300,33.0,0,2,5,"2755,1610612759",5,4,79.8166666667,22,38,22,86,6,12,2755,Kevin Martin,6,6,9,14,SAS,1610612759,1,0.2
301,26.0,0,1,5,"202338,1610612752",4,2,56.1666666667,11,9,11,36,8,2,202338,Kevin Seraphin,6,0,8,12,NYK,1610612752,2,0.5
302,24.0,2,0,5,"203114,1610612749",6,4,144.131666667,38,33,68,86,23,10,203114,Khris Middleton,2,6,10,20,MIL,1610612749,2,0.333
303,35.0,0,0,5,"2550,1610612737",6,3,106.163333333,19,43,42,76,13,4,2550,Kirk Hinrich,2,2,4,6,ATL,1610612737,3,0.5
304,26.0,2,3,5,"202691,1610612744",6,3,145.366666667,58,37,71,120,10,19,202691,Klay Thompson,10,9,18,22,GSW,1610612744,3,0.5
305,29.0,0,0,5,"1626285,1610612750",3,3,8.21666666667,0,0,0,4,3,0,1626285,Kleon Penn,0,0,0,0,MIN,1610612750,0,0.0
306,37.0,0,1,5,"977,1610612747",5,4,90.4166666667,14,20,34,62,7,14,977,Kobe Bryant,2,10,11,12,LAL,1610612747,1,0.2
307,27.0,10,2,5,"201585,1610612758",5,0,120.633333333,25,28,41,94,9,10,201585,Kosta Koufos,8,2,4,38,SAC,1610612758,5,1.0
308,31.0,2,3,5,"2743,1610612737",7,3,172.751666667,36,54,76,138,17,13,2743,Kris Humphries,13,6,25,16,ATL,1610612737,4,0.571
309,20.0,4,2,5,"204001,1610612752",4,2,77.5166666667,20,23,23,66,8,4,204001,Kristaps Porzingis,2,0,2,10,NYK,1610612752,2,0.5
310,22.0,2,1,5,"203937,1610612759",6,4,125.793333333,21,50,52,82,17,11,203937,Kyle Anderson,0,8,5,12,SAS,1610612759,2,0.333
311,25.0,0,0,5,"1626271,1610612756",1,0,5.68333333333,0,0,0,6,0,0,1626271,Kyle Casey,0,0,0,0,PHX,1610612756,1,1.0
312,35.0,1,1,5,"2594,1610612737",6,2,126.316666667,32,36,47,74,4,8,2594,Kyle Korver,0,13,13,2,ATL,1610612737,4,0.667
313,30.0,0,1,5,"200768,1610612761",5,0,130.766666667,40,32,28,96,8,24,200768,Kyle Lowry,2,15,24,32,TOR,1610612761,5,1.0
314,26.0,6,1,5,"203124,1610612752",5,1,99.54,38,29,30,74,12,13,203124,Kyle O'Quinn,8,2,4,26,NYK,1610612752,4,0.8
315,28.0,3,0,5,"202713,1610612760",5,1,51.95,29,14,20,50,10,2,202713,Kyle Singler,3,0,2,2,OKC,1610612760,4,0.8
316,30.0,2,3,5,"200746,1610612759",5,3,126.44,18,57,41,116,11,14,200746,LaMarcus Aldridge,9,2,5,22,SAS,1610612759,2,0.4
317,24.0,1,3,5,"203934,1610612737",6,2,103.016666667,12,28,54,70,9,11,203934,Lamar Patterson,3,9,4,8,ATL,1610612737,4,0.667
318,25.0,0,2,5,"202362,1610612763",6,3,133.74,34,48,52,116,16,4,202362,Lance Stephenson,5,4,6,14,MEM,1610612763,3,0.5
319,28.0,1,0,5,"202498,1610612752",6,2,85.5833333333,23,19,22,68,6,3,202498,Lance Thomas,0,2,4,2,NYK,1610612752,4,0.667
320,24.0,1,3,5,"204038,1610612752",6,2,162.248333333,50,41,46,136,9,7,204038,Langston Galloway,3,4,13,4,NYK,1610612752,4,0.667
321,23.0,0,0,5,"1626204,1610612747",5,2,54.7833333333,12,9,20,54,7,5,1626204,Larry Nance Jr.,4,0,2,10,LAL,1610612747,3,0.6
322,27.0,4,1,5,"202730,1610612754",7,2,126.905,30,35,26,92,7,3,202730,Lavoy Allen,4,4,2,14,IND,1610612754,5,0.714
323,25.0,0,0,5,"1626272,1610612763",6,1,85.9016666667,14,27,36,46,4,7,1626272,Lazeric Jones,2,2,5,2,MEM,1610612763,5,0.833
324,31.0,0,0,5,"2544,1610612739",2,2,48.25,10,12,15,30,5,7,2544,LeBron James,0,6,6,8,CLE,1610612739,0,0.0
325,33.0,1,3,5,"2571,1610612744",7,4,86.0,32,16,21,64,7,9,2571,Leandro Barbosa,5,14,21,34,GSW,1610612744,3,0.429
326,23.0,0,0,5,"1626260,1610612738",2,1,0.633333333333,0,0,0,2,0,1,1626260,Levi Randolph,3,0,0,2,BOS,1610612738,1,0.5
327,25.0,1,1,5,"203485,1610612765",5,4,65.5416666667,23,11,17,44,6,2,203485,Lorenzo Brown,0,8,8,12,DET,1610612765,1,0.2
328,33.0,4,1,5,"200811,1610612752",3,1,40.4166666667,16,12,11,46,8,5,200811,Lou Amundson,2,4,6,12,NYK,1610612752,2,0.667
329,29.0,2,5,5,"101150,1610612747",6,5,150.116666667,36,54,66,138,17,34,101150,Lou Williams,6,10,20,24,LAL,1610612747,1,0.167
330,29.0,1,2,5,"201601,1610612746",4,2,33.6166666667,12,8,15,24,3,4,201601,Luc Mbah a Moute,4,0,3,6,LAC,1610612746,2,0.5
331,23.0,0,0,5,"1626242,1610612757",2,2,7.56666666667,0,0,4,2,0,0,1626242,Luis Montero,0,2,0,2,POR,1610612757,0,0.0
332,36.0,0,2,5,"2449,1610612761",6,1,107.071666667,21,24,20,82,12,13,2449,Luis Scola,11,4,11,36,TOR,1610612761,5,0.833
333,27.0,0,0,5,"202337,1610612740",3,1,74.1166666667,28,37,16,60,4,4,202337,Luke Babbitt,5,3,12,6,NOP,1610612740,2,0.667
334,31.0,0,1,5,"2736,1610612748",6,2,137.683333333,46,48,58,126,6,13,2736,Luol Deng,2,11,8,18,MIA,1610612748,4,0.667
335,23.0,0,0,5,"1626259,1610612738",1,0,0.201666666667,0,0,0,0,0,0,1626259,Malcolm Miller,0,0,0,0,BOS,1610612738,1,1.0
336,38.0,2,0,5,"1938,1610612759",5,3,78.1166666667,9,30,17,60,8,9,1938,Manu Ginobili,3,7,9,16,SAS,1610612759,2,0.4
337,31.0,10,4,5,"201188,1610612763",5,0,136.221666667,13,49,49,78,15,17,201188,Marc Gasol,4,1,8,24,MEM,1610612763,5,1.0
338,33.0,1,0,5,"1626273,1610612747",3,1,53.5333333333,20,20,17,50,7,4,1626273,Marcelo Huertas,0,2,4,6,LAL,1610612747,2,0.667
339,32.0,7,5,5,"101162,1610612764",7,3,174.0,32,44,72,122,14,27,101162,Marcin Gortat,7,21,10,70,WAS,1610612764,4,0.571
340,30.0,0,2,5,"201158,1610612758",6,1,166.498333333,38,47,72,128,9,23,201158,Marco Belinelli,4,10,21,8,SAC,1610612758,5,0.833
341,30.0,2,1,5,"202068,1610612749",4,3,42.0833333333,8,19,16,20,4,2,202068,Marcus Landry,0,2,0,2,MIL,1610612749,1,0.25
342,26.0,3,2,5,"202694,1610612765",8,5,188.823333333,41,31,60,116,27,16,202694,Marcus Morris,9,14,27,22,DET,1610612765,3,0.375
343,28.0,0,0,5,"204136,1610612741",2,0,3.21333333333,0,3,6,2,0,0,204136,Marcus Simmons,0,0,0,0,CHI,1610612741,2,1.0
344,22.0,0,1,5,"203935,1610612738",5,0,121.033333333,20,27,31,92,11,13,203935,Marcus Smart,7,7,16,20,BOS,1610612738,5,1.0
345,29.0,0,4,5,"201977,1610612764",6,4,136.145,36,32,34,116,10,9,201977,Marcus Thornton,14,2,13,18,WAS,1610612764,2,0.333
346,30.0,0,3,5,"201596,1610612763",5,3,95.1433333333,27,27,32,56,13,18,201596,Mario Chalmers,2,4,12,10,MEM,1610612763,2,0.4
347,21.0,1,2,5,"1626209,1610612753",8,2,174.791666667,43,40,72,94,20,10,1626209,Mario Hezonja,9,7,22,18,ORL,1610612753,6,0.75
348,26.0,6,5,5,"202693,1610612764",6,2,138.15,70,31,67,130,18,17,202693,Markieff Morris,9,2,24,24,WAS,1610612764,4,0.667
349,28.0,4,1,5,"201578,1610612744",7,4,107.838333333,45,27,56,106,14,18,201578,Marreese Speights,17,6,6,26,GSW,1610612744,3,0.429
350,25.0,0,0,5,"1626289,1610612758",1,0,2.48333333333,0,4,5,2,0,0,1626289,Marshall Henderson,0,0,0,0,SAC,1610612758,1,1.0
351,30.0,1,3,5,"101107,1610612766",7,0,150.133333333,25,40,42,104,8,10,101107,Marvin Williams,5,4,6,12,CHA,1610612766,7,1.0
352,26.0,3,0,5,"203486,1610612757",7,4,149.24,31,69,68,108,19,18,203486,Mason Plumlee,2,7,9,36,POR,1610612757,3,0.429
353,36.0,3,4,5,"2440,1610612763",5,0,86.8933333333,13,20,40,42,11,5,2440,Matt Barnes,5,6,1,6,MEM,1610612763,5,1.0
354,36.0,0,0,5,"2588,1610612759",2,2,12.25,0,2,4,8,0,0,2588,Matt Bonner,0,0,0,0,SAS,1610612759,0,0.0
355,28.0,0,0,5,"202394,1610612743",2,0,9.25,7,3,0,6,3,0,202394,Matt Janning,0,2,2,0,DEN,1610612743,2,1.0
356,25.0,0,4,5,"203521,1610612739",6,5,141.233333333,44,33,61,116,12,3,203521,Matthew Dellavedova,8,4,7,20,CLE,1610612739,1,0.167
357,23.0,2,1,5,"203090,1610612757",5,3,121.283333333,20,41,42,88,7,12,203090,Maurice Harkless,13,11,15,22,POR,1610612757,2,0.4
358,24.0,3,0,5,"1626254,1610612742",4,4,91.3866666667,36,34,31,78,10,8,1626254,Maurice Ndour,0,5,8,8,DAL,1610612742,0,0.0
359,25.0,0,1,5,"203929,1610612753",4,1,31.9516666667,4,7,17,32,6,2,203929,Melvin Ejim,5,0,3,8,ORL,1610612753,3,0.75
360,36.0,1,1,5,"1897,1610612747",6,3,82.2666666667,20,26,42,76,11,9,1897,Metta World Peace,0,0,5,10,LAL,1610612747,3,0.5
361,24.0,5,0,5,"203086,1610612757",7,4,173.123333333,37,65,70,124,18,13,203086,Meyers Leonard,6,3,21,6,POR,1610612757,3,0.429
362,24.0,6,3,5,"203487,1610612749",5,3,112.216666667,35,25,56,64,14,8,203487,Michael Carter-Williams,6,11,12,24,MIL,1610612749,2,0.4
363,22.0,0,2,5,"1626187,1610612747",4,1,51.5333333333,6,6,16,52,4,4,1626187,Michael Frazier,0,0,2,0,LAL,1610612747,3,0.75
364,23.0,0,0,5,"1626261,1610612763",1,0,7.96666666667,5,4,6,10,2,0,1626261,Michael Holyfield,0,0,0,0,MEM,1610612763,1,1.0
365,22.0,0,0,5,"203077,1610612766",1,0,12.5983333333,0,7,4,10,0,2,203077,Michael Kidd-Gilchrist,0,2,0,4,CHA,1610612766,1,1.0
366,24.0,0,0,5,"1626252,1610612761",1,0,4.61666666667,0,4,4,6,0,0,1626252,Michale Kyser,0,0,0,0,TOR,1610612761,1,1.0
367,28.0,0,5,5,"201144,1610612763",5,0,118.908333333,12,41,43,70,4,20,201144,Mike Conley,4,0,6,14,MEM,1610612763,5,1.0
368,36.0,0,0,5,"2034,1610612743",3,1,43.9666666667,17,13,19,34,9,0,2034,Mike Miller,0,3,3,0,DEN,1610612743,2,0.667
369,24.0,3,2,5,"203488,1610612737",6,3,101.005,15,33,40,86,10,4,203488,Mike Muscala,6,0,4,10,ATL,1610612737,3,0.5
370,27.0,1,2,5,"203118,1610612737",6,2,114.033333333,26,36,49,70,10,7,203118,Mike Scott,6,10,5,34,ATL,1610612737,4,0.667
371,27.0,2,1,5,"203101,1610612749",3,3,30.3,14,17,14,24,2,8,203101,Miles Plumlee,4,4,2,4,MIL,1610612749,0,0.0
372,30.0,1,2,5,"203141,1610612756",6,2,110.433333333,33,35,52,100,13,6,203141,Mirza Teletovic,4,2,5,8,PHX,1610612756,4,0.667
373,24.0,2,1,5,"203956,1610612760",4,1,60.2166666667,16,12,24,46,5,5,203956,Mitch McGary,2,6,6,18,OKC,1610612760,3,0.75
374,33.0,0,3,5,"2590,1610612739",5,5,112.033333333,34,28,53,90,8,7,2590,Mo Williams,5,6,5,6,CLE,1610612739,0,0.0
375,30.0,1,1,5,"101145,1610612754",6,2,135.15,39,31,46,106,4,10,101145,Monta Ellis,0,14,25,20,IND,1610612754,4,0.667
376,22.0,3,1,5,"1626149,1610612745",6,4,129.62,49,63,58,144,24,14,1626149,Montrezl Harrell,13,13,10,30,HOU,1610612745,2,0.333
377,20.0,15,1,5,"1626167,1610612754",6,1,101.7,25,19,31,76,10,13,1626167,Myles Turner,2,1,4,12,IND,1610612754,5,0.833
378,32.0,0,3,5,"101126,1610612740",4,3,82.2366666667,31,17,32,86,8,6,101126,Nate Robinson,0,4,10,6,NOP,1610612740,1,0.25
379,28.0,1,2,5,"202357,1610612750",7,5,142.55,47,38,46,128,19,6,202357,Nemanja Bjelica,6,2,12,12,MIN,1610612750,2,0.286
380,33.0,1,0,5,"2403,1610612764",3,1,45.3333333333,6,16,10,36,2,7,2403,Nene,0,10,4,18,WAS,1610612764,2,0.667
381,22.0,7,1,5,"203457,1610612755",5,4,135.316666667,33,52,62,134,11,23,203457,Nerlens Noel,6,9,18,34,PHI,1610612755,1,0.2
382,35.0,0,1,5,"2555,1610612760",5,1,86.3,17,23,48,90,7,3,2555,Nick Collison,4,0,2,12,OKC,1610612760,4,0.8
383,23.0,0,2,5,"203910,1610612743",6,2,106.3,24,28,35,82,12,8,203910,Nick Johnson,5,2,0,2,DEN,1610612743,4,0.667
384,27.0,0,0,5,"1626305,1610612739",3,3,29.25,9,7,26,34,4,2,1626305,Nick Minnerath,2,0,2,2,CLE,1610612739,0,0.0
385,25.0,0,1,5,"1626287,1610612750",4,4,13.35,0,6,0,4,1,1,1626287,Nick Wiggins,0,2,3,6,MIN,1610612750,0,0.0
386,31.0,0,1,5,"201156,1610612747",8,5,169.55,41,36,54,174,18,8,201156,Nick Young,2,11,12,6,LAL,1610612747,3,0.375
387,27.0,1,1,5,"201587,1610612766",6,0,146.433333333,31,42,51,108,5,19,201587,Nicolas Batum,1,6,17,24,CHA,1610612766,6,1.0
388,21.0,4,1,5,"203999,1610612743",7,3,152.641666667,37,45,56,108,23,25,203999,Nikola Jokic,21,8,14,60,DEN,1610612743,4,0.571
389,25.0,3,1,5,"202703,1610612741",8,4,180.476666667,34,54,61,142,21,27,202703,Nikola Mirotic,17,12,11,22,CHI,1610612741,4,0.5
390,25.0,7,5,5,"202696,1610612753",7,1,167.491666667,37,29,59,98,20,22,202696,Nikola Vucevic,24,2,29,68,ORL,1610612753,6,0.857
391,23.0,2,0,5,"1626295,1610612753",5,2,41.8883333333,7,9,12,30,7,3,1626295,Nnanna Egwu,4,0,0,6,ORL,1610612753,3,0.6
392,20.0,3,4,5,"203943,1610612757",7,4,158.198333333,28,47,63,126,16,11,203943,Noah Vonleh,22,4,4,34,POR,1610612757,3,0.429
393,23.0,2,2,5,"1626181,1610612761",6,2,98.0733333333,20,23,43,92,10,6,1626181,Norman Powell,5,15,18,22,TOR,1610612761,4,0.667
394,27.0,0,2,5,"202708,1610612740",2,1,37.95,5,10,12,14,5,4,202708,Norris Cole,6,6,2,2,NOP,1610612740,1,0.5
395,28.0,1,0,5,"201564,1610612749",6,4,98.9666666667,29,20,32,62,10,6,201564,O.J. Mayo,0,2,6,4,MIL,1610612749,2,0.333
396,30.0,0,0,5,"200762,1610612743",1,0,7.41666666667,5,0,0,4,0,1,200762,Oleksiy Pecherov,0,0,4,4,DEN,1610612743,1,1.0
397,27.0,0,1,5,"204179,1610612757",4,3,23.4666666667,4,8,13,14,2,0,204179,Omari Johnson,0,5,4,6,POR,1610612757,1,0.25
398,29.0,0,0,5,"201600,1610612740",1,0,10.5833333333,6,2,3,8,1,1,201600,Omer Asik,1,0,1,2,NOP,1610612740,1,1.0
399,28.0,0,1,5,"201956,1610612758",5,1,79.4333333333,11,34,41,74,5,6,201956,Omri Casspi,4,8,2,24,SAC,1610612758,4,0.8
400,23.0,3,4,5,"203490,1610612764",7,3,173.836666667,21,40,63,118,12,14,203490,Otto Porter,16,22,18,36,WAS,1610612764,4,0.571
401,23.0,0,1,5,"203798,1610612763",5,1,97.9883333333,15,37,27,80,17,7,203798,PJ Hairston,4,3,7,2,MEM,1610612763,4,0.8
402,31.0,1,2,5,"200782,1610612756",6,2,110.883333333,54,28,57,104,12,8,200782,PJ Tucker,0,1,1,2,PHX,1610612756,4,0.667
403,39.0,0,0,5,"203143,1610612746",6,3,88.9416666667,21,23,32,80,8,6,203143,Pablo Prigioni,0,2,0,2,LAC,1610612746,3,0.5
404,23.0,1,0,5,"1626192,1610612757",7,4,129.675,23,55,58,82,16,3,1626192,Pat Connaughton,2,9,5,10,POR,1610612757,3,0.429
405,27.0,2,1,5,"201976,1610612745",7,5,168.088333333,52,56,76,142,18,14,201976,Patrick Beverley,0,11,5,6,HOU,1610612745,2,0.286
406,27.0,1,1,5,"202335,1610612761",7,2,135.233333333,24,21,49,90,6,4,202335,Patrick Patterson,2,2,2,8,TOR,1610612761,5,0.714
407,27.0,0,1,5,"201988,1610612759",5,3,88.2233333333,8,42,30,76,5,3,201988,Patty Mills,3,13,10,16,SAS,1610612759,2,0.4
408,35.0,3,0,5,"2200,1610612741",5,2,113.87,30,31,27,88,10,14,2200,Pau Gasol,3,0,2,8,CHI,1610612741,3,0.6
409,26.0,3,4,5,"202331,1610612754",7,2,171.05,51,37,51,122,12,36,202331,Paul George,17,8,22,30,IND,1610612754,5,0.714
410,31.0,4,5,5,"200794,1610612737",5,2,122.205,28,37,42,78,13,13,200794,Paul Millsap,0,10,7,22,ATL,1610612737,3,0.6
411,38.0,4,2,5,"1718,1610612746",6,3,94.255,23,32,31,70,10,10,1718,Paul Pierce,0,3,3,4,LAC,1610612746,3,0.5
412,24.0,1,2,5,"203103,1610612738",5,0,41.3433333333,9,11,16,32,7,0,203103,Perry Jones,0,0,0,0,BOS,1610612738,5,1.0
413,25.0,1,1,5,"203515,1610612756",4,3,65.8733333333,10,32,33,54,12,9,203515,Phil Pressey,0,3,0,4,PHX,1610612756,1,0.25
414,24.0,0,1,5,"203510,1610612755",3,3,42.9,6,13,18,46,3,2,203510,Pierre Jackson,0,2,0,0,PHI,1610612755,0,0.0
415,25.0,3,0,5,"203112,1610612758",2,0,40.3333333333,11,11,18,32,3,2,203112,Quincy Acy,0,2,2,4,SAC,1610612758,2,1.0
416,23.0,0,2,5,"203113,1610612751",4,3,29.7833333333,7,6,10,24,4,1,203113,Quincy Miller,2,0,4,4,BKN,1610612751,1,0.25
417,23.0,0,3,5,"1626188,1610612739",6,6,77.2166666667,14,25,57,82,12,4,1626188,Quinn Cook,3,4,2,10,CLE,1610612739,0,0.0
418,22.0,3,2,5,"1626154,1610612738",7,1,132.516666667,30,31,49,100,9,4,1626154,RJ Hunter,2,7,5,8,BOS,1610612738,6,0.857
419,30.0,1,1,5,"200765,1610612758",6,1,137.835,12,37,46,96,5,12,200765,Rajon Rondo,2,3,7,14,SAC,1610612758,5,0.833
420,24.0,2,1,5,"1626176,1610612754",6,1,50.2816666667,11,10,8,34,7,5,1626176,Rakeem Christmas,5,4,3,10,IND,1610612754,5,0.833
421,30.0,1,2,5,"201196,1610612764",7,3,141.17,26,35,39,96,7,25,201196,Ramon Sessions,2,14,14,28,WAS,1610612764,4,0.571
422,32.0,1,0,5,"200751,1610612760",3,1,54.75,12,25,33,56,6,0,200751,Randy Foye,0,0,3,2,OKC,1610612760,2,0.667
423,19.0,0,3,5,"1626173,1610612749",6,4,139.366666667,41,58,57,98,10,6,1626173,Rashad Vaughn,3,0,7,18,MIL,1610612749,2,0.333
424,37.0,0,0,5,"2446,1610612759",5,3,56.71,2,20,17,34,6,1,2446,Rasual Butler,2,2,4,8,SAS,1610612759,2,0.4
425,24.0,1,4,5,"203526,1610612762",7,4,119.011666667,36,30,52,100,11,9,203526,Raul Neto,0,2,6,12,UTA,1610612762,3,0.429
426,25.0,1,3,5,"203492,1610612763",6,4,80.6333333333,20,32,40,50,9,5,203492,Ray McCallum,2,4,9,12,MEM,1610612763,2,0.333
427,32.0,1,2,5,"101109,1610612742",5,5,103.681666667,37,28,34,80,9,4,101109,Raymond Felton,7,6,2,34,DAL,1610612742,0,0.0
428,25.0,0,1,5,"203493,1610612765",6,3,115.545,28,19,33,84,10,3,203493,Reggie Bullock,2,15,13,18,DET,1610612765,3,0.5
429,26.0,3,7,5,"202704,1610612765",6,4,175.683333333,39,35,65,124,13,21,202704,Reggie Jackson,5,12,16,32,DET,1610612765,2,0.333
430,29.0,1,0,5,"202130,1610612759",6,4,64.7,14,39,34,48,1,4,202130,Reggie Williams,0,0,6,2,SAS,1610612759,2,0.333
431,36.0,0,1,5,"2210,1610612739",6,5,137.018333333,31,29,75,98,15,15,2210,Richard Jefferson,6,2,10,16,CLE,1610612739,1,0.167
432,22.0,3,1,5,"1626158,1610612755",7,5,102.001666667,13,26,46,80,20,8,1626158,Richaun Holmes,3,0,3,10,PHI,1610612755,2,0.286
433,25.0,0,0,5,"201937,1610612750",3,2,74.7333333333,18,25,22,58,9,10,201937,Ricky Rubio,2,1,2,4,MIN,1610612750,1,0.333
434,25.0,4,4,5,"203496,1610612755",7,5,169.34,39,68,67,132,20,17,203496,Robert Covington,16,10,23,18,PHI,1610612755,2,0.286
435,27.0,2,0,5,"203135,1610612747",4,2,43.8833333333,12,16,13,34,8,4,203135,Robert Sacre,1,0,0,6,LAL,1610612747,2,0.5
436,22.0,3,0,5,"1626193,1610612747",4,1,54.05,13,9,20,54,10,2,1626193,Robert Upshaw,0,0,0,6,LAL,1610612747,3,0.75
437,28.0,4,1,5,"201577,1610612752",5,1,91.05,33,20,23,86,10,10,201577,Robin Lopez,7,2,6,14,NYK,1610612752,4,0.8
438,23.0,1,2,5,"203918,1610612762",7,4,162.2,55,35,57,114,17,16,203918,Rodney Hood,5,7,17,34,UTA,1610612762,3,0.429
439,30.0,1,1,5,"201155,1610612754",6,2,108.55,30,36,22,74,7,7,201155,Rodney Stuckey,4,10,7,16,IND,1610612754,4,0.667
440,24.0,0,0,5,"204040,1610612761",3,1,22.85,6,5,9,30,4,3,204040,Ronald Roberts,2,0,1,4,TOR,1610612761,2,0.667
441,21.0,1,1,5,"1626178,1610612751",5,3,84.7,26,13,32,68,9,7,1626178,Rondae Hollis-Jefferson,0,4,4,6,BKN,1610612751,2,0.4
442,33.0,0,1,5,"101179,1610612756",3,1,64.55,23,20,24,56,10,8,101179,Ronnie Price,2,0,2,6,PHX,1610612756,2,0.667
443,29.0,12,3,5,"201579,1610612747",8,5,174.5,39,45,66,154,16,23,201579,Roy Hibbert,21,0,6,32,LAL,1610612747,3,0.375
444,29.0,3,3,5,"200752,1610612758",5,1,136.583333333,24,37,51,104,8,15,200752,Rudy Gay,8,18,21,32,SAC,1610612758,4,0.8
445,24.0,7,1,5,"203497,1610612762",6,3,139.365,41,42,64,102,15,19,203497,Rudy Gobert,7,7,11,30,UTA,1610612762,3,0.5
446,25.0,1,4,5,"203893,1610612763",5,1,108.576666667,24,29,50,74,8,14,203893,Russ Smith,5,9,6,22,MEM,1610612763,4,0.8
447,27.0,1,6,5,"201566,1610612760",5,0,125.35,27,37,56,96,13,23,201566,Russell Westbrook,7,18,14,42,OKC,1610612760,5,1.0
448,28.0,2,4,5,"201583,1610612740",7,4,169.558333333,48,47,54,140,15,14,201583,Ryan Anderson,6,8,6,22,NOP,1610612740,3,0.429
449,23.0,1,1,5,"1626207,1610612751",4,3,55.5966666667,7,15,24,34,5,3,1626207,Ryan Boatright,0,2,2,2,BKN,1610612751,1,0.25
450,31.0,3,1,5,"200797,1610612763",7,1,80.6616666667,12,23,30,48,8,16,200797,Ryan Hollins,7,2,5,26,MEM,1610612763,6,0.857
451,25.0,4,4,5,"203527,1610612747",7,4,110.45,33,44,48,102,11,13,203527,Ryan Kelly,5,6,11,20,LAL,1610612747,3,0.429
452,30.0,4,2,5,"1626257,1610612742",5,5,76.795,20,20,20,56,8,10,1626257,Salah Mejri,7,3,9,12,DAL,1610612742,0,0.0
453,22.0,1,3,5,"1626155,1610612745",8,5,148.133333333,42,63,66,136,11,8,1626155,Sam Dekker,12,7,2,16,HOU,1610612745,3,0.375
454,23.0,0,1,5,"1626280,1610612766",5,1,30.3,3,7,12,16,2,0,1626280,Sam Thompson,0,0,0,4,CHA,1610612766,4,0.8
455,25.0,1,0,5,"1627258,1610612763",5,1,24.055,0,9,12,12,3,1,1627258,Sampson Carter,0,2,2,2,MEM,1610612763,4,0.8
456,36.0,5,0,5,"2223,1610612742",4,4,51.185,22,18,19,48,7,3,2223,Samuel Dalembert,2,0,4,10,DAL,1610612742,0,0.0
457,31.0,2,1,5,"201619,1610612739",6,6,108.116666667,22,24,69,78,15,9,201619,Sasha Kaun,4,0,6,10,CLE,1610612739,0,0.0
458,32.0,1,1,5,"2756,1610612752",5,1,101.466666667,22,30,28,90,10,13,2756,Sasha Vujacic,7,5,5,6,NYK,1610612752,4,0.8
459,23.0,0,1,5,"203959,1610612755",5,4,87.9666666667,13,34,42,94,3,7,203959,Scottie Wilbekin,0,8,16,14,PHI,1610612755,1,0.2
460,26.0,0,2,5,"203930,1610612751",5,3,71.2,21,31,26,84,5,6,203930,Sean Kilpatrick,4,8,13,16,BKN,1610612751,2,0.4
461,26.0,8,1,5,"201586,1610612760",5,0,125.835,28,36,58,100,10,7,201586,Serge Ibaka,9,6,5,22,OKC,1610612760,5,1.0
462,22.0,1,1,5,"203508,1610612751",3,3,54.3666666667,16,22,25,36,6,4,203508,Sergey Karasev,2,1,0,4,BKN,1610612751,0,0.0
463,25.0,0,0,5,"203552,1610612758",3,0,28.8083333333,5,8,14,14,4,3,203552,Seth Curry,0,3,1,4,SAC,1610612758,3,1.0
464,23.0,0,6,5,"203498,1610612750",7,5,123.283333333,36,39,40,114,9,19,203498,Shabazz Muhammad,9,6,16,30,MIN,1610612750,2,0.286
465,24.0,0,2,5,"203894,1610612753",6,2,110.4,17,17,28,70,11,11,203894,Shabazz Napier,6,11,9,12,ORL,1610612753,4,0.667
466,23.0,0,4,5,"203499,1610612751",5,3,122.893333333,33,32,44,102,12,8,203499,Shane Larkin,4,1,3,14,BKN,1610612751,2,0.4
467,23.0,0,0,5,"1626263,1610612761",2,2,15.65,6,3,13,12,3,2,1626263,Shannon Scott,0,2,0,2,TOR,1610612761,0,0.0
468,30.0,0,1,5,"2733,1610612744",6,3,101.4,39,26,42,80,6,8,2733,Shaun Livingston,5,4,0,16,GSW,1610612744,3,0.5
469,25.0,1,1,5,"203963,1610612754",7,2,55.5666666667,20,19,14,44,13,6,203963,Shayne Whittington,2,0,2,12,IND,1610612754,5,0.714
470,26.0,0,0,5,"202714,1610612762",6,2,94.4333333333,18,28,46,70,2,7,202714,Shelvin Mack,3,7,10,14,UTA,1610612762,4,0.667
471,25.0,0,1,5,"203524,1610612754",3,2,41.3466666667,15,10,19,36,2,6,203524,Solomon Hill,9,0,2,10,IND,1610612754,1,0.333
472,29.0,0,1,5,"201603,1610612755",6,2,131.116666667,58,37,58,120,12,5,201603,Sonny Weems,5,10,8,22,PHI,1610612755,4,0.667
473,23.0,2,3,5,"203915,1610612765",8,5,161.385,44,24,51,106,18,18,203915,Spencer Dinwiddie,8,8,6,14,DET,1610612765,3,0.375
474,28.0,4,1,5,"201150,1610612766",6,0,113.378333333,20,27,42,82,10,4,201150,Spencer Hawes,0,0,0,14,CHA,1610612766,6,1.0
475,20.0,3,7,5,"1626169,1610612765",8,5,219.275,64,47,85,152,23,22,1626169,Stanley Johnson,13,16,23,46,DET,1610612765,3,0.375
476,31.0,0,0,5,"202513,1610612741",1,0,1.41666666667,0,0,3,0,1,0,202513,Stefhon Hannah,0,0,0,0,CHI,1610612741,1,1.0
477,28.0,1,0,5,"201939,1610612744",6,3,139.5,59,39,67,122,16,18,201939,Stephen Curry,0,28,16,24,GSW,1610612744,3,0.5
478,36.0,0,0,5,"2581,1610612765",1,0,24.0,3,8,5,16,2,1,2581,Steve Blake,0,0,0,2,DET,1610612765,1,1.0
479,33.0,1,0,5,"200779,1610612749",6,1,42.2333333333,16,12,16,34,0,1,200779,Steve Novak,2,0,0,0,MIL,1610612749,5,0.833
480,22.0,5,3,5,"203500,1610612760",5,1,127.698333333,39,33,56,114,14,25,203500,Steven Adams,19,0,10,38,OKC,1610612760,4,0.8
481,24.0,1,1,5,"204456,1610612755",5,3,110.48,20,33,47,116,10,10,204456,TJ McConnell,0,4,9,18,PHI,1610612755,2,0.4
482,22.0,0,3,5,"203933,1610612756",6,2,151.866666667,47,47,55,134,18,13,203933,TJ Warren,12,38,32,54,PHX,1610612756,4,0.667
483,31.0,6,1,5,"201959,1610612741",4,2,71.0666666667,17,14,29,42,5,11,201959,Taj Gibson,15,4,2,24,CHI,1610612741,2,0.5
484,25.0,2,0,5,"204075,1610612760",4,1,23.565,7,2,3,12,1,1,204075,Talib Zanna,2,6,2,6,OKC,1610612760,3,0.75
485,24.0,1,2,5,"204028,1610612747",3,1,43.1333333333,7,8,16,32,5,3,204028,Tarik Black,6,4,8,20,LAL,1610612747,2,0.667
486,36.0,0,1,5,"2419,1610612750",6,4,86.4,11,14,27,62,5,4,2419,Tayshaun Prince,0,3,6,6,MIN,1610612750,2,0.333
487,23.0,0,0,5,"1626189,1610612737",3,0,21.5166666667,0,4,13,14,4,1,1626189,Terran Petteway,0,0,0,0,ATL,1610612737,3,1.0
488,24.0,3,7,5,"203093,1610612745",6,5,142.06,28,55,57,142,7,15,203093,Terrence Jones,14,16,9,42,HOU,1610612745,1,0.167
489,25.0,5,0,5,"203082,1610612761",6,1,120.86,25,17,38,74,11,4,203082,Terrence Ross,2,5,3,6,TOR,1610612761,5,0.833
490,26.0,1,0,5,"202358,1610612756",2,0,8.13333333333,2,5,5,6,0,0,202358,Terrico White,0,0,0,0,PHX,1610612756,2,1.0
491,22.0,0,2,5,"1626179,1610612738",5,0,92.8333333333,15,17,27,56,6,10,1626179,Terry Rozier,5,9,16,14,BOS,1610612738,5,1.0
492,32.0,3,1,5,"200757,1610612737",4,2,57.885,19,11,21,40,4,4,200757,Thabo Sefolosha,0,0,2,8,ATL,1610612737,2,0.5
493,28.0,0,3,5,"201152,1610612751",5,3,126.785,35,25,50,98,11,16,201152,Thaddeus Young,4,5,7,48,BKN,1610612751,2,0.4
494,23.0,1,1,5,"203648,1610612752",3,2,13.1016666667,8,7,0,14,1,1,203648,Thanasis Antetokounmpo,0,0,0,0,NYK,1610612752,1,0.333
495,25.0,5,4,5,"203080,1610612751",4,3,85.8133333333,25,21,41,76,10,7,203080,Thomas Robinson,12,6,6,30,BKN,1610612751,1,0.25
496,31.0,4,2,5,"201168,1610612737",5,1,79.425,17,33,24,54,9,12,201168,Tiago Splitter,1,4,7,8,ATL,1610612737,4,0.8
497,26.0,1,2,5,"202353,1610612762",6,3,61.1666666667,15,9,28,44,10,4,202353,Tibor Pleiss,2,0,0,8,UTA,1610612762,3,0.5
498,40.0,3,2,5,"1495,1610612759",5,3,89.6666666667,7,39,34,68,4,6,1495,Tim Duncan,4,2,6,28,SAS,1610612759,2,0.4
499,25.0,0,0,5,"204025,1610612740",4,2,58.8833333333,14,16,29,38,11,5,204025,Tim Frazier,2,2,2,4,NOP,1610612740,2,0.5
500,24.0,0,3,5,"203501,1610612737",7,3,135.863333333,30,34,52,90,9,6,203501,Tim Hardaway Jr.,2,0,11,6,ATL,1610612737,4,0.571
501,29.0,3,4,5,"202389,1610612739",5,4,124.816666667,23,35,54,94,10,20,202389,Timofey Mozgov,7,4,4,38,CLE,1610612739,1,0.2
502,23.0,3,3,5,"202699,1610612765",7,2,181.92,47,39,66,114,22,14,202699,Tobias Harris,8,17,11,50,DET,1610612765,5,0.714
503,30.0,1,2,5,"201962,1610612740",5,1,58.1516666667,16,18,14,46,7,9,201962,Toney Douglas,4,4,6,8,NOP,1610612740,4,0.8
504,34.0,0,2,5,"2754,1610612763",4,0,76.5516666667,2,27,29,50,11,7,2754,Tony Allen,0,6,13,14,MEM,1610612763,4,1.0
505,34.0,0,2,5,"2225,1610612759",4,3,92.5,13,42,35,74,7,11,2225,Tony Parker,2,8,10,12,SAS,1610612759,1,0.25
506,24.0,2,5,5,"203503,1610612741",7,3,200.966666667,38,68,70,138,16,9,203503,Tony Snell,4,14,15,26,CHI,1610612741,4,0.571
507,26.0,0,0,5,"203315,1610612764",4,1,30.1833333333,8,14,18,44,5,3,203315,Toure Murry,0,4,4,6,WAS,1610612764,3,0.75
508,23.0,0,1,5,"1626275,1610612752",2,2,14.1666666667,9,3,0,12,2,1,1626275,Travis Trice II,0,2,0,0,NYK,1610612752,0,0.0
509,31.0,0,0,5,"201645,1610612748",2,1,27.5466666667,8,16,17,22,2,1,201645,Tre Kelley,0,0,2,4,MIA,1610612748,1,0.5
510,22.0,0,2,5,"1626203,1610612762",2,2,18.2333333333,13,2,7,22,1,2,1626203,Treveon Graham,1,0,1,0,UTA,1610612762,0,0.0
511,30.0,1,1,5,"2772,1610612745",6,4,159.066666667,46,44,57,132,7,6,2772,Trevor Ariza,9,28,23,36,HOU,1610612745,2,0.333
512,28.0,2,3,5,"202344,1610612762",7,4,116.116666667,44,34,57,96,9,10,202344,Trevor Booker,5,5,6,20,UTA,1610612762,3,0.429
513,23.0,0,6,5,"203504,1610612762",6,3,147.385,50,39,65,114,5,12,203504,Trey Burke,2,20,30,34,UTA,1610612762,3,0.5
514,20.0,1,1,5,"1626168,1610612762",6,3,92.7366666667,32,15,28,70,10,6,1626168,Trey Lyles,2,4,8,22,UTA,1610612762,3,0.5
515,24.0,0,0,5,"203584,1610612766",3,1,61.2666666667,11,16,13,42,5,3,203584,Troy Daniels,2,3,3,2,CHA,1610612766,2,0.667
516,28.0,0,1,5,"201951,1610612754",5,4,112.955,29,32,46,112,11,12,201951,Ty Lawson,2,12,15,18,IND,1610612754,1,0.2
517,30.0,2,5,5,"201946,1610612766",4,1,90.15,8,37,26,78,13,16,201946,Tyler Hansbrough,10,0,7,14,CHA,1610612766,3,0.75
518,24.0,1,4,5,"204020,1610612748",8,4,134.456666667,31,20,26,72,12,10,204020,Tyler Johnson,8,10,11,24,MIA,1610612748,4,0.5
519,26.0,5,3,5,"203092,1610612738",7,1,105.6,26,15,26,98,15,12,203092,Tyler Zeller,15,8,12,42,BOS,1610612738,6,0.857
520,26.0,0,1,5,"201936,1610612740",2,1,48.135,6,16,18,30,4,7,201936,Tyreke Evans,4,9,0,18,NOP,1610612740,1,0.5
521,33.0,2,0,5,"2199,1610612756",4,1,62.1166666667,28,12,22,60,7,4,2199,Tyson Chandler,6,1,4,10,PHX,1610612756,3,0.75
522,20.0,0,1,5,"1626145,1610612750",6,4,97.6183333333,29,52,38,110,6,8,1626145,Tyus Jones,0,2,2,8,MIN,1610612750,2,0.333
523,36.0,1,2,5,"2617,1610612748",5,2,64.125,19,17,30,50,13,2,2617,Udonis Haslem,0,0,2,6,MIA,1610612748,3,0.6
524,24.0,2,7,5,"203506,1610612753",8,2,193.286666667,47,42,67,124,17,12,203506,Victor Oladipo,11,30,29,32,ORL,1610612753,6,0.75
525,39.0,2,0,5,"1713,1610612763",5,1,75.7616666667,18,30,41,66,13,7,1713,Vince Carter,3,0,0,4,MEM,1610612763,4,0.8
526,21.0,0,0,5,"1626205,1610612758",1,0,2.48333333333,0,4,5,2,0,0,1626205,Vincent Hunter,0,0,0,0,SAC,1610612758,1,1.0
527,24.0,9,2,5,"204002,1610612737",6,2,102.451666667,15,17,57,52,20,13,204002,Walter Tavares,11,6,7,30,ATL,1610612737,4,0.667
528,28.0,0,2,5,"201961,1610612751",5,3,110.8,37,20,52,104,7,8,201961,Wayne Ellington,6,8,16,4,BKN,1610612751,2,0.4
529,28.0,2,0,5,"202325,1610612746",6,3,112.518333333,21,33,30,100,12,5,202325,Wesley Johnson,0,2,4,4,LAC,1610612746,3,0.5
530,29.0,0,1,5,"202083,1610612742",1,1,15.5333333333,4,4,6,10,1,0,202083,Wesley Matthews,0,0,0,2,DAL,1610612742,0,0.0
531,23.0,0,0,5,"1626201,1610612752",2,2,7.2,2,3,0,8,1,0,1626201,Wesley Saunders,0,0,2,2,NYK,1610612752,0,0.0
532,25.0,4,8,5,"203115,1610612743",7,3,177.766666667,57,45,53,128,9,18,203115,Will Barton,9,19,16,34,DEN,1610612743,4,0.571
533,23.0,0,2,5,"1626270,1610612745",6,3,74.9166666667,12,48,31,82,13,15,1626270,Will Cummings,5,4,0,6,HOU,1610612745,3,0.5
534,22.0,8,4,5,"1626161,1610612758",6,1,141.1,21,57,50,82,16,9,1626161,Willie Cauley-Stein,11,3,8,26,SAC,1610612758,5,0.833
535,26.0,0,0,5,"203186,1610612751",1,1,5.08333333333,0,1,1,0,0,1,203186,Willie Reed,0,0,0,0,BKN,1610612751,0,0.0
536,29.0,3,3,5,"201163,1610612743",5,2,133.216666667,28,46,55,102,10,13,201163,Wilson Chandler,8,4,9,16,DEN,1610612743,3,0.6
537,33.0,0,1,5,"200821,1610612763",6,1,95.7333333333,19,25,47,52,6,2,200821,Yakhouba Diawara,0,0,0,0,MEM,1610612763,5,0.833
538,24.0,0,0,5,"1626304,1610612759",3,3,30.1,10,18,12,28,6,9,1626304,Youssou Ndoye,0,3,6,2,SAS,1610612759,0,0.0
539,21.0,3,7,5,"203897,1610612750",7,5,163.816666667,58,54,49,154,6,12,203897,Zach LaVine,4,13,16,12,MIN,1610612750,2,0.286
540,34.0,2,2,5,"2216,1610612763",5,0,113.541666667,9,41,41,68,10,9,2216,Zach Randolph,7,1,6,12,MEM,1610612763,5,1.0
541,32.0,1,1,5,"2585,1610612742",6,6,116.666666667,41,43,49,86,16,15,2585,Zaza Pachulia,14,4,4,18,DAL,1610612742,0,0.0
