,AGE,BLK,CFID,CFPARAMS,DEF_RATING,DEF_WS,DREB,DREB_PCT,GP,L,MIN,OPP_PTS_2ND_CHANCE,OPP_PTS_FB,OPP_PTS_OFF_TOV,OPP_PTS_PAINT,PCT_BLK,PCT_DREB,PCT_STL,PLAYER_ID,PLAYER_NAME,STL,TEAM_ABBREVIATION,TEAM_ID,W,W_PCT
0,31.0,0.1,5,"201166,1610612741",103.5,0.017,1.2,0.078,69,33,16.1,4.2,4.6,5.2,13.8,0.089,0.101,0.226,201166,Aaron Brooks,0.4,CHI,1610612741,36,0.522
1,20.0,0.7,5,"203932,1610612753",104.2,0.024,4.5,0.21,78,46,23.9,5.2,6.7,7.8,21.9,0.252,0.273,0.186,203932,Aaron Gordon,0.8,ORL,1610612753,32,0.41
2,21.0,0.0,5,"1626151,1610612766",98.7,0.008,0.5,0.133,21,6,4.4,1.0,2.2,1.9,4.2,0.0,0.164,0.316,1626151,Aaron Harrison,0.3,CHA,1610612766,15,0.714
3,25.0,0.2,5,"203940,1610612750",111.5,0.001,1.8,0.22,52,34,9.3,2.9,3.1,4.0,10.3,0.234,0.294,0.203,203940,Adreian Payne,0.3,MIN,1610612750,18,0.346
4,30.0,1.5,5,"201143,1610612737",98.2,0.056,5.5,0.18,82,34,32.1,8.7,7.6,10.0,26.7,0.383,0.241,0.144,201143,Al Horford,0.8,ATL,1610612737,48,0.585
5,31.0,0.9,5,"2744,1610612766",99.7,0.037,5.2,0.244,47,14,23.3,5.5,5.7,6.0,20.4,0.306,0.302,0.166,2744,Al Jefferson,0.6,CHA,1610612766,33,0.702
6,25.0,0.6,5,"202329,1610612757",106.2,0.022,4.9,0.185,82,38,28.5,7.5,6.5,10.0,26.2,0.23,0.245,0.202,202329,Al-Farouq Aminu,0.9,POR,1610612757,44,0.537
7,33.0,0.1,5,"101187,1610612764",98.2,0.025,2.0,0.149,13,5,14.8,2.8,2.9,3.4,9.5,0.067,0.187,0.125,101187,Alan Anderson,0.3,WAS,1610612764,8,0.615
8,23.0,0.5,5,"1626210,1610612756",109.8,0.002,2.4,0.387,10,7,6.8,1.9,2.8,2.0,7.6,0.5,0.48,0.286,1626210,Alan Williams,0.4,PHX,1610612756,3,0.3
9,24.0,0.1,5,"202692,1610612762",102.7,0.031,3.0,0.139,31,18,25.7,5.6,7.0,7.6,19.9,0.045,0.182,0.133,202692,Alec Burks,0.6,UTA,1610612762,13,0.419
10,23.0,0.8,5,"203458,1610612756",105.2,0.02,5.3,0.248,78,55,23.3,6.3,8.0,10.0,20.6,0.392,0.319,0.138,203458,Alex Len,0.5,PHX,1610612756,23,0.295
11,28.0,0.6,5,"1627293,1610612763",95.2,0.02,1.1,0.122,8,6,9.0,2.1,4.9,2.5,7.5,0.625,0.158,0.067,1627293,Alex Stepheson,0.1,MEM,1610612763,2,0.25
12,28.0,0.6,5,"201582,1610612740",102.6,0.017,3.3,0.257,59,39,14.6,2.8,3.1,4.2,11.6,0.545,0.328,0.13,201582,Alexis Ajinca,0.3,NOP,1610612740,20,0.339
13,24.0,0.2,5,"203459,1610612757",106.1,0.02,2.3,0.097,81,38,26.0,6.9,6.1,8.7,21.6,0.08,0.128,0.213,203459,Allen Crabbe,0.8,POR,1610612757,43,0.531
14,29.0,0.2,5,"202087,1610612740",104.1,0.023,2.5,0.126,73,46,22.4,6.1,5.3,6.8,21.0,0.087,0.16,0.227,202087,Alonzo Gee,0.9,NOP,1610612740,27,0.37
15,33.0,0.8,5,"2405,1610612748",102.4,0.018,3.0,0.229,52,22,14.7,3.3,4.1,4.7,13.0,0.5,0.29,0.161,2405,Amar'e Stoudemire,0.3,MIA,1610612748,30,0.577
16,29.0,1.1,5,"101161,1610612738",101.3,0.031,4.1,0.194,79,34,22.8,6.7,4.8,7.2,20.1,0.472,0.261,0.151,101161,Amir Johnson,0.7,BOS,1610612738,45,0.57
17,33.0,0.2,5,"2760,1610612744",102.6,0.011,2.0,0.23,53,12,9.4,2.6,2.3,3.3,7.6,0.25,0.301,0.198,2760,Anderson Varejao,0.3,GSW,1610612744,41,0.774
18,22.0,1.4,5,"203083,1610612765",102.3,0.041,9.9,0.343,81,38,32.9,7.1,7.0,9.6,30.6,0.549,0.436,0.293,203083,Andre Drummond,1.5,DET,1610612765,43,0.531
19,32.0,0.3,5,"2738,1610612744",99.2,0.044,3.2,0.127,65,6,26.6,7.8,7.9,9.5,25.1,0.09,0.171,0.222,2738,Andre Iguodala,1.1,GSW,1610612744,59,0.908
20,40.0,0.0,5,"1889,1610612759",105.9,0.009,1.0,0.101,39,19,11.8,3.0,3.2,4.3,9.3,0.0,0.136,0.239,1889,Andre Miller,0.4,SAS,1610612759,20,0.513
21,24.0,0.6,5,"203460,1610612760",100.8,0.032,2.5,0.113,70,22,22.2,6.4,5.4,7.8,20.3,0.186,0.147,0.209,203460,Andre Roberson,0.8,OKC,1610612760,48,0.686
22,30.0,0.2,5,"200745,1610612751",111.2,0.002,1.5,0.135,46,35,13.8,3.0,3.4,5.2,13.8,0.153,0.18,0.057,200745,Andrea Bargnani,0.1,BKN,1610612751,11,0.239
23,31.0,1.6,5,"101106,1610612744",97.2,0.039,5.3,0.252,70,8,20.7,5.5,5.8,6.9,17.6,0.567,0.324,0.145,101106,Andrew Bogut,0.5,GSW,1610612744,62,0.886
24,27.0,0.3,5,"202726,1610612745",94.4,0.015,0.1,0.015,8,3,6.2,4.0,1.6,3.9,6.0,0.154,0.027,0.5,202726,Andrew Goudelock,0.8,HOU,1610612745,5,0.625
25,26.0,0.4,5,"203094,1610612753",98.6,0.024,3.0,0.216,56,34,14.7,4.0,3.2,4.3,12.1,0.232,0.282,0.082,203094,Andrew Nicholson,0.2,ORL,1610612753,22,0.393
26,21.0,0.6,5,"203952,1610612750",106.6,0.025,2.3,0.074,81,52,35.1,9.5,9.9,12.3,33.6,0.158,0.1,0.161,203952,Andrew Wiggins,1.0,MIN,1610612750,29,0.358
27,23.0,0.0,5,"203461,1610612761",114.3,-0.001,0.9,0.293,19,7,4.4,0.3,1.5,1.8,3.8,0.0,0.327,0.238,203461,Anthony Bennett,0.3,TOR,1610612761,12,0.632
28,23.0,0.2,5,"1626148,1610612747",103.1,0.023,2.1,0.116,29,25,20.6,5.0,6.7,6.1,19.7,0.093,0.151,0.161,1626148,Anthony Brown,0.5,LAL,1610612747,4,0.138
29,23.0,2.0,5,"203076,1610612740",107.3,0.022,8.1,0.262,61,37,35.5,8.4,9.0,10.7,31.7,0.568,0.332,0.226,203076,Anthony Davis,1.3,NOP,1610612740,24,0.393
30,30.0,0.1,5,"201627,1610612760",105.7,0.011,0.8,0.06,68,22,13.6,4.0,3.9,5.1,13.4,0.053,0.08,0.167,201627,Anthony Morrow,0.3,OKC,1610612760,46,0.676
31,31.0,0.2,5,"201229,1610612765",102.4,0.022,2.6,0.159,72,36,18.6,4.0,3.9,4.8,16.8,0.144,0.198,0.142,201229,Anthony Tolliver,0.4,DET,1610612765,36,0.5
32,21.0,0.2,5,"203462,1610612756",111.6,0.001,2.0,0.114,57,43,19.5,5.4,7.7,8.7,18.8,0.153,0.15,0.175,203462,Archie Goodwin,0.5,PHX,1610612756,14,0.246
33,29.0,0.6,5,"203382,1610612765",105.6,0.012,3.0,0.223,81,38,15.2,3.4,3.4,4.8,13.5,0.584,0.278,0.132,203382,Aron Baynes,0.3,DET,1610612765,43,0.531
34,30.0,0.1,5,"201167,1610612752",106.3,0.024,3.4,0.109,71,44,33.4,8.9,8.9,10.1,30.6,0.035,0.142,0.11,201167,Arron Afflalo,0.4,NYK,1610612752,27,0.38
35,23.0,0.1,5,"203085,1610612746",103.3,0.025,1.6,0.08,67,25,21.8,7.6,6.0,7.8,19.5,0.049,0.113,0.181,203085,Austin Rivers,0.7,LAC,1610612746,42,0.627
36,25.0,0.3,5,"202340,1610612738",102.9,0.039,2.3,0.073,76,31,33.4,10.7,7.4,10.1,29.7,0.083,0.1,0.238,202340,Avery Bradley,1.5,BOS,1610612738,45,0.592
37,23.0,0.3,5,"1626253,1610612743",109.7,0.005,1.1,0.087,21,12,14.5,4.2,3.9,5.4,14.3,0.167,0.114,0.171,1626253,Axel Toupane,0.3,DEN,1610612743,9,0.429
38,23.0,0.1,5,"203463,1610612758",105.4,0.018,1.7,0.083,68,40,21.2,5.4,6.7,8.9,18.7,0.063,0.11,0.199,203463,Ben McLemore,0.8,SAC,1610612758,28,0.412
39,33.0,0.0,5,"2757,1610612748",102.1,0.02,1.5,0.101,44,18,16.1,3.4,2.9,5.0,12.7,0.011,0.125,0.151,2757,Beno Udrih,0.3,MIA,1610612748,26,0.591
40,23.0,1.6,5,"202687,1610612761",100.6,0.032,5.8,0.281,82,26,22.0,5.3,4.7,6.6,17.6,0.586,0.364,0.073,202687,Bismack Biyombo,0.2,TOR,1610612761,56,0.683
41,27.0,0.5,5,"201933,1610612746",100.0,0.051,6.9,0.221,35,13,33.4,8.4,7.6,9.8,28.1,0.145,0.291,0.164,201933,Blake Griffin,0.8,LAC,1610612746,22,0.629
42,27.0,0.4,5,"1626246,1610612759",103.0,0.011,2.2,0.275,54,7,9.4,2.0,3.0,3.3,7.6,0.442,0.355,0.15,1626246,Boban Marjanovic,0.2,SAS,1610612759,47,0.87
43,21.0,0.4,5,"1626171,1610612741",108.6,0.008,3.5,0.21,62,33,17.8,4.9,5.0,5.9,16.4,0.206,0.275,0.21,1626171,Bobby Portis,0.4,CHI,1610612741,29,0.468
44,27.0,0.1,5,"202711,1610612751",109.4,0.01,2.8,0.118,79,58,26.8,6.5,8.9,10.8,27.8,0.027,0.159,0.092,202711,Bojan Bogdanovic,0.4,BKN,1610612751,21,0.266
45,34.0,0.3,5,"2564,1610612759",96.6,0.036,2.3,0.139,76,12,18.2,4.1,4.2,5.6,16.6,0.132,0.175,0.113,2564,Boris Diaw,0.3,SAS,1610612759,64,0.842
46,22.0,0.2,5,"203078,1610612764",105.2,0.027,2.7,0.099,55,27,31.1,7.5,8.3,10.5,26.7,0.079,0.128,0.179,203078,Bradley Beal,1.0,WAS,1610612764,28,0.509
47,28.0,1.3,5,"201148,1610612763",113.1,-0.002,2.4,0.148,12,6,17.7,5.1,5.1,7.2,14.8,0.652,0.204,0.156,201148,Brandan Wright,0.4,MEM,1610612763,6,0.5
48,23.0,0.2,5,"1626183,1610612746",122.6,-0.006,0.3,0.067,6,1,4.8,2.0,3.7,2.3,7.0,0.333,0.105,0.0,1626183,Branden Dawson,0.0,LAC,1610612746,5,0.833
49,31.0,0.8,5,"101138,1610612747",106.9,0.013,2.7,0.153,66,50,20.3,5.8,6.2,6.6,20.6,0.491,0.205,0.156,101138,Brandon Bass,0.5,LAL,1610612747,16,0.242
50,26.0,0.1,5,"201943,1610612753",103.3,0.02,1.7,0.103,48,28,18.1,3.9,4.6,5.6,15.8,0.081,0.128,0.2,201943,Brandon Jennings,0.6,ORL,1610612753,20,0.417
51,24.0,0.4,5,"202688,1610612756",107.5,0.021,3.2,0.099,52,36,36.0,9.5,12.8,14.8,32.7,0.129,0.128,0.202,202688,Brandon Knight,1.2,PHX,1610612756,16,0.308
52,30.0,0.3,5,"201575,1610612744",108.7,0.006,2.2,0.154,72,9,14.6,4.9,4.8,5.6,14.5,0.163,0.205,0.128,201575,Brandon Rush,0.3,GSW,1610612744,63,0.875
53,30.0,0.0,5,"203148,1610612757",105.4,0.008,0.7,0.086,51,25,9.2,2.0,2.4,2.7,7.2,0.071,0.108,0.156,203148,Brian Roberts,0.2,POR,1610612757,26,0.51
54,23.0,0.4,5,"1627362,1610612748",118.8,-0.02,2.4,0.127,7,4,24.1,5.9,9.0,8.9,22.3,0.188,0.163,0.36,1627362,Briante Weber,1.3,MIA,1610612748,3,0.429
55,28.0,1.7,5,"201572,1610612751",106.3,0.025,5.1,0.167,73,52,33.7,7.9,10.0,12.4,31.5,0.663,0.216,0.151,201572,Brook Lopez,0.8,BKN,1610612751,21,0.288
56,20.0,0.2,5,"203998,1610612761",94.7,0.017,0.2,0.024,6,0,7.1,2.2,1.8,2.2,7.3,0.125,0.028,0.25,203998,Bruno Caboclo,0.3,TOR,1610612761,6,1.0
57,23.0,0.0,5,"203955,1610612763",135.0,-0.013,0.0,0.0,8,7,4.8,2.1,1.3,2.4,5.8,0.0,0.0,0.429,203955,Bryce Cotton,0.4,MEM,1610612763,1,0.125
58,23.0,0.1,5,"1626214,1610612740",106.4,0.014,2.9,0.175,14,6,19.9,3.6,4.6,5.3,19.4,0.083,0.215,0.244,1626214,Bryce Dejean-Jones,0.7,NOP,1610612740,8,0.571
59,24.0,0.3,5,"203468,1610612757",104.8,0.032,2.7,0.084,80,36,34.7,8.6,8.0,11.5,29.2,0.082,0.109,0.233,203468,CJ McCollum,1.2,POR,1610612757,44,0.55
60,29.0,0.5,5,"101139,1610612754",102.8,0.027,2.3,0.112,64,30,22.9,6.5,6.0,8.0,20.4,0.197,0.151,0.19,101139,CJ Miles,0.8,IND,1610612754,34,0.531
61,32.0,0.2,5,"201228,1610612753",107.3,0.013,1.7,0.094,33,19,19.9,5.2,4.9,6.7,19.9,0.068,0.126,0.176,201228,CJ Watson,0.6,ORL,1610612753,14,0.424
62,25.0,0.1,5,"203912,1610612746",97.2,0.014,0.5,0.063,23,8,7.3,2.5,2.3,2.1,6.7,0.125,0.086,0.323,203912,CJ Wilcox,0.4,LAC,1610612746,15,0.652
63,25.0,0.2,5,"203946,1610612741",98.3,0.01,1.3,0.235,18,14,5.7,1.5,2.1,1.9,3.3,0.231,0.304,0.154,203946,Cameron Bairstow,0.1,CHI,1610612741,4,0.222
64,21.0,0.1,5,"1626166,1610612760",107.1,0.008,1.3,0.121,57,13,12.2,3.5,3.8,4.6,11.2,0.083,0.159,0.321,1626166,Cameron Payne,0.6,OKC,1610612760,44,0.772
65,32.0,0.3,5,"201171,1610612755",112.3,0.0,2.7,0.202,36,31,15.8,4.9,5.1,5.8,15.9,0.15,0.267,0.138,201171,Carl Landry,0.3,PHI,1610612755,5,0.139
66,32.0,0.5,5,"2546,1610612752",105.8,0.028,6.4,0.195,72,40,35.1,9.2,9.6,11.1,31.4,0.127,0.256,0.212,2546,Carmelo Anthony,0.9,NYK,1610612752,32,0.444
67,36.0,0.1,5,"2406,1610612758",105.6,0.008,1.0,0.115,17,15,10.3,2.9,3.2,4.2,9.5,0.091,0.155,0.265,2406,Caron Butler,0.5,SAC,1610612758,2,0.118
68,27.0,0.3,5,"202718,1610612742",104.2,0.03,4.2,0.158,61,32,29.5,8.0,9.9,8.8,25.9,0.175,0.209,0.185,202718,Chandler Parsons,0.8,DAL,1610612742,29,0.475
69,33.0,0.4,5,"101112,1610612739",102.1,0.021,2.8,0.192,70,35,17.1,3.8,4.2,5.5,13.7,0.28,0.25,0.142,101112,Channing Frye,0.4,CLE,1610612739,35,0.5
70,33.0,0.0,5,"101236,1610612745",91.0,0.033,4.0,0.286,2,1,11.9,5.0,4.5,6.5,15.0,0.0,0.4,0.0,101236,Charles Hayes,0.0,HOU,1610612745,1,0.5
71,31.0,0.2,5,"101111,1610612742",106.6,0.008,2.1,0.213,62,33,10.7,2.5,3.5,3.1,9.6,0.268,0.276,0.205,101111,Charlie Villanueva,0.3,DAL,1610612742,29,0.468
72,28.0,0.2,5,"201978,1610612756",102.8,0.016,1.6,0.129,66,37,14.1,4.0,4.0,5.0,13.3,0.119,0.165,0.196,201978,Chase Budinger,0.5,PHX,1610612756,29,0.439
73,37.0,0.5,5,"2365,1610612763",112.1,0.0,2.3,0.191,27,16,14.9,4.1,4.3,4.3,12.4,0.406,0.274,0.183,2365,Chris Andersen,0.6,MEM,1610612763,11,0.407
74,32.0,0.6,5,"2547,1610612748",100.3,0.049,6.5,0.211,53,24,33.5,9.1,6.7,10.5,26.8,0.16,0.271,0.149,2547,Chris Bosh,0.7,MIA,1610612748,29,0.547
75,32.0,0.0,5,"203142,1610612749",119.4,-0.006,0.4,0.073,24,14,6.5,1.8,1.6,2.8,5.6,0.0,0.108,0.1,203142,Chris Copeland,0.1,MIL,1610612749,10,0.417
76,26.0,0.3,5,"203187,1610612762",97.7,0.023,1.5,0.134,70,32,12.2,3.0,2.6,4.0,9.6,0.198,0.169,0.219,203187,Chris Johnson,0.5,UTA,1610612762,38,0.543
77,34.0,0.1,5,"2549,1610612757",106.6,0.005,1.1,0.17,16,5,7.0,1.4,1.5,2.7,5.0,0.111,0.213,0.143,2549,Chris Kaman,0.1,POR,1610612757,11,0.688
78,21.0,0.5,5,"1626191,1610612751",116.3,-0.008,1.8,0.145,24,17,15.1,4.9,4.8,6.8,16.9,0.3,0.208,0.373,1626191,Chris McCullough,1.2,BKN,1610612751,7,0.292
79,31.0,0.2,5,"101108,1610612746",99.8,0.051,3.7,0.119,74,24,32.7,8.1,7.6,8.9,27.1,0.048,0.157,0.359,101108,Chris Paul,2.1,LAC,1610612746,50,0.676
80,20.0,0.4,5,"1626174,1610612755",108.9,0.004,1.5,0.192,17,17,8.5,3.8,3.5,3.0,8.7,0.412,0.275,0.179,1626174,Christian Wood,0.3,PHI,1610612755,0,0.0
81,25.0,0.2,5,"203921,1610612752",95.7,0.019,1.3,0.146,17,11,9.0,2.2,2.2,2.5,7.4,0.143,0.196,0.182,203921,Cleanthony Early,0.1,NYK,1610612752,6,0.353
82,20.0,0.3,5,"1626146,1610612757",108.5,0.002,0.5,0.118,8,5,4.5,1.5,1.0,1.3,3.0,0.5,0.154,0.167,1626146,Cliff Alexander,0.1,POR,1610612757,3,0.375
83,22.0,1.2,5,"203991,1610612745",103.1,0.022,3.9,0.225,77,38,19.1,5.5,5.4,7.5,17.1,0.517,0.309,0.187,203991,Clint Capela,0.8,HOU,1610612745,39,0.506
84,23.0,0.9,5,"203469,1610612766",103.2,0.027,4.3,0.201,73,31,24.3,5.6,6.0,7.2,19.4,0.312,0.251,0.207,203469,Cody Zeller,0.8,CHA,1610612766,42,0.575
85,27.0,1.1,5,"202332,1610612746",99.8,0.02,3.4,0.284,60,19,13.3,4.4,3.5,4.4,11.6,0.654,0.402,0.257,202332,Cole Aldrich,0.8,LAC,1610612746,41,0.683
86,30.0,0.2,5,"201147,1610612745",104.3,0.02,1.9,0.102,82,41,20.4,6.6,5.9,8.4,18.5,0.106,0.14,0.238,201147,Corey Brewer,1.0,HOU,1610612745,41,0.5
87,25.0,0.1,5,"203928,1610612756",107.3,0.004,1.3,0.196,8,6,6.3,1.5,3.1,2.6,6.5,0.25,0.286,0.0,203928,Cory Jefferson,0.0,PHX,1610612756,2,0.25
88,24.0,0.3,5,"202709,1610612761",100.2,0.038,2.1,0.092,80,26,25.6,6.2,5.5,6.7,20.4,0.082,0.121,0.193,202709,Cory Joseph,0.8,TOR,1610612761,54,0.675
89,23.0,0.0,5,"1626262,1610612738",128.7,-0.004,0.3,0.333,3,3,1.9,0.0,0.7,0.7,2.0,0.0,0.333,0.0,1626262,Coty Clarke,0.0,BOS,1610612738,0,0.0
90,30.0,0.4,5,"201584,1610612766",103.3,0.032,2.2,0.087,79,30,29.6,7.2,9.1,8.6,25.2,0.125,0.114,0.209,201584,Courtney Lee,1.1,CHA,1610612766,49,0.62
91,23.0,0.4,5,"1626245,1610612741",101.4,0.014,2.3,0.252,31,17,10.3,2.4,2.8,3.5,8.3,0.406,0.317,0.12,1626245,Cristiano Felicio,0.2,CHI,1610612741,14,0.452
92,20.0,0.2,5,"1626156,1610612747",110.3,0.007,2.8,0.113,80,63,28.2,8.4,10.9,10.3,28.6,0.066,0.152,0.273,1626156,D'Angelo Russell,1.2,LAL,1610612747,17,0.213
93,28.0,0.1,5,"201571,1610612743",105.8,0.015,1.4,0.081,62,27,19.0,5.4,5.5,7.2,18.2,0.035,0.107,0.245,201571,D.J. Augustin,0.6,DEN,1610612743,35,0.565
94,35.0,2.0,5,"2563,1610612739",110.4,0.009,4.0,0.114,1,1,42.4,15.0,7.0,14.0,24.0,0.333,0.143,0.333,2563,Dahntay Jones,1.0,CLE,1610612739,0,0.0
95,25.0,0.4,5,"203081,1610612757",107.3,0.022,3.4,0.105,75,35,35.7,9.2,8.6,12.2,32.5,0.107,0.138,0.173,203081,Damian Lillard,0.9,POR,1610612757,40,0.533
96,21.0,0.2,5,"203996,1610612749",98.9,0.013,1.5,0.195,20,15,7.8,1.9,1.1,3.4,7.7,0.136,0.266,0.194,203996,Damien Inglis,0.3,MIL,1610612749,5,0.25
97,30.0,0.0,5,"204014,1610612750",107.7,0.005,0.5,0.065,33,24,8.4,2.0,2.5,3.7,7.6,0.045,0.086,0.071,204014,Damjan Rudez,0.1,MIN,1610612750,9,0.273
98,27.0,0.4,5,"201568,1610612743",106.9,0.023,4.3,0.143,53,31,34.7,8.3,9.5,11.8,31.2,0.111,0.182,0.143,201568,Danilo Gallinari,0.8,DEN,1610612743,22,0.415
99,29.0,0.8,5,"201980,1610612759",95.3,0.055,3.2,0.134,79,14,26.1,5.7,6.1,6.7,20.7,0.229,0.167,0.222,201980,Danny Green,1.0,SAS,1610612759,65,0.823
100,29.0,0.4,5,"201967,1610612740",109.1,0.009,2.2,0.108,80,52,24.6,4.9,5.5,7.8,22.5,0.231,0.134,0.132,201967,Dante Cunningham,0.5,NOP,1610612740,28,0.35
101,28.0,0.7,5,"201589,1610612743",103.5,0.024,3.0,0.151,70,44,21.7,5.9,6.2,7.7,17.8,0.327,0.201,0.218,201589,Darrell Arthur,0.8,DEN,1610612743,26,0.371
102,28.0,0.1,5,"201954,1610612758",107.2,0.019,1.9,0.07,74,45,30.0,8.5,8.5,10.2,27.1,0.02,0.094,0.182,201954,Darren Collison,1.0,SAC,1610612758,29,0.392
103,23.0,0.0,5,"1626199,1610612765",102.4,0.012,1.1,0.115,38,21,10.1,2.6,2.0,2.9,8.2,0.024,0.145,0.164,1626199,Darrun Hilliard,0.2,DET,1610612765,17,0.447
104,33.0,0.5,5,"101135,1610612742",102.3,0.021,3.7,0.247,55,28,16.4,4.5,4.7,6.1,13.9,0.378,0.322,0.133,101135,David Lee,0.4,DAL,1610612742,27,0.491
105,35.0,0.7,5,"2561,1610612759",95.2,0.038,3.0,0.187,78,15,18.0,4.1,4.3,5.0,14.9,0.362,0.237,0.17,2561,David West,0.6,SAS,1610612759,63,0.808
106,27.0,2.3,5,"201599,1610612746",100.3,0.051,10.3,0.321,77,26,33.7,9.0,8.3,9.4,28.1,0.596,0.425,0.118,201599,DeAndre Jordan,0.7,LAC,1610612746,51,0.662
107,27.0,0.1,5,"201971,1610612764",109.4,0.003,1.3,0.203,29,17,7.5,1.7,1.7,2.1,7.2,0.154,0.28,0.235,201971,DeJuan Blair,0.3,WAS,1610612764,12,0.414
108,26.0,0.3,5,"201942,1610612761",104.1,0.036,3.7,0.116,78,25,35.9,8.8,8.6,11.1,30.5,0.07,0.147,0.184,201942,DeMar DeRozan,1.0,TOR,1610612761,53,0.679
109,25.0,1.4,5,"202326,1610612758",104.4,0.034,9.1,0.274,65,36,34.6,9.4,10.5,13.2,30.5,0.43,0.357,0.233,202326,DeMarcus Cousins,1.6,SAC,1610612758,29,0.446
110,29.0,0.2,5,"201960,1610612761",101.9,0.039,3.5,0.134,26,10,30.2,6.1,8.2,9.6,24.0,0.09,0.168,0.308,201960,DeMarre Carroll,1.7,TOR,1610612761,16,0.615
111,24.0,0.1,5,"1626153,1610612761",100.6,0.012,1.1,0.136,27,8,8.5,2.3,1.6,2.6,6.8,0.125,0.17,0.222,1626153,Delon Wright,0.3,TOR,1610612761,19,0.704
112,22.0,0.1,5,"203471,1610612737",95.7,0.041,2.2,0.123,80,33,20.3,5.4,4.4,6.3,16.2,0.047,0.165,0.226,203471,Dennis Schroder,0.9,ATL,1610612737,47,0.588
113,32.0,0.2,5,"101114,1610612742",104.0,0.033,2.6,0.088,65,34,32.4,8.8,9.9,10.3,27.4,0.096,0.115,0.206,101114,Deron Williams,0.9,DAL,1610612742,31,0.477
114,24.0,1.5,5,"202324,1610612762",103.3,0.035,5.4,0.2,62,32,32.0,6.8,8.4,10.4,26.3,0.46,0.256,0.234,202324,Derrick Favors,1.2,UTA,1610612762,30,0.484
115,27.0,0.2,5,"201565,1610612741",105.8,0.026,2.7,0.086,66,34,31.8,9.9,9.1,10.4,30.8,0.054,0.118,0.176,201565,Derrick Rose,0.7,CHI,1610612741,32,0.485
116,25.0,0.1,5,"202682,1610612752",106.3,0.013,3.1,0.191,80,48,17.9,4.8,5.0,5.5,16.9,0.065,0.256,0.159,202682,Derrick Williams,0.4,NYK,1610612752,32,0.4
117,19.0,0.3,5,"1626164,1610612756",108.5,0.013,2.1,0.083,76,56,27.7,8.0,10.1,11.9,25.4,0.119,0.109,0.142,1626164,Devin Booker,0.6,PHX,1610612756,20,0.263
118,33.0,0.2,5,"2734,1610612742",102.9,0.024,1.9,0.102,64,29,20.0,5.7,6.9,6.5,16.7,0.118,0.137,0.294,2734,Devin Harris,0.9,DAL,1610612742,35,0.547
119,23.0,0.0,5,"203906,1610612753",101.2,0.012,1.1,0.134,28,16,8.9,2.5,1.9,1.9,7.9,0.034,0.176,0.325,203906,Devyn Marble,0.5,ORL,1610612753,12,0.429
120,26.0,0.8,5,"203473,1610612753",103.8,0.013,2.8,0.25,58,37,12.2,3.3,2.9,4.7,11.7,0.489,0.343,0.18,203473,Dewayne Dedmon,0.4,ORL,1610612753,21,0.362
121,24.0,0.2,5,"203079,1610612760",105.4,0.023,2.1,0.082,78,25,27.6,8.1,7.8,10.5,26.3,0.062,0.11,0.243,203079,Dion Waiters,1.0,OKC,1610612760,53,0.679
122,38.0,0.7,5,"1717,1610612742",104.1,0.031,5.8,0.202,75,37,31.5,8.7,10.1,9.2,25.0,0.281,0.267,0.164,1717,Dirk Nowitzki,0.7,DAL,1610612742,38,0.507
123,28.0,0.1,5,"202388,1610612751",108.3,0.011,2.6,0.131,61,48,21.6,5.6,6.3,7.2,22.0,0.038,0.173,0.165,202388,Donald Sloan,0.5,BKN,1610612751,13,0.213
124,25.0,0.1,5,"202700,1610612745",101.2,0.02,1.9,0.14,37,18,14.8,4.7,5.6,6.4,14.9,0.094,0.191,0.153,202700,Donatas Motiejunas,0.5,HOU,1610612745,19,0.514
125,24.0,0.1,5,"203926,1610612741",104.8,0.021,2.0,0.09,81,40,23.0,6.5,6.9,8.0,20.7,0.031,0.118,0.065,203926,Doug McDermott,0.2,CHI,1610612741,41,0.506
126,26.0,1.4,5,"203110,1610612744",97.5,0.065,7.8,0.222,81,8,34.7,9.4,10.3,11.5,31.2,0.315,0.288,0.229,203110,Draymond Green,1.5,GSW,1610612744,73,0.901
127,34.0,0.4,5,"2400,1610612764",109.9,0.003,1.9,0.234,30,12,10.2,3.2,3.7,3.1,9.7,0.314,0.315,0.148,2400,Drew Gooden,0.3,WAS,1610612764,18,0.6
128,24.0,0.0,5,"1626251,1610612758",104.0,0.024,2.0,0.08,1,1,24.2,9.0,12.0,6.0,30.0,0.0,0.118,0.2,1626251,Duje Dukan,1.0,SAC,1610612758,0,0.0
129,30.0,1.6,5,"2730,1610612745",105.1,0.028,8.4,0.293,71,37,32.1,9.4,9.1,13.6,28.5,0.502,0.399,0.146,2730,Dwight Howard,1.0,HOU,1610612745,34,0.479
130,24.0,0.3,5,"203939,1610612742",100.8,0.021,2.7,0.214,69,34,14.4,3.7,4.7,4.6,12.7,0.348,0.279,0.224,203939,Dwight Powell,0.5,DAL,1610612742,35,0.507
131,34.0,0.6,5,"2548,1610612748",103.9,0.032,3.0,0.108,74,31,30.5,8.4,7.8,10.6,28.1,0.125,0.14,0.259,2548,Dwyane Wade,1.1,MIA,1610612748,43,0.581
132,27.0,0.3,5,"202734,1610612741",104.6,0.02,1.9,0.092,59,30,21.4,6.6,6.6,7.4,20.2,0.119,0.125,0.239,202734,E'Twaun Moore,0.6,CHI,1610612741,29,0.492
133,27.0,0.9,5,"202334,1610612757",103.2,0.023,4.6,0.239,81,38,20.8,5.5,5.0,6.7,16.3,0.424,0.312,0.242,202334,Ed Davis,0.7,POR,1610612757,43,0.531
134,22.0,0.3,5,"203901,1610612753",104.4,0.029,2.5,0.096,73,41,29.4,6.9,8.4,9.8,27.1,0.093,0.124,0.234,203901,Elfrid Payton,1.2,ORL,1610612753,32,0.438
135,28.0,0.2,5,"202407,1610612762",96.0,0.018,1.5,0.179,20,11,8.6,2.2,2.1,2.5,5.7,0.125,0.225,0.259,202407,Elijah Millsap,0.4,UTA,1610612762,9,0.45
136,27.0,0.0,5,"202343,1610612763",100.2,0.013,0.6,0.079,5,1,9.0,1.4,1.8,2.0,6.0,0.0,0.1,0.0,202343,Elliot Williams,0.0,MEM,1610612763,4,0.8
137,37.0,0.5,5,"1882,1610612755",97.3,0.025,3.2,0.245,17,15,13.2,3.6,3.8,3.9,12.0,0.4,0.321,0.257,1882,Elton Brand,0.5,PHI,1610612755,2,0.118
138,20.0,0.5,5,"1626144,1610612743",107.1,0.02,2.9,0.107,68,39,30.4,7.2,8.5,10.7,27.0,0.159,0.136,0.193,1626144,Emmanuel Mudiay,1.0,DEN,1610612743,29,0.426
139,24.0,0.4,5,"202683,1610612760",106.5,0.015,5.1,0.256,82,27,21.0,6.0,5.6,8.2,20.3,0.2,0.338,0.11,202683,Enes Kanter,0.3,OKC,1610612760,55,0.671
140,26.0,0.6,5,"202339,1610612756",103.5,0.037,3.5,0.112,31,19,34.2,9.2,11.0,12.8,31.0,0.209,0.146,0.318,202339,Eric Bledsoe,2.0,PHX,1610612756,12,0.387
141,27.0,0.3,5,"201569,1610612740",105.1,0.029,2.0,0.067,45,31,32.9,8.2,8.7,10.5,28.2,0.089,0.086,0.186,201569,Eric Gordon,1.0,NOP,1610612740,14,0.311
142,24.0,0.5,5,"203961,1610612758",103.4,0.007,1.0,0.157,8,7,5.9,3.3,2.3,1.8,4.8,0.571,0.222,0.0,203961,Eric Moreland,0.0,SAC,1610612758,1,0.125
143,25.0,0.0,5,"203475,1610612762",117.1,-0.003,0.3,0.115,9,3,4.7,0.7,1.1,1.6,4.2,0.0,0.136,0.143,203475,Erick Green,0.1,UTA,1610612762,6,0.667
144,29.0,0.4,5,"101141,1610612753",106.4,0.018,3.5,0.167,74,39,25.4,5.9,6.6,8.8,25.1,0.239,0.214,0.171,101141,Ersan Ilyasova,0.7,ORL,1610612753,35,0.473
145,23.0,0.0,5,"203095,1610612753",106.8,0.022,2.4,0.085,79,46,32.5,7.7,9.4,11.2,29.7,0.008,0.113,0.206,203095,Evan Fournier,1.2,ORL,1610612753,33,0.418
146,27.0,0.3,5,"202323,1610612738",100.0,0.043,4.3,0.165,81,34,28.0,7.4,6.2,9.3,25.2,0.151,0.219,0.19,202323,Evan Turner,1.0,BOS,1610612738,47,0.58
147,26.0,1.1,5,"203105,1610612744",96.6,0.033,3.6,0.224,46,4,16.7,3.7,5.1,6.1,15.8,0.521,0.287,0.125,203105,Festus Ezeli,0.4,GSW,1610612744,42,0.913
148,23.0,0.5,5,"1626163,1610612766",101.2,0.029,3.3,0.171,81,34,21.1,5.0,5.7,6.3,17.2,0.238,0.212,0.159,1626163,Frank Kaminsky,0.5,CHA,1610612766,47,0.58
149,30.0,0.2,5,"202066,1610612764",101.0,0.034,2.2,0.103,80,40,24.4,5.7,5.8,7.4,20.0,0.106,0.131,0.192,202066,Garrett Temple,0.9,WAS,1610612764,40,0.5
150,21.0,0.2,5,"203914,1610612743",108.6,0.014,2.2,0.077,76,45,32.1,7.8,8.6,11.2,29.6,0.078,0.101,0.238,203914,Gary Harris,1.3,DEN,1610612743,31,0.408
151,31.0,0.0,5,"202390,1610612764",110.2,0.005,1.8,0.108,40,22,20.2,5.4,5.5,6.7,18.3,0.019,0.142,0.145,202390,Gary Neal,0.5,WAS,1610612764,18,0.45
152,30.0,0.2,5,"201588,1610612754",100.3,0.051,3.2,0.105,74,33,34.1,8.7,7.7,11.0,28.4,0.071,0.138,0.177,201588,George Hill,1.1,IND,1610612754,41,0.554
153,30.0,0.3,5,"101123,1610612748",102.2,0.028,2.0,0.096,69,29,22.6,6.1,4.2,7.0,19.1,0.104,0.123,0.191,101123,Gerald Green,0.6,MIA,1610612748,40,0.58
154,28.0,0.3,5,"201945,1610612757",104.4,0.019,2.5,0.137,72,33,19.9,5.3,4.5,6.6,15.7,0.13,0.178,0.201,201945,Gerald Henderson,0.5,POR,1610612757,39,0.542
155,21.0,1.4,5,"203507,1610612749",106.5,0.025,6.2,0.202,80,48,35.3,10.5,9.3,12.5,32.1,0.321,0.275,0.193,203507,Giannis Antetokounmpo,1.2,MIL,1610612749,32,0.4
156,22.0,0.2,5,"203922,1610612754",103.1,0.013,1.2,0.118,45,21,11.3,2.6,3.6,3.8,10.1,0.164,0.154,0.2,203922,Glenn Robinson,0.4,IND,1610612754,24,0.533
157,30.0,0.2,5,"201609,1610612748",101.4,0.045,3.1,0.101,72,28,32.8,9.4,7.6,10.2,29.4,0.052,0.132,0.211,201609,Goran Dragic,1.0,MIA,1610612748,44,0.611
158,26.0,0.3,5,"202330,1610612762",102.8,0.042,4.2,0.135,80,42,36.2,8.6,9.0,11.9,29.9,0.084,0.174,0.207,202330,Gordon Hayward,1.2,UTA,1610612762,38,0.475
159,26.0,1.2,5,"203476,1610612750",105.8,0.021,5.2,0.222,82,53,27.1,7.3,7.3,9.6,25.1,0.419,0.299,0.24,203476,Gorgui Dieng,1.1,MIN,1610612750,29,0.354
160,26.0,0.8,5,"202328,1610612749",107.5,0.017,6.1,0.239,79,47,29.3,8.7,8.1,10.3,27.2,0.283,0.327,0.173,202328,Greg Monroe,0.9,MIL,1610612749,32,0.405
161,25.0,0.1,5,"202962,1610612750",113.7,-0.002,1.7,0.186,18,10,10.7,2.1,3.7,4.7,11.7,0.333,0.231,0.182,202962,Greg Smith,0.2,MIN,1610612750,8,0.444
162,29.0,0.0,5,"202349,1610612749",107.6,0.011,1.8,0.105,23,14,20.0,5.3,5.7,8.3,19.1,0.0,0.148,0.147,202349,Greivis Vasquez,0.4,MIL,1610612749,9,0.391
163,24.0,0.2,5,"203084,1610612744",101.6,0.04,3.8,0.127,66,7,30.9,8.5,8.5,9.7,29.0,0.041,0.167,0.116,203084,Harrison Barnes,0.6,GSW,1610612744,59,0.894
164,27.0,3.7,5,"202355,1610612748",101.7,0.038,8.6,0.316,73,31,29.1,8.6,6.1,9.4,25.8,0.745,0.414,0.161,202355,Hassan Whiteside,0.6,MIA,1610612748,42,0.575
165,26.0,1.0,5,"203156,1610612751",112.4,0.0,3.6,0.23,14,12,18.8,5.4,6.3,7.5,23.0,0.538,0.317,0.167,203156,Henry Sims,0.6,BKN,1610612751,2,0.143
166,25.0,0.3,5,"203138,1610612755",106.8,0.019,2.8,0.113,77,67,28.0,9.3,9.7,11.8,26.7,0.095,0.156,0.098,203138,Hollis Thompson,0.5,PHI,1610612755,10,0.13
167,25.0,0.2,5,"203546,1610612744",110.0,0.002,0.8,0.101,66,7,8.8,2.8,3.4,3.6,8.7,0.183,0.137,0.2,203546,Ian Clark,0.3,GSW,1610612744,59,0.894
168,29.0,1.1,5,"101133,1610612754",98.2,0.045,5.2,0.221,71,30,25.6,6.0,6.0,8.4,20.8,0.426,0.283,0.172,101133,Ian Mahinmi,0.9,IND,1610612754,41,0.577
169,26.0,0.4,5,"202697,1610612739",100.7,0.035,3.2,0.143,54,15,24.4,5.5,5.7,7.6,19.8,0.165,0.183,0.273,202697,Iman Shumpert,1.0,CLE,1610612739,39,0.722
170,25.0,0.2,5,"203477,1610612755",107.8,0.014,2.0,0.09,77,67,25.5,7.9,8.9,10.2,24.4,0.048,0.121,0.172,203477,Isaiah Canaan,0.7,PHI,1610612755,10,0.13
171,27.0,0.1,5,"202738,1610612738",102.6,0.038,2.4,0.08,82,34,32.2,9.8,7.0,9.7,29.0,0.039,0.108,0.183,202738,Isaiah Thomas,1.1,BOS,1610612738,48,0.585
172,27.0,0.3,5,"202397,1610612755",108.0,0.015,3.4,0.127,77,61,29.1,9.1,9.2,10.7,27.9,0.094,0.174,0.24,202397,Ish Smith,1.1,PHI,1610612755,16,0.208
173,24.0,0.0,5,"1626266,1610612762",125.0,-0.006,0.5,0.25,2,0,3.1,2.0,2.0,2.0,2.0,0.0,0.333,0.5,1626266,J.J. O'Brien,0.5,UTA,1610612762,2,1.0
174,30.0,0.3,5,"2747,1610612739",104.4,0.03,2.3,0.084,77,24,30.7,7.4,7.5,9.7,27.1,0.12,0.107,0.25,2747,J.R. Smith,1.1,CLE,1610612739,53,0.688
175,27.0,0.4,5,"201581,1610612764",104.0,0.013,2.7,0.226,35,18,12.5,3.7,3.8,4.2,11.0,0.378,0.294,0.224,201581,JJ Hickson,0.4,WAS,1610612764,17,0.486
176,32.0,0.1,5,"200755,1610612746",99.4,0.045,1.7,0.065,75,25,28.0,7.0,6.5,7.3,23.5,0.022,0.085,0.122,200755,JJ Redick,0.6,LAC,1610612746,50,0.667
177,23.0,0.5,5,"203960,1610612743",105.2,0.014,2.0,0.134,73,55,15.9,4.3,4.8,6.1,14.5,0.208,0.176,0.127,203960,JaKarr Sampson,0.3,DEN,1610612743,18,0.247
178,26.0,0.4,5,"203210,1610612763",105.0,0.017,3.0,0.197,78,39,18.5,4.1,5.4,6.1,14.3,0.25,0.254,0.155,203210,JaMychal Green,0.6,MEM,1610612763,39,0.5
179,28.0,0.8,5,"201580,1610612742",104.4,0.01,2.4,0.231,34,19,10.9,3.6,3.4,3.1,9.0,0.703,0.324,0.1,201580,JaVale McGee,0.1,DAL,1610612742,15,0.441
180,21.0,0.4,5,"203953,1610612749",106.5,0.023,3.6,0.127,76,44,31.7,9.6,8.9,11.6,29.7,0.105,0.175,0.168,203953,Jabari Parker,0.9,MIL,1610612749,32,0.421
181,25.0,0.5,5,"203109,1610612738",101.4,0.043,4.2,0.141,73,30,31.6,10.2,6.4,8.8,28.2,0.162,0.191,0.266,203109,Jae Crowder,1.7,BOS,1610612738,43,0.589
182,20.0,1.2,5,"1626143,1610612755",108.7,0.013,4.7,0.178,53,47,30.0,8.6,11.1,13.7,28.3,0.295,0.238,0.094,1626143,Jahlil Okafor,0.4,PHI,1610612755,6,0.113
183,36.0,0.2,5,"2037,1610612746",103.1,0.03,1.6,0.066,79,28,26.9,8.3,7.1,8.8,22.8,0.046,0.092,0.127,2037,Jamal Crawford,0.7,LAC,1610612746,51,0.646
184,34.0,0.1,5,"2749,1610612743",108.3,0.013,2.5,0.109,39,27,26.6,6.3,6.5,8.5,22.2,0.064,0.14,0.174,2749,Jameer Nelson,0.6,DEN,1610612743,12,0.308
185,27.0,0.3,5,"202341,1610612758",104.4,0.014,1.4,0.104,51,32,14.1,5.0,4.5,5.5,12.7,0.165,0.143,0.158,202341,James Anderson,0.4,SAC,1610612758,19,0.373
186,25.0,0.2,5,"203516,1610612740",111.5,0.001,1.0,0.078,22,11,14.9,4.3,3.1,6.4,13.1,0.278,0.102,0.308,203516,James Ennis,0.7,NOP,1610612740,11,0.5
187,26.0,0.6,5,"201935,1610612745",106.0,0.029,5.3,0.157,82,41,38.1,11.3,11.7,15.3,34.7,0.152,0.214,0.215,201935,James Harden,1.7,HOU,1610612745,41,0.5
188,29.0,0.6,5,"201949,1610612761",105.0,0.014,1.7,0.121,57,22,16.2,3.8,3.8,4.7,14.6,0.33,0.157,0.192,201949,James Johnson,0.5,TOR,1610612761,35,0.614
189,35.0,0.2,5,"2592,1610612739",100.9,0.014,0.9,0.099,48,15,9.7,2.6,1.8,3.0,7.9,0.182,0.129,0.172,2592,James Jones,0.2,CLE,1610612739,33,0.688
190,23.0,0.2,5,"203949,1610612744",115.4,-0.003,0.7,0.131,41,4,6.4,1.7,2.6,3.0,6.1,0.364,0.166,0.263,203949,James Michael McAdoo,0.2,GSW,1610612744,37,0.902
191,20.0,0.0,5,"203923,1610612738",106.5,0.005,0.8,0.129,29,17,6.9,1.3,1.7,1.7,6.1,0.053,0.165,0.2,203923,James Young,0.2,BOS,1610612738,12,0.414
192,25.0,0.0,5,"203099,1610612749",103.2,0.011,0.8,0.102,44,13,9.3,2.2,1.8,4.2,7.9,0.074,0.135,0.219,203099,Jared Cunningham,0.3,MIL,1610612749,31,0.705
193,30.0,0.2,5,"201162,1610612764",103.0,0.029,2.9,0.128,81,41,25.9,6.2,6.1,8.2,22.2,0.116,0.166,0.192,201162,Jared Dudley,0.9,WAS,1610612764,40,0.494
194,24.0,0.6,5,"203096,1610612738",101.3,0.032,5.9,0.271,81,34,23.6,7.3,5.0,7.0,21.0,0.297,0.361,0.197,203096,Jared Sullinger,0.9,BOS,1610612738,47,0.58
195,24.0,0.0,5,"204067,1610612764",105.5,0.005,0.8,0.15,26,13,5.6,1.5,1.8,2.0,4.7,0.083,0.189,0.227,204067,Jarell Eddie,0.2,WAS,1610612764,13,0.5
196,22.0,0.3,5,"1626185,1610612763",107.0,0.009,1.7,0.15,27,17,14.1,3.3,4.4,5.0,10.9,0.179,0.194,0.123,1626185,Jarell Martin,0.3,MEM,1610612763,10,0.37
197,22.0,0.0,5,"203950,1610612748",80.6,0.01,0.4,0.176,7,6,2.7,0.0,1.3,1.0,1.7,0.0,0.176,1.0,203950,Jarnell Stokes,0.1,MIA,1610612748,1,0.143
198,32.0,0.2,5,"101127,1610612751",107.1,0.021,4.0,0.138,32,22,32.1,7.7,10.0,12.2,29.8,0.089,0.179,0.198,101127,Jarrett Jack,1.1,BKN,1610612751,10,0.313
199,30.0,0.9,5,"201160,1610612753",104.0,0.016,2.2,0.163,76,43,15.5,3.4,3.9,4.9,13.6,0.492,0.21,0.168,201160,Jason Smith,0.4,ORL,1610612753,33,0.434
200,38.0,0.1,5,"1891,1610612745",106.9,0.011,0.9,0.058,72,35,17.5,5.1,5.1,7.1,16.0,0.074,0.08,0.183,1891,Jason Terry,0.7,HOU,1610612745,37,0.514
201,29.0,0.4,5,"201574,1610612761",104.6,0.01,2.2,0.234,47,9,10.0,2.7,3.3,2.9,9.2,0.351,0.301,0.158,201574,Jason Thompson,0.3,TOR,1610612761,38,0.809
202,29.0,0.2,5,"201965,1610612746",115.5,-0.003,1.1,0.17,17,6,6.3,2.9,2.1,2.2,6.7,0.333,0.25,0.0,201965,Jeff Ayres,0.0,LAC,1610612746,11,0.647
203,29.0,0.5,5,"201145,1610612746",103.6,0.03,3.2,0.132,80,32,28.2,7.6,7.4,8.3,22.8,0.169,0.177,0.144,201145,Jeff Green,0.7,LAC,1610612746,48,0.6
204,28.0,0.3,5,"201952,1610612737",100.9,0.04,2.3,0.083,79,32,28.5,8.2,7.8,9.6,25.2,0.081,0.113,0.228,201952,Jeff Teague,1.2,ATL,1610612737,47,0.595
205,26.0,1.0,5,"203481,1610612762",97.6,0.023,2.3,0.209,51,26,12.9,3.0,2.5,3.5,10.0,0.697,0.271,0.189,203481,Jeff Withey,0.4,UTA,1610612762,25,0.49
206,22.0,1.6,5,"203924,1610612755",105.7,0.022,3.4,0.139,77,68,26.8,8.2,9.0,11.4,25.2,0.431,0.188,0.159,203924,Jerami Grant,0.7,PHI,1610612755,9,0.117
207,28.0,0.3,5,"202379,1610612742",102.4,0.011,1.4,0.167,30,14,8.4,2.1,2.3,3.5,6.5,0.346,0.209,0.188,202379,Jeremy Evans,0.2,DAL,1610612742,16,0.533
208,24.0,0.5,5,"203087,1610612766",95.7,0.038,3.2,0.18,66,26,18.6,4.3,4.5,5.1,13.7,0.196,0.227,0.226,203087,Jeremy Lamb,0.6,CHA,1610612766,40,0.606
209,27.0,0.5,5,"202391,1610612766",100.4,0.039,2.7,0.111,78,31,26.3,6.2,7.0,7.8,21.2,0.177,0.14,0.2,202391,Jeremy Lin,0.7,CHA,1610612766,47,0.603
210,23.0,0.1,5,"1626170,1610612752",103.7,0.018,1.6,0.105,76,47,16.6,4.6,3.7,5.3,14.9,0.07,0.142,0.286,1626170,Jerian Grant,0.7,NYK,1610612752,29,0.382
211,27.0,0.2,5,"201573,1610612749",107.8,0.016,2.3,0.092,52,31,28.9,8.5,8.1,10.9,26.4,0.065,0.128,0.191,201573,Jerryd Bayless,0.9,MIL,1610612749,21,0.404
212,27.0,0.0,5,"202690,1610612752",118.2,-0.002,0.0,0.0,6,5,2.9,0.8,0.0,1.0,3.7,0.0,0.0,0.5,202690,Jimmer Fredette,0.2,NYK,1610612752,1,0.167
213,26.0,0.6,5,"202710,1610612741",103.3,0.041,4.2,0.116,67,30,36.9,11.3,10.2,11.6,33.5,0.136,0.158,0.326,202710,Jimmy Butler,1.6,CHI,1610612741,37,0.552
214,31.0,1.0,5,"201149,1610612741",99.3,0.036,5.8,0.266,29,14,21.9,6.3,5.4,7.3,18.0,0.387,0.339,0.231,201149,Joakim Noah,0.6,CHI,1610612741,15,0.517
215,28.0,0.0,5,"201975,1610612765",88.0,0.043,1.3,0.103,3,0,14.5,3.3,2.3,5.0,12.7,0.0,0.118,0.0,201975,Jodie Meeks,0.0,DET,1610612765,3,1.0
216,24.0,0.0,5,"203925,1610612739",151.2,-0.017,0.6,0.375,5,0,3.0,1.0,1.4,2.0,5.6,0.0,0.6,0.0,203925,Joe Harris,0.0,CLE,1610612739,5,1.0
217,28.0,0.0,5,"204060,1610612762",101.8,0.02,1.6,0.124,81,41,15.3,3.6,3.6,5.4,12.6,0.034,0.16,0.289,204060,Joe Ingles,0.7,UTA,1610612762,40,0.494
218,34.0,0.0,5,"2207,1610612748",106.3,0.025,3.0,0.101,81,50,33.4,8.7,9.4,11.5,31.4,0.017,0.131,0.15,2207,Joe Johnson,0.8,MIA,1610612748,31,0.383
219,24.0,0.0,5,"1626202,1610612754",103.3,0.01,1.1,0.123,41,22,9.4,2.6,2.4,2.9,8.9,0.0,0.16,0.273,1626202,Joe Young,0.4,IND,1610612754,19,0.463
220,33.0,0.6,5,"201202,1610612765",102.8,0.006,0.7,0.151,19,7,5.0,1.4,0.5,1.6,3.9,0.857,0.191,0.222,201202,Joel Anthony,0.1,DET,1610612765,12,0.632
221,24.0,0.3,5,"203530,1610612743",109.8,0.005,3.6,0.232,59,35,17.6,5.0,5.5,6.7,17.7,0.17,0.305,0.098,203530,Joffrey Lauvergne,0.2,DEN,1610612743,24,0.407
222,25.0,1.9,5,"203089,1610612749",102.4,0.021,2.4,0.152,57,35,16.8,4.6,4.3,6.8,14.1,0.645,0.207,0.132,203089,John Henson,0.3,MIL,1610612749,22,0.386
223,25.0,0.0,5,"203098,1610612756",106.4,0.008,1.1,0.102,43,25,11.2,3.2,4.3,4.2,11.6,0.024,0.133,0.14,203098,John Jenkins,0.2,PHX,1610612756,18,0.419
224,25.0,0.8,5,"202322,1610612764",103.3,0.04,4.4,0.138,77,40,36.2,9.0,9.1,11.8,30.4,0.244,0.178,0.292,202322,John Wall,1.9,WAS,1610612764,37,0.481
225,23.0,0.1,5,"203948,1610612749",106.2,0.01,1.7,0.15,66,39,13.0,3.4,3.2,4.7,12.0,0.096,0.203,0.137,203948,Johnny O'Bryant,0.3,MIL,1610612749,27,0.409
226,27.0,0.4,5,"202720,1610612756",104.4,0.018,4.4,0.259,67,45,18.7,4.9,6.1,7.6,17.3,0.27,0.337,0.18,202720,Jon Leuer,0.6,PHX,1610612756,22,0.328
227,29.0,0.3,5,"201973,1610612738",98.5,0.026,2.7,0.199,78,31,15.1,4.2,3.6,4.9,13.4,0.235,0.266,0.097,201973,Jonas Jerebko,0.3,BOS,1610612738,47,0.603
228,24.0,1.3,5,"202685,1610612761",106.1,0.02,6.1,0.273,60,20,25.9,6.0,6.4,7.8,22.6,0.488,0.346,0.1,202685,Jonas Valanciunas,0.4,TOR,1610612761,40,0.667
229,26.0,0.1,5,"203613,1610612759",101.2,0.021,1.5,0.109,55,8,14.8,3.9,4.1,5.1,14.0,0.057,0.142,0.2,203613,Jonathon Simmons,0.4,SAS,1610612759,47,0.855
230,21.0,0.0,5,"203919,1610612763",95.5,0.016,1.0,0.182,2,2,7.3,1.0,2.5,2.5,6.0,0.0,0.222,0.429,203919,Jordan Adams,1.5,MEM,1610612763,0,0.0
231,24.0,0.1,5,"203903,1610612747",111.5,0.003,2.8,0.096,79,62,32.3,9.9,11.5,10.9,33.0,0.033,0.129,0.236,203903,Jordan Clarkson,1.1,LAL,1610612747,17,0.215
232,29.0,0.2,5,"200770,1610612763",112.7,-0.001,1.8,0.097,12,10,24.3,6.2,9.1,7.8,22.8,0.111,0.138,0.242,200770,Jordan Farmar,1.3,MEM,1610612763,2,0.167
233,25.0,0.3,5,"202706,1610612740",115.3,-0.01,4.5,0.194,11,7,27.6,7.7,7.3,9.6,24.0,0.188,0.26,0.2,202706,Jordan Hamilton,0.7,NOP,1610612740,4,0.364
234,28.0,0.5,5,"201941,1610612754",101.3,0.027,4.0,0.209,73,33,20.7,6.1,5.7,7.2,18.1,0.261,0.278,0.159,201941,Jordan Hill,0.5,IND,1610612754,40,0.548
235,25.0,0.0,5,"203895,1610612739",96.7,0.017,0.7,0.082,22,12,8.9,2.7,1.5,2.5,6.2,0.04,0.11,0.12,203895,Jordan McRae,0.1,CLE,1610612739,10,0.455
236,21.0,0.7,5,"1626175,1610612738",89.0,0.01,0.4,0.143,16,7,3.6,0.6,1.2,1.1,3.5,0.846,0.189,0.0,1626175,Jordan Mickey,0.0,BOS,1610612738,9,0.563
237,27.0,0.0,5,"203268,1610612766",103.2,0.006,0.6,0.103,12,3,5.3,1.5,2.1,2.1,5.2,0.0,0.125,0.429,203268,Jorge Gutierrez,0.3,CHA,1610612766,9,0.75
238,34.0,0.1,5,"101181,1610612752",106.3,0.02,2.9,0.109,72,43,28.1,7.2,8.2,9.5,25.3,0.026,0.143,0.296,101181,Jose Calderon,0.9,NYK,1610612752,29,0.403
239,32.0,0.0,5,"200826,1610612742",107.7,0.013,1.7,0.085,74,36,22.5,6.8,8.0,6.7,18.8,0.015,0.114,0.12,200826,Jose Juan Barea,0.4,DAL,1610612742,38,0.514
240,24.0,0.4,5,"203962,1610612760",107.7,0.006,1.6,0.157,5,3,11.0,2.8,2.6,3.6,9.6,0.333,0.211,0.25,203962,Josh Huestis,0.2,OKC,1610612760,2,0.4
241,29.0,0.2,5,"201177,1610612748",101.9,0.018,2.0,0.157,42,15,14.2,3.6,2.8,4.2,11.5,0.1,0.2,0.217,201177,Josh McRoberts,0.4,MIA,1610612748,27,0.643
242,22.0,0.5,5,"1626196,1610612748",101.4,0.029,1.7,0.085,52,23,21.3,5.9,4.7,7.5,17.8,0.169,0.111,0.22,1626196,Josh Richardson,0.7,MIA,1610612748,29,0.558
243,30.0,0.9,5,"2746,1610612745",102.1,0.02,2.6,0.177,55,24,16.0,4.5,4.6,6.2,14.0,0.409,0.24,0.189,2746,Josh Smith,0.6,HOU,1610612745,31,0.564
244,26.0,0.3,5,"201950,1610612740",105.9,0.022,2.6,0.106,65,38,28.2,6.6,6.1,8.2,24.0,0.133,0.133,0.272,201950,Jrue Holiday,1.4,NOP,1610612740,27,0.415
245,21.0,0.4,5,"203944,1610612747",113.0,-0.003,8.1,0.327,81,64,28.2,8.5,11.5,10.1,29.0,0.151,0.435,0.163,203944,Julius Randle,0.7,LAL,1610612747,17,0.21
246,22.0,0.5,5,"1626147,1610612742",99.8,0.019,2.1,0.188,55,27,11.8,2.8,4.0,3.4,9.1,0.352,0.235,0.213,1626147,Justin Anderson,0.3,DAL,1610612742,28,0.509
247,26.0,0.0,5,"202712,1610612765",141.7,-0.023,0.2,0.038,5,1,7.0,1.4,2.4,3.4,6.4,0.0,0.048,1.0,202712,Justin Harper,0.2,DET,1610612765,4,0.8
248,27.0,0.4,5,"203200,1610612741",104.9,0.013,1.5,0.111,53,25,14.6,3.7,4.6,5.5,12.9,0.253,0.147,0.258,203200,Justin Holiday,0.6,CHI,1610612741,28,0.528
249,20.0,0.3,5,"1626159,1610612748",99.0,0.048,4.1,0.158,78,32,28.6,7.1,5.7,9.4,23.8,0.088,0.201,0.199,1626159,Justise Winslow,0.9,MIA,1610612748,46,0.59
250,21.0,1.4,5,"203994,1610612743",105.1,0.015,3.4,0.227,32,18,17.1,4.9,4.8,5.4,15.4,0.512,0.289,0.296,203994,Jusuf Nurkic,0.8,DEN,1610612743,14,0.438
251,23.0,0.2,5,"203909,1610612745",93.8,0.015,0.7,0.104,37,20,6.4,1.9,1.6,2.0,4.8,0.176,0.144,0.14,203909,KJ McDaniels,0.2,HOU,1610612745,17,0.459
252,20.0,1.7,5,"1626157,1610612750",108.1,0.017,7.7,0.271,82,53,32.0,9.0,9.1,11.3,30.5,0.515,0.367,0.132,1626157,Karl-Anthony Towns,0.7,MIN,1610612750,29,0.354
253,24.0,1.0,5,"202695,1610612759",94.9,0.071,5.5,0.182,72,12,33.1,6.8,8.6,8.4,27.0,0.227,0.227,0.305,202695,Kawhi Leonard,1.8,SAS,1610612759,60,0.833
254,24.0,0.0,5,"203951,1610612753",81.4,0.019,0.2,0.042,5,5,5.4,0.2,1.2,1.8,3.6,0.0,0.048,0.25,203951,Keith Appling,0.2,ORL,1610612753,0,0.0
255,25.0,0.5,5,"203482,1610612738",97.7,0.036,3.0,0.158,69,29,20.2,5.8,4.6,5.7,17.4,0.3,0.213,0.202,203482,Kelly Olynyk,0.8,BOS,1610612738,40,0.58
256,20.0,0.1,5,"1626162,1610612764",103.9,0.011,1.7,0.177,63,32,10.7,2.9,3.6,2.9,9.0,0.135,0.231,0.212,1626162,Kelly Oubre,0.3,WAS,1610612764,31,0.492
257,26.0,0.5,5,"202689,1610612766",102.2,0.045,3.7,0.116,81,34,35.6,8.6,8.4,9.8,29.7,0.123,0.146,0.286,202689,Kemba Walker,1.6,CHA,1610612766,47,0.58
258,24.0,0.1,5,"203088,1610612755",112.3,0.0,0.9,0.076,30,27,13.3,4.6,4.7,5.7,12.5,0.042,0.107,0.203,203088,Kendall Marshall,0.5,PHI,1610612755,3,0.1
259,31.0,0.3,5,"2570,1610612740",110.8,0.003,2.8,0.225,37,24,14.6,3.7,4.1,5.4,13.1,0.314,0.282,0.151,2570,Kendrick Perkins,0.3,NOP,1610612740,13,0.351
260,26.0,0.9,5,"202702,1610612743",109.1,0.01,5.2,0.232,67,41,25.3,5.7,6.9,9.0,23.3,0.337,0.295,0.124,202702,Kenneth Faried,0.5,DEN,1610612743,26,0.388
261,26.0,0.5,5,"203145,1610612737",99.5,0.045,4.7,0.176,75,31,27.8,8.3,7.5,9.2,23.7,0.138,0.24,0.249,203145,Kent Bazemore,1.3,ATL,1610612737,44,0.587
262,23.0,0.2,5,"203484,1610612765",102.6,0.044,2.8,0.085,76,35,36.7,8.4,7.4,10.7,34.3,0.085,0.109,0.263,203484,Kentavious Caldwell-Pope,1.4,DET,1610612765,41,0.539
263,27.0,1.2,5,"201142,1610612760",102.2,0.045,7.6,0.209,72,20,35.8,10.8,10.0,12.9,33.5,0.249,0.276,0.177,201142,Kevin Durant,1.0,OKC,1610612760,52,0.722
264,40.0,0.3,5,"708,1610612750",96.4,0.029,3.6,0.262,38,24,14.6,3.7,2.5,3.5,12.3,0.169,0.335,0.283,708,Kevin Garnett,0.7,MIN,1610612750,14,0.368
265,27.0,0.5,5,"201567,1610612739",102.6,0.037,8.0,0.287,77,24,31.5,7.2,8.0,10.2,27.4,0.229,0.363,0.176,201567,Kevin Love,0.8,CLE,1610612739,53,0.688
266,33.0,0.1,5,"2755,1610612759",106.8,0.014,1.7,0.102,55,31,19.9,5.3,6.0,7.5,17.9,0.026,0.132,0.156,2755,Kevin Martin,0.5,SAS,1610612759,24,0.436
267,26.0,0.8,5,"202338,1610612752",102.9,0.013,2.0,0.194,48,33,11.0,2.9,2.8,3.9,9.2,0.643,0.26,0.127,202338,Kevin Seraphin,0.2,NYK,1610612752,15,0.313
268,20.0,0.0,5,"1626172,1610612744",151.6,-0.021,1.2,0.375,5,1,4.1,1.4,3.2,2.4,4.4,0.0,0.6,0.0,1626172,Kevon Looney,0.0,GSW,1610612744,4,0.8
269,24.0,0.2,5,"203114,1610612749",104.7,0.034,3.3,0.103,79,46,36.1,10.9,9.5,12.5,32.7,0.056,0.141,0.253,203114,Khris Middleton,1.7,MIL,1610612749,33,0.418
270,35.0,0.0,5,"2550,1610612737",98.7,0.022,1.3,0.107,46,20,13.7,4.1,3.2,4.4,11.7,0.03,0.142,0.158,2550,Kirk Hinrich,0.3,ATL,1610612737,26,0.565
271,26.0,0.6,5,"202691,1610612744",99.7,0.053,3.4,0.1,80,9,33.3,9.4,9.7,11.7,31.3,0.143,0.132,0.131,202691,Klay Thompson,0.8,GSW,1610612744,71,0.888
272,37.0,0.2,5,"977,1610612747",114.1,-0.007,3.1,0.123,66,53,28.2,9.4,11.2,10.0,29.6,0.087,0.168,0.221,977,Kobe Bryant,0.9,LAL,1610612747,13,0.197
273,27.0,0.9,5,"201585,1610612758",108.0,0.01,3.3,0.19,78,46,19.0,4.9,5.8,7.5,16.8,0.511,0.251,0.154,201585,Kosta Koufos,0.5,SAC,1610612758,32,0.41
274,25.0,0.2,5,"203123,1610612743",98.7,0.019,1.2,0.125,26,18,11.3,3.1,2.8,4.5,8.8,0.172,0.162,0.25,203123,Kostas Papanikolaou,0.5,DEN,1610612743,8,0.308
275,31.0,0.4,5,"2743,1610612737",105.9,0.013,3.0,0.216,53,24,15.7,4.0,4.8,5.1,14.6,0.225,0.28,0.121,2743,Kris Humphries,0.3,ATL,1610612737,29,0.547
276,20.0,1.9,5,"204001,1610612752",104.1,0.029,5.5,0.206,72,44,28.4,7.2,6.7,8.8,24.7,0.519,0.269,0.218,204001,Kristaps Porzingis,0.7,NYK,1610612752,28,0.389
277,22.0,0.4,5,"203937,1610612759",97.7,0.029,2.8,0.201,78,14,16.0,3.7,3.9,4.5,13.6,0.197,0.261,0.269,203937,Kyle Anderson,0.8,SAS,1610612759,64,0.821
278,35.0,0.4,5,"2594,1610612737",98.1,0.052,3.1,0.108,80,34,30.0,8.1,7.7,9.7,25.4,0.113,0.145,0.137,2594,Kyle Korver,0.8,ATL,1610612737,46,0.575
279,30.0,0.4,5,"200768,1610612761",102.6,0.044,4.0,0.124,77,23,37.0,9.0,8.0,11.1,30.5,0.103,0.16,0.326,200768,Kyle Lowry,2.1,TOR,1610612761,54,0.701
280,26.0,0.8,5,"203124,1610612752",104.3,0.012,2.7,0.237,65,39,11.8,3.6,3.4,3.7,10.2,0.583,0.323,0.215,203124,Kyle O'Quinn,0.3,NYK,1610612752,26,0.4
281,28.0,0.1,5,"202713,1610612760",104.0,0.015,1.3,0.099,68,25,14.4,4.0,4.3,5.8,13.7,0.091,0.129,0.205,202713,Kyle Singler,0.4,OKC,1610612760,43,0.632
282,24.0,0.3,5,"202681,1610612739",104.7,0.029,2.1,0.078,53,16,31.5,7.2,8.3,9.4,29.4,0.131,0.1,0.242,202681,Kyrie Irving,1.1,CLE,1610612739,37,0.698
283,30.0,1.1,5,"200746,1610612759",97.1,0.057,6.2,0.222,74,13,30.6,6.6,7.8,7.8,25.2,0.273,0.279,0.101,200746,LaMarcus Aldridge,0.5,SAS,1610612759,61,0.824
284,24.0,0.1,5,"203934,1610612737",103.2,0.013,1.3,0.141,35,12,11.3,2.3,3.1,3.3,10.2,0.063,0.178,0.12,203934,Lamar Patterson,0.3,ATL,1610612737,23,0.657
285,25.0,0.1,5,"202362,1610612763",105.9,0.016,2.7,0.152,69,33,19.9,5.3,5.6,6.8,17.0,0.058,0.206,0.184,202362,Lance Stephenson,0.6,MEM,1610612763,36,0.522
286,28.0,0.1,5,"202498,1610612752",103.2,0.025,1.6,0.079,59,34,22.3,6.1,6.1,8.0,20.9,0.049,0.106,0.133,202498,Lance Thomas,0.4,NYK,1610612752,25,0.424
287,24.0,0.3,5,"204038,1610612752",103.2,0.028,3.0,0.131,82,50,24.8,6.5,6.0,7.5,21.5,0.102,0.172,0.287,204038,Langston Galloway,0.9,NYK,1610612752,32,0.39
288,23.0,0.4,5,"1626204,1610612747",105.9,0.016,3.3,0.184,63,49,20.1,5.4,5.8,6.8,18.6,0.202,0.247,0.263,1626204,Larry Nance Jr.,0.9,LAL,1610612747,14,0.222
289,27.0,0.5,5,"202730,1610612754",98.2,0.035,3.3,0.18,79,36,20.2,5.3,5.2,6.7,16.1,0.292,0.236,0.095,202730,Lavoy Allen,0.3,IND,1610612754,43,0.544
290,31.0,0.6,5,"2544,1610612739",101.4,0.048,6.0,0.187,76,20,35.6,8.3,8.4,11.3,29.9,0.224,0.238,0.267,2544,LeBron James,1.4,CLE,1610612739,56,0.737
291,33.0,0.1,5,"2571,1610612744",103.9,0.016,1.3,0.09,68,8,15.9,4.6,4.8,5.1,14.5,0.071,0.117,0.221,2571,Leandro Barbosa,0.6,GSW,1610612744,60,0.882
292,25.0,0.1,5,"203485,1610612765",118.7,-0.006,0.9,0.149,8,7,7.6,1.0,2.9,4.4,6.8,0.333,0.194,0.429,203485,Lorenzo Brown,0.4,DET,1610612765,1,0.125
293,33.0,0.2,5,"200811,1610612752",100.2,0.011,0.9,0.137,29,18,7.0,1.8,1.7,1.8,5.1,0.226,0.181,0.167,200811,Lou Amundson,0.2,NYK,1610612752,11,0.379
294,29.0,0.3,5,"101150,1610612747",110.4,0.006,2.1,0.08,67,53,28.5,9.0,9.7,9.8,28.8,0.106,0.107,0.219,101150,Lou Williams,0.9,LAL,1610612747,14,0.209
295,29.0,0.3,5,"201601,1610612746",97.5,0.032,1.5,0.09,75,26,17.0,4.1,4.0,4.6,13.8,0.167,0.118,0.205,201601,Luc Mbah a Moute,0.6,LAC,1610612746,49,0.653
296,23.0,0.4,5,"203512,1610612761",103.5,0.009,1.0,0.136,29,12,7.7,2.3,1.4,1.3,6.9,0.48,0.176,0.267,203512,Lucas Nogueira,0.4,TOR,1610612761,17,0.586
297,23.0,0.0,5,"1626242,1610612757",122.2,-0.004,0.3,0.118,12,6,3.5,1.1,0.7,1.7,1.5,0.0,0.174,0.0,1626242,Luis Montero,0.0,POR,1610612757,6,0.5
298,36.0,0.4,5,"2449,1610612761",106.7,0.015,3.6,0.199,76,26,21.5,5.0,5.6,7.4,19.0,0.168,0.252,0.171,2449,Luis Scola,0.6,TOR,1610612761,50,0.658
299,27.0,0.1,5,"202337,1610612740",108.8,0.008,2.6,0.166,47,31,18.0,4.0,5.1,5.9,16.2,0.117,0.211,0.083,202337,Luke Babbitt,0.2,NOP,1610612740,16,0.34
300,31.0,0.4,5,"2736,1610612748",102.8,0.038,4.5,0.155,74,29,32.4,8.2,8.2,10.1,29.5,0.086,0.199,0.216,2736,Luol Deng,1.0,MIA,1610612748,45,0.608
301,38.0,0.2,5,"1938,1610612759",93.9,0.046,2.1,0.115,58,11,19.6,4.5,4.7,6.1,16.7,0.097,0.147,0.333,1938,Manu Ginobili,1.1,SAS,1610612759,47,0.81
302,31.0,1.3,5,"201188,1610612763",102.9,0.039,5.8,0.202,52,22,34.4,8.2,10.8,10.6,26.6,0.44,0.266,0.154,201188,Marc Gasol,1.0,MEM,1610612763,30,0.577
303,33.0,0.1,5,"1626273,1610612747",101.5,0.021,1.4,0.093,53,45,16.4,4.2,5.1,5.1,14.4,0.109,0.119,0.182,1626273,Marcelo Huertas,0.5,LAL,1610612747,8,0.151
304,32.0,1.3,5,"101162,1610612764",103.0,0.034,6.9,0.252,75,40,30.1,7.7,7.9,10.1,25.2,0.462,0.324,0.124,101162,Marcin Gortat,0.6,WAS,1610612764,35,0.467
305,30.0,0.0,5,"201158,1610612758",106.7,0.017,1.6,0.071,68,41,24.6,6.7,7.4,9.3,23.4,0.016,0.096,0.124,201158,Marco Belinelli,0.5,SAC,1610612758,27,0.397
306,26.0,0.3,5,"202694,1610612765",103.1,0.041,3.9,0.126,80,38,35.7,7.7,7.9,10.6,33.1,0.119,0.159,0.152,202694,Marcus Morris,0.8,DET,1610612765,42,0.525
307,22.0,0.3,5,"203935,1610612738",100.2,0.041,2.9,0.117,61,25,27.3,8.2,6.0,8.4,23.9,0.129,0.155,0.275,203935,Marcus Smart,1.5,BOS,1610612738,36,0.59
308,29.0,0.1,5,"201977,1610612764",104.8,0.017,1.8,0.112,61,29,18.2,5.7,6.2,6.7,17.8,0.038,0.152,0.194,201977,Marcus Thornton,0.8,WAS,1610612764,32,0.525
309,30.0,0.2,5,"201596,1610612763",100.8,0.032,2.2,0.111,61,23,22.5,6.2,6.2,7.2,17.1,0.106,0.149,0.332,201596,Mario Chalmers,1.4,MEM,1610612763,38,0.623
310,21.0,0.2,5,"1626209,1610612753",103.6,0.019,1.9,0.121,79,46,17.9,3.9,4.3,5.5,16.3,0.113,0.156,0.17,1626209,Mario Hezonja,0.5,ORL,1610612753,33,0.418
311,24.0,0.2,5,"203900,1610612751",113.7,-0.003,1.6,0.12,62,50,15.8,4.6,4.3,6.3,15.8,0.163,0.167,0.245,203900,Markel Brown,0.6,BKN,1610612751,12,0.194
312,26.0,0.5,5,"202693,1610612764",104.8,0.023,4.4,0.195,64,42,25.5,5.9,7.8,9.6,21.3,0.268,0.247,0.216,202693,Markieff Morris,0.9,WAS,1610612764,22,0.344
313,28.0,0.5,5,"201578,1610612744",105.1,0.01,2.3,0.205,72,8,11.6,3.7,3.5,3.9,11.4,0.333,0.279,0.143,201578,Marreese Speights,0.3,GSW,1610612744,64,0.889
314,30.0,1.0,5,"101107,1610612766",102.6,0.034,4.9,0.187,81,34,28.9,6.8,7.0,8.1,23.9,0.281,0.236,0.165,101107,Marvin Williams,0.7,CHA,1610612766,47,0.58
315,26.0,1.0,5,"203486,1610612757",107.0,0.016,5.2,0.223,82,38,25.4,6.3,5.7,9.2,23.3,0.419,0.293,0.234,203486,Mason Plumlee,0.8,POR,1610612757,44,0.537
316,36.0,0.8,5,"2440,1610612763",107.4,0.017,4.4,0.179,76,38,28.8,7.0,9.1,8.6,22.9,0.273,0.238,0.206,2440,Matt Barnes,1.0,MEM,1610612763,38,0.5
317,36.0,0.0,5,"2588,1610612759",98.8,0.011,0.8,0.133,30,5,6.9,1.7,2.2,2.2,5.5,0.053,0.169,0.194,2588,Matt Bonner,0.2,SAS,1610612759,25,0.833
318,25.0,0.1,5,"203521,1610612739",99.7,0.038,1.7,0.076,76,22,24.6,5.5,5.1,7.6,19.0,0.063,0.097,0.164,203521,Matthew Dellavedova,0.6,CLE,1610612739,54,0.711
319,23.0,0.4,5,"203090,1610612757",104.7,0.018,2.3,0.133,78,38,18.7,5.3,4.2,6.4,15.6,0.241,0.177,0.211,203090,Maurice Harkless,0.6,POR,1610612757,40,0.513
320,36.0,0.3,5,"1897,1610612747",102.5,0.02,2.0,0.125,35,29,16.9,4.0,5.0,5.5,14.3,0.212,0.166,0.268,1897,Metta World Peace,0.6,LAL,1610612747,6,0.171
321,24.0,0.3,5,"203086,1610612757",106.4,0.016,4.3,0.213,61,28,21.8,5.3,5.0,7.4,16.7,0.191,0.273,0.054,203086,Meyers Leonard,0.1,POR,1610612757,33,0.541
322,27.0,0.5,5,"201563,1610612745",109.6,0.006,3.5,0.198,20,10,18.1,6.3,5.3,7.8,16.1,0.18,0.284,0.183,201563,Michael Beasley,0.6,HOU,1610612745,10,0.5
323,24.0,0.8,5,"203487,1610612749",105.3,0.027,4.2,0.154,54,33,30.5,8.8,8.3,11.6,26.1,0.199,0.21,0.28,203487,Michael Carter-Williams,1.5,MIL,1610612749,21,0.389
324,22.0,0.4,5,"203077,1610612766",95.0,0.062,4.7,0.16,7,2,29.2,4.4,9.0,7.7,24.0,0.125,0.183,0.143,203077,Michael Kidd-Gilchrist,0.4,CHA,1610612766,5,0.714
325,28.0,0.3,5,"201144,1610612763",103.4,0.034,2.5,0.093,56,23,31.4,7.5,9.1,8.6,24.8,0.098,0.123,0.215,201144,Mike Conley,1.2,MEM,1610612763,33,0.589
326,35.0,0.3,5,"2399,1610612741",111.2,0.003,2.4,0.116,31,18,22.7,6.7,6.0,7.2,21.5,0.118,0.157,0.157,2399,Mike Dunleavy,0.5,CHI,1610612741,13,0.419
327,36.0,0.1,5,"2034,1610612743",110.4,0.002,1.0,0.14,47,26,7.9,2.3,1.9,2.6,7.1,0.103,0.19,0.232,2034,Mike Miller,0.3,DEN,1610612743,21,0.447
328,24.0,0.5,5,"203488,1610612737",102.0,0.012,1.3,0.157,60,26,9.4,2.3,2.2,3.3,8.5,0.403,0.21,0.114,203488,Mike Muscala,0.2,ATL,1610612737,34,0.567
329,27.0,0.2,5,"203118,1610612737",95.3,0.032,2.0,0.144,75,29,15.3,3.5,3.3,5.1,12.2,0.148,0.19,0.116,203118,Mike Scott,0.3,ATL,1610612737,46,0.613
330,27.0,0.8,5,"203101,1610612749",103.1,0.016,2.3,0.174,61,38,14.3,3.9,3.6,5.2,13.1,0.446,0.239,0.144,203101,Miles Plumlee,0.3,MIL,1610612749,23,0.377
331,30.0,0.3,5,"203141,1610612756",108.9,0.009,3.1,0.164,79,56,21.3,5.8,8.2,8.8,21.1,0.149,0.215,0.123,203141,Mirza Teletovic,0.4,PHX,1610612756,23,0.291
332,24.0,0.1,5,"203956,1610612760",122.8,-0.005,0.7,0.222,20,3,3.6,1.4,2.0,1.9,3.5,0.4,0.304,0.077,203956,Mitch McGary,0.1,OKC,1610612760,17,0.85
333,33.0,0.1,5,"2590,1610612739",103.0,0.021,1.6,0.099,41,14,18.2,4.0,4.5,6.9,15.1,0.083,0.126,0.147,2590,Mo Williams,0.3,CLE,1610612739,27,0.659
334,30.0,0.5,5,"101145,1610612754",100.1,0.052,2.8,0.091,81,37,33.8,9.2,9.0,11.7,29.0,0.137,0.12,0.27,101145,Monta Ellis,1.9,IND,1610612754,44,0.543
335,22.0,0.3,5,"1626149,1610612745",102.7,0.012,1.0,0.108,39,22,9.7,2.5,3.3,3.9,8.7,0.262,0.146,0.153,1626149,Montrezl Harrell,0.3,HOU,1610612745,17,0.436
336,20.0,1.4,5,"1626167,1610612754",100.6,0.034,4.4,0.207,60,28,22.8,6.4,5.5,7.3,20.3,0.528,0.275,0.096,1626167,Myles Turner,0.4,IND,1610612754,32,0.533
337,32.0,0.0,5,"101126,1610612740",115.4,-0.005,0.0,0.0,2,2,11.6,3.5,2.5,5.5,13.0,0.0,0.0,0.5,101126,Nate Robinson,0.5,NOP,1610612740,0,0.0
338,38.0,0.0,5,"1737,1610612760",84.9,0.013,0.6,0.158,5,0,3.9,0.4,2.0,2.4,2.4,0.0,0.158,0.0,1737,Nazr Mohammed,0.0,OKC,1610612760,5,1.0
339,28.0,0.4,5,"202357,1610612750",107.3,0.011,2.7,0.178,60,40,17.9,4.3,4.6,7.4,16.1,0.239,0.233,0.157,202357,Nemanja Bjelica,0.4,MIN,1610612750,20,0.333
340,33.0,0.5,5,"2403,1610612764",101.4,0.026,3.6,0.227,57,29,19.2,4.1,4.8,6.2,16.4,0.321,0.287,0.23,2403,Nene,0.9,WAS,1610612764,28,0.491
341,22.0,1.5,5,"203457,1610612755",105.6,0.024,5.8,0.22,67,57,29.3,8.9,10.6,13.0,27.4,0.403,0.302,0.326,203457,Nerlens Noel,1.8,PHI,1610612755,10,0.149
342,35.0,0.3,5,"2555,1610612760",100.4,0.017,1.7,0.161,59,20,11.9,3.0,3.4,4.5,10.6,0.281,0.201,0.172,2555,Nick Collison,0.3,OKC,1610612760,39,0.661
343,31.0,0.1,5,"201156,1610612747",108.5,0.009,1.5,0.092,54,41,19.1,5.7,5.9,6.5,19.0,0.079,0.124,0.146,201156,Nick Young,0.4,LAL,1610612747,13,0.241
344,27.0,0.6,5,"201587,1610612766",102.1,0.044,5.3,0.166,70,29,35.0,8.6,9.1,10.5,30.2,0.156,0.209,0.178,201587,Nicolas Batum,0.9,CHA,1610612766,41,0.586
345,22.0,0.3,5,"203917,1610612755",107.4,0.015,2.2,0.101,73,65,24.8,7.3,8.8,10.2,23.6,0.087,0.135,0.147,203917,Nik Stauskas,0.6,PHI,1610612755,8,0.11
346,21.0,0.6,5,"203999,1610612743",102.9,0.025,4.7,0.248,80,49,21.7,4.5,5.4,7.0,17.5,0.318,0.311,0.27,203999,Nikola Jokic,1.0,DEN,1610612743,31,0.388
347,25.0,0.7,5,"202703,1610612741",104.4,0.024,4.6,0.197,66,29,24.9,6.9,6.8,8.3,24.7,0.234,0.264,0.256,202703,Nikola Mirotic,0.9,CHI,1610612741,37,0.561
348,30.0,0.0,5,"201593,1610612750",115.0,-0.004,1.2,0.118,12,10,13.0,4.5,4.2,5.3,12.3,0.0,0.154,0.048,201593,Nikola Pekovic,0.1,MIN,1610612750,2,0.167
349,25.0,1.1,5,"202696,1610612753",105.5,0.026,6.2,0.223,65,37,31.3,6.9,8.7,10.2,27.0,0.372,0.286,0.155,202696,Nikola Vucevic,0.8,ORL,1610612753,28,0.431
350,20.0,0.3,5,"203943,1610612757",105.4,0.012,2.7,0.202,78,37,15.0,3.3,3.4,5.2,13.0,0.228,0.266,0.153,203943,Noah Vonleh,0.3,POR,1610612757,41,0.526
351,23.0,0.2,5,"1626181,1610612761",104.1,0.015,1.9,0.142,49,17,14.8,3.4,3.9,4.3,12.5,0.114,0.182,0.244,1626181,Norman Powell,0.6,TOR,1610612761,32,0.653
352,27.0,0.1,5,"202708,1610612740",107.8,0.015,3.1,0.137,45,25,26.6,6.5,6.1,7.4,25.9,0.041,0.178,0.2,202708,Norris Cole,0.8,NOP,1610612740,20,0.444
353,28.0,0.2,5,"201564,1610612749",102.3,0.033,2.2,0.094,41,24,26.6,8.0,7.5,9.4,23.5,0.056,0.126,0.267,201564,O.J. Mayo,1.2,MIL,1610612749,17,0.415
354,29.0,0.3,5,"201600,1610612740",107.9,0.009,4.3,0.28,68,39,17.3,3.4,4.4,5.1,15.0,0.271,0.343,0.119,201600,Omer Asik,0.3,NOP,1610612740,29,0.426
355,28.0,0.2,5,"201956,1610612758",105.0,0.024,5.1,0.196,69,42,27.3,7.9,8.1,10.5,24.6,0.109,0.261,0.165,201956,Omri Casspi,0.8,SAC,1610612758,27,0.391
356,27.0,0.4,5,"203111,1610612740",109.5,0.005,1.6,0.141,7,6,14.5,1.9,6.0,5.0,15.1,0.231,0.169,0.188,203111,Orlando Johnson,0.4,NOP,1610612740,1,0.143
357,23.0,0.4,5,"203490,1610612764",103.2,0.034,3.9,0.148,75,39,30.3,7.4,8.2,10.9,25.9,0.173,0.189,0.251,203490,Otto Porter,1.4,WAS,1610612764,36,0.48
358,23.0,0.2,5,"203798,1610612763",107.5,0.012,2.3,0.136,66,35,19.9,4.9,5.1,5.9,16.7,0.081,0.173,0.144,203798,PJ Hairston,0.5,MEM,1610612763,31,0.47
359,31.0,0.2,5,"200782,1610612756",106.5,0.022,4.2,0.152,82,59,31.0,8.0,11.0,13.8,26.8,0.108,0.196,0.262,200782,PJ Tucker,1.3,PHX,1610612756,23,0.28
360,39.0,0.0,5,"203143,1610612746",101.0,0.019,1.3,0.103,59,22,13.9,5.0,4.1,4.3,12.8,0.01,0.145,0.308,203143,Pablo Prigioni,0.9,LAC,1610612746,37,0.627
361,23.0,0.0,5,"1626192,1610612757",97.1,0.008,0.6,0.144,34,17,4.2,1.0,0.7,1.1,2.1,0.0,0.196,0.118,1626192,Pat Connaughton,0.1,POR,1610612757,17,0.5
362,27.0,0.4,5,"201976,1610612745",104.6,0.027,2.5,0.097,71,36,28.7,8.6,8.2,11.2,25.5,0.118,0.132,0.215,201976,Patrick Beverley,1.3,HOU,1610612745,35,0.493
363,27.0,0.4,5,"202335,1610612761",100.6,0.037,3.4,0.146,79,25,25.6,6.6,5.3,6.8,20.3,0.136,0.191,0.17,202335,Patrick Patterson,0.7,TOR,1610612761,54,0.684
364,27.0,0.1,5,"201988,1610612759",96.8,0.04,1.6,0.087,81,15,20.5,4.8,4.7,6.0,18.0,0.033,0.112,0.206,201988,Patty Mills,0.7,SAS,1610612759,66,0.815
365,35.0,2.0,5,"2200,1610612741",103.5,0.034,8.9,0.277,72,36,31.8,10.2,9.1,10.5,29.6,0.488,0.376,0.153,2200,Pau Gasol,0.6,CHI,1610612741,36,0.5
366,26.0,0.4,5,"202331,1610612754",100.0,0.053,6.0,0.187,81,37,34.8,9.3,8.7,11.8,29.7,0.109,0.248,0.271,202331,Paul George,1.9,IND,1610612754,44,0.543
367,31.0,1.7,5,"200794,1610612737",100.1,0.049,6.6,0.213,81,33,32.7,9.5,8.7,10.8,28.7,0.389,0.289,0.29,200794,Paul Millsap,1.8,ATL,1610612737,48,0.593
368,38.0,0.3,5,"1718,1610612746",103.3,0.02,2.6,0.151,68,24,18.1,5.0,5.1,5.1,15.4,0.134,0.206,0.163,1718,Paul Pierce,0.5,LAC,1610612746,44,0.647
369,25.0,0.2,5,"203515,1610612756",103.2,0.014,1.2,0.109,23,20,12.3,3.5,4.6,4.8,12.6,0.133,0.145,0.281,203515,Phil Pressey,0.8,PHX,1610612756,3,0.13
370,25.0,0.4,5,"203112,1610612758",106.3,0.011,2.1,0.154,59,38,14.8,4.3,4.8,6.1,13.0,0.289,0.21,0.163,203112,Quincy Acy,0.5,SAC,1610612758,21,0.356
371,22.0,0.1,5,"1626154,1610612738",95.6,0.018,1.0,0.131,36,15,8.7,1.7,2.8,3.1,8.1,0.125,0.164,0.237,1626154,RJ Hunter,0.4,BOS,1610612738,21,0.583
372,30.0,0.1,5,"200765,1610612758",106.8,0.024,5.0,0.15,72,43,35.2,9.9,11.3,14.5,32.1,0.042,0.201,0.298,200765,Rajon Rondo,2.0,SAC,1610612758,29,0.403
373,24.0,0.0,5,"1626176,1610612754",202.0,-0.064,0.0,0.0,1,0,6.1,3.0,2.0,10.0,8.0,0.0,0.0,0.0,1626176,Rakeem Christmas,0.0,IND,1610612754,1,1.0
374,30.0,0.1,5,"201196,1610612764",103.9,0.021,2.2,0.123,82,41,20.3,4.7,5.2,6.1,18.2,0.039,0.16,0.152,201196,Ramon Sessions,0.6,WAS,1610612764,41,0.5
375,32.0,0.4,5,"200751,1610612760",102.5,0.024,1.6,0.086,81,44,20.3,5.2,5.8,7.6,18.0,0.171,0.114,0.155,200751,Randy Foye,0.5,OKC,1610612760,37,0.457
376,19.0,0.2,5,"1626173,1610612749",106.3,0.011,1.1,0.086,70,40,14.3,3.7,4.4,5.6,13.3,0.124,0.115,0.176,1626173,Rashad Vaughn,0.4,MIL,1610612749,30,0.429
377,37.0,0.5,5,"2446,1610612759",97.6,0.017,1.2,0.13,46,5,9.4,2.1,2.5,2.7,8.5,0.377,0.163,0.191,2446,Rasual Butler,0.3,SAS,1610612759,41,0.891
378,24.0,0.0,5,"203526,1610612762",99.7,0.029,1.3,0.08,81,41,18.5,4.3,4.4,6.1,15.1,0.012,0.102,0.267,203526,Raul Neto,0.8,UTA,1610612762,40,0.494
379,25.0,0.2,5,"203492,1610612763",101.8,0.015,1.0,0.096,41,11,11.6,2.7,3.0,3.5,9.4,0.143,0.122,0.141,203492,Ray McCallum,0.3,MEM,1610612763,30,0.732
380,32.0,0.2,5,"101109,1610612742",105.0,0.025,2.8,0.111,80,40,27.4,7.9,9.5,8.6,23.2,0.089,0.146,0.221,101109,Raymond Felton,0.9,DAL,1610612742,40,0.5
381,25.0,0.1,5,"203493,1610612765",109.9,0.003,1.5,0.151,37,15,11.6,2.5,2.4,3.7,10.2,0.061,0.186,0.196,203493,Reggie Bullock,0.3,DET,1610612765,22,0.595
382,26.0,0.1,5,"202704,1610612765",104.1,0.031,2.5,0.092,79,36,30.7,6.9,6.7,9.1,29.2,0.063,0.117,0.165,202704,Reggie Jackson,0.7,DET,1610612765,43,0.544
383,36.0,0.2,5,"2210,1610612739",102.7,0.021,1.5,0.096,74,23,17.9,4.1,3.6,6.0,14.8,0.144,0.122,0.191,2210,Richard Jefferson,0.4,CLE,1610612739,51,0.689
384,22.0,0.8,5,"1626158,1610612755",105.1,0.012,1.4,0.121,51,44,13.8,4.1,4.7,5.8,12.2,0.44,0.159,0.162,1626158,Richaun Holmes,0.4,PHI,1610612755,7,0.137
385,25.0,0.1,5,"201937,1610612750",105.7,0.025,3.8,0.139,76,48,30.6,8.7,7.9,10.2,28.5,0.04,0.188,0.391,201937,Ricky Rubio,2.1,MIN,1610612750,28,0.368
386,25.0,0.6,5,"203496,1610612755",105.1,0.025,5.3,0.211,67,57,28.4,8.1,8.7,10.9,25.3,0.177,0.279,0.284,203496,Robert Covington,1.6,PHI,1610612755,10,0.149
387,27.0,0.4,5,"203135,1610612747",104.5,0.012,1.6,0.138,25,23,12.8,3.4,4.8,4.5,12.2,0.455,0.178,0.08,203135,Robert Sacre,0.2,LAL,1610612747,2,0.08
388,28.0,1.6,5,"201577,1610612752",105.1,0.024,4.1,0.161,82,50,27.1,6.8,7.5,9.0,24.7,0.459,0.21,0.068,201577,Robin Lopez,0.2,NYK,1610612752,32,0.39
389,23.0,0.2,5,"203918,1610612762",102.9,0.037,2.9,0.107,79,40,32.2,7.4,7.7,10.5,26.3,0.06,0.138,0.192,203918,Rodney Hood,0.9,UTA,1610612762,39,0.494
390,30.0,0.1,5,"201155,1610612754",100.2,0.032,2.4,0.116,58,25,22.0,6.2,5.3,7.7,19.2,0.065,0.152,0.199,201155,Rodney Stuckey,0.7,IND,1610612754,33,0.569
391,21.0,0.6,5,"1626178,1610612751",101.4,0.029,4.0,0.199,29,22,21.2,5.5,6.5,7.6,18.8,0.239,0.256,0.317,1626178,Rondae Hollis-Jefferson,1.3,BKN,1610612751,7,0.241
392,33.0,0.2,5,"101179,1610612756",100.9,0.027,1.2,0.068,62,42,19.5,4.3,6.4,7.5,16.5,0.146,0.086,0.349,101179,Ronnie Price,1.2,PHX,1610612756,20,0.323
393,29.0,1.4,5,"201579,1610612747",112.6,-0.001,3.3,0.154,81,64,23.2,7.5,9.4,8.3,23.4,0.625,0.211,0.122,201579,Roy Hibbert,0.4,LAL,1610612747,17,0.21
394,29.0,0.7,5,"200752,1610612758",106.4,0.025,5.0,0.16,70,41,34.0,9.2,10.8,13.1,31.3,0.226,0.211,0.231,200752,Rudy Gay,1.4,SAC,1610612758,29,0.414
395,24.0,2.2,5,"203497,1610612762",100.0,0.048,7.5,0.273,61,28,31.7,7.8,7.2,10.5,24.5,0.616,0.351,0.148,203497,Rudy Gobert,0.7,UTA,1610612762,33,0.541
396,25.0,0.1,5,"203893,1610612763",114.9,-0.002,0.5,0.143,15,9,4.4,0.8,1.7,2.8,3.5,0.2,0.19,0.357,203893,Russ Smith,0.3,MEM,1610612763,6,0.4
397,27.0,0.3,5,"201566,1610612760",102.2,0.043,6.0,0.178,80,25,34.4,10.1,9.0,12.1,32.4,0.052,0.234,0.376,201566,Russell Westbrook,2.0,OKC,1610612760,55,0.688
398,28.0,0.4,5,"201583,1610612740",106.9,0.02,4.0,0.153,66,42,30.4,7.6,7.2,9.3,28.5,0.129,0.196,0.117,201583,Ryan Anderson,0.6,NOP,1610612740,24,0.364
399,31.0,0.6,5,"200797,1610612763",113.0,-0.001,1.4,0.143,37,19,12.4,2.8,3.3,4.5,9.8,0.553,0.191,0.077,200797,Ryan Hollins,0.2,MEM,1610612763,18,0.486
400,25.0,0.3,5,"203527,1610612747",99.0,0.022,2.8,0.229,36,33,13.1,4.0,3.2,3.6,12.7,0.213,0.305,0.167,203527,Ryan Kelly,0.4,LAL,1610612747,3,0.083
401,30.0,1.1,5,"1626257,1610612742",102.5,0.014,2.4,0.211,34,18,11.7,2.9,3.9,3.3,7.9,0.706,0.28,0.143,1626257,Salah Mejri,0.2,DAL,1610612742,16,0.471
402,22.0,0.0,5,"1626155,1610612745",124.0,-0.004,0.3,0.2,3,2,2.0,0.0,0.0,0.0,2.7,0.0,0.25,1.0,1626155,Sam Dekker,0.3,HOU,1610612745,1,0.333
403,31.0,0.2,5,"201619,1610612739",94.7,0.008,0.6,0.154,25,7,3.8,1.2,0.8,1.3,2.6,0.385,0.2,0.2,201619,Sasha Kaun,0.2,CLE,1610612739,18,0.72
404,32.0,0.1,5,"2756,1610612752",104.1,0.015,2.0,0.151,61,39,14.9,3.7,4.2,4.5,12.7,0.048,0.199,0.266,2756,Sasha Vujacic,0.6,NYK,1610612752,22,0.361
405,26.0,0.1,5,"203930,1610612751",116.5,-0.011,1.4,0.083,31,24,19.9,6.1,6.3,7.5,20.8,0.031,0.113,0.124,203930,Sean Kilpatrick,0.4,BKN,1610612751,7,0.226
406,26.0,1.9,5,"201586,1610612760",102.5,0.039,5.0,0.16,78,24,32.1,9.6,8.3,10.8,29.7,0.416,0.211,0.099,201586,Serge Ibaka,0.5,OKC,1610612760,54,0.692
407,22.0,0.1,5,"203508,1610612751",105.9,0.008,1.3,0.15,40,31,10.0,2.5,3.1,3.8,10.7,0.065,0.202,0.087,203508,Sergey Karasev,0.2,BKN,1610612751,9,0.225
408,25.0,0.1,5,"203552,1610612758",107.7,0.009,1.2,0.081,44,27,15.7,4.8,5.3,5.6,13.5,0.05,0.111,0.175,203552,Seth Curry,0.5,SAC,1610612758,17,0.386
409,23.0,0.1,5,"203498,1610612750",108.8,0.009,2.0,0.117,82,53,20.5,5.6,5.9,8.3,20.2,0.051,0.156,0.094,203498,Shabazz Muhammad,0.3,MIN,1610612750,29,0.354
410,24.0,0.0,5,"203894,1610612753",104.8,0.01,0.8,0.087,55,32,10.9,2.5,3.0,3.6,9.3,0.013,0.113,0.295,203894,Shabazz Napier,0.4,ORL,1610612753,23,0.418
411,23.0,0.2,5,"203499,1610612751",109.5,0.008,1.9,0.104,78,58,22.4,5.3,6.5,9.1,22.9,0.075,0.138,0.314,203499,Shane Larkin,1.2,BKN,1610612751,20,0.256
412,30.0,0.3,5,"2733,1610612744",101.2,0.026,1.6,0.089,78,9,19.5,5.8,5.0,6.2,18.4,0.154,0.119,0.217,2733,Shaun Livingston,0.7,GSW,1610612744,69,0.885
413,25.0,0.1,5,"203963,1610612754",95.2,0.012,1.0,0.194,7,3,5.8,1.0,1.3,2.4,3.7,0.333,0.233,0.143,203963,Shayne Whittington,0.1,IND,1610612754,4,0.571
414,26.0,0.1,5,"202714,1610612762",100.8,0.029,2.2,0.125,52,25,20.3,4.4,4.7,7.8,16.8,0.029,0.157,0.19,202714,Shelvin Mack,0.7,UTA,1610612762,27,0.519
415,25.0,0.2,5,"203524,1610612754",100.3,0.022,2.2,0.156,59,28,14.7,4.3,3.6,4.6,12.8,0.125,0.206,0.222,203524,Solomon Hill,0.6,IND,1610612754,31,0.525
416,29.0,0.0,5,"201603,1610612755",107.2,0.007,1.1,0.109,43,37,11.6,2.8,4.0,4.6,10.3,0.029,0.141,0.096,201603,Sonny Weems,0.2,PHI,1610612755,6,0.14
417,23.0,0.0,5,"203915,1610612765",99.8,0.02,1.1,0.094,12,7,13.3,2.3,2.8,3.8,10.5,0.0,0.115,0.115,203915,Spencer Dinwiddie,0.3,DET,1610612765,5,0.417
418,28.0,0.5,5,"201150,1610612766",98.9,0.03,3.4,0.201,57,27,18.2,4.1,5.1,5.8,13.9,0.252,0.252,0.15,201150,Spencer Hawes,0.4,CHA,1610612766,30,0.526
419,20.0,0.2,5,"1626169,1610612765",104.1,0.024,3.4,0.164,73,36,23.1,5.0,5.2,7.4,20.3,0.079,0.205,0.251,1626169,Stanley Johnson,0.8,DET,1610612765,37,0.507
420,28.0,0.2,5,"201939,1610612744",98.3,0.06,4.6,0.131,79,8,34.2,9.3,10.2,11.6,31.1,0.043,0.171,0.348,201939,Stephen Curry,2.1,GSW,1610612744,71,0.899
421,36.0,0.1,5,"2581,1610612765",103.7,0.018,1.4,0.092,58,24,17.0,3.8,3.6,5.2,14.8,0.068,0.116,0.175,2581,Steve Blake,0.4,DET,1610612765,34,0.586
422,33.0,0.0,5,"200779,1610612749",102.1,0.006,0.5,0.102,10,2,4.4,1.5,1.8,2.0,3.6,0.0,0.139,0.0,200779,Steve Novak,0.0,MIL,1610612749,8,0.8
423,22.0,1.1,5,"203500,1610612760",99.0,0.041,3.9,0.158,80,26,25.2,6.9,6.8,8.3,22.4,0.306,0.207,0.127,203500,Steven Adams,0.5,OKC,1610612760,54,0.675
424,24.0,0.1,5,"204456,1610612755",106.8,0.013,2.6,0.154,81,71,19.8,5.6,7.3,8.2,18.8,0.051,0.206,0.328,204456,TJ McConnell,1.2,PHI,1610612755,10,0.123
425,22.0,0.3,5,"203933,1610612756",107.7,0.013,1.9,0.1,47,33,22.8,5.7,8.4,9.9,21.7,0.167,0.129,0.19,203933,TJ Warren,0.8,PHX,1610612756,14,0.298
426,31.0,1.1,5,"201959,1610612741",104.4,0.026,4.1,0.155,73,36,26.5,8.2,7.9,8.8,23.8,0.32,0.211,0.208,201959,Taj Gibson,0.6,CHI,1610612741,37,0.507
427,24.0,0.5,5,"204028,1610612747",101.4,0.017,2.9,0.257,39,33,12.7,3.1,3.3,4.1,10.7,0.621,0.325,0.167,204028,Tarik Black,0.4,LAL,1610612747,6,0.154
428,36.0,0.2,5,"2419,1610612750",103.5,0.02,1.5,0.089,77,50,19.0,5.3,4.5,6.1,17.9,0.1,0.119,0.149,2419,Tayshaun Prince,0.5,MIN,1610612750,27,0.351
429,24.0,0.8,5,"203093,1610612745",112.1,0.0,3.0,0.166,50,26,20.9,6.6,6.2,7.8,20.5,0.312,0.23,0.114,203093,Terrence Jones,0.5,HOU,1610612745,24,0.48
430,25.0,0.3,5,"203082,1610612761",100.6,0.034,2.2,0.104,73,20,23.9,5.6,4.7,6.9,19.4,0.113,0.136,0.205,203082,Terrence Ross,0.7,TOR,1610612761,53,0.726
431,22.0,0.0,5,"1626179,1610612738",100.6,0.011,1.0,0.134,39,15,8.0,1.8,3.0,2.3,7.8,0.037,0.181,0.103,1626179,Terry Rozier,0.2,BOS,1610612738,24,0.615
432,32.0,0.5,5,"200757,1610612737",97.9,0.042,3.8,0.171,75,33,23.4,6.1,5.4,7.9,20.1,0.177,0.228,0.239,200757,Thabo Sefolosha,1.1,ATL,1610612737,42,0.56
433,28.0,0.5,5,"201152,1610612751",107.4,0.02,6.6,0.227,73,52,33.0,7.8,10.1,12.3,32.9,0.218,0.294,0.302,201152,Thaddeus Young,1.5,BKN,1610612751,21,0.288
434,23.0,0.0,5,"203648,1610612752",134.8,-0.01,0.5,0.125,2,1,3.1,1.0,0.0,1.0,1.0,0.0,0.167,0.0,203648,Thanasis Antetokounmpo,0.0,NYK,1610612752,1,0.5
435,25.0,0.5,5,"203080,1610612751",110.7,0.002,3.1,0.293,71,55,12.9,3.9,3.8,5.3,12.8,0.396,0.4,0.238,203080,Thomas Robinson,0.5,BKN,1610612751,16,0.225
436,31.0,0.3,5,"201168,1610612737",94.2,0.036,2.1,0.145,36,15,16.1,3.9,4.4,5.8,12.1,0.19,0.189,0.154,201168,Tiago Splitter,0.6,ATL,1610612737,21,0.583
437,26.0,0.2,5,"202353,1610612762",107.7,0.004,0.8,0.134,12,5,6.8,2.0,1.6,3.2,5.3,0.5,0.176,0.083,202353,Tibor Pleiss,0.1,UTA,1610612762,7,0.583
438,40.0,1.3,5,"1495,1610612759",93.8,0.057,5.4,0.234,61,11,25.2,5.3,6.3,6.6,19.0,0.361,0.289,0.175,1495,Tim Duncan,0.8,SAS,1610612759,50,0.82
439,25.0,0.0,5,"204025,1610612740",104.7,0.013,1.6,0.126,51,26,14.5,3.7,3.0,4.8,11.5,0.042,0.161,0.3,204025,Tim Frazier,0.6,NOP,1610612740,25,0.49
440,24.0,0.1,5,"203501,1610612737",98.0,0.03,1.5,0.097,51,22,16.9,4.0,3.2,5.6,13.4,0.07,0.126,0.147,203501,Tim Hardaway Jr.,0.4,ATL,1610612737,29,0.569
441,29.0,0.8,5,"202389,1610612739",103.7,0.019,3.0,0.187,76,24,17.4,4.0,4.5,5.9,14.3,0.496,0.24,0.135,202389,Timofey Mozgov,0.3,CLE,1610612739,52,0.684
442,23.0,0.5,5,"202699,1610612765",103.7,0.035,5.4,0.184,76,39,33.1,7.5,8.2,10.5,28.3,0.187,0.234,0.168,202699,Tobias Harris,0.9,DET,1610612765,37,0.487
443,30.0,0.1,5,"201962,1610612740",109.7,0.007,1.9,0.111,61,39,20.7,4.6,5.5,6.4,18.8,0.058,0.138,0.33,201962,Toney Douglas,1.1,NOP,1610612740,22,0.361
444,34.0,0.3,5,"2754,1610612763",104.1,0.026,3.0,0.143,64,30,25.3,6.2,7.5,8.1,21.3,0.136,0.192,0.336,2754,Tony Allen,1.7,MEM,1610612763,34,0.531
445,34.0,0.2,5,"2225,1610612759",96.8,0.052,2.2,0.089,72,13,27.5,5.7,7.4,7.1,22.6,0.041,0.111,0.156,2225,Tony Parker,0.8,SAS,1610612759,59,0.819
446,24.0,0.3,5,"203503,1610612741",97.0,0.039,2.8,0.132,64,31,20.3,5.9,4.9,6.1,18.0,0.107,0.174,0.104,203503,Tony Snell,0.3,CHI,1610612741,33,0.516
447,23.0,0.0,5,"203100,1610612752",108.9,0.008,2.4,0.141,8,8,18.0,5.8,7.6,10.5,17.8,0.0,0.184,0.136,203100,Tony Wroten,0.4,NYK,1610612752,0,0.0
448,30.0,0.3,5,"2772,1610612745",107.0,0.023,3.7,0.119,81,41,35.3,10.4,10.6,14.6,32.7,0.09,0.164,0.264,2772,Trevor Ariza,2.0,HOU,1610612745,40,0.494
449,28.0,0.5,5,"202344,1610612762",100.2,0.031,3.6,0.202,79,40,20.7,4.7,5.1,7.3,17.1,0.227,0.26,0.209,202344,Trevor Booker,0.7,UTA,1610612762,39,0.494
450,23.0,0.1,5,"203504,1610612762",102.9,0.025,1.5,0.08,64,33,21.3,5.5,5.1,6.9,17.4,0.044,0.107,0.165,203504,Trey Burke,0.5,UTA,1610612762,31,0.484
451,20.0,0.2,5,"1626168,1610612762",103.0,0.02,3.0,0.203,80,42,17.3,4.3,4.3,5.4,14.9,0.14,0.26,0.135,1626168,Trey Lyles,0.3,UTA,1610612762,38,0.475
452,25.0,0.6,5,"202684,1610612739",101.7,0.036,5.7,0.233,82,25,27.7,6.1,5.7,8.5,23.6,0.29,0.293,0.121,202684,Tristan Thompson,0.5,CLE,1610612739,57,0.695
453,24.0,0.1,5,"203584,1610612766",104.2,0.011,1.2,0.119,43,18,11.1,2.9,3.3,3.7,9.8,0.086,0.146,0.151,203584,Troy Daniels,0.3,CHA,1610612766,25,0.581
454,28.0,0.1,5,"201951,1610612754",105.7,0.018,1.4,0.072,66,35,21.4,6.7,6.3,8.4,21.4,0.045,0.098,0.204,201951,Ty Lawson,0.8,IND,1610612754,31,0.47
455,21.0,0.0,5,"203898,1610612749",104.2,0.014,1.3,0.108,46,29,14.2,3.9,3.4,5.0,13.4,0.014,0.147,0.231,203898,Tyler Ennis,0.5,MIL,1610612749,17,0.37
456,30.0,0.2,5,"201946,1610612766",107.3,0.005,1.1,0.174,44,16,7.8,1.5,2.0,2.6,6.9,0.28,0.22,0.25,201946,Tyler Hansbrough,0.3,CHA,1610612766,28,0.636
457,24.0,0.4,5,"204020,1610612748",98.4,0.041,2.3,0.104,36,17,24.0,6.3,4.6,7.9,20.3,0.14,0.134,0.226,204020,Tyler Johnson,0.7,MIA,1610612748,19,0.528
458,26.0,0.4,5,"203092,1610612738",101.9,0.015,1.9,0.168,60,22,11.8,3.6,3.1,4.1,10.7,0.31,0.221,0.089,203092,Tyler Zeller,0.2,BOS,1610612738,38,0.633
459,26.0,0.3,5,"201936,1610612740",105.4,0.025,4.4,0.159,25,14,30.6,7.6,6.1,9.2,25.0,0.098,0.203,0.271,201936,Tyreke Evans,1.3,NOP,1610612740,11,0.44
460,33.0,0.7,5,"2199,1610612756",108.1,0.012,6.1,0.272,66,48,24.5,5.9,9.6,11.0,20.5,0.404,0.349,0.145,2199,Tyson Chandler,0.5,PHX,1610612756,18,0.273
461,20.0,0.1,5,"1626145,1610612750",110.3,0.004,1.1,0.083,37,24,15.5,4.0,5.5,6.4,16.1,0.07,0.111,0.337,1626145,Tyus Jones,0.8,MIN,1610612750,13,0.351
462,36.0,0.1,5,"2617,1610612748",100.7,0.01,1.8,0.301,37,12,7.0,1.9,1.0,2.1,5.4,0.118,0.369,0.135,2617,Udonis Haslem,0.1,MIA,1610612748,25,0.676
463,24.0,0.8,5,"203506,1610612753",104.5,0.032,4.1,0.135,72,40,33.0,8.4,9.0,11.4,29.8,0.208,0.18,0.305,203506,Victor Oladipo,1.6,ORL,1610612753,32,0.444
464,39.0,0.3,5,"1713,1610612763",106.0,0.013,1.9,0.132,60,27,16.8,4.2,5.1,5.3,11.4,0.193,0.177,0.199,1713,Vince Carter,0.6,MEM,1610612763,33,0.55
465,24.0,0.5,5,"204002,1610612737",112.9,-0.001,1.3,0.222,11,4,6.6,1.4,1.8,3.9,6.0,0.857,0.275,0.083,204002,Walter Tavares,0.1,ATL,1610612737,7,0.636
466,28.0,0.1,5,"201961,1610612751",106.9,0.014,2.0,0.107,76,58,21.3,5.4,6.3,7.6,21.4,0.039,0.14,0.193,201961,Wayne Ellington,0.6,BKN,1610612751,18,0.237
467,28.0,0.7,5,"202325,1610612746",100.4,0.031,2.6,0.137,80,29,20.8,6.2,5.6,6.5,18.0,0.249,0.191,0.257,202325,Wesley Johnson,1.1,LAC,1610612746,51,0.638
468,29.0,0.2,5,"202083,1610612742",105.7,0.027,2.7,0.089,78,38,33.9,9.4,10.5,9.3,28.5,0.098,0.115,0.215,202083,Wesley Matthews,1.0,DAL,1610612742,40,0.513
469,25.0,0.5,5,"203115,1610612743",105.8,0.023,5.1,0.202,82,49,28.7,7.5,7.4,10.0,26.2,0.171,0.262,0.219,203115,Will Barton,0.9,DEN,1610612743,33,0.402
470,22.0,1.0,5,"1626161,1610612758",108.1,0.011,3.3,0.166,66,40,21.4,6.4,7.0,8.3,19.3,0.482,0.228,0.18,1626161,Willie Cauley-Stein,0.7,SAC,1610612758,26,0.394
471,26.0,0.8,5,"203186,1610612751",105.8,0.009,1.9,0.206,39,31,10.9,2.3,3.8,4.8,10.2,0.769,0.268,0.103,203186,Willie Reed,0.2,BKN,1610612751,8,0.205
472,24.0,0.2,5,"204098,1610612763",112.3,0.0,2.0,0.144,14,11,17.4,3.6,5.8,5.2,12.3,0.167,0.19,0.277,204098,Xavier Munford,0.9,MEM,1610612763,3,0.214
473,21.0,0.2,5,"203897,1610612750",109.5,0.01,2.5,0.1,82,53,28.0,7.4,8.0,11.6,27.6,0.084,0.135,0.184,203897,Zach LaVine,0.8,MIN,1610612750,29,0.354
474,34.0,0.2,5,"2216,1610612763",105.8,0.023,5.1,0.21,68,31,29.7,7.8,9.3,9.1,24.9,0.083,0.282,0.127,2216,Zach Randolph,0.6,MEM,1610612763,37,0.544
475,32.0,0.3,5,"2585,1610612742",103.2,0.029,6.2,0.262,76,36,26.4,6.8,8.6,7.6,22.4,0.18,0.339,0.237,2585,Zaza Pachulia,0.8,DAL,1610612742,40,0.526
