,AGE,BLK,BLKA,CFID,CFPARAMS,GP,L,MIN,OPP_PTS_2ND_CHANCE,OPP_PTS_FB,OPP_PTS_OFF_TOV,OPP_PTS_PAINT,PF,PFD,PLAYER_ID,PLAYER_NAME,PTS_2ND_CHANCE,PTS_FB,PTS_OFF_TOV,PTS_PAINT,TEAM_ABBREVIATION,TEAM_ID,W,W_PCT
0,21.0,0.0,0.0,5,"1626151,1610612766",2,1,0.463,0.0,0.188,0.188,0.375,0.063,0.0,1626151,Aaron Harrison,0.0,0.0,0.0,0.0,CHA,1610612766,1,0.5
1,30.0,0.033,0.004,5,"201143,1610612737",10,6,0.451,0.131,0.095,0.158,0.33,0.034,0.028,201143,Al Horford,0.008,0.014,0.017,0.094,ATL,1610612737,4,0.4
2,31.0,0.009,0.021,5,"2744,1610612766",7,4,0.503,0.149,0.111,0.096,0.472,0.036,0.03,2744,Al Jefferson,0.036,0.0,0.048,0.209,CHA,1610612766,3,0.429
3,25.0,0.011,0.006,5,"202329,1610612757",11,6,0.423,0.113,0.102,0.113,0.35,0.035,0.024,202329,Al-Farouq Aminu,0.022,0.007,0.015,0.052,POR,1610612757,5,0.455
4,24.0,0.001,0.001,5,"203459,1610612757",11,6,0.425,0.128,0.131,0.139,0.411,0.032,0.031,203459,Allen Crabbe,0.027,0.032,0.025,0.034,POR,1610612757,5,0.455
5,33.0,0.017,0.0,5,"2405,1610612748",9,5,0.468,0.136,0.057,0.154,0.455,0.08,0.04,2405,Amar'e Stoudemire,0.023,0.0,0.034,0.102,MIA,1610612748,4,0.444
6,29.0,0.027,0.013,5,"101161,1610612738",6,4,0.45,0.125,0.128,0.148,0.425,0.044,0.024,101161,Amir Johnson,0.034,0.013,0.04,0.142,BOS,1610612738,2,0.333
7,33.0,0.01,0.01,5,"2760,1610612744",17,6,0.442,0.1,0.138,0.119,0.467,0.081,0.105,2760,Anderson Varejao,0.024,0.005,0.024,0.038,GSW,1610612744,11,0.647
8,22.0,0.023,0.004,5,"203083,1610612765",4,4,0.499,0.11,0.11,0.152,0.311,0.03,0.114,203083,Andre Drummond,0.042,0.019,0.019,0.175,DET,1610612765,0,0.0
9,32.0,0.006,0.004,5,"2738,1610612744",24,9,0.434,0.135,0.146,0.152,0.383,0.021,0.031,2738,Andre Iguodala,0.016,0.025,0.027,0.051,GSW,1610612744,15,0.625
10,40.0,0.0,0.013,5,"1889,1610612759",4,1,0.47,0.093,0.2,0.16,0.373,0.053,0.013,1889,Andre Miller,0.027,0.0,0.0,0.053,SAS,1610612759,3,0.75
11,24.0,0.018,0.006,5,"203460,1610612760",18,7,0.437,0.087,0.121,0.11,0.354,0.042,0.016,203460,Andre Roberson,0.014,0.007,0.013,0.052,OKC,1610612760,11,0.611
12,31.0,0.043,0.007,5,"101106,1610612744",22,7,0.445,0.161,0.115,0.13,0.346,0.088,0.024,101106,Andrew Bogut,0.034,0.004,0.023,0.115,GSW,1610612744,15,0.682
13,27.0,0.0,0.0,5,"202726,1610612745",2,2,0.396,0.07,0.0,0.487,0.139,0.0,0.0,202726,Andrew Goudelock,0.07,0.0,0.0,0.139,HOU,1610612745,0,0.0
14,30.0,0.0,0.0,5,"201627,1610612760",14,6,0.434,0.136,0.119,0.25,0.443,0.028,0.034,201627,Anthony Morrow,0.017,0.04,0.011,0.045,OKC,1610612760,8,0.571
15,31.0,0.02,0.0,5,"201229,1610612765",3,3,0.526,0.0,0.161,0.181,0.482,0.0,0.0,201229,Anthony Tolliver,0.0,0.0,0.0,0.0,DET,1610612765,0,0.0
16,29.0,0.0,0.022,5,"203382,1610612765",4,4,0.486,0.188,0.111,0.243,0.486,0.044,0.044,203382,Aron Baynes,0.055,0.033,0.0,0.088,DET,1610612765,0,0.0
17,23.0,0.0,0.003,5,"203085,1610612746",6,4,0.449,0.144,0.147,0.078,0.337,0.037,0.034,203085,Austin Rivers,0.028,0.012,0.019,0.119,LAC,1610612746,2,0.333
18,25.0,0.012,0.012,5,"202340,1610612738",1,1,0.413,0.162,0.112,0.112,0.498,0.025,0.025,202340,Avery Bradley,0.025,0.05,0.05,0.05,BOS,1610612738,0,0.0
19,23.0,0.025,0.006,5,"202687,1610612761",20,10,0.468,0.131,0.104,0.142,0.352,0.044,0.058,202687,Bismack Biyombo,0.035,0.002,0.015,0.069,TOR,1610612761,10,0.5
20,27.0,0.007,0.018,5,"201933,1610612746",4,2,0.454,0.118,0.122,0.093,0.365,0.032,0.064,201933,Blake Griffin,0.036,0.007,0.021,0.1,LAC,1610612746,2,0.5
21,27.0,0.023,0.0,5,"1626246,1610612759",7,3,0.479,0.114,0.126,0.137,0.321,0.114,0.057,1626246,Boban Marjanovic,0.069,0.0,0.023,0.16,SAS,1610612759,4,0.571
22,34.0,0.012,0.012,5,"2564,1610612759",9,3,0.46,0.122,0.145,0.133,0.389,0.026,0.029,2564,Boris Diaw,0.017,0.009,0.017,0.087,SAS,1610612759,6,0.667
23,30.0,0.009,0.0,5,"201575,1610612744",14,6,0.47,0.12,0.12,0.154,0.41,0.038,0.013,201575,Brandon Rush,0.0,0.034,0.013,0.026,GSW,1610612744,8,0.571
24,30.0,0.0,0.0,5,"203148,1610612757",10,6,0.412,0.035,0.15,0.15,0.324,0.058,0.046,203148,Brian Roberts,0.0,0.0,0.012,0.023,POR,1610612757,4,0.4
25,23.0,0.0,0.0,5,"1627362,1610612748",2,1,0.565,0.188,0.0,0.0,0.376,0.094,0.0,1627362,Briante Weber,0.0,0.0,0.0,0.0,MIA,1610612748,1,0.5
26,24.0,0.005,0.007,5,"203468,1610612757",11,6,0.429,0.12,0.088,0.112,0.384,0.029,0.036,203468,CJ McCollum,0.024,0.036,0.02,0.058,POR,1610612757,5,0.455
27,29.0,0.005,0.016,5,"101139,1610612754",7,4,0.479,0.177,0.135,0.219,0.448,0.036,0.005,101139,CJ Miles,0.031,0.026,0.031,0.052,IND,1610612754,3,0.429
28,25.0,0.0,0.0,5,"203912,1610612746",2,2,0.431,0.0,0.0,0.0,0.346,0.058,0.0,203912,CJ Wilcox,0.0,0.0,0.0,0.0,LAC,1610612746,0,0.0
29,21.0,0.015,0.015,5,"1626166,1610612760",10,3,0.475,0.133,0.126,0.17,0.414,0.052,0.03,1626166,Cameron Payne,0.03,0.0,0.015,0.059,OKC,1610612760,7,0.7
30,33.0,0.018,0.004,5,"101112,1610612739",17,5,0.478,0.072,0.058,0.133,0.314,0.074,0.024,101112,Channing Frye,0.026,0.03,0.054,0.044,CLE,1610612739,12,0.706
31,31.0,0.0,0.0,5,"101111,1610612742",4,4,0.428,0.105,0.126,0.063,0.084,0.042,0.021,101111,Charlie Villanueva,0.0,0.084,0.063,0.084,DAL,1610612742,0,0.0
32,37.0,0.018,0.0,5,"2365,1610612763",4,4,0.464,0.059,0.129,0.229,0.306,0.024,0.035,2365,Chris Andersen,0.041,0.0,0.024,0.059,MEM,1610612763,0,0.0
33,34.0,0.0,0.013,5,"2549,1610612757",4,2,0.436,0.135,0.013,0.135,0.323,0.135,0.0,2549,Chris Kaman,0.0,0.0,0.027,0.081,POR,1610612757,2,0.5
34,31.0,0.0,0.014,5,"101108,1610612746",4,2,0.451,0.111,0.111,0.101,0.352,0.043,0.061,101108,Chris Paul,0.036,0.022,0.029,0.086,LAC,1610612746,2,0.5
35,22.0,0.019,0.009,5,"203991,1610612745",5,4,0.403,0.056,0.158,0.335,0.353,0.046,0.028,203991,Clint Capela,0.0,0.019,0.046,0.056,HOU,1610612745,1,0.2
36,23.0,0.01,0.007,5,"203469,1610612766",7,4,0.454,0.139,0.073,0.083,0.416,0.066,0.063,203469,Cody Zeller,0.026,0.007,0.026,0.112,CHA,1610612766,3,0.429
37,27.0,0.018,0.0,5,"202332,1610612746",6,4,0.458,0.143,0.125,0.095,0.369,0.065,0.036,202332,Cole Aldrich,0.024,0.0,0.012,0.119,LAC,1610612746,2,0.333
38,30.0,0.005,0.015,5,"201147,1610612745",5,4,0.399,0.083,0.176,0.15,0.279,0.067,0.026,201147,Corey Brewer,0.01,0.015,0.031,0.052,HOU,1610612745,1,0.2
39,24.0,0.002,0.011,5,"202709,1610612761",20,10,0.469,0.118,0.094,0.16,0.365,0.049,0.032,202709,Cory Joseph,0.021,0.013,0.043,0.083,TOR,1610612761,10,0.5
40,30.0,0.006,0.006,5,"201584,1610612766",7,4,0.472,0.129,0.085,0.085,0.423,0.035,0.015,201584,Courtney Lee,0.029,0.013,0.018,0.037,CHA,1610612766,3,0.429
41,35.0,0.009,0.0,5,"2563,1610612739",15,4,0.475,0.066,0.123,0.114,0.228,0.028,0.047,2563,Dahntay Jones,0.0,0.047,0.038,0.095,CLE,1610612739,11,0.733
42,25.0,0.003,0.017,5,"203081,1610612757",11,6,0.419,0.116,0.116,0.121,0.373,0.022,0.058,203081,Damian Lillard,0.019,0.044,0.033,0.067,POR,1610612757,5,0.455
43,29.0,0.014,0.0,5,"201980,1610612759",10,4,0.471,0.123,0.134,0.111,0.394,0.035,0.014,201980,Danny Green,0.016,0.055,0.037,0.018,SAS,1610612759,6,0.6
44,33.0,0.0,0.0,5,"101135,1610612742",2,2,0.443,0.163,0.177,0.163,0.463,0.095,0.0,101135,David Lee,0.0,0.0,0.027,0.163,DAL,1610612742,0,0.0
45,35.0,0.018,0.011,5,"2561,1610612759",10,4,0.463,0.137,0.118,0.126,0.395,0.05,0.034,2561,David West,0.016,0.005,0.016,0.089,SAS,1610612759,6,0.6
46,27.0,0.036,0.002,5,"201599,1610612746",6,4,0.446,0.103,0.133,0.103,0.328,0.038,0.083,201599,DeAndre Jordan,0.061,0.011,0.016,0.108,LAC,1610612746,2,0.333
47,26.0,0.002,0.018,5,"201942,1610612761",20,10,0.457,0.106,0.119,0.142,0.371,0.032,0.048,201942,DeMar DeRozan,0.017,0.017,0.038,0.082,TOR,1610612761,10,0.5
48,29.0,0.005,0.005,5,"201960,1610612761",20,10,0.463,0.114,0.118,0.14,0.374,0.048,0.022,201960,DeMarre Carroll,0.018,0.026,0.025,0.053,TOR,1610612761,10,0.5
49,24.0,0.0,0.0,5,"1626153,1610612761",9,6,0.471,0.159,0.023,0.045,0.318,0.023,0.091,1626153,Delon Wright,0.0,0.091,0.045,0.068,TOR,1610612761,3,0.333
50,22.0,0.002,0.029,5,"203471,1610612737",10,6,0.462,0.097,0.099,0.138,0.319,0.058,0.041,203471,Dennis Schroder,0.024,0.031,0.048,0.135,ATL,1610612737,4,0.4
51,32.0,0.0,0.009,5,"101114,1610612742",3,2,0.46,0.14,0.252,0.187,0.448,0.056,0.009,101114,Deron Williams,0.019,0.028,0.0,0.037,DAL,1610612742,1,0.333
52,33.0,0.0,0.004,5,"2734,1610612742",5,4,0.459,0.175,0.16,0.156,0.381,0.061,0.034,2734,Devin Harris,0.019,0.008,0.019,0.076,DAL,1610612742,1,0.2
53,24.0,0.003,0.006,5,"203079,1610612760",18,7,0.432,0.11,0.13,0.154,0.376,0.037,0.022,203079,Dion Waiters,0.011,0.011,0.021,0.039,OKC,1610612760,11,0.611
54,38.0,0.008,0.008,5,"1717,1610612742",5,4,0.465,0.153,0.172,0.178,0.426,0.025,0.068,1717,Dirk Nowitzki,0.008,0.011,0.011,0.077,DAL,1610612742,1,0.2
55,25.0,0.008,0.008,5,"202700,1610612745",5,4,0.417,0.115,0.123,0.229,0.357,0.047,0.068,202700,Donatas Motiejunas,0.03,0.008,0.034,0.102,HOU,1610612745,1,0.2
56,30.0,0.0,0.026,5,"2748,1610612748",5,3,0.489,0.104,0.052,0.104,0.362,0.052,0.078,2748,Dorell Wright,0.0,0.0,0.078,0.104,MIA,1610612748,2,0.4
57,26.0,0.02,0.009,5,"203110,1610612744",23,8,0.438,0.144,0.139,0.139,0.372,0.04,0.052,203110,Draymond Green,0.03,0.024,0.022,0.072,GSW,1610612744,15,0.652
58,30.0,0.016,0.012,5,"2730,1610612745",5,4,0.42,0.119,0.128,0.156,0.368,0.049,0.075,2730,Dwight Howard,0.037,0.016,0.019,0.121,HOU,1610612745,1,0.2
59,24.0,0.0,0.007,5,"203939,1610612742",4,3,0.47,0.132,0.132,0.073,0.323,0.037,0.059,203939,Dwight Powell,0.029,0.007,0.059,0.118,DAL,1610612742,1,0.25
60,34.0,0.013,0.009,5,"2548,1610612748",14,7,0.474,0.126,0.076,0.151,0.397,0.022,0.048,2548,Dwyane Wade,0.02,0.038,0.024,0.13,MIA,1610612748,7,0.5
61,27.0,0.015,0.013,5,"202334,1610612757",11,6,0.442,0.134,0.11,0.151,0.44,0.071,0.054,202334,Ed Davis,0.05,0.004,0.015,0.091,POR,1610612757,5,0.455
62,24.0,0.015,0.014,5,"202683,1610612760",18,7,0.437,0.123,0.111,0.137,0.381,0.054,0.038,202683,Enes Kanter,0.076,0.037,0.027,0.152,OKC,1610612760,11,0.611
63,27.0,0.012,0.016,5,"202323,1610612738",6,4,0.43,0.11,0.126,0.145,0.353,0.038,0.036,202323,Evan Turner,0.018,0.022,0.024,0.08,BOS,1610612738,2,0.333
64,26.0,0.015,0.021,5,"203105,1610612744",23,9,0.426,0.115,0.174,0.17,0.361,0.071,0.057,203105,Festus Ezeli,0.05,0.01,0.017,0.151,GSW,1610612744,14,0.609
65,23.0,0.013,0.003,5,"1626163,1610612766",7,4,0.491,0.136,0.103,0.08,0.371,0.039,0.041,1626163,Frank Kaminsky,0.015,0.005,0.023,0.041,CHA,1610612766,3,0.429
66,30.0,0.002,0.0,5,"201588,1610612754",7,4,0.492,0.165,0.1,0.178,0.393,0.033,0.042,201588,George Hill,0.036,0.023,0.033,0.05,IND,1610612754,3,0.429
67,30.0,0.004,0.004,5,"101123,1610612748",12,7,0.467,0.081,0.017,0.081,0.298,0.06,0.026,101123,Gerald Green,0.017,0.013,0.034,0.043,MIA,1610612748,5,0.417
68,28.0,0.006,0.013,5,"201945,1610612757",11,6,0.438,0.144,0.098,0.133,0.416,0.039,0.023,201945,Gerald Henderson,0.021,0.013,0.024,0.049,POR,1610612757,5,0.455
69,22.0,0.043,0.0,5,"203922,1610612754",4,2,0.442,0.086,0.129,0.129,0.343,0.0,0.043,203922,Glenn Robinson,0.214,0.0,0.0,0.172,IND,1610612754,2,0.5
70,30.0,0.003,0.009,5,"201609,1610612748",14,7,0.474,0.106,0.09,0.148,0.4,0.046,0.045,201609,Goran Dragic,0.028,0.035,0.036,0.103,MIA,1610612748,7,0.5
71,24.0,0.002,0.007,5,"203084,1610612744",24,9,0.445,0.164,0.126,0.141,0.41,0.028,0.02,203084,Harrison Barnes,0.014,0.015,0.017,0.049,GSW,1610612744,15,0.625
72,27.0,0.046,0.008,5,"202355,1610612748",10,5,0.481,0.083,0.064,0.167,0.4,0.056,0.056,202355,Hassan Whiteside,0.06,0.003,0.017,0.152,MIA,1610612748,5,0.5
73,25.0,0.0,0.015,5,"203546,1610612744",16,6,0.447,0.128,0.096,0.172,0.408,0.052,0.035,203546,Ian Clark,0.006,0.038,0.038,0.087,GSW,1610612744,10,0.625
74,29.0,0.017,0.003,5,"101133,1610612754",7,4,0.487,0.133,0.136,0.175,0.368,0.071,0.042,101133,Ian Mahinmi,0.031,0.0,0.014,0.119,IND,1610612754,3,0.429
75,26.0,0.004,0.004,5,"202697,1610612739",21,5,0.49,0.116,0.065,0.15,0.358,0.048,0.029,202697,Iman Shumpert,0.016,0.007,0.016,0.021,CLE,1610612739,16,0.762
76,27.0,0.01,0.031,5,"202738,1610612738",6,4,0.42,0.082,0.143,0.119,0.359,0.034,0.078,202738,Isaiah Thomas,0.011,0.044,0.05,0.115,BOS,1610612738,2,0.333
77,30.0,0.003,0.005,5,"2747,1610612739",21,5,0.453,0.102,0.079,0.131,0.362,0.034,0.021,2747,J.R. Smith,0.02,0.018,0.028,0.017,CLE,1610612739,16,0.762
78,32.0,0.003,0.011,5,"200755,1610612746",6,4,0.444,0.112,0.134,0.099,0.331,0.029,0.032,200755,JJ Redick,0.019,0.021,0.027,0.048,LAC,1610612746,2,0.333
79,26.0,0.034,0.014,5,"203210,1610612763",4,4,0.492,0.15,0.102,0.191,0.327,0.082,0.02,203210,JaMychal Green,0.034,0.041,0.034,0.136,MEM,1610612763,0,0.0
80,28.0,0.0,0.0,5,"201580,1610612742",2,2,0.443,0.124,0.031,0.031,0.0,0.093,0.124,201580,JaVale McGee,0.062,0.0,0.0,0.062,DAL,1610612742,0,0.0
81,25.0,0.007,0.007,5,"203109,1610612738",6,4,0.431,0.094,0.151,0.111,0.385,0.037,0.022,203109,Jae Crowder,0.015,0.007,0.028,0.044,BOS,1610612738,2,0.333
82,36.0,0.0,0.007,5,"2037,1610612746",6,4,0.445,0.132,0.143,0.098,0.362,0.02,0.045,2037,Jamal Crawford,0.018,0.022,0.029,0.08,LAC,1610612746,2,0.333
83,26.0,0.002,0.006,5,"201935,1610612745",5,4,0.411,0.098,0.179,0.207,0.405,0.028,0.062,201935,James Harden,0.049,0.036,0.045,0.085,HOU,1610612745,1,0.2
84,29.0,0.0,0.005,5,"201949,1610612761",10,6,0.489,0.13,0.07,0.186,0.522,0.065,0.015,201949,James Johnson,0.0,0.0,0.0,0.08,TOR,1610612761,4,0.4
85,35.0,0.0,0.0,5,"2592,1610612739",12,3,0.476,0.113,0.096,0.174,0.314,0.026,0.026,2592,James Jones,0.0,0.0,0.0,0.0,CLE,1610612739,9,0.75
86,23.0,0.024,0.024,5,"203949,1610612744",8,4,0.459,0.17,0.255,0.23,0.485,0.073,0.061,203949,James Michael McAdoo,0.0,0.0,0.0,0.049,GSW,1610612744,4,0.5
87,20.0,0.0,0.0,5,"203923,1610612738",3,3,0.523,0.0,0.202,0.101,0.506,0.051,0.0,203923,James Young,0.0,0.0,0.0,0.0,BOS,1610612738,0,0.0
88,24.0,0.0,0.02,5,"203096,1610612738",6,4,0.41,0.126,0.116,0.126,0.403,0.081,0.01,203096,Jared Sullinger,0.05,0.0,0.0,0.07,BOS,1610612738,2,0.333
89,22.0,0.0,0.01,5,"1626185,1610612763",2,2,0.481,0.156,0.167,0.167,0.437,0.042,0.062,1626185,Jarell Martin,0.021,0.0,0.01,0.062,MEM,1610612763,0,0.0
90,38.0,0.003,0.003,5,"1891,1610612745",5,4,0.423,0.085,0.198,0.239,0.369,0.044,0.003,1891,Jason Terry,0.017,0.041,0.02,0.034,HOU,1610612745,1,0.2
91,29.0,0.009,0.0,5,"201574,1610612761",10,7,0.475,0.138,0.086,0.086,0.361,0.052,0.034,201574,Jason Thompson,0.052,0.017,0.017,0.069,TOR,1610612761,3,0.3
92,29.0,0.0,0.0,5,"201965,1610612746",2,2,0.305,0.0,0.0,0.0,0.0,0.0,0.127,201965,Jeff Ayres,0.0,0.0,0.381,0.254,LAC,1610612746,0,0.0
93,29.0,0.006,0.006,5,"201145,1610612746",6,4,0.446,0.143,0.115,0.087,0.343,0.034,0.042,201145,Jeff Green,0.02,0.042,0.045,0.084,LAC,1610612746,2,0.333
94,28.0,0.003,0.024,5,"201952,1610612737",10,6,0.438,0.138,0.115,0.16,0.355,0.047,0.068,201952,Jeff Teague,0.008,0.031,0.03,0.101,ATL,1610612737,4,0.4
95,24.0,0.0,0.038,5,"203087,1610612766",3,2,0.446,0.0,0.115,0.231,0.231,0.0,0.0,203087,Jeremy Lamb,0.077,0.0,0.0,0.231,CHA,1610612766,1,0.333
96,27.0,0.0,0.01,5,"202391,1610612766",7,4,0.473,0.138,0.085,0.083,0.451,0.053,0.085,202391,Jeremy Lin,0.0,0.025,0.018,0.105,CHA,1610612766,3,0.429
97,28.0,0.0,0.0,5,"201975,1610612765",1,1,0.561,0.0,0.0,0.0,0.667,0.0,0.0,201975,Jodie Meeks,0.0,0.0,0.0,0.667,DET,1610612765,0,0.0
98,34.0,0.003,0.003,5,"2207,1610612748",14,7,0.482,0.096,0.086,0.147,0.409,0.026,0.027,2207,Joe Johnson,0.011,0.0,0.018,0.076,MIA,1610612748,7,0.5
99,24.0,0.0,0.043,5,"1626202,1610612754",4,2,0.442,0.086,0.129,0.129,0.343,0.129,0.043,1626202,Joe Young,0.0,0.0,0.0,0.172,IND,1610612754,2,0.5
100,27.0,0.0,0.0,5,"204066,1610612738",1,1,0.658,0.0,1.0,0.0,1.0,0.0,0.0,204066,John Holland,0.0,0.0,0.0,0.0,BOS,1610612738,0,0.0
101,29.0,0.011,0.008,5,"201973,1610612738",6,4,0.428,0.116,0.143,0.156,0.412,0.04,0.011,201973,Jonas Jerebko,0.024,0.005,0.026,0.069,BOS,1610612738,2,0.333
102,24.0,0.019,0.01,5,"202685,1610612761",12,6,0.445,0.079,0.139,0.146,0.338,0.044,0.064,202685,Jonas Valanciunas,0.067,0.003,0.033,0.158,TOR,1610612761,6,0.5
103,26.0,0.0,0.078,5,"203613,1610612759",3,0,0.499,0.176,0.117,0.059,0.468,0.078,0.039,203613,Jonathon Simmons,0.098,0.0,0.0,0.078,SAS,1610612759,3,1.0
104,29.0,0.004,0.0,5,"200770,1610612763",4,4,0.449,0.059,0.151,0.167,0.317,0.016,0.012,200770,Jordan Farmar,0.0,0.0,0.008,0.016,MEM,1610612763,0,0.0
105,28.0,0.0,0.0,5,"201941,1610612754",5,2,0.472,0.125,0.094,0.094,0.374,0.031,0.0,201941,Jordan Hill,0.0,0.0,0.0,0.0,IND,1610612754,3,0.6
106,25.0,0.0,0.0,5,"203895,1610612739",2,0,0.463,0.0,0.0,0.0,0.222,0.0,0.0,203895,Jordan McRae,0.0,0.0,0.0,0.444,CLE,1610612739,2,1.0
107,21.0,0.051,0.0,5,"1626175,1610612738",2,2,0.512,0.0,0.202,0.101,0.506,0.0,0.0,1626175,Jordan Mickey,0.0,0.101,0.101,0.202,BOS,1610612738,0,0.0
108,27.0,0.0,0.0,5,"203268,1610612766",3,2,0.446,0.0,0.115,0.231,0.231,0.0,0.038,203268,Jorge Gutierrez,0.0,0.0,0.0,0.0,CHA,1610612766,1,0.333
109,32.0,0.0,0.009,5,"200826,1610612742",4,4,0.466,0.134,0.139,0.176,0.427,0.037,0.019,200826,Jose Juan Barea,0.019,0.0,0.009,0.056,DAL,1610612742,0,0.0
110,24.0,0.0,0.0,5,"203962,1610612760",2,0,0.443,0.087,0.217,0.173,0.26,0.043,0.043,203962,Josh Huestis,0.0,0.0,0.0,0.0,OKC,1610612760,2,1.0
111,29.0,0.018,0.0,5,"201177,1610612748",10,5,0.479,0.068,0.086,0.1,0.351,0.072,0.029,201177,Josh McRoberts,0.036,0.0,0.021,0.093,MIA,1610612748,5,0.5
112,22.0,0.016,0.006,5,"1626196,1610612748",14,7,0.475,0.104,0.06,0.125,0.393,0.045,0.018,1626196,Josh Richardson,0.017,0.009,0.014,0.022,MIA,1610612748,7,0.5
113,30.0,0.011,0.0,5,"2746,1610612745",4,3,0.422,0.068,0.18,0.282,0.495,0.079,0.011,2746,Josh Smith,0.0,0.0,0.0,0.045,HOU,1610612745,1,0.25
114,22.0,0.015,0.005,5,"1626147,1610612742",5,4,0.465,0.181,0.098,0.103,0.284,0.059,0.044,1626147,Justin Anderson,0.024,0.039,0.044,0.117,DAL,1610612742,1,0.2
115,20.0,0.006,0.012,5,"1626159,1610612748",13,6,0.482,0.14,0.079,0.157,0.416,0.051,0.041,1626159,Justise Winslow,0.028,0.012,0.019,0.064,MIA,1610612748,7,0.538
116,23.0,0.033,0.033,5,"203909,1610612745",4,4,0.376,0.067,0.134,0.234,0.223,0.033,0.011,203909,KJ McDaniels,0.022,0.0,0.022,0.067,HOU,1610612745,0,0.0
117,24.0,0.019,0.015,5,"202695,1610612759",10,4,0.46,0.117,0.121,0.107,0.386,0.029,0.054,202695,Kawhi Leonard,0.022,0.06,0.065,0.122,SAS,1610612759,6,0.6
118,25.0,0.0,0.026,5,"203482,1610612738",4,3,0.403,0.089,0.064,0.115,0.383,0.064,0.013,203482,Kelly Olynyk,0.026,0.0,0.0,0.0,BOS,1610612738,1,0.25
119,26.0,0.007,0.042,5,"202689,1610612766",7,4,0.479,0.134,0.098,0.101,0.435,0.018,0.061,202689,Kemba Walker,0.018,0.029,0.039,0.114,CHA,1610612766,3,0.429
120,26.0,0.008,0.014,5,"203145,1610612737",10,6,0.442,0.137,0.107,0.166,0.353,0.019,0.027,203145,Kent Bazemore,0.011,0.026,0.043,0.062,ATL,1610612737,4,0.4
121,23.0,0.003,0.003,5,"203484,1610612765",4,4,0.496,0.138,0.105,0.16,0.345,0.022,0.018,203484,Kentavious Caldwell-Pope,0.006,0.022,0.022,0.043,DET,1610612765,0,0.0
122,27.0,0.011,0.007,5,"201142,1610612760",18,7,0.432,0.098,0.127,0.132,0.365,0.022,0.061,201142,Kevin Durant,0.022,0.061,0.05,0.09,OKC,1610612760,11,0.611
123,27.0,0.006,0.011,5,"201567,1610612739",20,5,0.455,0.11,0.09,0.109,0.367,0.025,0.053,201567,Kevin Love,0.055,0.007,0.033,0.046,CLE,1610612739,15,0.75
124,33.0,0.0,0.01,5,"2755,1610612759",5,2,0.479,0.107,0.097,0.223,0.291,0.049,0.019,2755,Kevin Martin,0.029,0.029,0.019,0.019,SAS,1610612759,3,0.6
125,35.0,0.0,0.0,5,"2550,1610612737",6,2,0.488,0.142,0.036,0.089,0.32,0.036,0.018,2550,Kirk Hinrich,0.0,0.0,0.0,0.0,ATL,1610612737,4,0.667
126,26.0,0.005,0.013,5,"202691,1610612744",24,9,0.437,0.143,0.142,0.14,0.37,0.027,0.042,202691,Klay Thompson,0.025,0.038,0.043,0.077,GSW,1610612744,15,0.625
127,31.0,0.041,0.0,5,"2743,1610612737",4,3,0.462,0.115,0.099,0.115,0.247,0.074,0.033,2743,Kris Humphries,0.049,0.033,0.058,0.132,ATL,1610612737,1,0.25
128,22.0,0.011,0.004,5,"203937,1610612759",10,4,0.465,0.148,0.141,0.177,0.434,0.04,0.033,203937,Kyle Anderson,0.007,0.014,0.033,0.051,SAS,1610612759,6,0.6
129,35.0,0.005,0.003,5,"2594,1610612737",10,6,0.431,0.12,0.104,0.155,0.313,0.031,0.027,2594,Kyle Korver,0.018,0.015,0.016,0.019,ATL,1610612737,4,0.4
130,30.0,0.002,0.012,5,"200768,1610612761",20,10,0.464,0.107,0.116,0.135,0.384,0.044,0.055,200768,Kyle Lowry,0.025,0.027,0.028,0.075,TOR,1610612761,10,0.5
131,28.0,0.0,0.0,5,"202713,1610612760",6,3,0.473,0.15,0.103,0.112,0.487,0.037,0.019,202713,Kyle Singler,0.028,0.0,0.028,0.019,OKC,1610612760,3,0.5
132,24.0,0.008,0.013,5,"202681,1610612739",21,5,0.455,0.105,0.085,0.126,0.375,0.027,0.038,202681,Kyrie Irving,0.021,0.049,0.041,0.093,CLE,1610612739,16,0.762
133,30.0,0.019,0.004,5,"200746,1610612759",10,4,0.464,0.118,0.132,0.114,0.371,0.025,0.04,200746,LaMarcus Aldridge,0.033,0.006,0.022,0.116,SAS,1610612759,6,0.6
134,24.0,0.0,0.024,5,"203934,1610612737",4,2,0.473,0.145,0.097,0.169,0.194,0.024,0.024,203934,Lamar Patterson,0.0,0.0,0.0,0.048,ATL,1610612737,2,0.5
135,25.0,0.0,0.015,5,"202362,1610612763",4,4,0.469,0.153,0.114,0.143,0.435,0.049,0.025,202362,Lance Stephenson,0.03,0.02,0.025,0.099,MEM,1610612763,0,0.0
136,27.0,0.009,0.018,5,"202730,1610612754",6,3,0.465,0.046,0.101,0.146,0.365,0.018,0.0,202730,Lavoy Allen,0.0,0.018,0.0,0.037,IND,1610612754,3,0.5
137,31.0,0.015,0.01,5,"2544,1610612739",21,5,0.46,0.099,0.073,0.119,0.352,0.03,0.063,2544,LeBron James,0.034,0.059,0.06,0.178,CLE,1610612739,16,0.762
138,33.0,0.002,0.014,5,"2571,1610612744",23,9,0.455,0.111,0.145,0.159,0.425,0.043,0.03,2571,Leandro Barbosa,0.041,0.05,0.057,0.1,GSW,1610612744,14,0.609
139,29.0,0.0,0.006,5,"201601,1610612746",5,3,0.464,0.13,0.101,0.101,0.379,0.053,0.012,201601,Luc Mbah a Moute,0.0,0.03,0.03,0.047,LAC,1610612746,2,0.4
140,23.0,0.0,0.0,5,"203512,1610612761",5,4,0.553,0.247,0.038,0.152,0.607,0.057,0.0,203512,Lucas Nogueira,0.0,0.0,0.0,0.114,TOR,1610612761,1,0.2
141,23.0,0.0,0.0,5,"1626242,1610612757",6,3,0.591,0.0,0.0,0.388,0.155,0.078,0.0,1626242,Luis Montero,0.0,0.0,0.0,0.155,POR,1610612757,3,0.5
142,36.0,0.0,0.01,5,"2449,1610612761",11,6,0.469,0.097,0.14,0.167,0.375,0.074,0.047,2449,Luis Scola,0.003,0.007,0.01,0.027,TOR,1610612761,5,0.455
143,31.0,0.009,0.005,5,"2736,1610612748",14,7,0.472,0.115,0.076,0.139,0.395,0.023,0.032,2736,Luol Deng,0.022,0.022,0.016,0.061,MIA,1610612748,7,0.5
144,38.0,0.007,0.002,5,"1938,1610612759",10,4,0.453,0.129,0.113,0.099,0.353,0.059,0.059,1938,Manu Ginobili,0.0,0.054,0.047,0.042,SAS,1610612759,6,0.6
145,26.0,0.0,0.0,5,"202694,1610612765",4,4,0.5,0.139,0.104,0.18,0.34,0.059,0.056,202694,Marcus Morris,0.017,0.007,0.024,0.056,DET,1610612765,0,0.0
146,22.0,0.011,0.02,5,"203935,1610612738",6,4,0.428,0.1,0.122,0.138,0.4,0.038,0.053,203935,Marcus Smart,0.027,0.022,0.016,0.044,BOS,1610612738,2,0.333
147,28.0,0.018,0.009,5,"201578,1610612744",24,9,0.441,0.097,0.114,0.156,0.426,0.094,0.064,201578,Marreese Speights,0.024,0.022,0.029,0.07,GSW,1610612744,15,0.625
148,30.0,0.006,0.012,5,"101107,1610612766",7,4,0.472,0.154,0.087,0.102,0.444,0.023,0.025,101107,Marvin Williams,0.0,0.0,0.017,0.029,CHA,1610612766,3,0.429
149,26.0,0.015,0.016,5,"203486,1610612757",11,6,0.42,0.118,0.088,0.11,0.34,0.058,0.043,203486,Mason Plumlee,0.022,0.026,0.022,0.077,POR,1610612757,5,0.455
150,36.0,0.003,0.013,5,"2440,1610612763",4,4,0.453,0.072,0.14,0.212,0.345,0.042,0.029,2440,Matt Barnes,0.013,0.039,0.02,0.072,MEM,1610612763,0,0.0
151,25.0,0.002,0.008,5,"203521,1610612739",20,5,0.472,0.072,0.084,0.158,0.356,0.061,0.045,203521,Matthew Dellavedova,0.008,0.01,0.016,0.059,CLE,1610612739,15,0.75
152,23.0,0.005,0.011,5,"203090,1610612757",11,6,0.428,0.129,0.11,0.113,0.387,0.06,0.043,203090,Maurice Harkless,0.038,0.027,0.016,0.098,POR,1610612757,5,0.455
153,27.0,0.0,0.02,5,"201563,1610612745",5,4,0.407,0.051,0.249,0.213,0.365,0.041,0.025,201563,Michael Beasley,0.01,0.0,0.02,0.132,HOU,1610612745,1,0.2
154,24.0,0.007,0.007,5,"203488,1610612737",9,5,0.454,0.129,0.109,0.109,0.353,0.041,0.014,203488,Mike Muscala,0.027,0.027,0.014,0.081,ATL,1610612737,4,0.444
155,27.0,0.008,0.003,5,"203118,1610612737",10,6,0.455,0.082,0.13,0.178,0.356,0.056,0.031,203118,Mike Scott,0.02,0.02,0.017,0.085,ATL,1610612737,4,0.4
156,33.0,0.0,0.0,5,"2590,1610612739",13,3,0.492,0.123,0.079,0.188,0.303,0.058,0.036,2590,Mo Williams,0.0,0.029,0.051,0.014,CLE,1610612739,10,0.769
157,30.0,0.0,0.009,5,"101145,1610612754",7,4,0.48,0.154,0.096,0.181,0.384,0.036,0.03,101145,Monta Ellis,0.0,0.053,0.049,0.081,IND,1610612754,3,0.429
158,22.0,0.0,0.0,5,"1626149,1610612745",2,2,0.394,0.0,0.0,0.169,0.203,0.034,0.034,1626149,Montrezl Harrell,0.0,0.102,0.034,0.068,HOU,1610612745,0,0.0
159,20.0,0.056,0.005,5,"1626167,1610612754",7,4,0.476,0.191,0.068,0.174,0.357,0.058,0.031,1626167,Myles Turner,0.036,0.01,0.014,0.101,IND,1610612754,3,0.429
160,38.0,0.05,0.0,5,"1737,1610612760",5,2,0.485,0.1,0.0,0.05,0.2,0.05,0.0,1737,Nazr Mohammed,0.0,0.0,0.0,0.1,OKC,1610612760,3,0.6
161,35.0,0.0,0.0,5,"2555,1610612760",9,3,0.466,0.083,0.071,0.083,0.38,0.101,0.024,2555,Nick Collison,0.0,0.0,0.0,0.036,OKC,1610612760,6,0.667
162,27.0,0.0,0.003,5,"201587,1610612766",5,4,0.482,0.141,0.117,0.111,0.563,0.02,0.04,201587,Nicolas Batum,0.01,0.013,0.03,0.054,CHA,1610612766,1,0.2
163,20.0,0.0,0.042,5,"203943,1610612757",6,3,0.498,0.0,0.169,0.381,0.338,0.042,0.0,203943,Noah Vonleh,0.0,0.0,0.0,0.0,POR,1610612757,3,0.5
164,23.0,0.004,0.004,5,"1626181,1610612761",18,10,0.458,0.111,0.082,0.127,0.351,0.04,0.009,1626181,Norman Powell,0.029,0.051,0.053,0.067,TOR,1610612761,8,0.444
165,23.0,0.0,0.0,5,"203798,1610612763",2,2,0.508,0.069,0.115,0.137,0.275,0.023,0.023,203798,PJ Hairston,0.0,0.046,0.046,0.0,MEM,1610612763,0,0.0
166,39.0,0.0,0.0,5,"203143,1610612746",5,3,0.408,0.189,0.063,0.095,0.316,0.126,0.0,203143,Pablo Prigioni,0.0,0.0,0.0,0.0,LAC,1610612746,2,0.4
167,23.0,0.0,0.0,5,"1626192,1610612757",6,3,0.567,0.0,0.0,0.36,0.144,0.0,0.0,1626192,Pat Connaughton,0.216,0.0,0.0,0.144,POR,1610612757,3,0.5
168,27.0,0.006,0.013,5,"201976,1610612745",5,4,0.408,0.124,0.143,0.143,0.393,0.054,0.038,201976,Patrick Beverley,0.019,0.013,0.006,0.044,HOU,1610612745,1,0.2
169,27.0,0.007,0.005,5,"202335,1610612761",20,10,0.464,0.116,0.099,0.142,0.368,0.025,0.018,202335,Patrick Patterson,0.031,0.012,0.023,0.048,TOR,1610612761,10,0.5
170,27.0,0.0,0.0,5,"201988,1610612759",10,4,0.458,0.137,0.11,0.134,0.395,0.008,0.055,201988,Patty Mills,0.044,0.011,0.041,0.022,SAS,1610612759,6,0.6
171,26.0,0.009,0.018,5,"202331,1610612754",7,4,0.488,0.159,0.092,0.166,0.354,0.042,0.101,202331,Paul George,0.035,0.057,0.051,0.078,IND,1610612754,3,0.429
172,31.0,0.028,0.011,5,"200794,1610612737",10,6,0.442,0.142,0.111,0.154,0.332,0.035,0.068,200794,Paul Millsap,0.038,0.028,0.033,0.109,ATL,1610612737,4,0.4
173,38.0,0.0,0.0,5,"1718,1610612746",5,4,0.452,0.219,0.118,0.118,0.37,0.051,0.017,1718,Paul Pierce,0.0,0.0,0.017,0.0,LAC,1610612746,1,0.2
174,22.0,0.011,0.022,5,"1626154,1610612738",5,4,0.446,0.087,0.185,0.043,0.413,0.033,0.0,1626154,RJ Hunter,0.033,0.022,0.022,0.022,BOS,1610612738,1,0.2
175,32.0,0.007,0.002,5,"200751,1610612760",16,6,0.45,0.14,0.107,0.171,0.403,0.043,0.017,200751,Randy Foye,0.007,0.012,0.031,0.014,OKC,1610612760,10,0.625
176,32.0,0.0,0.019,5,"101109,1610612742",5,4,0.468,0.19,0.179,0.171,0.435,0.038,0.027,101109,Raymond Felton,0.027,0.035,0.052,0.098,DAL,1610612742,1,0.2
177,25.0,0.0,0.0,5,"203493,1610612765",2,2,0.534,0.219,0.17,0.316,0.487,0.049,0.0,203493,Reggie Bullock,0.0,0.122,0.049,0.097,DET,1610612765,0,0.0
178,26.0,0.007,0.007,5,"202704,1610612765",4,4,0.5,0.136,0.092,0.143,0.313,0.034,0.034,202704,Reggie Jackson,0.017,0.014,0.027,0.116,DET,1610612765,0,0.0
179,36.0,0.001,0.01,5,"2210,1610612739",21,5,0.469,0.093,0.084,0.145,0.334,0.042,0.027,2210,Richard Jefferson,0.009,0.017,0.023,0.071,CLE,1610612739,16,0.762
180,30.0,0.004,0.015,5,"201155,1610612754",7,4,0.481,0.166,0.085,0.147,0.363,0.035,0.042,201155,Rodney Stuckey,0.015,0.019,0.015,0.046,IND,1610612754,3,0.429
181,27.0,0.001,0.011,5,"201566,1610612760",18,7,0.427,0.095,0.129,0.122,0.359,0.027,0.063,201566,Russell Westbrook,0.03,0.069,0.041,0.109,OKC,1610612760,11,0.611
182,30.0,0.03,0.006,5,"1626257,1610612742",4,3,0.455,0.114,0.162,0.186,0.359,0.066,0.06,1626257,Salah Mejri,0.048,0.0,0.024,0.084,DAL,1610612742,1,0.25
183,26.0,0.017,0.001,5,"201586,1610612760",18,7,0.429,0.093,0.135,0.128,0.37,0.036,0.013,201586,Serge Ibaka,0.024,0.012,0.014,0.043,OKC,1610612760,11,0.611
184,30.0,0.004,0.008,5,"2733,1610612744",24,9,0.435,0.139,0.131,0.139,0.367,0.041,0.03,2733,Shaun Livingston,0.008,0.03,0.034,0.085,GSW,1610612744,15,0.625
185,25.0,0.0,0.007,5,"203524,1610612754",7,4,0.477,0.176,0.067,0.152,0.361,0.048,0.034,203524,Solomon Hill,0.012,0.012,0.046,0.014,IND,1610612754,3,0.429
186,23.0,0.0,0.0,5,"203915,1610612765",1,1,0.561,0.0,0.0,0.0,0.667,0.0,0.0,203915,Spencer Dinwiddie,0.0,0.0,0.0,0.667,DET,1610612765,0,0.0
187,28.0,0.017,0.008,5,"201150,1610612766",5,2,0.448,0.101,0.076,0.101,0.303,0.042,0.034,201150,Spencer Hawes,0.05,0.0,0.017,0.067,CHA,1610612766,3,0.6
188,20.0,0.0,0.0,5,"1626169,1610612765",4,4,0.518,0.14,0.121,0.197,0.368,0.064,0.019,1626169,Stanley Johnson,0.013,0.013,0.0,0.051,DET,1610612765,0,0.0
189,28.0,0.003,0.01,5,"201939,1610612744",18,7,0.43,0.154,0.154,0.148,0.389,0.027,0.061,201939,Stephen Curry,0.015,0.041,0.065,0.067,GSW,1610612744,11,0.611
190,36.0,0.0,0.0,5,"2581,1610612765",4,4,0.51,0.142,0.177,0.295,0.472,0.083,0.024,2581,Steve Blake,0.0,0.0,0.0,0.0,DET,1610612765,0,0.0
191,22.0,0.011,0.012,5,"203500,1610612760",18,7,0.434,0.094,0.123,0.134,0.35,0.043,0.053,203500,Steven Adams,0.048,0.01,0.021,0.105,OKC,1610612760,11,0.611
192,25.0,0.007,0.007,5,"203082,1610612761",20,10,0.466,0.148,0.092,0.153,0.38,0.039,0.022,203082,Terrence Ross,0.007,0.014,0.04,0.036,TOR,1610612761,10,0.5
193,22.0,0.014,0.0,5,"1626179,1610612738",5,3,0.457,0.102,0.083,0.116,0.445,0.023,0.019,1626179,Terry Rozier,0.019,0.028,0.0,0.028,BOS,1610612738,2,0.4
194,32.0,0.014,0.002,5,"200757,1610612737",10,6,0.471,0.142,0.119,0.146,0.34,0.04,0.019,200757,Thabo Sefolosha,0.06,0.019,0.007,0.06,ATL,1610612737,4,0.4
195,40.0,0.028,0.017,5,"1495,1610612759",10,4,0.477,0.098,0.122,0.116,0.337,0.039,0.035,1495,Tim Duncan,0.017,0.007,0.022,0.096,SAS,1610612759,6,0.6
196,24.0,0.005,0.0,5,"203501,1610612737",9,5,0.466,0.075,0.102,0.107,0.31,0.011,0.032,203501,Tim Hardaway Jr.,0.0,0.011,0.0,0.043,ATL,1610612737,4,0.444
197,29.0,0.019,0.0,5,"202389,1610612739",13,3,0.473,0.125,0.125,0.175,0.313,0.1,0.038,202389,Timofey Mozgov,0.063,0.0,0.038,0.075,CLE,1610612739,10,0.769
198,23.0,0.01,0.013,5,"202699,1610612765",4,4,0.506,0.149,0.1,0.159,0.311,0.036,0.032,202699,Tobias Harris,0.019,0.006,0.019,0.071,DET,1610612765,0,0.0
199,34.0,0.009,0.014,5,"2754,1610612763",4,4,0.44,0.108,0.146,0.174,0.348,0.052,0.042,2754,Tony Allen,0.028,0.028,0.038,0.047,MEM,1610612763,0,0.0
200,34.0,0.004,0.016,5,"2225,1610612759",10,4,0.471,0.127,0.132,0.103,0.375,0.027,0.034,2225,Tony Parker,0.009,0.041,0.02,0.082,SAS,1610612759,6,0.6
201,30.0,0.002,0.002,5,"2772,1610612745",5,4,0.412,0.116,0.173,0.194,0.406,0.036,0.011,2772,Trevor Ariza,0.009,0.018,0.027,0.032,HOU,1610612745,1,0.2
202,25.0,0.013,0.011,5,"202684,1610612739",21,5,0.457,0.112,0.083,0.126,0.363,0.04,0.046,202684,Tristan Thompson,0.037,0.009,0.013,0.068,CLE,1610612739,16,0.762
203,24.0,0.0,0.028,5,"203584,1610612766",4,3,0.492,0.111,0.083,0.167,0.222,0.056,0.056,203584,Troy Daniels,0.0,0.0,0.0,0.0,CHA,1610612766,1,0.25
204,28.0,0.0,0.013,5,"201951,1610612754",7,4,0.467,0.19,0.114,0.152,0.355,0.051,0.032,201951,Ty Lawson,0.0,0.038,0.038,0.051,IND,1610612754,3,0.429
205,30.0,0.0,0.0,5,"201946,1610612766",2,1,0.435,0.0,0.0,0.231,0.154,0.0,0.0,201946,Tyler Hansbrough,0.0,0.0,0.0,0.0,CHA,1610612766,1,0.5
206,24.0,0.0,0.0,5,"204020,1610612748",5,2,0.488,0.112,0.064,0.08,0.434,0.064,0.048,204020,Tyler Johnson,0.016,0.008,0.0,0.032,MIA,1610612748,3,0.6
207,26.0,0.022,0.0,5,"203092,1610612738",3,3,0.416,0.033,0.208,0.044,0.35,0.011,0.077,203092,Tyler Zeller,0.055,0.0,0.0,0.109,BOS,1610612738,0,0.0
208,36.0,0.006,0.006,5,"2617,1610612748",9,5,0.466,0.094,0.061,0.16,0.374,0.072,0.066,2617,Udonis Haslem,0.033,0.011,0.011,0.077,MIA,1610612748,4,0.444
209,39.0,0.005,0.045,5,"1713,1610612763",4,4,0.457,0.065,0.156,0.176,0.402,0.045,0.045,1713,Vince Carter,0.035,0.015,0.03,0.06,MEM,1610612763,0,0.0
210,28.0,0.022,0.0,5,"202325,1610612746",6,4,0.421,0.099,0.154,0.11,0.23,0.033,0.011,202325,Wesley Johnson,0.022,0.0,0.0,0.011,LAC,1610612746,2,0.333
211,29.0,0.0,0.011,5,"202083,1610612742",5,4,0.459,0.151,0.209,0.18,0.466,0.037,0.045,202083,Wesley Matthews,0.003,0.026,0.0,0.026,DAL,1610612742,1,0.2
212,24.0,0.016,0.0,5,"204098,1610612763",4,4,0.473,0.111,0.133,0.217,0.361,0.042,0.027,204098,Xavier Munford,0.011,0.0,0.032,0.032,MEM,1610612763,0,0.0
213,34.0,0.0,0.055,5,"2216,1610612763",4,4,0.441,0.055,0.151,0.173,0.369,0.037,0.052,2216,Zach Randolph,0.029,0.0,0.007,0.118,MEM,1610612763,0,0.0
214,32.0,0.004,0.009,5,"2585,1610612742",5,4,0.479,0.201,0.184,0.18,0.506,0.056,0.06,2585,Zaza Pachulia,0.03,0.0,0.0,0.069,DAL,1610612742,1,0.2
