,AGE,BLK,BLKA,CFID,CFPARAMS,GP,L,MIN,OPP_PTS_2ND_CHANCE,OPP_PTS_FB,OPP_PTS_OFF_TOV,OPP_PTS_PAINT,PF,PFD,PLAYER_ID,PLAYER_NAME,PTS_2ND_CHANCE,PTS_FB,PTS_OFF_TOV,PTS_PAINT,TEAM_ABBREVIATION,TEAM_ID,W,W_PCT
0,21.0,0.0,0.0,5,"1626151,1610612766",2,1,0.463,0.0,0.188,0.188,0.375,0.063,0.0,1626151,Aaron Harrison,0.0,0.0,0.0,0.0,CHA,1610612766,1,0.5
1,30.0,0.035,0.004,5,"201143,1610612737",10,6,0.483,0.14,0.102,0.17,0.354,0.037,0.03,201143,Al Horford,0.009,0.015,0.018,0.1,ATL,1610612737,4,0.4
2,31.0,0.01,0.023,5,"2744,1610612766",7,4,0.544,0.162,0.12,0.103,0.51,0.039,0.032,2744,Al Jefferson,0.039,0.0,0.052,0.226,CHA,1610612766,3,0.429
3,25.0,0.013,0.006,5,"202329,1610612757",11,6,0.482,0.128,0.117,0.128,0.4,0.04,0.027,202329,Al-Farouq Aminu,0.025,0.008,0.017,0.06,POR,1610612757,5,0.455
4,24.0,0.002,0.002,5,"203459,1610612757",11,6,0.471,0.142,0.145,0.155,0.456,0.036,0.034,203459,Allen Crabbe,0.03,0.036,0.028,0.037,POR,1610612757,5,0.455
5,33.0,0.019,0.0,5,"2405,1610612748",9,5,0.518,0.151,0.063,0.17,0.504,0.088,0.044,2405,Amar'e Stoudemire,0.025,0.0,0.038,0.113,MIA,1610612748,4,0.444
6,29.0,0.03,0.015,5,"101161,1610612738",6,4,0.495,0.137,0.141,0.163,0.467,0.048,0.026,101161,Amir Johnson,0.037,0.015,0.044,0.156,BOS,1610612738,2,0.333
7,33.0,0.011,0.011,5,"2760,1610612744",17,6,0.497,0.112,0.155,0.134,0.524,0.091,0.118,2760,Anderson Varejao,0.027,0.005,0.027,0.043,GSW,1610612744,11,0.647
8,22.0,0.025,0.004,5,"203083,1610612765",4,4,0.544,0.12,0.12,0.166,0.34,0.033,0.124,203083,Andre Drummond,0.046,0.021,0.021,0.191,DET,1610612765,0,0.0
9,32.0,0.006,0.004,5,"2738,1610612744",24,9,0.481,0.15,0.162,0.169,0.425,0.023,0.034,2738,Andre Iguodala,0.018,0.028,0.029,0.056,GSW,1610612744,15,0.625
10,40.0,0.0,0.015,5,"1889,1610612759",4,1,0.518,0.103,0.221,0.176,0.412,0.059,0.015,1889,Andre Miller,0.029,0.0,0.0,0.059,SAS,1610612759,3,0.75
11,24.0,0.02,0.006,5,"203460,1610612760",18,7,0.493,0.098,0.137,0.124,0.399,0.047,0.018,203460,Andre Roberson,0.016,0.008,0.015,0.059,OKC,1610612760,11,0.611
12,31.0,0.048,0.008,5,"101106,1610612744",22,7,0.504,0.182,0.13,0.148,0.392,0.099,0.028,101106,Andrew Bogut,0.039,0.004,0.026,0.13,GSW,1610612744,15,0.682
13,27.0,0.0,0.0,5,"202726,1610612745",2,2,0.501,0.088,0.0,0.615,0.176,0.0,0.0,202726,Andrew Goudelock,0.088,0.0,0.0,0.176,HOU,1610612745,0,0.0
14,30.0,0.0,0.0,5,"201627,1610612760",14,6,0.48,0.151,0.132,0.277,0.491,0.031,0.038,201627,Anthony Morrow,0.019,0.044,0.013,0.05,OKC,1610612760,8,0.571
15,31.0,0.022,0.0,5,"201229,1610612765",3,3,0.572,0.0,0.175,0.196,0.524,0.0,0.0,201229,Anthony Tolliver,0.0,0.0,0.0,0.0,DET,1610612765,0,0.0
16,29.0,0.0,0.023,5,"203382,1610612765",4,4,0.514,0.199,0.117,0.257,0.515,0.047,0.047,203382,Aron Baynes,0.058,0.035,0.0,0.094,DET,1610612765,0,0.0
17,23.0,0.0,0.004,5,"203085,1610612746",6,4,0.506,0.162,0.165,0.088,0.38,0.042,0.039,203085,Austin Rivers,0.032,0.014,0.021,0.134,LAC,1610612746,2,0.333
18,25.0,0.014,0.014,5,"202340,1610612738",1,1,0.472,0.185,0.128,0.128,0.569,0.028,0.028,202340,Avery Bradley,0.028,0.057,0.057,0.057,BOS,1610612738,0,0.0
19,23.0,0.028,0.007,5,"202687,1610612761",20,10,0.522,0.147,0.116,0.158,0.392,0.05,0.065,202687,Bismack Biyombo,0.039,0.002,0.017,0.076,TOR,1610612761,10,0.5
20,27.0,0.008,0.02,5,"201933,1610612746",4,2,0.502,0.131,0.135,0.103,0.404,0.036,0.071,201933,Blake Griffin,0.04,0.008,0.024,0.111,LAC,1610612746,2,0.5
21,27.0,0.025,0.0,5,"1626246,1610612759",7,3,0.521,0.124,0.137,0.149,0.348,0.124,0.062,1626246,Boban Marjanovic,0.075,0.0,0.025,0.174,SAS,1610612759,4,0.571
22,34.0,0.012,0.012,5,"2564,1610612759",9,3,0.493,0.131,0.155,0.143,0.417,0.028,0.031,2564,Boris Diaw,0.019,0.009,0.019,0.093,SAS,1610612759,6,0.667
23,30.0,0.009,0.0,5,"201575,1610612744",14,6,0.519,0.132,0.132,0.17,0.452,0.042,0.014,201575,Brandon Rush,0.0,0.038,0.014,0.028,GSW,1610612744,8,0.571
24,30.0,0.0,0.0,5,"203148,1610612757",10,6,0.438,0.037,0.159,0.159,0.343,0.061,0.049,203148,Brian Roberts,0.0,0.0,0.012,0.025,POR,1610612757,4,0.4
25,23.0,0.0,0.0,5,"1627362,1610612748",2,1,0.565,0.188,0.0,0.0,0.376,0.094,0.0,1627362,Briante Weber,0.0,0.0,0.0,0.0,MIA,1610612748,1,0.5
26,24.0,0.005,0.008,5,"203468,1610612757",11,6,0.485,0.136,0.1,0.127,0.434,0.033,0.041,203468,CJ McCollum,0.027,0.041,0.023,0.066,POR,1610612757,5,0.455
27,29.0,0.006,0.017,5,"101139,1610612754",7,4,0.528,0.195,0.149,0.241,0.494,0.04,0.006,101139,CJ Miles,0.034,0.029,0.034,0.057,IND,1610612754,3,0.429
28,25.0,0.0,0.0,5,"203912,1610612746",2,2,0.458,0.0,0.0,0.0,0.368,0.061,0.0,203912,CJ Wilcox,0.0,0.0,0.0,0.0,LAC,1610612746,0,0.0
29,21.0,0.016,0.016,5,"1626166,1610612760",10,3,0.513,0.144,0.136,0.184,0.447,0.056,0.032,1626166,Cameron Payne,0.032,0.0,0.016,0.064,OKC,1610612760,7,0.7
30,33.0,0.02,0.004,5,"101112,1610612739",17,5,0.519,0.079,0.063,0.144,0.342,0.081,0.026,101112,Channing Frye,0.028,0.033,0.059,0.048,CLE,1610612739,12,0.706
31,31.0,0.0,0.0,5,"101111,1610612742",4,4,0.479,0.117,0.141,0.07,0.094,0.047,0.023,101111,Charlie Villanueva,0.0,0.094,0.07,0.094,DAL,1610612742,0,0.0
32,37.0,0.02,0.0,5,"2365,1610612763",4,4,0.533,0.068,0.149,0.264,0.351,0.027,0.041,2365,Chris Andersen,0.047,0.0,0.027,0.068,MEM,1610612763,0,0.0
33,34.0,0.0,0.015,5,"2549,1610612757",4,2,0.489,0.151,0.015,0.151,0.362,0.151,0.0,2549,Chris Kaman,0.0,0.0,0.03,0.091,POR,1610612757,2,0.5
34,31.0,0.0,0.016,5,"101108,1610612746",4,2,0.501,0.124,0.124,0.112,0.392,0.048,0.068,101108,Chris Paul,0.04,0.024,0.032,0.096,LAC,1610612746,2,0.5
35,22.0,0.021,0.011,5,"203991,1610612745",5,4,0.458,0.063,0.18,0.381,0.402,0.053,0.032,203991,Clint Capela,0.0,0.021,0.053,0.063,HOU,1610612745,1,0.2
36,23.0,0.011,0.007,5,"203469,1610612766",7,4,0.488,0.149,0.078,0.089,0.447,0.071,0.067,203469,Cody Zeller,0.028,0.007,0.028,0.121,CHA,1610612766,3,0.429
37,27.0,0.019,0.0,5,"202332,1610612746",6,4,0.499,0.156,0.136,0.104,0.402,0.071,0.039,202332,Cole Aldrich,0.026,0.0,0.013,0.13,LAC,1610612746,2,0.333
38,30.0,0.006,0.018,5,"201147,1610612745",5,4,0.46,0.095,0.203,0.173,0.322,0.078,0.03,201147,Corey Brewer,0.012,0.018,0.036,0.06,HOU,1610612745,1,0.2
39,24.0,0.002,0.013,5,"202709,1610612761",20,10,0.524,0.132,0.105,0.178,0.408,0.054,0.036,202709,Cory Joseph,0.023,0.015,0.047,0.093,TOR,1610612761,10,0.5
40,30.0,0.006,0.006,5,"201584,1610612766",7,4,0.511,0.139,0.092,0.092,0.458,0.038,0.016,201584,Courtney Lee,0.032,0.014,0.02,0.04,CHA,1610612766,3,0.429
41,35.0,0.01,0.0,5,"2563,1610612739",15,4,0.509,0.071,0.132,0.122,0.244,0.031,0.051,2563,Dahntay Jones,0.0,0.051,0.041,0.102,CLE,1610612739,11,0.733
42,25.0,0.003,0.02,5,"203081,1610612757",11,6,0.475,0.131,0.131,0.137,0.424,0.025,0.066,203081,Damian Lillard,0.022,0.05,0.037,0.076,POR,1610612757,5,0.455
43,29.0,0.015,0.0,5,"201980,1610612759",10,4,0.506,0.132,0.144,0.119,0.423,0.038,0.015,201980,Danny Green,0.017,0.059,0.04,0.019,SAS,1610612759,6,0.6
44,33.0,0.0,0.0,5,"101135,1610612742",2,2,0.476,0.175,0.19,0.175,0.497,0.102,0.0,101135,David Lee,0.0,0.0,0.029,0.175,DAL,1610612742,0,0.0
45,35.0,0.02,0.012,5,"2561,1610612759",10,4,0.507,0.15,0.13,0.138,0.432,0.055,0.037,2561,David West,0.017,0.006,0.017,0.098,SAS,1610612759,6,0.6
46,27.0,0.041,0.003,5,"201599,1610612746",6,4,0.505,0.117,0.15,0.117,0.372,0.043,0.094,201599,DeAndre Jordan,0.069,0.013,0.018,0.122,LAC,1610612746,2,0.333
47,26.0,0.002,0.02,5,"201942,1610612761",20,10,0.508,0.118,0.133,0.157,0.413,0.035,0.054,201942,DeMar DeRozan,0.018,0.019,0.042,0.091,TOR,1610612761,10,0.5
48,29.0,0.006,0.005,5,"201960,1610612761",20,10,0.512,0.126,0.131,0.155,0.414,0.053,0.024,201960,DeMarre Carroll,0.02,0.029,0.028,0.058,TOR,1610612761,10,0.5
49,24.0,0.0,0.0,5,"1626153,1610612761",9,6,0.524,0.177,0.025,0.051,0.354,0.025,0.101,1626153,Delon Wright,0.0,0.101,0.051,0.076,TOR,1610612761,3,0.333
50,22.0,0.003,0.032,5,"203471,1610612737",10,6,0.508,0.106,0.109,0.152,0.351,0.064,0.045,203471,Dennis Schroder,0.027,0.035,0.053,0.149,ATL,1610612737,4,0.4
51,32.0,0.0,0.01,5,"101114,1610612742",3,2,0.502,0.153,0.275,0.204,0.489,0.061,0.01,101114,Deron Williams,0.02,0.031,0.0,0.041,DAL,1610612742,1,0.333
52,33.0,0.0,0.004,5,"2734,1610612742",5,4,0.508,0.194,0.177,0.173,0.421,0.067,0.038,2734,Devin Harris,0.021,0.008,0.021,0.084,DAL,1610612742,1,0.2
53,24.0,0.003,0.007,5,"203079,1610612760",18,7,0.488,0.124,0.147,0.174,0.425,0.042,0.025,203079,Dion Waiters,0.012,0.012,0.024,0.044,OKC,1610612760,11,0.611
54,38.0,0.009,0.009,5,"1717,1610612742",5,4,0.505,0.166,0.187,0.193,0.463,0.027,0.074,1717,Dirk Nowitzki,0.009,0.012,0.012,0.083,DAL,1610612742,1,0.2
55,25.0,0.01,0.01,5,"202700,1610612745",5,4,0.486,0.133,0.143,0.267,0.415,0.054,0.079,202700,Donatas Motiejunas,0.035,0.01,0.04,0.119,HOU,1610612745,1,0.2
56,30.0,0.0,0.028,5,"2748,1610612748",5,3,0.531,0.112,0.056,0.112,0.393,0.056,0.084,2748,Dorell Wright,0.0,0.0,0.084,0.112,MIA,1610612748,2,0.4
57,26.0,0.023,0.01,5,"203110,1610612744",23,8,0.484,0.16,0.154,0.154,0.411,0.045,0.058,203110,Draymond Green,0.034,0.027,0.025,0.079,GSW,1610612744,15,0.652
58,30.0,0.019,0.013,5,"2730,1610612745",5,4,0.485,0.138,0.148,0.181,0.426,0.057,0.086,2730,Dwight Howard,0.043,0.019,0.022,0.14,HOU,1610612745,1,0.2
59,24.0,0.0,0.008,5,"203939,1610612742",4,3,0.537,0.151,0.151,0.084,0.369,0.042,0.067,203939,Dwight Powell,0.034,0.008,0.067,0.134,DAL,1610612742,1,0.25
60,34.0,0.014,0.01,5,"2548,1610612748",14,7,0.52,0.139,0.084,0.165,0.436,0.024,0.053,2548,Dwyane Wade,0.022,0.042,0.026,0.143,MIA,1610612748,7,0.5
61,27.0,0.017,0.014,5,"202334,1610612757",11,6,0.494,0.15,0.123,0.169,0.492,0.08,0.06,202334,Ed Davis,0.055,0.005,0.017,0.101,POR,1610612757,5,0.455
62,24.0,0.017,0.015,5,"202683,1610612760",18,7,0.499,0.14,0.127,0.156,0.435,0.062,0.043,202683,Enes Kanter,0.086,0.042,0.031,0.173,OKC,1610612760,11,0.611
63,27.0,0.013,0.018,5,"202323,1610612738",6,4,0.471,0.121,0.138,0.158,0.387,0.042,0.04,202323,Evan Turner,0.02,0.024,0.026,0.088,BOS,1610612738,2,0.333
64,26.0,0.016,0.023,5,"203105,1610612744",23,9,0.472,0.128,0.193,0.188,0.4,0.079,0.063,203105,Festus Ezeli,0.056,0.012,0.019,0.168,GSW,1610612744,14,0.609
65,23.0,0.014,0.003,5,"1626163,1610612766",7,4,0.521,0.145,0.109,0.085,0.394,0.041,0.044,1626163,Frank Kaminsky,0.016,0.005,0.025,0.044,CHA,1610612766,3,0.429
66,30.0,0.002,0.0,5,"201588,1610612754",7,4,0.537,0.18,0.11,0.194,0.429,0.037,0.046,201588,George Hill,0.039,0.025,0.037,0.055,IND,1610612754,3,0.429
67,30.0,0.005,0.005,5,"101123,1610612748",12,7,0.525,0.091,0.019,0.091,0.335,0.067,0.029,101123,Gerald Green,0.019,0.014,0.038,0.048,MIA,1610612748,5,0.417
68,28.0,0.006,0.014,5,"201945,1610612757",11,6,0.483,0.159,0.107,0.147,0.459,0.043,0.025,201945,Gerald Henderson,0.023,0.014,0.027,0.054,POR,1610612757,5,0.455
69,22.0,0.049,0.0,5,"203922,1610612754",4,2,0.508,0.098,0.148,0.148,0.394,0.0,0.049,203922,Glenn Robinson,0.246,0.0,0.0,0.197,IND,1610612754,2,0.5
70,30.0,0.003,0.01,5,"201609,1610612748",14,7,0.518,0.115,0.099,0.161,0.437,0.05,0.049,201609,Goran Dragic,0.031,0.038,0.04,0.112,MIA,1610612748,7,0.5
71,24.0,0.003,0.008,5,"203084,1610612744",24,9,0.49,0.181,0.139,0.155,0.452,0.03,0.022,203084,Harrison Barnes,0.015,0.017,0.019,0.054,GSW,1610612744,15,0.625
72,27.0,0.051,0.009,5,"202355,1610612748",10,5,0.528,0.091,0.071,0.183,0.438,0.062,0.062,202355,Hassan Whiteside,0.065,0.004,0.018,0.167,MIA,1610612748,5,0.5
73,25.0,0.0,0.016,5,"203546,1610612744",16,6,0.487,0.14,0.105,0.187,0.444,0.057,0.038,203546,Ian Clark,0.006,0.041,0.041,0.095,GSW,1610612744,10,0.625
74,29.0,0.018,0.003,5,"101133,1610612754",7,4,0.529,0.144,0.148,0.191,0.4,0.077,0.046,101133,Ian Mahinmi,0.034,0.0,0.015,0.129,IND,1610612754,3,0.429
75,26.0,0.004,0.004,5,"202697,1610612739",21,5,0.536,0.127,0.072,0.164,0.392,0.053,0.032,202697,Iman Shumpert,0.018,0.007,0.018,0.023,CLE,1610612739,16,0.762
76,27.0,0.01,0.033,5,"202738,1610612738",6,4,0.459,0.09,0.157,0.13,0.393,0.038,0.086,202738,Isaiah Thomas,0.013,0.048,0.054,0.125,BOS,1610612738,2,0.333
77,30.0,0.003,0.006,5,"2747,1610612739",21,5,0.511,0.115,0.089,0.148,0.408,0.038,0.024,2747,J.R. Smith,0.023,0.02,0.031,0.02,CLE,1610612739,16,0.762
78,32.0,0.003,0.012,5,"200755,1610612746",6,4,0.49,0.124,0.147,0.109,0.365,0.032,0.035,200755,JJ Redick,0.021,0.024,0.029,0.053,LAC,1610612746,2,0.333
79,26.0,0.037,0.015,5,"203210,1610612763",4,4,0.536,0.163,0.111,0.208,0.356,0.089,0.022,203210,JaMychal Green,0.037,0.044,0.037,0.148,MEM,1610612763,0,0.0
80,28.0,0.0,0.0,5,"201580,1610612742",2,2,0.488,0.137,0.034,0.034,0.0,0.103,0.137,201580,JaVale McGee,0.068,0.0,0.0,0.068,DAL,1610612742,0,0.0
81,25.0,0.007,0.007,5,"203109,1610612738",6,4,0.472,0.103,0.165,0.122,0.421,0.041,0.024,203109,Jae Crowder,0.017,0.007,0.031,0.048,BOS,1610612738,2,0.333
82,36.0,0.0,0.007,5,"2037,1610612746",6,4,0.497,0.147,0.16,0.11,0.404,0.022,0.05,2037,Jamal Crawford,0.02,0.025,0.032,0.09,LAC,1610612746,2,0.333
83,26.0,0.002,0.007,5,"201935,1610612745",5,4,0.468,0.111,0.204,0.235,0.46,0.032,0.07,201935,James Harden,0.056,0.041,0.051,0.097,HOU,1610612745,1,0.2
84,29.0,0.0,0.005,5,"201949,1610612761",10,6,0.523,0.139,0.075,0.198,0.558,0.07,0.016,201949,James Johnson,0.0,0.0,0.0,0.086,TOR,1610612761,4,0.4
85,35.0,0.0,0.0,5,"2592,1610612739",12,3,0.512,0.122,0.103,0.187,0.337,0.028,0.028,2592,James Jones,0.0,0.0,0.0,0.0,CLE,1610612739,9,0.75
86,23.0,0.025,0.025,5,"203949,1610612744",8,4,0.482,0.178,0.268,0.242,0.51,0.076,0.064,203949,James Michael McAdoo,0.0,0.0,0.0,0.051,GSW,1610612744,4,0.5
87,20.0,0.0,0.0,5,"203923,1610612738",3,3,0.617,0.0,0.239,0.119,0.597,0.06,0.0,203923,James Young,0.0,0.0,0.0,0.0,BOS,1610612738,0,0.0
88,24.0,0.0,0.022,5,"203096,1610612738",6,4,0.456,0.14,0.129,0.14,0.448,0.09,0.011,203096,Jared Sullinger,0.056,0.0,0.0,0.078,BOS,1610612738,2,0.333
89,22.0,0.0,0.012,5,"1626185,1610612763",2,2,0.537,0.174,0.186,0.186,0.488,0.046,0.07,1626185,Jarell Martin,0.023,0.0,0.012,0.07,MEM,1610612763,0,0.0
90,38.0,0.004,0.004,5,"1891,1610612745",5,4,0.463,0.093,0.217,0.261,0.403,0.049,0.004,1891,Jason Terry,0.019,0.045,0.022,0.037,HOU,1610612745,1,0.2
91,29.0,0.009,0.0,5,"201574,1610612761",10,7,0.515,0.149,0.093,0.093,0.391,0.056,0.037,201574,Jason Thompson,0.056,0.019,0.019,0.075,TOR,1610612761,3,0.3
92,29.0,0.0,0.0,5,"201965,1610612746",2,2,0.349,0.0,0.0,0.0,0.0,0.0,0.145,201965,Jeff Ayres,0.0,0.0,0.436,0.291,LAC,1610612746,0,0.0
93,29.0,0.006,0.006,5,"201145,1610612746",6,4,0.501,0.161,0.13,0.098,0.385,0.038,0.047,201145,Jeff Green,0.022,0.047,0.051,0.095,LAC,1610612746,2,0.333
94,28.0,0.003,0.026,5,"201952,1610612737",10,6,0.474,0.15,0.124,0.173,0.384,0.051,0.073,201952,Jeff Teague,0.009,0.034,0.032,0.109,ATL,1610612737,4,0.4
95,24.0,0.0,0.04,5,"203087,1610612766",3,2,0.463,0.0,0.12,0.24,0.24,0.0,0.0,203087,Jeremy Lamb,0.08,0.0,0.0,0.24,CHA,1610612766,1,0.333
96,27.0,0.0,0.011,5,"202391,1610612766",7,4,0.508,0.148,0.092,0.089,0.485,0.057,0.092,202391,Jeremy Lin,0.0,0.027,0.019,0.113,CHA,1610612766,3,0.429
97,28.0,0.0,0.0,5,"201975,1610612765",1,1,0.561,0.0,0.0,0.0,0.667,0.0,0.0,201975,Jodie Meeks,0.0,0.0,0.0,0.667,DET,1610612765,0,0.0
98,34.0,0.003,0.003,5,"2207,1610612748",14,7,0.522,0.104,0.093,0.159,0.443,0.029,0.03,2207,Joe Johnson,0.012,0.0,0.019,0.083,MIA,1610612748,7,0.5
99,24.0,0.0,0.049,5,"1626202,1610612754",4,2,0.508,0.098,0.148,0.148,0.394,0.148,0.049,1626202,Joe Young,0.0,0.0,0.0,0.197,IND,1610612754,2,0.5
100,27.0,0.0,0.0,5,"204066,1610612738",1,1,0.658,0.0,1.0,0.0,1.0,0.0,0.0,204066,John Holland,0.0,0.0,0.0,0.0,BOS,1610612738,0,0.0
101,29.0,0.012,0.009,5,"201973,1610612738",6,4,0.476,0.129,0.158,0.173,0.458,0.044,0.012,201973,Jonas Jerebko,0.026,0.006,0.029,0.076,BOS,1610612738,2,0.333
102,24.0,0.022,0.011,5,"202685,1610612761",12,6,0.505,0.09,0.158,0.165,0.384,0.05,0.072,202685,Jonas Valanciunas,0.076,0.003,0.038,0.18,TOR,1610612761,6,0.5
103,26.0,0.0,0.085,5,"203613,1610612759",3,0,0.541,0.19,0.127,0.063,0.508,0.085,0.042,203613,Jonathon Simmons,0.106,0.0,0.0,0.085,SAS,1610612759,3,1.0
104,29.0,0.005,0.0,5,"200770,1610612763",4,4,0.531,0.07,0.178,0.197,0.375,0.019,0.014,200770,Jordan Farmar,0.0,0.0,0.009,0.019,MEM,1610612763,0,0.0
105,28.0,0.0,0.0,5,"201941,1610612754",5,2,0.52,0.138,0.103,0.103,0.413,0.034,0.0,201941,Jordan Hill,0.0,0.0,0.0,0.0,IND,1610612754,3,0.6
106,25.0,0.0,0.0,5,"203895,1610612739",2,0,0.521,0.0,0.0,0.0,0.25,0.0,0.0,203895,Jordan McRae,0.0,0.0,0.0,0.5,CLE,1610612739,2,1.0
107,21.0,0.06,0.0,5,"1626175,1610612738",2,2,0.604,0.0,0.239,0.119,0.597,0.0,0.0,1626175,Jordan Mickey,0.0,0.119,0.119,0.239,BOS,1610612738,0,0.0
108,27.0,0.0,0.0,5,"203268,1610612766",3,2,0.463,0.0,0.12,0.24,0.24,0.0,0.04,203268,Jorge Gutierrez,0.0,0.0,0.0,0.0,CHA,1610612766,1,0.333
109,32.0,0.0,0.01,5,"200826,1610612742",4,4,0.506,0.146,0.151,0.191,0.463,0.04,0.02,200826,Jose Juan Barea,0.02,0.0,0.01,0.06,DAL,1610612742,0,0.0
110,24.0,0.0,0.0,5,"203962,1610612760",2,0,0.509,0.1,0.249,0.199,0.299,0.05,0.05,203962,Josh Huestis,0.0,0.0,0.0,0.0,OKC,1610612760,2,1.0
111,29.0,0.019,0.0,5,"201177,1610612748",10,5,0.515,0.073,0.093,0.108,0.378,0.077,0.031,201177,Josh McRoberts,0.039,0.0,0.023,0.1,MIA,1610612748,5,0.5
112,22.0,0.018,0.007,5,"1626196,1610612748",14,7,0.523,0.115,0.066,0.138,0.433,0.05,0.02,1626196,Josh Richardson,0.019,0.009,0.015,0.024,MIA,1610612748,7,0.5
113,30.0,0.012,0.0,5,"2746,1610612745",4,3,0.464,0.074,0.198,0.309,0.545,0.087,0.012,2746,Josh Smith,0.0,0.0,0.0,0.05,HOU,1610612745,1,0.25
114,22.0,0.017,0.006,5,"1626147,1610612742",5,4,0.524,0.204,0.11,0.116,0.32,0.066,0.05,1626147,Justin Anderson,0.028,0.044,0.05,0.132,DAL,1610612742,1,0.2
115,20.0,0.006,0.013,5,"1626159,1610612748",13,6,0.532,0.155,0.087,0.173,0.459,0.057,0.045,1626159,Justise Winslow,0.031,0.013,0.021,0.071,MIA,1610612748,7,0.538
116,23.0,0.039,0.039,5,"203909,1610612745",4,4,0.439,0.078,0.156,0.273,0.26,0.039,0.013,203909,KJ McDaniels,0.026,0.0,0.026,0.078,HOU,1610612745,0,0.0
117,24.0,0.021,0.016,5,"202695,1610612759",10,4,0.501,0.127,0.132,0.117,0.42,0.031,0.059,202695,Kawhi Leonard,0.024,0.065,0.071,0.133,SAS,1610612759,6,0.6
118,25.0,0.0,0.028,5,"203482,1610612738",4,3,0.449,0.1,0.071,0.128,0.427,0.071,0.014,203482,Kelly Olynyk,0.028,0.0,0.0,0.0,BOS,1610612738,1,0.25
119,26.0,0.008,0.046,5,"202689,1610612766",7,4,0.516,0.145,0.105,0.109,0.468,0.02,0.066,202689,Kemba Walker,0.02,0.032,0.042,0.123,CHA,1610612766,3,0.429
120,26.0,0.009,0.015,5,"203145,1610612737",10,6,0.478,0.148,0.116,0.179,0.382,0.021,0.029,203145,Kent Bazemore,0.012,0.028,0.047,0.068,ATL,1610612737,4,0.4
121,23.0,0.003,0.003,5,"203484,1610612765",4,4,0.539,0.151,0.114,0.174,0.375,0.023,0.02,203484,Kentavious Caldwell-Pope,0.007,0.023,0.023,0.047,DET,1610612765,0,0.0
122,27.0,0.012,0.008,5,"201142,1610612760",18,7,0.486,0.11,0.143,0.149,0.411,0.025,0.068,201142,Kevin Durant,0.025,0.069,0.056,0.102,OKC,1610612760,11,0.611
123,27.0,0.007,0.013,5,"201567,1610612739",20,5,0.515,0.124,0.102,0.124,0.415,0.029,0.06,201567,Kevin Love,0.062,0.008,0.038,0.052,CLE,1610612739,15,0.75
124,33.0,0.0,0.01,5,"2755,1610612759",5,2,0.514,0.115,0.104,0.24,0.313,0.052,0.021,2755,Kevin Martin,0.031,0.031,0.021,0.021,SAS,1610612759,3,0.6
125,35.0,0.0,0.0,5,"2550,1610612737",6,2,0.558,0.163,0.041,0.102,0.366,0.041,0.02,2550,Kirk Hinrich,0.0,0.0,0.0,0.0,ATL,1610612737,4,0.667
126,26.0,0.005,0.014,5,"202691,1610612744",24,9,0.482,0.158,0.157,0.155,0.409,0.03,0.046,202691,Klay Thompson,0.028,0.041,0.047,0.085,GSW,1610612744,15,0.625
127,31.0,0.046,0.0,5,"2743,1610612737",4,3,0.513,0.128,0.11,0.128,0.274,0.082,0.037,2743,Kris Humphries,0.055,0.037,0.064,0.146,ATL,1610612737,1,0.25
128,22.0,0.012,0.004,5,"203937,1610612759",10,4,0.506,0.161,0.153,0.192,0.471,0.043,0.035,203937,Kyle Anderson,0.008,0.016,0.035,0.055,SAS,1610612759,6,0.6
129,35.0,0.006,0.003,5,"2594,1610612737",10,6,0.472,0.131,0.113,0.17,0.343,0.034,0.03,2594,Kyle Korver,0.019,0.016,0.018,0.021,ATL,1610612737,4,0.4
130,30.0,0.002,0.014,5,"200768,1610612761",20,10,0.52,0.119,0.13,0.151,0.43,0.05,0.062,200768,Kyle Lowry,0.028,0.03,0.032,0.084,TOR,1610612761,10,0.5
131,28.0,0.0,0.0,5,"202713,1610612760",6,3,0.533,0.169,0.116,0.126,0.548,0.042,0.021,202713,Kyle Singler,0.032,0.0,0.032,0.021,OKC,1610612760,3,0.5
132,24.0,0.009,0.014,5,"202681,1610612739",21,5,0.51,0.118,0.095,0.142,0.42,0.03,0.042,202681,Kyrie Irving,0.024,0.055,0.045,0.104,CLE,1610612739,16,0.762
133,30.0,0.021,0.004,5,"200746,1610612759",10,4,0.5,0.128,0.142,0.123,0.401,0.027,0.043,200746,LaMarcus Aldridge,0.036,0.006,0.024,0.125,SAS,1610612759,6,0.6
134,24.0,0.0,0.028,5,"203934,1610612737",4,2,0.539,0.165,0.11,0.193,0.22,0.028,0.028,203934,Lamar Patterson,0.0,0.0,0.0,0.055,ATL,1610612737,2,0.5
135,25.0,0.0,0.017,5,"202362,1610612763",4,4,0.524,0.171,0.127,0.16,0.485,0.055,0.028,202362,Lance Stephenson,0.033,0.022,0.028,0.11,MEM,1610612763,0,0.0
136,27.0,0.01,0.02,5,"202730,1610612754",6,3,0.501,0.049,0.108,0.158,0.394,0.02,0.0,202730,Lavoy Allen,0.0,0.02,0.0,0.039,IND,1610612754,3,0.5
137,31.0,0.017,0.011,5,"2544,1610612739",21,5,0.515,0.111,0.081,0.133,0.394,0.034,0.07,2544,LeBron James,0.038,0.066,0.068,0.199,CLE,1610612739,16,0.762
138,33.0,0.002,0.015,5,"2571,1610612744",23,9,0.492,0.12,0.157,0.172,0.461,0.046,0.033,2571,Leandro Barbosa,0.045,0.054,0.062,0.108,GSW,1610612744,14,0.609
139,29.0,0.0,0.007,5,"201601,1610612746",5,3,0.51,0.143,0.111,0.111,0.416,0.059,0.013,201601,Luc Mbah a Moute,0.0,0.033,0.033,0.052,LAC,1610612746,2,0.4
140,23.0,0.0,0.0,5,"203512,1610612761",5,4,0.564,0.251,0.039,0.155,0.619,0.058,0.0,203512,Lucas Nogueira,0.0,0.0,0.0,0.116,TOR,1610612761,1,0.2
141,23.0,0.0,0.0,5,"1626242,1610612757",6,3,0.641,0.0,0.0,0.421,0.168,0.084,0.0,1626242,Luis Montero,0.0,0.0,0.0,0.168,POR,1610612757,3,0.5
142,36.0,0.0,0.011,5,"2449,1610612761",11,6,0.512,0.106,0.153,0.182,0.409,0.08,0.051,2449,Luis Scola,0.004,0.007,0.011,0.029,TOR,1610612761,5,0.455
143,31.0,0.009,0.005,5,"2736,1610612748",14,7,0.518,0.127,0.084,0.153,0.433,0.025,0.036,2736,Luol Deng,0.024,0.024,0.018,0.067,MIA,1610612748,7,0.5
144,38.0,0.008,0.003,5,"1938,1610612759",10,4,0.496,0.142,0.124,0.108,0.387,0.064,0.064,1938,Manu Ginobili,0.0,0.059,0.052,0.046,SAS,1610612759,6,0.6
145,26.0,0.0,0.0,5,"202694,1610612765",4,4,0.539,0.15,0.112,0.195,0.367,0.064,0.06,202694,Marcus Morris,0.019,0.007,0.026,0.06,DET,1610612765,0,0.0
146,22.0,0.012,0.022,5,"203935,1610612738",6,4,0.47,0.11,0.134,0.151,0.439,0.041,0.059,203935,Marcus Smart,0.029,0.024,0.017,0.049,BOS,1610612738,2,0.333
147,28.0,0.019,0.01,5,"201578,1610612744",24,9,0.485,0.106,0.125,0.171,0.468,0.104,0.07,201578,Marreese Speights,0.027,0.024,0.031,0.077,GSW,1610612744,15,0.625
148,30.0,0.007,0.014,5,"101107,1610612766",7,4,0.515,0.167,0.095,0.111,0.484,0.025,0.027,101107,Marvin Williams,0.0,0.0,0.018,0.032,CHA,1610612766,3,0.429
149,26.0,0.017,0.019,5,"203486,1610612757",11,6,0.481,0.135,0.1,0.126,0.389,0.066,0.049,203486,Mason Plumlee,0.025,0.03,0.025,0.088,POR,1610612757,5,0.455
150,36.0,0.004,0.015,5,"2440,1610612763",4,4,0.525,0.083,0.162,0.245,0.4,0.049,0.034,2440,Matt Barnes,0.015,0.045,0.023,0.083,MEM,1610612763,0,0.0
151,25.0,0.002,0.009,5,"203521,1610612739",20,5,0.519,0.08,0.092,0.174,0.391,0.067,0.049,203521,Matthew Dellavedova,0.009,0.011,0.017,0.064,CLE,1610612739,15,0.75
152,23.0,0.005,0.013,5,"203090,1610612757",11,6,0.49,0.148,0.126,0.13,0.444,0.069,0.049,203090,Maurice Harkless,0.043,0.031,0.018,0.112,POR,1610612757,5,0.455
153,27.0,0.0,0.023,5,"201563,1610612745",5,4,0.453,0.056,0.277,0.237,0.406,0.045,0.028,201563,Michael Beasley,0.011,0.0,0.023,0.147,HOU,1610612745,1,0.2
154,24.0,0.008,0.008,5,"203488,1610612737",9,5,0.517,0.147,0.124,0.124,0.402,0.046,0.015,203488,Mike Muscala,0.031,0.031,0.015,0.093,ATL,1610612737,4,0.444
155,27.0,0.009,0.003,5,"203118,1610612737",10,6,0.489,0.088,0.14,0.191,0.383,0.061,0.033,203118,Mike Scott,0.021,0.021,0.018,0.091,ATL,1610612737,4,0.4
156,33.0,0.0,0.0,5,"2590,1610612739",13,3,0.522,0.13,0.084,0.199,0.322,0.061,0.038,2590,Mo Williams,0.0,0.031,0.054,0.015,CLE,1610612739,10,0.769
157,30.0,0.0,0.009,5,"101145,1610612754",7,4,0.525,0.168,0.105,0.198,0.42,0.04,0.033,101145,Monta Ellis,0.0,0.058,0.054,0.089,IND,1610612754,3,0.429
158,22.0,0.0,0.0,5,"1626149,1610612745",2,2,0.474,0.0,0.0,0.204,0.245,0.041,0.041,1626149,Montrezl Harrell,0.0,0.122,0.041,0.082,HOU,1610612745,0,0.0
159,20.0,0.062,0.005,5,"1626167,1610612754",7,4,0.53,0.212,0.075,0.193,0.398,0.064,0.035,1626167,Myles Turner,0.04,0.011,0.016,0.113,IND,1610612754,3,0.429
160,38.0,0.059,0.0,5,"1737,1610612760",5,2,0.57,0.118,0.0,0.059,0.235,0.059,0.0,1737,Nazr Mohammed,0.0,0.0,0.0,0.118,OKC,1610612760,3,0.6
161,35.0,0.0,0.0,5,"2555,1610612760",9,3,0.519,0.092,0.079,0.092,0.423,0.112,0.026,2555,Nick Collison,0.0,0.0,0.0,0.04,OKC,1610612760,6,0.667
162,27.0,0.0,0.004,5,"201587,1610612766",5,4,0.522,0.152,0.127,0.12,0.61,0.022,0.044,201587,Nicolas Batum,0.011,0.015,0.033,0.058,CHA,1610612766,1,0.2
163,20.0,0.0,0.046,5,"203943,1610612757",6,3,0.544,0.0,0.185,0.416,0.37,0.046,0.0,203943,Noah Vonleh,0.0,0.0,0.0,0.0,POR,1610612757,3,0.5
164,23.0,0.005,0.005,5,"1626181,1610612761",18,10,0.522,0.127,0.094,0.145,0.401,0.046,0.01,1626181,Norman Powell,0.033,0.058,0.061,0.076,TOR,1610612761,8,0.444
165,23.0,0.0,0.0,5,"203798,1610612763",2,2,0.574,0.078,0.129,0.155,0.311,0.026,0.026,203798,PJ Hairston,0.0,0.052,0.052,0.0,MEM,1610612763,0,0.0
166,39.0,0.0,0.0,5,"203143,1610612746",5,3,0.458,0.213,0.071,0.106,0.355,0.142,0.0,203143,Pablo Prigioni,0.0,0.0,0.0,0.0,LAC,1610612746,2,0.4
167,23.0,0.0,0.0,5,"1626192,1610612757",6,3,0.611,0.0,0.0,0.388,0.155,0.0,0.0,1626192,Pat Connaughton,0.233,0.0,0.0,0.155,POR,1610612757,3,0.5
168,27.0,0.007,0.015,5,"201976,1610612745",5,4,0.477,0.145,0.167,0.167,0.46,0.063,0.044,201976,Patrick Beverley,0.022,0.015,0.007,0.052,HOU,1610612745,1,0.2
169,27.0,0.008,0.005,5,"202335,1610612761",20,10,0.518,0.13,0.111,0.158,0.411,0.028,0.02,202335,Patrick Patterson,0.035,0.013,0.026,0.053,TOR,1610612761,10,0.5
170,27.0,0.0,0.0,5,"201988,1610612759",10,4,0.503,0.151,0.121,0.148,0.434,0.009,0.06,201988,Patty Mills,0.048,0.012,0.045,0.024,SAS,1610612759,6,0.6
171,26.0,0.01,0.019,5,"202331,1610612754",7,4,0.535,0.175,0.101,0.183,0.388,0.047,0.111,202331,Paul George,0.039,0.062,0.056,0.085,IND,1610612754,3,0.429
172,31.0,0.031,0.012,5,"200794,1610612737",10,6,0.485,0.156,0.122,0.169,0.364,0.039,0.074,200794,Paul Millsap,0.041,0.031,0.036,0.12,ATL,1610612737,4,0.4
173,38.0,0.0,0.0,5,"1718,1610612746",5,4,0.503,0.244,0.131,0.131,0.412,0.056,0.019,1718,Paul Pierce,0.0,0.0,0.019,0.0,LAC,1610612746,1,0.2
174,22.0,0.012,0.024,5,"1626154,1610612738",5,4,0.5,0.098,0.207,0.049,0.463,0.037,0.0,1626154,RJ Hunter,0.037,0.024,0.024,0.024,BOS,1610612738,1,0.2
175,32.0,0.008,0.003,5,"200751,1610612760",16,6,0.509,0.158,0.121,0.193,0.456,0.048,0.019,200751,Randy Foye,0.008,0.013,0.035,0.016,OKC,1610612760,10,0.625
176,32.0,0.0,0.021,5,"101109,1610612742",5,4,0.511,0.208,0.196,0.187,0.475,0.042,0.03,101109,Raymond Felton,0.03,0.039,0.056,0.107,DAL,1610612742,1,0.2
177,25.0,0.0,0.0,5,"203493,1610612765",2,2,0.547,0.225,0.175,0.324,0.499,0.05,0.0,203493,Reggie Bullock,0.0,0.125,0.05,0.1,DET,1610612765,0,0.0
178,26.0,0.007,0.007,5,"202704,1610612765",4,4,0.545,0.148,0.1,0.156,0.341,0.037,0.037,202704,Reggie Jackson,0.019,0.015,0.03,0.126,DET,1610612765,0,0.0
179,36.0,0.001,0.011,5,"2210,1610612739",21,5,0.516,0.103,0.092,0.16,0.368,0.046,0.03,2210,Richard Jefferson,0.009,0.019,0.026,0.078,CLE,1610612739,16,0.762
180,30.0,0.004,0.017,5,"201155,1610612754",7,4,0.537,0.185,0.095,0.164,0.405,0.039,0.047,201155,Rodney Stuckey,0.017,0.022,0.017,0.052,IND,1610612754,3,0.429
181,27.0,0.001,0.013,5,"201566,1610612760",18,7,0.48,0.107,0.145,0.138,0.405,0.031,0.071,201566,Russell Westbrook,0.033,0.078,0.046,0.123,OKC,1610612760,11,0.611
182,30.0,0.032,0.006,5,"1626257,1610612742",4,3,0.487,0.122,0.173,0.199,0.385,0.07,0.064,1626257,Salah Mejri,0.051,0.0,0.026,0.09,DAL,1610612742,1,0.25
183,26.0,0.019,0.001,5,"201586,1610612760",18,7,0.479,0.103,0.15,0.143,0.414,0.041,0.014,201586,Serge Ibaka,0.027,0.014,0.015,0.048,OKC,1610612760,11,0.611
184,30.0,0.005,0.008,5,"2733,1610612744",24,9,0.485,0.155,0.146,0.155,0.409,0.045,0.033,2733,Shaun Livingston,0.009,0.033,0.038,0.094,GSW,1610612744,15,0.625
185,25.0,0.0,0.008,5,"203524,1610612754",7,4,0.532,0.196,0.075,0.169,0.402,0.054,0.038,203524,Solomon Hill,0.013,0.013,0.051,0.016,IND,1610612754,3,0.429
186,23.0,0.0,0.0,5,"203915,1610612765",1,1,0.561,0.0,0.0,0.0,0.667,0.0,0.0,203915,Spencer Dinwiddie,0.0,0.0,0.0,0.667,DET,1610612765,0,0.0
187,28.0,0.018,0.009,5,"201150,1610612766",5,2,0.471,0.106,0.08,0.106,0.319,0.044,0.035,201150,Spencer Hawes,0.053,0.0,0.018,0.071,CHA,1610612766,3,0.6
188,20.0,0.0,0.0,5,"1626169,1610612765",4,4,0.56,0.151,0.131,0.213,0.399,0.069,0.021,1626169,Stanley Johnson,0.014,0.014,0.0,0.055,DET,1610612765,0,0.0
189,28.0,0.004,0.012,5,"201939,1610612744",18,7,0.474,0.17,0.17,0.164,0.429,0.03,0.067,201939,Stephen Curry,0.017,0.045,0.072,0.074,GSW,1610612744,11,0.611
190,36.0,0.0,0.0,5,"2581,1610612765",4,4,0.535,0.149,0.186,0.31,0.495,0.087,0.025,2581,Steve Blake,0.0,0.0,0.0,0.0,DET,1610612765,0,0.0
191,22.0,0.013,0.013,5,"203500,1610612760",18,7,0.496,0.108,0.141,0.152,0.4,0.049,0.061,203500,Steven Adams,0.055,0.012,0.024,0.12,OKC,1610612760,11,0.611
192,25.0,0.008,0.008,5,"203082,1610612761",20,10,0.517,0.165,0.102,0.17,0.422,0.043,0.025,203082,Terrence Ross,0.008,0.015,0.045,0.04,TOR,1610612761,10,0.5
193,22.0,0.015,0.0,5,"1626179,1610612738",5,3,0.509,0.114,0.093,0.129,0.496,0.026,0.021,1626179,Terry Rozier,0.021,0.031,0.0,0.031,BOS,1610612738,2,0.4
194,32.0,0.015,0.003,5,"200757,1610612737",10,6,0.512,0.154,0.129,0.159,0.369,0.043,0.02,200757,Thabo Sefolosha,0.066,0.02,0.008,0.066,ATL,1610612737,4,0.4
195,40.0,0.031,0.019,5,"1495,1610612759",10,4,0.515,0.106,0.132,0.125,0.364,0.042,0.038,1495,Tim Duncan,0.019,0.007,0.024,0.104,SAS,1610612759,6,0.6
196,24.0,0.006,0.0,5,"203501,1610612737",9,5,0.507,0.081,0.11,0.116,0.337,0.012,0.035,203501,Tim Hardaway Jr.,0.0,0.012,0.0,0.046,ATL,1610612737,4,0.444
197,29.0,0.02,0.0,5,"202389,1610612739",13,3,0.502,0.133,0.133,0.186,0.332,0.106,0.04,202389,Timofey Mozgov,0.066,0.0,0.04,0.08,CLE,1610612739,10,0.769
198,23.0,0.01,0.014,5,"202699,1610612765",4,4,0.543,0.16,0.108,0.17,0.334,0.038,0.035,202699,Tobias Harris,0.021,0.007,0.021,0.076,DET,1610612765,0,0.0
199,34.0,0.011,0.017,5,"2754,1610612763",4,4,0.527,0.13,0.175,0.209,0.417,0.062,0.051,2754,Tony Allen,0.034,0.034,0.045,0.056,MEM,1610612763,0,0.0
200,34.0,0.004,0.017,5,"2225,1610612759",10,4,0.505,0.136,0.141,0.111,0.401,0.029,0.036,2225,Tony Parker,0.01,0.044,0.021,0.088,SAS,1610612759,6,0.6
201,30.0,0.003,0.003,5,"2772,1610612745",5,4,0.465,0.131,0.195,0.219,0.458,0.041,0.013,2772,Trevor Ariza,0.01,0.021,0.031,0.036,HOU,1610612745,1,0.2
202,25.0,0.015,0.012,5,"202684,1610612739",21,5,0.516,0.127,0.094,0.142,0.41,0.046,0.051,202684,Tristan Thompson,0.041,0.01,0.015,0.076,CLE,1610612739,16,0.762
203,24.0,0.0,0.029,5,"203584,1610612766",4,3,0.506,0.114,0.086,0.172,0.229,0.057,0.057,203584,Troy Daniels,0.0,0.0,0.0,0.0,CHA,1610612766,1,0.25
204,28.0,0.0,0.014,5,"201951,1610612754",7,4,0.516,0.21,0.126,0.168,0.393,0.056,0.035,201951,Ty Lawson,0.0,0.042,0.042,0.056,IND,1610612754,3,0.429
205,30.0,0.0,0.0,5,"201946,1610612766",2,1,0.471,0.0,0.0,0.25,0.167,0.0,0.0,201946,Tyler Hansbrough,0.0,0.0,0.0,0.0,CHA,1610612766,1,0.5
206,24.0,0.0,0.0,5,"204020,1610612748",5,2,0.53,0.122,0.07,0.087,0.472,0.07,0.052,204020,Tyler Johnson,0.017,0.009,0.0,0.035,MIA,1610612748,3,0.6
207,26.0,0.025,0.0,5,"203092,1610612738",3,3,0.478,0.038,0.239,0.05,0.403,0.013,0.088,203092,Tyler Zeller,0.063,0.0,0.0,0.126,BOS,1610612738,0,0.0
208,36.0,0.006,0.006,5,"2617,1610612748",9,5,0.533,0.107,0.069,0.183,0.429,0.082,0.076,2617,Udonis Haslem,0.038,0.013,0.013,0.088,MIA,1610612748,4,0.444
209,39.0,0.006,0.052,5,"1713,1610612763",4,4,0.529,0.076,0.18,0.204,0.466,0.052,0.052,1713,Vince Carter,0.041,0.017,0.035,0.07,MEM,1610612763,0,0.0
210,28.0,0.026,0.0,5,"202325,1610612746",6,4,0.491,0.115,0.179,0.128,0.269,0.038,0.013,202325,Wesley Johnson,0.026,0.0,0.0,0.013,LAC,1610612746,2,0.333
211,29.0,0.0,0.011,5,"202083,1610612742",5,4,0.498,0.164,0.227,0.195,0.506,0.04,0.049,202083,Wesley Matthews,0.003,0.029,0.0,0.029,DAL,1610612742,1,0.2
212,24.0,0.018,0.0,5,"204098,1610612763",4,4,0.526,0.124,0.147,0.242,0.401,0.047,0.029,204098,Xavier Munford,0.012,0.0,0.035,0.035,MEM,1610612763,0,0.0
213,34.0,0.0,0.066,5,"2216,1610612763",4,4,0.524,0.066,0.18,0.206,0.438,0.044,0.061,2216,Zach Randolph,0.035,0.0,0.009,0.14,MEM,1610612763,0,0.0
214,32.0,0.005,0.01,5,"2585,1610612742",5,4,0.537,0.226,0.206,0.202,0.566,0.062,0.067,2585,Zaza Pachulia,0.034,0.0,0.0,0.077,DAL,1610612742,1,0.2
