,AGE,BLK,BLKA,CFID,CFPARAMS,GP,L,MIN,OPP_PTS_2ND_CHANCE,OPP_PTS_FB,OPP_PTS_OFF_TOV,OPP_PTS_PAINT,PF,PFD,PLAYER_ID,PLAYER_NAME,PTS_2ND_CHANCE,PTS_FB,PTS_OFF_TOV,PTS_PAINT,TEAM_ABBREVIATION,TEAM_ID,W,W_PCT
0,21.0,0,0,5,"1626151,1610612766",2,1,7.4,0,3,3,6,1,0,1626151,Aaron Harrison,0,0,0,0,CHA,1610612766,1,0.5
1,30.0,24,3,5,"201143,1610612737",10,6,327.403333333,95,69,115,240,25,20,201143,Al Horford,6,10,12,68,ATL,1610612737,4,0.4
2,31.0,3,7,5,"2744,1610612766",7,4,168.38,50,37,32,158,12,10,2744,Al Jefferson,12,0,16,70,CHA,1610612766,3,0.429
3,25.0,10,5,5,"202329,1610612757",11,6,371.536666667,99,90,99,308,31,21,202329,Al-Farouq Aminu,19,6,13,46,POR,1610612757,5,0.455
4,24.0,1,1,5,"203459,1610612757",11,6,302.06,91,93,99,292,23,22,203459,Allen Crabbe,19,23,18,24,POR,1610612757,5,0.455
5,33.0,3,0,5,"2405,1610612748",9,5,82.3416666667,24,10,27,80,14,7,2405,Amar'e Stoudemire,4,0,6,18,MIA,1610612748,4,0.444
6,29.0,8,4,5,"101161,1610612738",6,4,133.511666667,37,38,44,126,13,7,101161,Amir Johnson,10,4,12,42,BOS,1610612738,2,0.333
7,33.0,2,2,5,"2760,1610612744",17,6,92.8916666667,21,29,25,98,17,22,2760,Anderson Varejao,5,1,5,8,GSW,1610612744,11,0.647
8,22.0,6,1,5,"203083,1610612765",4,4,131.416666667,29,29,40,82,8,30,203083,Andre Drummond,11,5,5,46,DET,1610612765,0,0.0
9,32.0,10,7,5,"2738,1610612744",24,9,767.45,239,258,269,678,37,55,2738,Andre Iguodala,29,44,47,90,GSW,1610612744,15,0.625
10,40.0,0,1,5,"1889,1610612759",4,1,35.2333333333,7,15,12,28,4,1,1889,Andre Miller,2,0,0,4,SAS,1610612759,3,0.75
11,24.0,19,6,5,"203460,1610612760",18,7,471.406666667,94,131,119,382,45,17,203460,Andre Roberson,15,8,14,56,OKC,1610612760,11,0.611
12,31.0,35,6,5,"101106,1610612744",22,7,365.35,132,94,107,284,72,20,101106,Andrew Bogut,28,3,19,94,GSW,1610612744,15,0.682
13,27.0,0,0,5,"202726,1610612745",2,2,11.4016666667,2,0,14,4,0,0,202726,Andrew Goudelock,2,0,0,4,HOU,1610612745,0,0.0
14,30.0,0,0,5,"201627,1610612760",14,6,76.275,24,21,44,78,5,6,201627,Anthony Morrow,3,7,2,8,OKC,1610612760,8,0.571
15,31.0,1,0,5,"201229,1610612765",3,3,26.2033333333,0,8,9,24,0,0,201229,Anthony Tolliver,0,0,0,0,DET,1610612765,0,0.0
16,29.0,0,2,5,"203382,1610612765",4,4,43.965,17,10,22,44,4,4,203382,Aron Baynes,5,3,0,8,DET,1610612765,0,0.0
17,23.0,0,1,5,"203085,1610612746",6,4,143.755,46,47,25,108,12,11,203085,Austin Rivers,9,4,6,38,LAC,1610612746,2,0.333
18,25.0,1,1,5,"202340,1610612738",1,1,33.15,13,9,9,40,2,2,202340,Avery Bradley,2,4,4,4,BOS,1610612738,0,0.0
19,23.0,27,7,5,"202687,1610612761",20,10,505.541666667,142,112,153,380,48,63,202687,Bismack Biyombo,38,2,16,74,TOR,1610612761,10,0.5
20,27.0,2,5,5,"201933,1610612746",4,2,126.936666667,33,34,26,102,9,18,201933,Blake Griffin,10,2,6,28,LAC,1610612746,2,0.5
21,27.0,2,0,5,"1626246,1610612759",7,3,41.8833333333,10,11,12,28,10,5,1626246,Boban Marjanovic,6,0,2,14,SAS,1610612759,4,0.571
22,34.0,4,4,5,"2564,1610612759",9,3,158.51,42,50,46,134,9,10,2564,Boris Diaw,6,3,6,30,SAS,1610612759,6,0.667
23,30.0,2,0,5,"201575,1610612744",14,6,110.005,28,28,36,96,9,3,201575,Brandon Rush,0,8,3,6,GSW,1610612744,8,0.571
24,30.0,0,0,5,"203148,1610612757",10,6,35.6816666667,3,13,13,28,5,4,203148,Brian Roberts,0,0,1,2,POR,1610612757,4,0.4
25,23.0,0,0,5,"1627362,1610612748",2,1,6.01666666667,2,0,0,4,1,0,1627362,Briante Weber,0,0,0,0,MIA,1610612748,1,0.5
26,24.0,5,7,5,"203468,1610612757",11,6,442.446666667,124,91,116,396,30,37,203468,CJ McCollum,25,37,21,60,POR,1610612757,5,0.455
27,29.0,1,3,5,"101139,1610612754",7,4,91.905,34,26,42,86,7,1,101139,CJ Miles,6,5,6,10,IND,1610612754,3,0.429
28,25.0,0,0,5,"203912,1610612746",2,2,7.46666666667,0,0,0,6,1,0,203912,CJ Wilcox,0,0,0,0,LAC,1610612746,0,0.0
29,21.0,2,2,5,"1626166,1610612760",10,3,64.28,18,17,23,56,7,4,1626166,Cameron Payne,4,0,2,8,OKC,1610612760,7,0.7
30,33.0,9,2,5,"101112,1610612739",17,5,237.266666667,36,29,66,156,37,12,101112,Channing Frye,13,15,27,22,CLE,1610612739,12,0.706
31,31.0,0,0,5,"101111,1610612742",4,4,20.375,5,6,3,4,2,1,101111,Charlie Villanueva,0,4,3,4,DAL,1610612742,0,0.0
32,37.0,3,0,5,"2365,1610612763",4,4,78.8133333333,10,22,39,52,4,6,2365,Chris Andersen,7,0,4,10,MEM,1610612763,0,0.0
33,34.0,0,1,5,"2549,1610612757",4,2,32.3783333333,10,1,10,24,10,0,2549,Chris Kaman,0,0,2,6,POR,1610612757,2,0.5
34,31.0,0,4,5,"101108,1610612746",4,2,125.293333333,31,31,28,98,12,17,101108,Chris Paul,10,6,8,24,LAC,1610612746,2,0.5
35,22.0,2,1,5,"203991,1610612745",5,4,43.295,6,17,36,38,5,3,203991,Clint Capela,0,2,5,6,HOU,1610612745,1,0.2
36,23.0,3,2,5,"203469,1610612766",7,4,137.376666667,42,22,25,126,20,19,203469,Cody Zeller,8,2,8,34,CHA,1610612766,3,0.429
37,27.0,3,0,5,"202332,1610612746",6,4,76.9,24,21,16,62,11,6,202332,Cole Aldrich,4,0,2,20,LAC,1610612746,2,0.333
38,30.0,1,3,5,"201147,1610612745",5,4,77.2283333333,16,34,29,54,13,5,201147,Corey Brewer,2,3,6,10,HOU,1610612745,1,0.2
39,24.0,2,11,5,"202709,1610612761",20,10,452.341666667,114,91,154,352,47,31,202709,Cory Joseph,20,13,41,80,TOR,1610612761,10,0.5
40,30.0,3,3,5,"201584,1610612766",7,4,256.666666667,70,46,46,230,19,8,201584,Courtney Lee,16,7,10,20,CHA,1610612766,3,0.429
41,35.0,1,0,5,"2563,1610612739",15,4,50.03,7,13,12,24,3,5,2563,Dahntay Jones,0,5,4,10,CLE,1610612739,11,0.733
42,25.0,3,18,5,"203081,1610612757",11,6,437.443333333,121,121,126,390,23,61,203081,Damian Lillard,20,46,34,70,POR,1610612757,5,0.455
43,29.0,8,0,5,"201980,1610612759",10,4,267.418333333,70,76,63,224,20,8,201980,Danny Green,9,31,21,10,SAS,1610612759,6,0.6
44,33.0,0,0,5,"101135,1610612742",2,2,32.5533333333,12,13,12,34,7,0,101135,David Lee,0,0,2,12,DAL,1610612742,0,0.0
45,35.0,7,4,5,"2561,1610612759",10,4,175.8,52,45,48,150,19,13,2561,David West,6,2,6,34,SAS,1610612759,6,0.6
46,27.0,16,1,5,"201599,1610612746",6,4,198.313333333,46,59,46,146,17,37,201599,DeAndre Jordan,27,5,7,48,LAC,1610612746,2,0.333
47,26.0,3,29,5,"201942,1610612761",20,10,745.925,173,195,231,606,52,79,201942,DeMar DeRozan,27,28,62,134,TOR,1610612761,10,0.5
48,29.0,7,6,5,"201960,1610612761",20,10,595.948333333,147,152,180,482,62,28,201960,DeMarre Carroll,23,34,32,68,TOR,1610612761,10,0.5
49,24.0,0,0,5,"1626153,1610612761",9,6,41.4333333333,14,2,4,28,2,8,1626153,Delon Wright,0,8,4,6,TOR,1610612761,3,0.333
50,22.0,1,12,5,"203471,1610612737",10,6,191.213333333,40,41,57,132,24,17,203471,Dennis Schroder,10,13,20,56,ATL,1610612737,4,0.4
51,32.0,0,1,5,"101114,1610612742",3,2,49.3166666667,15,27,20,48,6,1,101114,Deron Williams,2,3,0,4,DAL,1610612742,1,0.333
52,33.0,0,1,5,"2734,1610612742",5,4,120.558333333,46,42,41,100,16,9,2734,Devin Harris,5,2,5,20,DAL,1610612742,1,0.2
53,24.0,3,7,5,"203079,1610612760",18,7,491.066666667,125,148,175,428,42,25,203079,Dion Waiters,12,12,24,44,OKC,1610612760,11,0.611
54,38.0,3,3,5,"1717,1610612742",5,4,170.076666667,56,63,65,156,9,25,1717,Dirk Nowitzki,3,4,4,28,DAL,1610612742,1,0.2
55,25.0,2,2,5,"202700,1610612745",5,4,98.2883333333,27,29,54,84,11,16,202700,Donatas Motiejunas,7,2,8,24,HOU,1610612745,1,0.2
56,30.0,0,1,5,"2748,1610612748",5,3,18.91,4,2,4,14,2,3,2748,Dorell Wright,0,0,3,4,MIA,1610612748,2,0.4
57,26.0,41,19,5,"203110,1610612744",23,8,879.356666667,290,279,280,746,81,105,203110,Draymond Green,61,49,45,144,GSW,1610612744,15,0.652
58,30.0,7,5,5,"2730,1610612745",5,4,179.898333333,51,55,67,158,21,32,2730,Dwight Howard,16,7,8,52,HOU,1610612745,1,0.2
59,24.0,0,1,5,"203939,1610612742",4,3,63.9266666667,18,18,10,44,5,8,203939,Dwight Powell,4,1,8,16,DAL,1610612742,1,0.25
60,34.0,13,9,5,"2548,1610612748",14,7,472.626666667,126,76,150,396,22,48,2548,Dwyane Wade,20,38,24,130,MIA,1610612748,7,0.5
61,27.0,7,6,5,"202334,1610612757",11,6,204.816666667,62,51,70,204,33,25,202334,Ed Davis,23,2,7,42,POR,1610612757,5,0.455
62,24.0,11,10,5,"202683,1610612760",18,7,323.223333333,91,82,101,282,40,28,202683,Enes Kanter,56,27,20,112,OKC,1610612760,11,0.611
63,27.0,6,8,5,"202323,1610612738",6,4,214.221666667,55,63,72,176,19,18,202323,Evan Turner,9,11,12,40,BOS,1610612738,2,0.333
64,26.0,7,10,5,"203105,1610612744",23,9,202.913333333,55,83,81,172,34,27,203105,Festus Ezeli,24,5,8,72,GSW,1610612744,14,0.609
65,23.0,5,1,5,"1626163,1610612766",7,4,190.498333333,53,40,31,144,15,16,1626163,Frank Kaminsky,6,2,9,16,CHA,1610612766,3,0.429
66,30.0,1,0,5,"201588,1610612754",7,4,235.158333333,79,48,85,188,16,20,201588,George Hill,17,11,16,24,IND,1610612754,3,0.429
67,30.0,1,1,5,"101123,1610612748",12,7,109.818333333,19,4,19,70,14,6,101123,Gerald Green,4,3,8,10,MIA,1610612748,5,0.417
68,28.0,3,7,5,"201945,1610612757",11,6,233.675,77,52,71,222,21,12,201945,Gerald Henderson,11,7,13,26,POR,1610612757,5,0.455
69,22.0,1,0,5,"203922,1610612754",4,2,10.3166666667,2,3,3,8,0,1,203922,Glenn Robinson,5,0,0,4,IND,1610612754,2,0.5
70,30.0,3,9,5,"201609,1610612748",14,7,471.956666667,105,90,147,398,46,45,201609,Goran Dragic,28,35,36,102,MIA,1610612748,7,0.5
71,24.0,4,12,5,"203084,1610612744",24,9,742.808333333,274,211,235,684,46,33,203084,Harrison Barnes,23,25,29,82,GSW,1610612744,15,0.625
72,27.0,28,5,5,"202355,1610612748",10,5,291.198333333,50,39,101,242,34,34,202355,Hassan Whiteside,36,2,10,92,MIA,1610612748,5,0.5
73,25.0,0,5,5,"203546,1610612744",16,6,153.538333333,44,33,59,140,18,12,203546,Ian Clark,2,13,13,30,GSW,1610612744,10,0.625
74,29.0,6,1,5,"101133,1610612754",7,4,171.933333333,47,48,62,130,25,15,101133,Ian Mahinmi,11,0,5,42,IND,1610612754,3,0.429
75,26.0,3,3,5,"202697,1610612739",21,5,366.831666667,87,49,112,268,36,22,202697,Iman Shumpert,12,5,12,16,CLE,1610612739,16,0.762
76,27.0,5,16,5,"202738,1610612738",6,4,219.535,43,75,62,188,18,41,202738,Isaiah Thomas,6,23,26,60,BOS,1610612738,2,0.333
77,30.0,5,8,5,"2747,1610612739",21,5,730.235,165,128,212,584,55,34,2747,J.R. Smith,33,29,45,28,CLE,1610612739,16,0.762
78,32.0,1,4,5,"200755,1610612746",6,4,166.386666667,42,50,37,124,11,12,200755,JJ Redick,7,8,10,18,LAC,1610612746,2,0.333
79,26.0,5,2,5,"203210,1610612763",4,4,72.25,22,15,28,48,12,3,203210,JaMychal Green,5,6,5,20,MEM,1610612763,0,0.0
80,28.0,0,0,5,"201580,1610612742",2,2,14.2833333333,4,1,1,0,3,4,201580,JaVale McGee,2,0,0,2,DAL,1610612742,0,0.0
81,25.0,3,3,5,"203109,1610612738",6,4,197.356666667,43,69,51,176,17,10,203109,Jae Crowder,7,3,13,20,BOS,1610612738,2,0.333
82,36.0,0,3,5,"2037,1610612746",6,4,199.211666667,59,64,44,162,9,20,2037,Jamal Crawford,8,10,13,36,LAC,1610612746,2,0.333
83,26.0,1,3,5,"201935,1610612745",5,4,193.168333333,46,84,97,190,13,29,201935,James Harden,23,17,21,40,HOU,1610612745,1,0.2
84,29.0,0,1,5,"201949,1610612761",10,6,97.57,26,14,37,104,13,3,201949,James Johnson,0,0,0,16,TOR,1610612761,4,0.4
85,35.0,0,0,5,"2592,1610612739",12,3,54.7,13,11,20,36,3,3,2592,James Jones,0,0,0,0,CLE,1610612739,9,0.75
86,23.0,2,2,5,"203949,1610612744",8,4,37.815,14,21,19,40,6,5,203949,James Michael McAdoo,0,0,0,4,GSW,1610612744,4,0.5
87,20.0,0,0,5,"203923,1610612738",3,3,10.3433333333,0,4,2,10,1,0,203923,James Young,0,0,0,0,BOS,1610612738,0,0.0
88,24.0,0,4,5,"203096,1610612738",6,4,81.4616666667,25,23,25,80,16,2,203096,Jared Sullinger,10,0,0,14,BOS,1610612738,2,0.333
89,22.0,0,1,5,"1626185,1610612763",2,2,46.235,15,16,16,42,4,6,1626185,Jarell Martin,2,0,1,6,MEM,1610612763,0,0.0
90,38.0,1,1,5,"1891,1610612745",5,4,123.993333333,25,58,70,108,13,1,1891,Jason Terry,5,12,6,10,HOU,1610612745,1,0.2
91,29.0,1,0,5,"201574,1610612761",10,7,55.2333333333,16,10,10,42,6,4,201574,Jason Thompson,6,2,2,8,TOR,1610612761,3,0.3
92,29.0,0,0,5,"201965,1610612746",2,2,2.4,0,0,0,0,0,1,201965,Jeff Ayres,0,0,3,2,LAC,1610612746,0,0.0
93,29.0,2,2,5,"201145,1610612746",6,4,158.646666667,51,41,31,122,12,15,201145,Jeff Green,7,15,16,30,LAC,1610612746,2,0.333
94,28.0,2,15,5,"201952,1610612737",10,6,278.638333333,88,73,102,226,30,43,201952,Jeff Teague,5,20,19,64,ATL,1610612737,4,0.4
95,24.0,0,1,5,"203087,1610612766",3,2,11.5833333333,0,3,6,6,0,0,203087,Jeremy Lamb,2,0,0,6,CHA,1610612766,1,0.333
96,27.0,0,4,5,"202391,1610612766",7,4,188.706666667,55,34,33,180,21,34,202391,Jeremy Lin,0,10,7,42,CHA,1610612766,3,0.429
97,28.0,0,0,5,"201975,1610612765",1,1,1.68333333333,0,0,0,2,0,0,201975,Jodie Meeks,0,0,0,2,DET,1610612765,0,0.0
98,34.0,3,3,5,"2207,1610612748",14,7,492.393333333,98,88,150,418,27,28,2207,Joe Johnson,11,0,18,78,MIA,1610612748,7,0.5
99,24.0,0,1,5,"1626202,1610612754",4,2,10.3166666667,2,3,3,8,3,1,1626202,Joe Young,0,0,0,4,IND,1610612754,2,0.5
100,27.0,0,0,5,"204066,1610612738",1,1,1.31666666667,0,2,0,2,0,0,204066,John Holland,0,0,0,0,BOS,1610612738,0,0.0
101,29.0,4,3,5,"201973,1610612738",6,4,162.226666667,44,54,59,156,15,4,201973,Jonas Jerebko,9,2,10,26,BOS,1610612738,2,0.333
102,24.0,14,7,5,"202685,1610612761",12,6,320.753333333,57,100,105,244,32,46,202685,Jonas Valanciunas,48,2,24,114,TOR,1610612761,6,0.5
103,26.0,0,4,5,"203613,1610612759",3,0,25.5766666667,9,6,3,24,4,2,203613,Jonathon Simmons,5,0,0,4,SAS,1610612759,3,1.0
104,29.0,1,0,5,"200770,1610612763",4,4,113.245,15,38,42,80,4,3,200770,Jordan Farmar,0,0,2,4,MEM,1610612763,0,0.0
105,28.0,0,0,5,"201941,1610612754",5,2,15.1333333333,4,3,3,12,1,0,201941,Jordan Hill,0,0,0,0,IND,1610612754,3,0.6
106,25.0,0,0,5,"203895,1610612739",2,0,4.16666666667,0,0,0,2,0,0,203895,Jordan McRae,0,0,0,4,CLE,1610612739,2,1.0
107,21.0,1,0,5,"1626175,1610612738",2,2,10.1166666667,0,4,2,10,0,0,1626175,Jordan Mickey,0,2,2,4,BOS,1610612738,0,0.0
108,27.0,0,0,5,"203268,1610612766",3,2,11.5833333333,0,3,6,6,0,1,203268,Jorge Gutierrez,0,0,0,0,CHA,1610612766,1,0.333
109,32.0,0,2,5,"200826,1610612742",4,4,100.441666667,29,30,38,92,8,4,200826,Jose Juan Barea,4,0,2,12,DAL,1610612742,0,0.0
110,24.0,0,0,5,"203962,1610612760",2,0,10.2166666667,2,5,4,6,1,1,203962,Josh Huestis,0,0,0,0,OKC,1610612760,2,1.0
111,29.0,5,0,5,"201177,1610612748",10,5,133.6,19,24,28,98,20,8,201177,Josh McRoberts,10,0,6,26,MIA,1610612748,5,0.5
112,22.0,13,5,5,"1626196,1610612748",14,7,386.663333333,85,49,102,320,37,15,1626196,Josh Richardson,14,7,11,18,MIA,1610612748,7,0.5
113,30.0,1,0,5,"2746,1610612745",4,3,37.4933333333,6,16,25,44,7,1,2746,Josh Smith,0,0,0,4,HOU,1610612745,1,0.25
114,22.0,3,1,5,"1626147,1610612742",5,4,94.9433333333,37,20,21,58,12,9,1626147,Justin Anderson,5,8,9,24,DAL,1610612742,1,0.2
115,20.0,4,8,5,"1626159,1610612748",13,6,329.55,96,54,107,284,35,28,1626159,Justise Winslow,19,8,13,44,MIA,1610612748,7,0.538
116,23.0,3,3,5,"203909,1610612745",4,4,33.7466666667,6,12,21,20,3,1,203909,KJ McDaniels,2,0,2,6,HOU,1610612745,0,0.0
117,24.0,14,11,5,"202695,1610612759",10,4,338.605,86,89,79,284,21,40,202695,Kawhi Leonard,16,44,48,90,SAS,1610612759,6,0.6
118,25.0,0,2,5,"203482,1610612738",4,3,31.545,7,5,9,30,5,1,203482,Kelly Olynyk,2,0,0,0,BOS,1610612738,1,0.25
119,26.0,4,23,5,"202689,1610612766",7,4,259.826666667,73,53,55,236,10,33,202689,Kemba Walker,10,16,21,62,CHA,1610612766,3,0.429
120,26.0,6,10,5,"203145,1610612737",10,6,325.423333333,101,79,122,260,14,20,203145,Kent Bazemore,8,19,32,46,ATL,1610612737,4,0.4
121,23.0,1,1,5,"203484,1610612765",4,4,161.066666667,45,34,52,112,7,6,203484,Kentavious Caldwell-Pope,2,7,7,14,DET,1610612765,0,0.0
122,27.0,18,12,5,"201142,1610612760",18,7,725.598333333,165,213,222,614,37,102,201142,Kevin Durant,37,103,84,152,OKC,1610612760,11,0.611
123,27.0,8,15,5,"201567,1610612739",20,5,612.495,148,121,147,494,34,71,201567,Kevin Love,74,9,45,62,CLE,1610612739,15,0.75
124,33.0,0,1,5,"2755,1610612759",5,2,49.2666666667,11,10,23,30,5,2,2755,Kevin Martin,3,3,2,2,SAS,1610612759,3,0.6
125,35.0,0,0,5,"2550,1610612737",6,2,27.4433333333,8,2,5,18,2,1,2550,Kirk Hinrich,0,0,0,0,ATL,1610612737,4,0.667
126,26.0,9,25,5,"202691,1610612744",24,9,848.848333333,278,276,273,720,53,81,202691,Klay Thompson,49,73,83,150,GSW,1610612744,15,0.625
127,31.0,5,0,5,"2743,1610612737",4,3,56.1216666667,14,12,14,30,9,4,2743,Kris Humphries,6,4,7,16,ATL,1610612737,1,0.25
128,22.0,3,1,5,"203937,1610612759",10,4,128.743333333,41,39,49,120,11,9,203937,Kyle Anderson,2,4,9,14,SAS,1610612759,6,0.6
129,35.0,4,2,5,"2594,1610612737",10,6,316.445,88,76,114,230,23,20,2594,Kyle Korver,13,11,12,14,ATL,1610612737,4,0.4
130,30.0,3,20,5,"200768,1610612761",20,10,766.223333333,176,192,223,634,73,91,200768,Kyle Lowry,41,44,47,124,TOR,1610612761,10,0.5
131,28.0,0,0,5,"202713,1610612760",6,3,50.54,16,11,12,52,4,2,202713,Kyle Singler,3,0,3,2,OKC,1610612760,3,0.5
132,24.0,13,22,5,"202681,1610612739",21,5,773.71,179,144,215,638,46,64,202681,Kyrie Irving,36,83,69,158,CLE,1610612739,16,0.762
133,30.0,14,3,5,"200746,1610612759",10,4,337.2,86,96,83,270,18,29,200746,LaMarcus Aldridge,24,4,16,84,SAS,1610612759,6,0.6
134,24.0,0,1,5,"203934,1610612737",4,2,19.56,6,4,7,8,1,1,203934,Lamar Patterson,0,0,0,2,ATL,1610612737,2,0.5
135,25.0,0,3,5,"202362,1610612763",4,4,94.95,31,23,29,88,10,5,202362,Lance Stephenson,6,4,5,20,MEM,1610612763,0,0.0
136,27.0,1,2,5,"202730,1610612754",6,3,50.865,5,11,16,40,2,0,202730,Lavoy Allen,0,2,0,4,IND,1610612754,3,0.5
137,31.0,27,17,5,"2544,1610612739",21,5,821.788333333,177,130,212,628,54,112,2544,LeBron James,61,105,108,318,CLE,1610612739,16,0.762
138,33.0,1,8,5,"2571,1610612744",23,9,254.368333333,62,81,89,238,24,17,2571,Leandro Barbosa,23,28,32,56,GSW,1610612744,14,0.609
139,29.0,0,1,5,"201601,1610612746",5,3,78.3766666667,22,17,17,64,9,2,201601,Luc Mbah a Moute,0,5,5,8,LAC,1610612746,2,0.4
140,23.0,0,0,5,"203512,1610612761",5,4,29.15,13,2,8,32,3,0,203512,Lucas Nogueira,0,0,0,6,TOR,1610612761,1,0.2
141,23.0,0,0,5,"1626242,1610612757",6,3,7.61333333333,0,0,5,2,1,0,1626242,Luis Montero,0,0,0,2,POR,1610612757,3,0.5
142,36.0,0,3,5,"2449,1610612761",11,6,140.283333333,29,42,50,112,22,14,2449,Luis Scola,1,2,3,8,TOR,1610612761,5,0.455
143,31.0,9,5,5,"2736,1610612748",14,7,494.631666667,121,80,146,414,24,34,2736,Luol Deng,23,23,17,64,MIA,1610612748,7,0.5
144,38.0,3,1,5,"1938,1610612759",10,4,192.326666667,55,48,42,150,25,25,1938,Manu Ginobili,0,23,20,18,SAS,1610612759,6,0.6
145,26.0,0,0,5,"202694,1610612765",4,4,144.1,40,30,52,98,17,16,202694,Marcus Morris,5,2,7,16,DET,1610612765,0,0.0
146,22.0,5,9,5,"203935,1610612738",6,4,192.521666667,45,55,62,180,17,24,203935,Marcus Smart,12,10,7,20,BOS,1610612738,2,0.333
147,28.0,8,4,5,"201578,1610612744",24,9,201.066666667,44,52,71,194,43,29,201578,Marreese Speights,11,10,13,32,GSW,1610612744,15,0.625
148,30.0,3,6,5,"101107,1610612766",7,4,227.585,74,42,49,214,11,12,101107,Marvin Williams,0,0,8,14,CHA,1610612766,3,0.429
149,26.0,11,12,5,"203486,1610612757",11,6,306.065,86,64,80,248,42,31,203486,Mason Plumlee,16,19,16,56,POR,1610612757,5,0.455
150,36.0,1,4,5,"2440,1610612763",4,4,139.133333333,22,43,65,106,13,9,2440,Matt Barnes,4,12,6,22,MEM,1610612763,0,0.0
151,25.0,1,4,5,"203521,1610612739",20,5,241.433333333,37,43,81,182,31,23,203521,Matthew Dellavedova,4,5,8,30,CLE,1610612739,15,0.75
152,23.0,3,7,5,"203090,1610612757",11,6,271.655,82,70,72,246,38,27,203090,Maurice Harkless,24,17,10,62,POR,1610612757,5,0.455
153,27.0,0,4,5,"201563,1610612745",5,4,80.26,10,49,42,72,8,5,201563,Michael Beasley,2,0,4,26,HOU,1610612745,1,0.2
154,24.0,1,1,5,"203488,1610612737",9,5,66.8183333333,19,16,16,52,6,2,203488,Mike Muscala,4,4,2,12,ATL,1610612737,4,0.444
155,27.0,3,1,5,"203118,1610612737",10,6,160.983333333,29,46,63,126,20,11,203118,Mike Scott,7,7,6,30,ATL,1610612737,4,0.4
156,33.0,0,0,5,"2590,1610612739",13,3,68.0933333333,17,11,26,42,8,5,2590,Mo Williams,0,4,7,2,CLE,1610612739,10,0.769
157,30.0,0,4,5,"101145,1610612754",7,4,225.295,72,45,85,180,17,14,101145,Monta Ellis,0,25,23,38,IND,1610612754,3,0.429
158,22.0,0,0,5,"1626149,1610612745",2,2,11.6166666667,0,0,5,6,1,1,1626149,Montrezl Harrell,0,3,1,2,HOU,1610612745,0,0.0
159,20.0,23,2,5,"1626167,1610612754",7,4,197.171666667,79,28,72,148,24,13,1626167,Myles Turner,15,4,6,42,IND,1610612754,3,0.429
160,38.0,1,0,5,"1737,1610612760",5,2,9.69333333333,2,0,1,4,1,0,1737,Nazr Mohammed,0,0,0,2,OKC,1610612760,3,0.6
161,35.0,0,0,5,"2555,1610612760",9,3,78.5383333333,14,12,14,64,17,4,2555,Nick Collison,0,0,0,6,OKC,1610612760,6,0.667
162,27.0,0,1,5,"201587,1610612766",5,4,143.815,42,35,33,168,6,12,201587,Nicolas Batum,3,4,9,16,CHA,1610612766,1,0.2
163,20.0,0,1,5,"203943,1610612757",6,3,11.7633333333,0,4,9,8,1,0,203943,Noah Vonleh,0,0,0,0,POR,1610612757,3,0.5
164,23.0,2,2,5,"1626181,1610612761",18,10,206.008333333,50,37,57,158,18,4,1626181,Norman Powell,13,23,24,30,TOR,1610612761,8,0.444
165,23.0,0,0,5,"203798,1610612763",2,2,22.1833333333,3,5,6,12,1,1,203798,PJ Hairston,0,2,2,0,MEM,1610612763,0,0.0
166,39.0,0,0,5,"203143,1610612746",5,3,25.825,12,4,6,20,8,0,203143,Pablo Prigioni,0,0,0,0,LAC,1610612746,2,0.4
167,23.0,0,0,5,"1626192,1610612757",6,3,7.865,0,0,5,2,0,0,1626192,Pat Connaughton,3,0,0,2,POR,1610612757,3,0.5
168,27.0,2,4,5,"201976,1610612745",5,4,128.718333333,39,45,45,124,17,12,201976,Patrick Beverley,6,4,2,14,HOU,1610612745,1,0.2
169,27.0,9,6,5,"202335,1610612761",20,10,582.983333333,146,125,178,462,31,22,202335,Patrick Patterson,39,15,29,60,TOR,1610612761,10,0.5
170,27.0,0,0,5,"201988,1610612759",10,4,167.005,50,40,49,144,3,20,201988,Patty Mills,16,4,15,8,SAS,1610612759,6,0.6
171,26.0,5,10,5,"202331,1610612754",7,4,275.42,90,52,94,200,24,57,202331,Paul George,20,32,29,44,IND,1610612754,3,0.429
172,31.0,23,9,5,"200794,1610612737",10,6,365.063333333,117,92,127,274,29,56,200794,Paul Millsap,31,23,27,90,ATL,1610612737,4,0.4
173,38.0,0,0,5,"1718,1610612746",5,4,53.6616666667,26,14,14,44,6,2,1718,Paul Pierce,0,0,2,0,LAC,1610612746,1,0.2
174,22.0,1,2,5,"1626154,1610612738",5,4,41.06,8,17,4,38,3,0,1626154,RJ Hunter,3,2,2,2,BOS,1610612738,1,0.2
175,32.0,3,1,5,"200751,1610612760",16,6,189.9,59,45,72,170,18,7,200751,Randy Foye,3,5,13,6,OKC,1610612760,10,0.625
176,32.0,0,7,5,"101109,1610612742",5,4,172.323333333,70,66,63,160,14,10,101109,Raymond Felton,10,13,19,36,DAL,1610612742,1,0.2
177,25.0,0,0,5,"203493,1610612765",2,2,21.935,9,7,13,20,2,0,203493,Reggie Bullock,0,5,2,4,DET,1610612765,0,0.0
178,26.0,2,2,5,"202704,1610612765",4,4,147.1,40,27,42,92,10,10,202704,Reggie Jackson,5,4,8,34,DET,1610612765,0,0.0
179,36.0,1,8,5,"2210,1610612739",21,5,381.535,76,68,118,272,34,22,2210,Richard Jefferson,7,14,19,58,CLE,1610612739,16,0.762
180,30.0,1,4,5,"201155,1610612754",7,4,124.655,43,22,38,94,9,11,201155,Rodney Stuckey,4,5,4,12,IND,1610612754,3,0.429
181,27.0,2,18,5,"201566,1610612760",18,7,674.02,150,204,193,568,43,99,201566,Russell Westbrook,47,109,64,172,OKC,1610612760,11,0.611
182,30.0,5,1,5,"1626257,1610612742",4,3,75.97,19,27,31,60,11,10,1626257,Salah Mejri,8,0,4,14,DAL,1610612742,1,0.25
183,26.0,24,1,5,"201586,1610612760",18,7,602.428333333,130,189,180,520,51,18,201586,Serge Ibaka,34,17,19,60,OKC,1610612760,11,0.611
184,30.0,5,9,5,"2733,1610612744",24,9,514.308333333,164,155,164,434,48,35,2733,Shaun Livingston,10,35,40,100,GSW,1610612744,15,0.625
185,25.0,0,3,5,"203524,1610612754",7,4,198.255,73,28,63,150,20,14,203524,Solomon Hill,5,5,19,6,IND,1610612754,3,0.429
186,23.0,0,0,5,"203915,1610612765",1,1,1.68333333333,0,0,0,2,0,0,203915,Spencer Dinwiddie,0,0,0,2,DET,1610612765,0,0.0
187,28.0,2,1,5,"201150,1610612766",5,2,53.245,12,9,12,36,5,4,201150,Spencer Hawes,6,0,2,8,CHA,1610612766,3,0.6
188,20.0,0,0,5,"1626169,1610612765",4,4,81.48,22,19,31,58,10,3,1626169,Stanley Johnson,2,2,0,8,DET,1610612765,0,0.0
189,28.0,5,15,5,"201939,1610612744",18,7,614.28,220,220,212,556,39,87,201939,Stephen Curry,22,58,93,96,GSW,1610612744,11,0.611
190,36.0,0,0,5,"2581,1610612765",4,4,43.2166666667,12,15,25,40,7,2,2581,Steve Blake,0,0,0,0,DET,1610612765,0,0.0
191,22.0,14,15,5,"203500,1610612760",18,7,552.813333333,120,157,170,446,55,68,203500,Steven Adams,61,13,27,134,OKC,1610612760,11,0.611
192,25.0,5,5,5,"203082,1610612761",20,10,335.605,107,66,110,274,28,16,203082,Terrence Ross,5,10,29,26,TOR,1610612761,10,0.5
193,22.0,3,0,5,"1626179,1610612738",5,3,98.605,22,18,25,96,5,4,1626179,Terry Rozier,4,6,0,6,BOS,1610612738,2,0.4
194,32.0,6,1,5,"200757,1610612737",10,6,202.606666667,61,51,63,146,17,8,200757,Thabo Sefolosha,26,8,3,26,ATL,1610612737,4,0.4
195,40.0,13,8,5,"1495,1610612759",10,4,218.263333333,45,56,53,154,18,16,1495,Tim Duncan,8,3,10,44,SAS,1610612759,6,0.6
196,24.0,1,0,5,"203501,1610612737",9,5,87.28,14,19,20,58,2,6,203501,Tim Hardaway Jr.,0,2,0,8,ATL,1610612737,4,0.444
197,29.0,3,0,5,"202389,1610612739",13,3,75.5716666667,20,20,28,50,16,6,202389,Timofey Mozgov,10,0,6,12,CLE,1610612739,10,0.769
198,23.0,3,4,5,"202699,1610612765",4,4,156.15,46,31,49,96,11,10,202699,Tobias Harris,6,2,6,22,DET,1610612765,0,0.0
199,34.0,2,3,5,"2754,1610612763",4,4,93.5266666667,23,31,37,74,11,9,2754,Tony Allen,6,6,8,10,MEM,1610612763,0,0.0
200,34.0,2,9,5,"2225,1610612759",10,4,264.168333333,71,74,58,210,15,19,2225,Tony Parker,5,23,11,46,SAS,1610612759,6,0.6
201,30.0,1,1,5,"2772,1610612745",5,4,180.891666667,51,76,85,178,16,5,2772,Trevor Ariza,4,8,12,14,HOU,1610612745,1,0.2
202,25.0,18,15,5,"202684,1610612739",21,5,622.143333333,153,113,171,494,55,62,202684,Tristan Thompson,50,12,18,92,CLE,1610612739,16,0.762
203,24.0,0,1,5,"203584,1610612766",4,3,17.6833333333,4,3,6,8,2,2,203584,Troy Daniels,0,0,0,0,CHA,1610612766,1,0.25
204,28.0,0,2,5,"201951,1610612754",7,4,73.575,30,18,24,56,8,5,201951,Ty Lawson,0,6,6,8,IND,1610612754,3,0.429
205,30.0,0,0,5,"201946,1610612766",2,1,5.65,0,0,3,2,0,0,201946,Tyler Hansbrough,0,0,0,0,CHA,1610612766,1,0.5
206,24.0,0,0,5,"204020,1610612748",5,2,60.7216666667,14,8,10,54,8,6,204020,Tyler Johnson,2,1,0,4,MIA,1610612748,3,0.6
207,26.0,2,0,5,"203092,1610612738",3,3,38.0283333333,3,19,4,32,1,7,203092,Tyler Zeller,5,0,0,10,BOS,1610612738,0,0.0
208,36.0,1,1,5,"2617,1610612748",9,5,84.5716666667,17,11,29,68,13,12,2617,Udonis Haslem,6,2,2,14,MIA,1610612748,4,0.444
209,39.0,1,9,5,"1713,1610612763",4,4,90.8416666667,13,31,35,80,9,9,1713,Vince Carter,7,3,6,12,MEM,1610612763,0,0.0
210,28.0,4,0,5,"202325,1610612746",6,4,76.8266666667,18,28,20,42,6,2,202325,Wesley Johnson,4,0,0,2,LAC,1610612746,2,0.333
211,29.0,0,4,5,"202083,1610612742",5,4,173.348333333,57,79,68,176,14,17,202083,Wesley Matthews,1,10,0,10,DAL,1610612742,1,0.2
212,24.0,3,0,5,"204098,1610612763",4,4,89.1683333333,21,25,41,68,8,5,204098,Xavier Munford,2,0,6,6,MEM,1610612763,0,0.0
213,34.0,0,15,5,"2216,1610612763",4,4,119.653333333,15,41,47,100,10,14,2216,Zach Randolph,8,0,2,32,MEM,1610612763,0,0.0
214,32.0,1,2,5,"2585,1610612742",5,4,111.883333333,47,43,42,118,13,14,2585,Zaza Pachulia,7,0,0,16,DAL,1610612742,1,0.2
