,AGE,AST,BLK,BLKA,CFID,CFPARAMS,DD2,DREB,FG3A,FG3M,FG3_PCT,FGA,FGM,FG_PCT,FTA,FTM,FT_PCT,GP,L,MIN,OREB,PF,PFD,PLAYER_ID,PLAYER_NAME,PLUS_MINUS,PTS,REB,STL,TD3,TEAM_ABBREVIATION,TEAM_ID,TOV,W,W_PCT
0,21.0,0.0,0.0,0.0,5,"1626151,1610612766",0,0.063,0.0,0.0,0.0,0.0,0.0,0.0,0.0,0.0,0.0,2,1,0.463,0.0,0.063,0.0,1626151,Aaron Harrison,-0.438,0.0,0.063,0.0,0,CHA,1610612766,0.0,1,0.5
1,30.0,0.043,0.033,0.004,5,"201143,1610612737",1,0.072,0.039,0.015,0.393,0.16,0.074,0.466,0.022,0.021,0.938,10,6,0.451,0.018,0.034,0.028,201143,Al Horford,-0.052,0.184,0.089,0.017,0,ATL,1610612737,0.023,4,0.4
2,31.0,0.024,0.009,0.021,5,"2744,1610612766",0,0.087,0.0,0.0,0.0,0.248,0.126,0.506,0.039,0.027,0.692,7,4,0.503,0.042,0.036,0.03,2744,Al Jefferson,-0.191,0.278,0.129,0.012,0,CHA,1610612766,0.018,3,0.429
3,25.0,0.023,0.011,0.006,5,"202329,1610612757",4,0.082,0.08,0.032,0.4,0.146,0.064,0.438,0.033,0.024,0.724,11,6,0.423,0.026,0.035,0.024,202329,Al-Farouq Aminu,-0.014,0.183,0.108,0.009,0,POR,1610612757,0.024,5,0.455
4,24.0,0.021,0.001,0.001,5,"203459,1610612757",0,0.038,0.049,0.021,0.429,0.103,0.053,0.521,0.027,0.02,0.737,11,6,0.425,0.007,0.032,0.031,203459,Allen Crabbe,-0.03,0.148,0.045,0.01,0,POR,1610612757,0.008,5,0.455
5,33.0,0.0,0.017,0.0,5,"2405,1610612748",0,0.057,0.0,0.0,0.0,0.108,0.063,0.579,0.045,0.045,1.0,9,5,0.468,0.017,0.08,0.04,2405,Amar'e Stoudemire,-0.102,0.171,0.074,0.028,0,MIA,1610612748,0.051,4,0.444
6,29.0,0.013,0.027,0.013,5,"101161,1610612738",0,0.108,0.007,0.0,0.0,0.111,0.074,0.667,0.03,0.024,0.778,6,4,0.45,0.037,0.044,0.024,101161,Amir Johnson,-0.074,0.172,0.145,0.003,0,BOS,1610612738,0.034,2,0.333
7,33.0,0.062,0.01,0.01,5,"2760,1610612744",0,0.043,0.0,0.0,0.0,0.067,0.024,0.357,0.09,0.048,0.526,17,6,0.442,0.057,0.081,0.105,2760,Anderson Varejao,0.086,0.095,0.1,0.01,0,GSW,1610612744,0.01,11,0.647
8,22.0,0.0,0.023,0.004,5,"203083,1610612765",2,0.091,0.004,0.0,0.0,0.205,0.106,0.519,0.129,0.042,0.324,4,4,0.499,0.046,0.03,0.114,203083,Andre Drummond,-0.038,0.254,0.137,0.004,0,DET,1610612765,0.015,0,0.0
9,32.0,0.051,0.006,0.004,5,"2738,1610612744",1,0.04,0.037,0.014,0.385,0.093,0.044,0.476,0.032,0.018,0.561,24,9,0.434,0.02,0.021,0.031,2738,Andre Iguodala,0.035,0.12,0.059,0.016,0,GSW,1610612744,0.013,15,0.625
10,40.0,0.093,0.0,0.013,5,"1889,1610612759",0,0.04,0.04,0.013,0.333,0.093,0.04,0.429,0.027,0.027,1.0,4,1,0.47,0.027,0.053,0.013,1889,Andre Miller,0.093,0.12,0.067,0.0,0,SAS,1610612759,0.0,3,0.75
11,24.0,0.013,0.018,0.006,5,"203460,1610612760",1,0.07,0.034,0.011,0.324,0.08,0.037,0.465,0.019,0.007,0.4,18,7,0.437,0.023,0.042,0.016,203460,Andre Roberson,0.039,0.093,0.094,0.021,0,OKC,1610612760,0.01,11,0.611
12,31.0,0.037,0.043,0.007,5,"101106,1610612744",2,0.095,0.002,0.0,0.0,0.094,0.059,0.623,0.017,0.006,0.357,22,7,0.445,0.057,0.088,0.024,101106,Andrew Bogut,0.041,0.123,0.152,0.017,0,GSW,1610612744,0.023,15,0.682
13,27.0,0.0,0.0,0.0,5,"202726,1610612745",0,0.07,0.035,0.0,0.0,0.209,0.104,0.5,0.0,0.0,0.0,2,2,0.396,0.0,0.0,0.0,202726,Andrew Goudelock,-0.139,0.209,0.07,0.0,0,HOU,1610612745,0.104,0,0.0
14,30.0,0.006,0.0,0.0,5,"201627,1610612760",0,0.011,0.08,0.028,0.357,0.136,0.063,0.458,0.057,0.057,1.0,14,6,0.434,0.0,0.028,0.034,201627,Anthony Morrow,0.006,0.21,0.011,0.006,0,OKC,1610612760,0.023,8,0.571
15,31.0,0.02,0.02,0.0,5,"201229,1610612765",0,0.06,0.04,0.0,0.0,0.08,0.04,0.5,0.0,0.0,0.0,3,3,0.526,0.02,0.0,0.0,201229,Anthony Tolliver,-0.341,0.08,0.08,0.0,0,DET,1610612765,0.0,0,0.0
16,29.0,0.022,0.0,0.022,5,"203382,1610612765",0,0.055,0.0,0.0,0.0,0.099,0.044,0.444,0.033,0.022,0.667,4,4,0.486,0.033,0.044,0.044,203382,Aron Baynes,-0.354,0.111,0.088,0.0,0,DET,1610612765,0.033,0,0.0
17,23.0,0.05,0.0,0.003,5,"203085,1610612746",0,0.037,0.053,0.012,0.235,0.19,0.081,0.426,0.028,0.019,0.667,6,4,0.449,0.012,0.037,0.034,203085,Austin Rivers,-0.069,0.194,0.05,0.009,0,LAC,1610612746,0.022,2,0.333
18,25.0,0.012,0.012,0.012,5,"202340,1610612738",0,0.012,0.087,0.012,0.143,0.199,0.087,0.438,0.037,0.037,1.0,1,1,0.413,0.025,0.025,0.025,202340,Avery Bradley,0.0,0.224,0.037,0.012,0,BOS,1610612738,0.012,0,0.0
19,23.0,0.007,0.025,0.006,5,"202687,1610612761",3,0.124,0.0,0.0,0.0,0.064,0.037,0.58,0.067,0.04,0.597,20,10,0.468,0.049,0.044,0.058,202687,Bismack Biyombo,-0.031,0.114,0.173,0.007,0,TOR,1610612761,0.019,10,0.5
20,27.0,0.057,0.007,0.018,5,"201933,1610612746",1,0.1,0.007,0.004,0.5,0.189,0.071,0.377,0.089,0.068,0.76,4,2,0.454,0.025,0.032,0.064,201933,Blake Griffin,0.021,0.214,0.125,0.011,0,LAC,1610612746,0.032,2,0.5
21,27.0,0.034,0.023,0.0,5,"1626246,1610612759",0,0.114,0.0,0.0,0.0,0.137,0.092,0.667,0.103,0.092,0.889,7,3,0.479,0.046,0.114,0.057,1626246,Boban Marjanovic,0.011,0.275,0.16,0.0,0,SAS,1610612759,0.034,4,0.571
22,34.0,0.061,0.012,0.012,5,"2564,1610612759",0,0.049,0.017,0.006,0.333,0.133,0.061,0.457,0.012,0.009,0.75,9,3,0.46,0.006,0.026,0.029,2564,Boris Diaw,0.113,0.136,0.055,0.006,0,SAS,1610612759,0.017,6,0.667
23,30.0,0.013,0.009,0.0,5,"201575,1610612744",0,0.098,0.051,0.017,0.333,0.085,0.038,0.45,0.009,0.004,0.5,14,6,0.47,0.0,0.038,0.013,201575,Brandon Rush,-0.004,0.098,0.098,0.009,0,GSW,1610612744,0.009,8,0.571
24,30.0,0.035,0.0,0.0,5,"203148,1610612757",0,0.0,0.046,0.0,0.0,0.104,0.023,0.222,0.069,0.046,0.667,10,6,0.412,0.012,0.058,0.046,203148,Brian Roberts,0.208,0.092,0.012,0.0,0,POR,1610612757,0.012,4,0.4
25,23.0,0.094,0.0,0.0,5,"1627362,1610612748",0,0.0,0.0,0.0,0.0,0.094,0.0,0.0,0.0,0.0,0.0,2,1,0.565,0.0,0.094,0.0,1627362,Briante Weber,0.752,0.0,0.0,0.094,0,MIA,1610612748,0.0,1,0.5
26,24.0,0.035,0.005,0.007,5,"203468,1610612757",0,0.032,0.056,0.019,0.345,0.191,0.081,0.426,0.045,0.036,0.804,11,6,0.429,0.007,0.029,0.036,203468,CJ McCollum,0.006,0.218,0.039,0.01,0,POR,1610612757,0.019,5,0.455
27,29.0,0.021,0.005,0.016,5,"101139,1610612754",0,0.104,0.104,0.01,0.1,0.198,0.052,0.263,0.016,0.01,0.667,7,4,0.479,0.021,0.036,0.005,101139,CJ Miles,-0.094,0.125,0.125,0.005,0,IND,1610612754,0.016,3,0.429
28,25.0,0.058,0.0,0.0,5,"203912,1610612746",0,0.058,0.0,0.0,0.0,0.058,0.0,0.0,0.0,0.0,0.0,2,2,0.431,0.0,0.058,0.0,203912,CJ Wilcox,0.52,0.0,0.058,0.0,0,LAC,1610612746,0.0,0,0.0
29,21.0,0.059,0.015,0.015,5,"1626166,1610612760",0,0.03,0.074,0.015,0.2,0.192,0.052,0.269,0.03,0.015,0.5,10,3,0.475,0.0,0.052,0.03,1626166,Cameron Payne,-0.237,0.133,0.03,0.015,0,OKC,1610612760,0.059,7,0.7
30,33.0,0.01,0.018,0.004,5,"101112,1610612739",0,0.072,0.093,0.052,0.565,0.139,0.083,0.594,0.014,0.012,0.857,17,5,0.478,0.01,0.074,0.024,101112,Channing Frye,0.149,0.229,0.083,0.012,0,CLE,1610612739,0.01,12,0.706
31,31.0,0.021,0.0,0.0,5,"101111,1610612742",0,0.042,0.105,0.021,0.2,0.252,0.063,0.25,0.042,0.042,1.0,4,4,0.428,0.0,0.042,0.021,101111,Charlie Villanueva,-0.231,0.189,0.042,0.0,0,DAL,1610612742,0.021,0,0.0
32,37.0,0.018,0.018,0.0,5,"2365,1610612763",0,0.106,0.0,0.0,0.0,0.071,0.029,0.417,0.047,0.029,0.625,4,4,0.464,0.076,0.024,0.035,2365,Chris Andersen,-0.194,0.088,0.182,0.012,0,MEM,1610612763,0.029,0,0.0
33,34.0,0.013,0.0,0.013,5,"2549,1610612757",0,0.081,0.0,0.0,0.0,0.242,0.094,0.389,0.0,0.0,0.0,4,2,0.436,0.027,0.135,0.0,2549,Chris Kaman,-0.013,0.188,0.108,0.027,0,POR,1610612757,0.081,2,0.5
34,31.0,0.104,0.0,0.014,5,"101108,1610612746",1,0.043,0.072,0.022,0.3,0.273,0.133,0.487,0.054,0.054,1.0,4,2,0.451,0.014,0.043,0.061,101108,Chris Paul,0.108,0.342,0.058,0.032,0,LAC,1610612746,0.014,2,0.5
35,22.0,0.019,0.019,0.009,5,"203991,1610612745",0,0.112,0.0,0.0,0.0,0.084,0.028,0.333,0.046,0.019,0.4,5,4,0.403,0.074,0.046,0.028,203991,Clint Capela,-0.214,0.074,0.186,0.028,0,HOU,1610612745,0.028,1,0.2
36,23.0,0.007,0.01,0.007,5,"203469,1610612766",0,0.092,0.0,0.0,0.0,0.126,0.069,0.553,0.069,0.056,0.81,7,4,0.454,0.03,0.066,0.063,203469,Cody Zeller,0.01,0.195,0.122,0.003,0,CHA,1610612766,0.023,3,0.429
37,27.0,0.018,0.018,0.0,5,"202332,1610612746",0,0.131,0.0,0.0,0.0,0.089,0.06,0.667,0.036,0.018,0.5,6,4,0.458,0.048,0.065,0.036,202332,Cole Aldrich,0.0,0.137,0.179,0.036,0,LAC,1610612746,0.012,2,0.333
38,30.0,0.041,0.005,0.015,5,"201147,1610612745",0,0.021,0.052,0.005,0.1,0.139,0.036,0.259,0.041,0.036,0.875,5,4,0.399,0.015,0.067,0.026,201147,Corey Brewer,-0.083,0.114,0.036,0.0,0,HOU,1610612745,0.031,1,0.2
39,24.0,0.049,0.002,0.011,5,"202709,1610612761",0,0.031,0.025,0.008,0.333,0.153,0.072,0.466,0.033,0.025,0.75,20,10,0.469,0.011,0.049,0.032,202709,Cory Joseph,-0.084,0.176,0.043,0.019,0,TOR,1610612761,0.023,10,0.5
40,30.0,0.017,0.006,0.006,5,"201584,1610612766",0,0.028,0.017,0.007,0.444,0.094,0.039,0.412,0.028,0.026,0.933,7,4,0.472,0.009,0.035,0.015,201584,Courtney Lee,-0.031,0.11,0.037,0.011,0,CHA,1610612766,0.009,3,0.429
41,35.0,0.019,0.009,0.0,5,"2563,1610612739",0,0.066,0.028,0.009,0.333,0.123,0.057,0.462,0.047,0.038,0.8,15,4,0.475,0.0,0.028,0.047,2563,Dahntay Jones,0.0,0.161,0.066,0.009,0,CLE,1610612739,0.009,11,0.733
42,25.0,0.066,0.003,0.017,5,"203081,1610612757",2,0.033,0.102,0.04,0.393,0.232,0.085,0.368,0.075,0.068,0.91,11,6,0.419,0.011,0.022,0.058,203081,Damian Lillard,-0.038,0.278,0.045,0.013,0,POR,1610612757,0.032,5,0.455
43,29.0,0.012,0.014,0.0,5,"201980,1610612759",0,0.055,0.085,0.042,0.5,0.114,0.053,0.462,0.005,0.004,0.667,10,4,0.471,0.0,0.035,0.014,201980,Danny Green,0.088,0.151,0.055,0.037,0,SAS,1610612759,0.011,6,0.6
44,33.0,0.014,0.0,0.0,5,"101135,1610612742",0,0.068,0.0,0.0,0.0,0.109,0.082,0.75,0.0,0.0,0.0,2,2,0.443,0.014,0.095,0.0,101135,David Lee,-0.259,0.163,0.082,0.0,0,DAL,1610612742,0.0,0,0.0
45,35.0,0.034,0.018,0.011,5,"2561,1610612759",0,0.063,0.016,0.008,0.5,0.145,0.066,0.455,0.024,0.013,0.556,10,4,0.463,0.034,0.05,0.034,2561,David West,0.063,0.153,0.097,0.016,0,SAS,1610612759,0.018,6,0.6
46,27.0,0.025,0.036,0.002,5,"201599,1610612746",4,0.153,0.0,0.0,0.0,0.085,0.054,0.632,0.133,0.049,0.373,6,4,0.446,0.067,0.038,0.083,201599,DeAndre Jordan,0.007,0.157,0.22,0.016,0,LAC,1610612746,0.016,2,0.333
47,26.0,0.033,0.002,0.018,5,"201942,1610612761",0,0.043,0.016,0.002,0.154,0.244,0.096,0.394,0.075,0.061,0.813,20,10,0.457,0.008,0.032,0.048,201942,DeMar DeRozan,-0.047,0.256,0.051,0.013,0,TOR,1610612761,0.028,10,0.5
48,29.0,0.013,0.005,0.005,5,"201960,1610612761",0,0.045,0.061,0.02,0.329,0.124,0.048,0.39,0.028,0.021,0.75,20,10,0.463,0.018,0.048,0.022,201960,DeMarre Carroll,-0.027,0.138,0.063,0.014,0,TOR,1610612761,0.014,10,0.5
49,24.0,0.034,0.0,0.0,5,"1626153,1610612761",0,0.034,0.011,0.0,0.0,0.114,0.034,0.3,0.148,0.091,0.615,9,6,0.471,0.011,0.023,0.091,1626153,Delon Wright,0.057,0.159,0.045,0.034,0,TOR,1610612761,0.023,3,0.333
50,22.0,0.087,0.002,0.029,5,"203471,1610612737",0,0.031,0.085,0.029,0.343,0.251,0.113,0.452,0.031,0.027,0.846,10,6,0.462,0.014,0.058,0.041,203471,Dennis Schroder,0.022,0.283,0.046,0.01,0,ATL,1610612737,0.051,4,0.4
51,32.0,0.075,0.0,0.009,5,"101114,1610612742",0,0.019,0.065,0.028,0.429,0.168,0.056,0.333,0.0,0.0,0.0,3,2,0.46,0.0,0.056,0.009,101114,Deron Williams,-0.383,0.14,0.019,0.009,0,DAL,1610612742,0.065,1,0.333
52,33.0,0.03,0.0,0.004,5,"2734,1610612742",0,0.05,0.05,0.015,0.308,0.114,0.057,0.5,0.038,0.019,0.5,5,4,0.459,0.004,0.061,0.034,2734,Devin Harris,-0.107,0.149,0.053,0.011,0,DAL,1610612742,0.011,1,0.2
53,24.0,0.037,0.003,0.006,5,"203079,1610612760",0,0.036,0.049,0.018,0.375,0.116,0.048,0.417,0.026,0.018,0.667,18,7,0.432,0.005,0.037,0.022,203079,Dion Waiters,0.056,0.133,0.041,0.009,0,OKC,1610612760,0.018,11,0.611
54,38.0,0.022,0.008,0.008,5,"1717,1610612742",0,0.057,0.03,0.011,0.364,0.227,0.112,0.494,0.046,0.044,0.941,5,4,0.465,0.008,0.025,0.068,1717,Dirk Nowitzki,-0.123,0.279,0.066,0.005,0,DAL,1610612742,0.019,1,0.2
55,25.0,0.021,0.008,0.008,5,"202700,1610612745",1,0.068,0.038,0.017,0.444,0.157,0.068,0.432,0.072,0.034,0.471,5,4,0.417,0.042,0.047,0.068,202700,Donatas Motiejunas,-0.102,0.187,0.11,0.017,0,HOU,1610612745,0.051,1,0.2
56,30.0,0.052,0.0,0.026,5,"2748,1610612748",0,0.155,0.129,0.052,0.4,0.259,0.129,0.5,0.104,0.104,1.0,5,3,0.489,0.0,0.052,0.078,2748,Dorell Wright,0.026,0.414,0.155,0.0,0,MIA,1610612748,0.0,2,0.4
57,26.0,0.069,0.02,0.009,5,"203110,1610612744",9,0.095,0.052,0.019,0.365,0.137,0.059,0.431,0.053,0.039,0.738,23,8,0.438,0.019,0.04,0.052,203110,Draymond Green,0.07,0.177,0.114,0.018,1,GSW,1610612744,0.028,15,0.652
58,30.0,0.019,0.016,0.012,5,"2730,1610612745",4,0.103,0.002,0.0,0.0,0.112,0.061,0.542,0.089,0.033,0.368,5,4,0.42,0.061,0.049,0.075,2730,Dwight Howard,-0.201,0.154,0.163,0.009,0,HOU,1610612745,0.028,1,0.2
59,24.0,0.029,0.0,0.007,5,"203939,1610612742",0,0.059,0.007,0.0,0.0,0.14,0.066,0.474,0.081,0.044,0.545,4,3,0.47,0.066,0.037,0.059,203939,Dwight Powell,-0.11,0.176,0.125,0.007,0,DAL,1610612742,0.007,1,0.25
60,34.0,0.06,0.013,0.009,5,"2548,1610612748",1,0.067,0.023,0.012,0.522,0.255,0.119,0.469,0.064,0.05,0.781,14,7,0.474,0.012,0.022,0.048,2548,Dwyane Wade,0.012,0.301,0.079,0.011,0,MIA,1610612748,0.038,7,0.5
61,27.0,0.03,0.015,0.013,5,"202334,1610612757",0,0.106,0.004,0.0,0.0,0.086,0.045,0.525,0.071,0.041,0.576,11,6,0.442,0.056,0.071,0.054,202334,Ed Davis,-0.022,0.132,0.162,0.004,0,POR,1610612757,0.022,5,0.455
62,24.0,0.007,0.015,0.014,5,"202683,1610612760",2,0.087,0.019,0.003,0.143,0.16,0.088,0.551,0.061,0.051,0.844,18,7,0.437,0.064,0.054,0.038,202683,Enes Kanter,0.037,0.23,0.15,0.007,0,OKC,1610612760,0.023,11,0.611
63,27.0,0.054,0.012,0.016,5,"202323,1610612738",0,0.052,0.028,0.006,0.214,0.171,0.062,0.365,0.036,0.028,0.778,6,4,0.43,0.016,0.038,0.036,202323,Evan Turner,-0.046,0.159,0.068,0.016,0,BOS,1610612738,0.034,2,0.333
64,26.0,0.017,0.015,0.021,5,"203105,1610612744",0,0.08,0.0,0.0,0.0,0.145,0.078,0.536,0.092,0.04,0.432,23,9,0.426,0.048,0.071,0.057,203105,Festus Ezeli,-0.002,0.195,0.128,0.002,0,GSW,1610612744,0.029,14,0.609
65,23.0,0.021,0.013,0.003,5,"1626163,1610612766",0,0.07,0.044,0.013,0.294,0.118,0.036,0.304,0.054,0.044,0.81,7,4,0.491,0.008,0.039,0.041,1626163,Frank Kaminsky,-0.031,0.129,0.077,0.015,0,CHA,1610612766,0.005,3,0.429
66,30.0,0.031,0.002,0.0,5,"201588,1610612754",0,0.027,0.056,0.027,0.481,0.119,0.067,0.561,0.046,0.038,0.818,7,4,0.492,0.013,0.033,0.042,201588,George Hill,0.077,0.199,0.04,0.013,0,IND,1610612754,0.017,3,0.429
67,30.0,0.004,0.004,0.004,5,"101123,1610612748",0,0.064,0.06,0.017,0.286,0.208,0.068,0.327,0.021,0.017,0.8,12,7,0.467,0.009,0.06,0.026,101123,Gerald Green,0.128,0.17,0.072,0.017,0,MIA,1610612748,0.009,5,0.417
68,28.0,0.032,0.006,0.013,5,"201945,1610612757",0,0.054,0.036,0.013,0.368,0.154,0.056,0.366,0.023,0.017,0.75,11,6,0.438,0.011,0.039,0.023,201945,Gerald Henderson,-0.058,0.143,0.066,0.011,0,POR,1610612757,0.009,5,0.455
69,22.0,0.0,0.043,0.0,5,"203922,1610612754",0,0.0,0.0,0.0,0.0,0.172,0.129,0.75,0.043,0.043,1.0,4,2,0.442,0.0,0.0,0.043,203922,Glenn Robinson,-0.172,0.3,0.0,0.0,0,IND,1610612754,0.0,2,0.5
70,30.0,0.054,0.003,0.009,5,"201609,1610612748",0,0.058,0.046,0.016,0.348,0.207,0.091,0.442,0.043,0.033,0.767,14,7,0.474,0.011,0.046,0.045,201609,Goran Dragic,0.034,0.232,0.069,0.006,0,MIA,1610612748,0.031,7,0.5
71,24.0,0.018,0.002,0.007,5,"203084,1610612744",1,0.051,0.046,0.016,0.342,0.128,0.049,0.385,0.02,0.016,0.765,24,9,0.445,0.016,0.028,0.02,203084,Harrison Barnes,0.026,0.129,0.067,0.01,0,GSW,1610612744,0.011,15,0.625
72,27.0,0.005,0.046,0.008,5,"202355,1610612748",6,0.137,0.0,0.0,0.0,0.114,0.078,0.681,0.073,0.043,0.591,10,5,0.481,0.043,0.056,0.056,202355,Hassan Whiteside,0.074,0.198,0.18,0.013,0,MIA,1610612748,0.021,5,0.5
73,25.0,0.047,0.0,0.015,5,"203546,1610612744",0,0.044,0.052,0.017,0.333,0.154,0.076,0.491,0.029,0.023,0.8,16,6,0.447,0.006,0.052,0.035,203546,Ian Clark,0.047,0.192,0.05,0.023,0,GSW,1610612744,0.026,10,0.625
74,29.0,0.023,0.017,0.003,5,"101133,1610612754",1,0.068,0.0,0.0,0.0,0.119,0.059,0.5,0.071,0.042,0.6,7,4,0.487,0.034,0.071,0.042,101133,Ian Mahinmi,0.02,0.161,0.102,0.014,0,IND,1610612754,0.04,3,0.429
75,26.0,0.023,0.004,0.004,5,"202697,1610612739",0,0.049,0.045,0.017,0.382,0.08,0.033,0.417,0.015,0.009,0.636,21,5,0.49,0.013,0.048,0.029,202697,Iman Shumpert,0.001,0.094,0.063,0.013,0,CLE,1610612739,0.017,16,0.762
76,27.0,0.057,0.01,0.031,5,"202738,1610612738",1,0.031,0.088,0.025,0.283,0.227,0.09,0.395,0.09,0.073,0.809,6,4,0.42,0.004,0.034,0.078,202738,Isaiah Thomas,-0.069,0.277,0.034,0.008,0,BOS,1610612738,0.027,2,0.333
77,30.0,0.018,0.003,0.005,5,"2747,1610612739",0,0.037,0.094,0.04,0.43,0.117,0.051,0.436,0.013,0.008,0.619,21,5,0.453,0.004,0.034,0.021,2747,J.R. Smith,0.103,0.15,0.042,0.016,0,CLE,1610612739,0.007,16,0.762
78,32.0,0.013,0.003,0.011,5,"200755,1610612746",0,0.029,0.083,0.029,0.355,0.211,0.091,0.43,0.008,0.005,0.667,6,4,0.444,0.003,0.029,0.032,200755,JJ Redick,0.0,0.216,0.032,0.003,0,LAC,1610612746,0.013,2,0.333
79,26.0,0.02,0.034,0.014,5,"203210,1610612763",0,0.068,0.007,0.0,0.0,0.15,0.082,0.545,0.041,0.02,0.5,4,4,0.492,0.034,0.082,0.02,203210,JaMychal Green,-0.347,0.184,0.102,0.02,0,MEM,1610612763,0.027,0,0.0
80,28.0,0.0,0.0,0.0,5,"201580,1610612742",0,0.031,0.0,0.0,0.0,0.062,0.031,0.5,0.186,0.062,0.333,2,2,0.443,0.062,0.093,0.124,201580,JaVale McGee,0.093,0.124,0.093,0.031,0,DAL,1610612742,0.093,0,0.0
81,25.0,0.028,0.007,0.007,5,"203109,1610612738",1,0.074,0.09,0.022,0.244,0.157,0.044,0.278,0.024,0.015,0.636,6,4,0.431,0.011,0.037,0.022,203109,Jae Crowder,-0.037,0.125,0.085,0.02,0,BOS,1610612738,0.015,2,0.333
82,36.0,0.029,0.0,0.007,5,"2037,1610612746",0,0.025,0.047,0.009,0.19,0.23,0.087,0.379,0.056,0.049,0.88,6,4,0.445,0.004,0.02,0.045,2037,Jamal Crawford,0.025,0.232,0.029,0.022,0,LAC,1610612746,0.02,2,0.333
83,26.0,0.081,0.002,0.006,5,"201935,1610612745",2,0.04,0.089,0.028,0.31,0.213,0.087,0.41,0.096,0.081,0.844,5,4,0.411,0.015,0.028,0.062,201935,James Harden,-0.175,0.283,0.055,0.026,0,HOU,1610612745,0.055,1,0.2
84,29.0,0.03,0.0,0.005,5,"201949,1610612761",0,0.06,0.045,0.02,0.444,0.125,0.06,0.48,0.015,0.01,0.667,10,6,0.489,0.015,0.065,0.015,201949,James Johnson,-0.115,0.15,0.075,0.015,0,TOR,1610612761,0.035,4,0.4
85,35.0,0.026,0.0,0.0,5,"2592,1610612739",0,0.026,0.061,0.009,0.143,0.087,0.017,0.2,0.035,0.009,0.25,12,3,0.476,0.009,0.026,0.026,2592,James Jones,-0.026,0.052,0.035,0.0,0,CLE,1610612739,0.009,9,0.75
86,23.0,0.024,0.024,0.024,5,"203949,1610612744",0,0.097,0.0,0.0,0.0,0.049,0.024,0.5,0.049,0.012,0.25,8,4,0.459,0.0,0.073,0.061,203949,James Michael McAdoo,-0.146,0.061,0.097,0.036,0,GSW,1610612744,0.012,4,0.5
87,20.0,0.0,0.0,0.0,5,"203923,1610612738",0,0.0,0.051,0.0,0.0,0.152,0.051,0.333,0.0,0.0,0.0,3,3,0.523,0.0,0.051,0.0,203923,James Young,-0.101,0.101,0.0,0.0,0,BOS,1610612738,0.051,0,0.0
88,24.0,0.035,0.0,0.02,5,"203096,1610612738",0,0.086,0.02,0.01,0.5,0.211,0.065,0.31,0.02,0.015,0.75,6,4,0.41,0.05,0.081,0.01,203096,Jared Sullinger,-0.101,0.156,0.136,0.005,0,BOS,1610612738,0.03,2,0.333
89,22.0,0.01,0.0,0.01,5,"1626185,1610612763",0,0.031,0.0,0.0,0.0,0.083,0.031,0.375,0.062,0.031,0.5,2,2,0.481,0.042,0.042,0.062,1626185,Jarell Martin,-0.271,0.094,0.073,0.031,0,MEM,1610612763,0.031,0,0.0
90,38.0,0.02,0.003,0.003,5,"1891,1610612745",0,0.034,0.065,0.02,0.316,0.13,0.044,0.342,0.01,0.01,1.0,5,4,0.423,0.003,0.044,0.003,1891,Jason Terry,-0.222,0.12,0.038,0.007,0,HOU,1610612745,0.01,1,0.2
91,29.0,0.009,0.009,0.0,5,"201574,1610612761",0,0.043,0.009,0.0,0.0,0.077,0.034,0.444,0.026,0.0,0.0,10,7,0.475,0.052,0.052,0.034,201574,Jason Thompson,-0.086,0.069,0.095,0.0,0,TOR,1610612761,0.009,3,0.3
92,29.0,0.0,0.0,0.0,5,"201965,1610612746",0,0.0,0.0,0.0,0.0,0.127,0.127,1.0,0.127,0.127,1.0,2,2,0.305,0.0,0.0,0.127,201965,Jeff Ayres,0.381,0.381,0.0,0.0,0,LAC,1610612746,0.0,0,0.0
93,29.0,0.011,0.006,0.006,5,"201145,1610612746",0,0.045,0.028,0.011,0.4,0.129,0.059,0.457,0.07,0.042,0.6,6,4,0.446,0.008,0.034,0.042,201145,Jeff Green,0.008,0.172,0.053,0.017,0,LAC,1610612746,0.008,2,0.333
94,28.0,0.096,0.003,0.024,5,"201952,1610612737",2,0.025,0.057,0.014,0.25,0.19,0.072,0.38,0.082,0.069,0.846,10,6,0.438,0.005,0.047,0.068,201952,Jeff Teague,-0.02,0.228,0.03,0.009,0,ATL,1610612737,0.039,4,0.4
95,24.0,0.038,0.0,0.038,5,"203087,1610612766",0,0.115,0.038,0.038,1.0,0.346,0.192,0.556,0.0,0.0,0.0,3,2,0.446,0.038,0.0,0.0,203087,Jeremy Lamb,-0.308,0.423,0.154,0.0,0,CHA,1610612766,0.0,1,0.333
96,27.0,0.045,0.0,0.01,5,"202391,1610612766",0,0.033,0.035,0.008,0.214,0.158,0.065,0.413,0.098,0.08,0.821,7,4,0.473,0.008,0.053,0.085,202391,Jeremy Lin,0.013,0.218,0.04,0.013,0,CHA,1610612766,0.028,3,0.429
97,28.0,0.0,0.0,0.0,5,"201975,1610612765",0,0.0,0.0,0.0,0.0,0.333,0.333,1.0,0.0,0.0,0.0,1,1,0.561,0.0,0.0,0.0,201975,Jodie Meeks,-1.0,0.667,0.0,0.0,0,DET,1610612765,0.0,0,0.0
98,34.0,0.034,0.003,0.003,5,"2207,1610612748",0,0.058,0.045,0.013,0.283,0.155,0.067,0.43,0.023,0.021,0.875,14,7,0.482,0.007,0.026,0.027,2207,Joe Johnson,0.028,0.166,0.065,0.008,0,MIA,1610612748,0.018,7,0.5
99,24.0,0.043,0.0,0.043,5,"1626202,1610612754",0,0.043,0.172,0.043,0.25,0.343,0.129,0.375,0.086,0.086,1.0,4,2,0.442,0.0,0.129,0.043,1626202,Joe Young,-0.172,0.386,0.043,0.0,0,IND,1610612754,0.086,2,0.5
100,27.0,0.0,0.0,0.0,5,"204066,1610612738",0,0.0,0.5,0.0,0.0,0.5,0.0,0.0,0.0,0.0,0.0,1,1,0.658,0.0,0.0,0.0,204066,John Holland,-1.0,0.0,0.0,0.0,0,BOS,1610612738,0.0,0,0.0
101,29.0,0.026,0.011,0.008,5,"201973,1610612738",2,0.09,0.058,0.018,0.318,0.121,0.058,0.478,0.013,0.011,0.8,6,4,0.428,0.018,0.04,0.011,201973,Jonas Jerebko,-0.034,0.145,0.108,0.005,0,BOS,1610612738,0.013,2,0.333
102,24.0,0.015,0.019,0.01,5,"202685,1610612761",6,0.112,0.0,0.0,0.0,0.166,0.094,0.567,0.054,0.04,0.744,12,6,0.445,0.067,0.044,0.064,202685,Jonas Valanciunas,0.015,0.229,0.179,0.014,0,TOR,1610612761,0.025,6,0.5
103,26.0,0.039,0.0,0.078,5,"203613,1610612759",0,0.02,0.059,0.039,0.667,0.195,0.078,0.4,0.039,0.02,0.5,3,0,0.499,0.059,0.078,0.039,203613,Jonathon Simmons,-0.059,0.215,0.078,0.039,0,SAS,1610612759,0.02,3,1.0
104,29.0,0.063,0.004,0.0,5,"200770,1610612763",0,0.024,0.048,0.016,0.333,0.123,0.04,0.323,0.012,0.012,1.0,4,4,0.449,0.0,0.016,0.012,200770,Jordan Farmar,-0.147,0.107,0.024,0.012,0,MEM,1610612763,0.04,0,0.0
105,28.0,0.062,0.0,0.0,5,"201941,1610612754",0,0.125,0.0,0.0,0.0,0.094,0.0,0.0,0.0,0.0,0.0,5,2,0.472,0.062,0.031,0.0,201941,Jordan Hill,-0.062,0.0,0.187,0.0,0,IND,1610612754,0.0,3,0.6
106,25.0,0.0,0.0,0.0,5,"203895,1610612739",0,0.222,0.111,0.111,1.0,0.444,0.444,1.0,0.0,0.0,0.0,2,0,0.463,0.0,0.0,0.0,203895,Jordan McRae,1.222,1.0,0.222,0.0,0,CLE,1610612739,0.0,2,1.0
107,21.0,0.101,0.051,0.0,5,"1626175,1610612738",0,0.051,0.0,0.0,0.0,0.202,0.101,0.5,0.0,0.0,0.0,2,2,0.512,0.051,0.0,0.0,1626175,Jordan Mickey,-0.101,0.202,0.101,0.0,0,BOS,1610612738,0.0,0,0.0
108,27.0,0.077,0.0,0.0,5,"203268,1610612766",0,0.077,0.0,0.0,0.0,0.115,0.0,0.0,0.0,0.0,0.0,3,2,0.446,0.0,0.0,0.038,203268,Jorge Gutierrez,-0.308,0.0,0.077,0.0,0,CHA,1610612766,0.038,1,0.333
109,32.0,0.093,0.0,0.009,5,"200826,1610612742",0,0.028,0.037,0.005,0.125,0.158,0.051,0.324,0.009,0.009,1.0,4,4,0.466,0.0,0.037,0.019,200826,Jose Juan Barea,-0.153,0.116,0.028,0.0,0,DAL,1610612742,0.051,0,0.0
110,24.0,0.0,0.0,0.0,5,"203962,1610612760",0,0.087,0.087,0.043,0.5,0.13,0.043,0.333,0.0,0.0,0.0,2,0,0.443,0.043,0.043,0.043,203962,Josh Huestis,0.087,0.13,0.13,0.0,0,OKC,1610612760,0.0,2,1.0
111,29.0,0.032,0.018,0.0,5,"201177,1610612748",0,0.068,0.025,0.0,0.0,0.122,0.057,0.471,0.021,0.021,1.0,10,5,0.479,0.025,0.072,0.029,201177,Josh McRoberts,0.118,0.136,0.093,0.018,0,MIA,1610612748,0.014,5,0.5
112,22.0,0.027,0.016,0.006,5,"1626196,1610612748",0,0.049,0.056,0.021,0.37,0.109,0.041,0.371,0.017,0.012,0.714,14,7,0.475,0.012,0.045,0.018,1626196,Josh Richardson,0.053,0.114,0.061,0.007,0,MIA,1610612748,0.015,7,0.5
113,30.0,0.045,0.011,0.0,5,"2746,1610612745",0,0.011,0.09,0.045,0.5,0.146,0.068,0.462,0.023,0.0,0.0,4,3,0.422,0.011,0.079,0.011,2746,Josh Smith,-0.18,0.18,0.023,0.011,0,HOU,1610612745,0.056,1,0.25
114,22.0,0.034,0.015,0.005,5,"1626147,1610612742",0,0.054,0.064,0.02,0.308,0.181,0.083,0.459,0.069,0.044,0.643,5,4,0.465,0.044,0.059,0.044,1626147,Justin Anderson,-0.073,0.23,0.098,0.02,0,DAL,1610612742,0.024,1,0.2
115,20.0,0.012,0.006,0.012,5,"1626159,1610612748",0,0.067,0.026,0.007,0.278,0.108,0.047,0.432,0.044,0.031,0.7,13,6,0.482,0.025,0.051,0.041,1626159,Justise Winslow,-0.063,0.132,0.092,0.012,0,MIA,1610612748,0.018,7,0.538
116,23.0,0.011,0.033,0.033,5,"203909,1610612745",0,0.067,0.033,0.011,0.333,0.145,0.045,0.308,0.0,0.0,0.0,4,4,0.376,0.011,0.033,0.011,203909,KJ McDaniels,0.011,0.1,0.078,0.0,0,HOU,1610612745,0.0,0,0.0
117,24.0,0.038,0.019,0.015,5,"202695,1610612759",1,0.067,0.053,0.023,0.436,0.226,0.113,0.5,0.069,0.057,0.824,10,4,0.46,0.019,0.029,0.054,202695,Kawhi Leonard,0.09,0.306,0.086,0.035,0,SAS,1610612759,0.022,6,0.6
118,25.0,0.038,0.0,0.026,5,"203482,1610612738",0,0.026,0.038,0.0,0.0,0.115,0.013,0.111,0.0,0.0,0.0,4,3,0.403,0.026,0.064,0.013,203482,Kelly Olynyk,-0.409,0.026,0.051,0.013,0,BOS,1610612738,0.051,1,0.25
119,26.0,0.052,0.007,0.042,5,"202689,1610612766",0,0.033,0.079,0.026,0.326,0.282,0.103,0.366,0.064,0.061,0.943,7,4,0.479,0.006,0.018,0.061,202689,Kemba Walker,-0.114,0.293,0.039,0.017,0,CHA,1610612766,0.022,3,0.429
120,26.0,0.026,0.008,0.014,5,"203145,1610612737",1,0.079,0.083,0.022,0.262,0.164,0.06,0.364,0.03,0.02,0.682,10,6,0.442,0.011,0.019,0.027,203145,Kent Bazemore,-0.064,0.162,0.09,0.02,0,ATL,1610612737,0.014,4,0.4
121,23.0,0.034,0.003,0.003,5,"203484,1610612765",0,0.046,0.083,0.037,0.444,0.154,0.068,0.44,0.022,0.015,0.714,4,4,0.496,0.006,0.022,0.018,203484,Kentavious Caldwell-Pope,-0.058,0.188,0.052,0.022,0,DET,1610612765,0.006,0,0.0
122,27.0,0.036,0.011,0.007,5,"201142,1610612760",2,0.068,0.065,0.018,0.282,0.242,0.104,0.43,0.087,0.077,0.89,18,7,0.432,0.008,0.022,0.061,201142,Kevin Durant,0.059,0.304,0.076,0.011,0,OKC,1610612760,0.039,11,0.611
123,27.0,0.031,0.006,0.011,5,"201567,1610612739",10,0.105,0.083,0.034,0.414,0.178,0.068,0.385,0.056,0.047,0.84,20,5,0.455,0.025,0.025,0.053,201567,Kevin Love,0.119,0.218,0.13,0.007,0,CLE,1610612739,0.02,15,0.75
124,33.0,0.029,0.0,0.01,5,"2755,1610612759",0,0.039,0.078,0.039,0.5,0.194,0.078,0.4,0.029,0.019,0.667,5,2,0.479,0.0,0.049,0.019,2755,Kevin Martin,0.097,0.214,0.039,0.01,0,SAS,1610612759,0.058,3,0.6
125,35.0,0.053,0.0,0.0,5,"2550,1610612737",0,0.071,0.053,0.018,0.333,0.125,0.036,0.286,0.0,0.0,0.0,6,2,0.488,0.0,0.036,0.018,2550,Kirk Hinrich,0.125,0.089,0.071,0.0,0,ATL,1610612737,0.0,4,0.667
126,26.0,0.028,0.005,0.013,5,"202691,1610612744",0,0.038,0.119,0.05,0.424,0.233,0.103,0.444,0.049,0.042,0.854,24,9,0.437,0.008,0.027,0.042,202691,Klay Thompson,0.033,0.299,0.045,0.013,0,GSW,1610612744,0.024,15,0.625
127,31.0,0.033,0.041,0.0,5,"2743,1610612737",0,0.132,0.082,0.041,0.5,0.231,0.107,0.464,0.049,0.049,1.0,4,3,0.462,0.066,0.074,0.033,2743,Kris Humphries,0.14,0.305,0.198,0.016,0,ATL,1610612737,0.016,1,0.25
128,22.0,0.025,0.011,0.004,5,"203937,1610612759",0,0.08,0.011,0.004,0.333,0.09,0.029,0.32,0.025,0.022,0.857,10,4,0.465,0.007,0.04,0.033,203937,Kyle Anderson,-0.018,0.083,0.087,0.022,0,SAS,1610612759,0.014,6,0.6
129,35.0,0.014,0.005,0.003,5,"2594,1610612737",0,0.061,0.074,0.033,0.444,0.102,0.048,0.467,0.012,0.012,1.0,10,6,0.431,0.004,0.031,0.027,2594,Kyle Korver,0.071,0.14,0.065,0.012,0,ATL,1610612737,0.011,4,0.4
130,30.0,0.072,0.002,0.012,5,"200768,1610612761",2,0.046,0.084,0.025,0.304,0.2,0.079,0.397,0.063,0.047,0.75,20,10,0.464,0.011,0.044,0.055,200768,Kyle Lowry,0.007,0.232,0.057,0.019,0,TOR,1610612761,0.038,10,0.5
131,28.0,0.0,0.0,0.0,5,"202713,1610612760",0,0.056,0.037,0.019,0.5,0.084,0.028,0.333,0.019,0.0,0.0,6,3,0.473,0.009,0.037,0.019,202713,Kyle Singler,-0.103,0.075,0.065,0.009,0,OKC,1610612760,0.0,3,0.5
132,24.0,0.058,0.008,0.013,5,"202681,1610612739",0,0.028,0.068,0.03,0.44,0.249,0.118,0.475,0.052,0.045,0.875,21,5,0.455,0.009,0.027,0.038,202681,Kyrie Irving,0.085,0.312,0.036,0.021,0,CLE,1610612739,0.028,16,0.762
133,30.0,0.014,0.019,0.004,5,"200746,1610612759",3,0.084,0.003,0.003,1.0,0.233,0.121,0.521,0.063,0.056,0.891,10,4,0.464,0.03,0.025,0.04,200746,LaMarcus Aldridge,0.077,0.301,0.114,0.006,0,SAS,1610612759,0.015,6,0.6
134,24.0,0.073,0.0,0.024,5,"203934,1610612737",0,0.121,0.073,0.024,0.333,0.169,0.048,0.286,0.024,0.024,1.0,4,2,0.473,0.0,0.024,0.024,203934,Lamar Patterson,0.121,0.145,0.121,0.024,0,ATL,1610612737,0.097,2,0.5
135,25.0,0.035,0.0,0.015,5,"202362,1610612763",0,0.025,0.025,0.01,0.4,0.218,0.114,0.523,0.025,0.02,0.8,4,4,0.469,0.005,0.049,0.025,202362,Lance Stephenson,-0.168,0.257,0.03,0.005,0,MEM,1610612763,0.015,0,0.0
136,27.0,0.018,0.009,0.018,5,"202730,1610612754",0,0.091,0.0,0.0,0.0,0.091,0.027,0.3,0.0,0.0,0.0,6,3,0.465,0.037,0.018,0.0,202730,Lavoy Allen,-0.201,0.055,0.128,0.009,0,IND,1610612754,0.009,3,0.5
137,31.0,0.09,0.015,0.01,5,"2544,1610612739",13,0.088,0.053,0.018,0.34,0.233,0.123,0.525,0.069,0.046,0.661,21,5,0.46,0.024,0.03,0.063,2544,LeBron James,0.117,0.309,0.112,0.027,2,CLE,1610612739,0.042,16,0.762
138,33.0,0.027,0.002,0.014,5,"2571,1610612744",0,0.029,0.05,0.02,0.393,0.157,0.091,0.58,0.038,0.029,0.762,23,9,0.455,0.02,0.043,0.03,2571,Leandro Barbosa,0.054,0.231,0.048,0.02,0,GSW,1610612744,0.02,14,0.609
139,29.0,0.006,0.0,0.006,5,"201601,1610612746",0,0.047,0.0,0.0,0.0,0.036,0.024,0.667,0.006,0.006,1.0,5,3,0.464,0.012,0.053,0.012,201601,Luc Mbah a Moute,-0.113,0.053,0.059,0.018,0,LAC,1610612746,0.012,2,0.4
140,23.0,0.0,0.0,0.0,5,"203512,1610612761",0,0.133,0.0,0.0,0.0,0.076,0.057,0.75,0.0,0.0,0.0,5,4,0.553,0.019,0.057,0.0,203512,Lucas Nogueira,-0.133,0.114,0.152,0.0,0,TOR,1610612761,0.0,1,0.2
141,23.0,0.0,0.0,0.0,5,"1626242,1610612757",0,0.0,0.155,0.155,1.0,0.233,0.233,1.0,0.0,0.0,0.0,6,3,0.591,0.0,0.078,0.0,1626242,Luis Montero,-0.233,0.621,0.0,0.0,0,POR,1610612757,0.0,3,0.5
142,36.0,0.023,0.0,0.01,5,"2449,1610612761",0,0.054,0.07,0.013,0.19,0.104,0.027,0.258,0.037,0.027,0.727,11,6,0.469,0.007,0.074,0.047,2449,Luis Scola,-0.174,0.094,0.06,0.01,0,TOR,1610612761,0.017,5,0.455
143,31.0,0.021,0.009,0.005,5,"2736,1610612748",0,0.061,0.054,0.023,0.421,0.132,0.062,0.471,0.036,0.031,0.842,14,7,0.472,0.018,0.023,0.032,2736,Luol Deng,0.052,0.177,0.079,0.012,0,MIA,1610612748,0.022,7,0.5
144,38.0,0.059,0.007,0.002,5,"1938,1610612759",0,0.049,0.049,0.021,0.429,0.111,0.047,0.426,0.054,0.042,0.783,10,4,0.453,0.014,0.059,0.059,1938,Manu Ginobili,0.141,0.158,0.064,0.019,0,SAS,1610612759,0.016,6,0.6
145,26.0,0.035,0.0,0.0,5,"202694,1610612765",0,0.038,0.062,0.024,0.389,0.163,0.076,0.468,0.08,0.069,0.87,4,4,0.5,0.007,0.059,0.056,202694,Marcus Morris,-0.083,0.246,0.045,0.007,0,DET,1610612765,0.017,0,0.0
146,22.0,0.04,0.011,0.02,5,"203935,1610612738",0,0.042,0.071,0.024,0.344,0.133,0.049,0.367,0.047,0.038,0.81,6,4,0.428,0.018,0.038,0.053,203935,Marcus Smart,-0.038,0.16,0.06,0.022,0,BOS,1610612738,0.033,2,0.333
147,28.0,0.024,0.018,0.009,5,"201578,1610612744",0,0.07,0.094,0.04,0.419,0.259,0.101,0.39,0.068,0.053,0.774,24,9,0.441,0.033,0.094,0.064,201578,Marreese Speights,0.013,0.294,0.103,0.007,0,GSW,1610612744,0.044,15,0.625
148,30.0,0.012,0.006,0.012,5,"101107,1610612766",1,0.085,0.035,0.012,0.353,0.106,0.029,0.275,0.008,0.004,0.5,7,4,0.472,0.015,0.023,0.025,101107,Marvin Williams,-0.139,0.075,0.1,0.012,0,CHA,1610612766,0.004,3,0.429
149,26.0,0.073,0.015,0.016,5,"203486,1610612757",4,0.128,0.0,0.0,0.0,0.096,0.038,0.4,0.045,0.029,0.636,11,6,0.42,0.051,0.058,0.043,203486,Mason Plumlee,-0.014,0.106,0.178,0.01,0,POR,1610612757,0.034,5,0.455
150,36.0,0.036,0.003,0.013,5,"2440,1610612763",1,0.078,0.059,0.01,0.167,0.15,0.052,0.348,0.033,0.026,0.8,4,4,0.453,0.016,0.042,0.029,2440,Matt Barnes,-0.218,0.14,0.094,0.013,0,MEM,1610612763,0.042,0,0.0
151,25.0,0.11,0.002,0.008,5,"203521,1610612739",0,0.022,0.061,0.016,0.258,0.145,0.051,0.351,0.047,0.035,0.75,20,5,0.472,0.008,0.061,0.045,203521,Matthew Dellavedova,0.027,0.153,0.029,0.002,0,CLE,1610612739,0.027,15,0.75
152,23.0,0.011,0.005,0.011,5,"203090,1610612757",1,0.054,0.069,0.024,0.341,0.173,0.074,0.427,0.039,0.019,0.48,11,6,0.428,0.035,0.06,0.043,203090,Maurice Harkless,-0.046,0.191,0.088,0.016,0,POR,1610612757,0.017,5,0.455
153,27.0,0.015,0.0,0.02,5,"201563,1610612745",0,0.086,0.03,0.01,0.333,0.233,0.112,0.478,0.036,0.03,0.857,5,4,0.407,0.02,0.041,0.025,201563,Michael Beasley,-0.117,0.264,0.107,0.005,0,HOU,1610612745,0.036,1,0.2
154,24.0,0.02,0.007,0.007,5,"203488,1610612737",0,0.068,0.041,0.014,0.333,0.136,0.068,0.5,0.014,0.014,1.0,9,5,0.454,0.048,0.041,0.014,203488,Mike Muscala,-0.041,0.163,0.115,0.0,0,ATL,1610612737,0.02,4,0.444
155,27.0,0.014,0.008,0.003,5,"203118,1610612737",0,0.076,0.045,0.023,0.5,0.113,0.071,0.625,0.023,0.02,0.875,10,6,0.455,0.014,0.056,0.031,203118,Mike Scott,0.037,0.184,0.09,0.008,0,ATL,1610612737,0.023,4,0.4
156,33.0,0.022,0.0,0.0,5,"2590,1610612739",0,0.043,0.094,0.022,0.231,0.202,0.058,0.286,0.014,0.007,0.5,13,3,0.492,0.0,0.058,0.036,2590,Mo Williams,-0.144,0.144,0.043,0.029,0,CLE,1610612739,0.072,10,0.769
157,30.0,0.064,0.0,0.009,5,"101145,1610612754",0,0.049,0.045,0.015,0.333,0.162,0.07,0.434,0.021,0.017,0.8,7,4,0.48,0.009,0.036,0.03,101145,Monta Ellis,0.011,0.173,0.058,0.032,0,IND,1610612754,0.036,3,0.429
158,22.0,0.0,0.0,0.0,5,"1626149,1610612745",0,0.068,0.034,0.0,0.0,0.102,0.034,0.333,0.068,0.034,0.5,2,2,0.394,0.0,0.034,0.034,1626149,Montrezl Harrell,-0.169,0.102,0.068,0.0,0,HOU,1610612745,0.034,0,0.0
159,20.0,0.007,0.056,0.005,5,"1626167,1610612754",0,0.07,0.005,0.0,0.0,0.171,0.08,0.465,0.022,0.014,0.667,7,4,0.476,0.039,0.058,0.031,1626167,Myles Turner,0.034,0.174,0.109,0.005,0,IND,1610612754,0.029,3,0.429
160,38.0,0.0,0.05,0.0,5,"1737,1610612760",0,0.1,0.0,0.0,0.0,0.1,0.05,0.5,0.0,0.0,0.0,5,2,0.485,0.05,0.05,0.0,1737,Nazr Mohammed,0.15,0.1,0.15,0.0,0,OKC,1610612760,0.05,3,0.6
161,35.0,0.03,0.0,0.0,5,"2555,1610612760",0,0.048,0.0,0.0,0.0,0.036,0.024,0.667,0.012,0.006,0.5,9,3,0.466,0.018,0.101,0.024,2555,Nick Collison,0.012,0.053,0.065,0.048,0,OKC,1610612760,0.006,6,0.667
162,27.0,0.033,0.0,0.003,5,"201587,1610612766",0,0.054,0.074,0.02,0.273,0.151,0.057,0.378,0.067,0.057,0.85,5,4,0.482,0.007,0.02,0.04,201587,Nicolas Batum,-0.288,0.191,0.06,0.007,0,CHA,1610612766,0.027,1,0.2
163,20.0,0.085,0.0,0.042,5,"203943,1610612757",0,0.127,0.0,0.0,0.0,0.127,0.0,0.0,0.0,0.0,0.0,6,3,0.498,0.042,0.042,0.0,203943,Noah Vonleh,-0.169,0.0,0.169,0.085,0,POR,1610612757,0.0,3,0.5
164,23.0,0.013,0.004,0.004,5,"1626181,1610612761",0,0.051,0.058,0.016,0.269,0.155,0.06,0.386,0.018,0.016,0.875,18,10,0.458,0.009,0.04,0.009,1626181,Norman Powell,-0.042,0.151,0.06,0.029,0,TOR,1610612761,0.011,8,0.444
165,23.0,0.0,0.0,0.0,5,"203798,1610612763",0,0.0,0.069,0.023,0.333,0.137,0.046,0.333,0.046,0.0,0.0,2,2,0.508,0.0,0.023,0.023,203798,PJ Hairston,-0.206,0.115,0.0,0.023,0,MEM,1610612763,0.023,0,0.0
166,39.0,0.11,0.0,0.0,5,"203143,1610612746",0,0.016,0.032,0.0,0.0,0.079,0.0,0.0,0.0,0.0,0.0,5,3,0.408,0.032,0.126,0.0,203143,Pablo Prigioni,-0.063,0.0,0.047,0.0,0,LAC,1610612746,0.047,2,0.4
167,23.0,0.0,0.0,0.0,5,"1626192,1610612757",0,0.072,0.216,0.144,0.667,0.36,0.216,0.6,0.0,0.0,0.0,6,3,0.567,0.0,0.0,0.0,1626192,Pat Connaughton,-0.216,0.576,0.072,0.0,0,POR,1610612757,0.0,3,0.5
168,27.0,0.035,0.006,0.013,5,"201976,1610612745",0,0.057,0.044,0.01,0.214,0.117,0.032,0.27,0.019,0.019,1.0,5,4,0.408,0.013,0.054,0.038,201976,Patrick Beverley,-0.117,0.092,0.07,0.006,0,HOU,1610612745,0.013,1,0.2
169,27.0,0.019,0.007,0.005,5,"202335,1610612761",1,0.038,0.056,0.017,0.3,0.108,0.044,0.404,0.021,0.018,0.846,20,10,0.464,0.023,0.025,0.018,202335,Patrick Patterson,-0.021,0.122,0.061,0.006,0,TOR,1610612761,0.014,10,0.5
170,27.0,0.055,0.0,0.0,5,"201988,1610612759",0,0.038,0.099,0.036,0.361,0.145,0.063,0.434,0.03,0.019,0.636,10,4,0.458,0.0,0.008,0.055,201988,Patty Mills,0.151,0.181,0.038,0.019,0,SAS,1610612759,0.022,6,0.6
171,26.0,0.053,0.009,0.018,5,"202331,1610612754",3,0.078,0.076,0.032,0.419,0.218,0.099,0.455,0.113,0.108,0.953,7,4,0.488,0.016,0.042,0.101,202331,Paul George,0.08,0.338,0.094,0.025,0,IND,1610612754,0.041,3,0.429
172,31.0,0.033,0.028,0.011,5,"200794,1610612737",3,0.08,0.04,0.01,0.242,0.166,0.071,0.431,0.067,0.05,0.745,10,6,0.442,0.034,0.035,0.068,200794,Paul Millsap,-0.017,0.202,0.114,0.016,0,ATL,1610612737,0.031,4,0.4
173,38.0,0.008,0.0,0.0,5,"1718,1610612746",0,0.051,0.042,0.008,0.2,0.101,0.017,0.167,0.034,0.008,0.25,5,4,0.452,0.0,0.051,0.017,1718,Paul Pierce,-0.118,0.051,0.051,0.017,0,LAC,1610612746,0.017,1,0.2
174,22.0,0.033,0.011,0.022,5,"1626154,1610612738",0,0.054,0.054,0.011,0.2,0.098,0.022,0.222,0.0,0.0,0.0,5,4,0.446,0.011,0.033,0.0,1626154,RJ Hunter,0.0,0.054,0.065,0.0,0,BOS,1610612738,0.011,1,0.2
175,32.0,0.031,0.007,0.002,5,"200751,1610612760",0,0.043,0.062,0.019,0.308,0.097,0.033,0.341,0.009,0.009,1.0,16,6,0.45,0.005,0.043,0.017,200751,Randy Foye,-0.024,0.095,0.047,0.005,0,OKC,1610612760,0.026,10,0.625
176,32.0,0.063,0.0,0.019,5,"101109,1610612742",2,0.057,0.038,0.011,0.286,0.188,0.087,0.464,0.03,0.019,0.636,5,4,0.468,0.005,0.038,0.027,101109,Raymond Felton,-0.155,0.204,0.063,0.016,0,DAL,1610612742,0.033,1,0.2
177,25.0,0.073,0.0,0.0,5,"203493,1610612765",0,0.049,0.073,0.049,0.667,0.146,0.122,0.833,0.0,0.0,0.0,2,2,0.534,0.0,0.049,0.0,203493,Reggie Bullock,-0.414,0.292,0.049,0.024,0,DET,1610612765,0.0,0,0.0
178,26.0,0.126,0.007,0.007,5,"202704,1610612765",2,0.037,0.061,0.01,0.167,0.187,0.085,0.455,0.014,0.014,1.0,4,4,0.5,0.007,0.034,0.034,202704,Reggie Jackson,-0.024,0.194,0.044,0.02,0,DET,1610612765,0.034,0,0.0
179,36.0,0.017,0.001,0.01,5,"2210,1610612739",0,0.071,0.034,0.014,0.393,0.103,0.054,0.524,0.025,0.018,0.75,21,5,0.469,0.02,0.042,0.027,2210,Richard Jefferson,0.053,0.14,0.091,0.012,0,CLE,1610612739,0.016,16,0.762
180,30.0,0.054,0.004,0.015,5,"201155,1610612754",0,0.054,0.039,0.019,0.5,0.166,0.066,0.395,0.035,0.019,0.556,7,4,0.481,0.004,0.035,0.042,201155,Rodney Stuckey,0.035,0.17,0.058,0.015,0,IND,1610612754,0.023,3,0.429
181,27.0,0.125,0.001,0.011,5,"201566,1610612760",15,0.053,0.066,0.022,0.324,0.249,0.101,0.405,0.089,0.073,0.829,18,7,0.427,0.026,0.027,0.063,201566,Russell Westbrook,0.075,0.296,0.078,0.029,1,OKC,1610612760,0.049,11,0.611
182,30.0,0.006,0.03,0.006,5,"1626257,1610612742",0,0.048,0.0,0.0,0.0,0.06,0.042,0.7,0.072,0.03,0.417,4,3,0.455,0.03,0.066,0.06,1626257,Salah Mejri,-0.096,0.114,0.078,0.018,0,DAL,1610612742,0.0,1,0.25
183,26.0,0.007,0.017,0.001,5,"201586,1610612760",1,0.064,0.049,0.022,0.449,0.116,0.06,0.521,0.014,0.011,0.75,18,7,0.429,0.016,0.036,0.013,201586,Serge Ibaka,0.088,0.154,0.08,0.01,0,OKC,1610612760,0.006,11,0.611
184,30.0,0.068,0.004,0.008,5,"2733,1610612744",0,0.053,0.001,0.0,0.0,0.142,0.069,0.488,0.031,0.027,0.865,24,9,0.435,0.011,0.041,0.03,2733,Shaun Livingston,0.066,0.166,0.064,0.01,0,GSW,1610612744,0.025,15,0.625
185,25.0,0.019,0.0,0.007,5,"203524,1610612754",0,0.055,0.046,0.026,0.579,0.075,0.034,0.452,0.038,0.036,0.938,7,4,0.477,0.012,0.048,0.034,203524,Solomon Hill,0.048,0.13,0.067,0.005,0,IND,1610612754,0.007,3,0.429
186,23.0,0.333,0.0,0.0,5,"203915,1610612765",0,0.0,0.0,0.0,0.0,0.333,0.333,1.0,0.0,0.0,0.0,1,1,0.561,0.0,0.0,0.0,203915,Spencer Dinwiddie,-1.0,0.667,0.0,0.0,0,DET,1610612765,0.0,0,0.0
187,28.0,0.025,0.017,0.008,5,"201150,1610612766",0,0.109,0.034,0.008,0.25,0.109,0.05,0.462,0.05,0.042,0.833,5,2,0.448,0.025,0.042,0.034,201150,Spencer Hawes,0.21,0.151,0.134,0.008,0,CHA,1610612766,0.034,3,0.6
188,20.0,0.0,0.0,0.0,5,"1626169,1610612765",0,0.102,0.064,0.038,0.6,0.146,0.076,0.522,0.013,0.013,1.0,4,4,0.518,0.0,0.064,0.019,1626169,Stanley Johnson,-0.057,0.203,0.102,0.006,0,DET,1610612765,0.019,0,0.0
189,28.0,0.065,0.003,0.01,5,"201939,1610612744",3,0.059,0.139,0.056,0.404,0.236,0.104,0.438,0.058,0.053,0.916,18,7,0.43,0.01,0.027,0.061,201939,Stephen Curry,0.034,0.316,0.069,0.018,0,GSW,1610612744,0.052,11,0.611
190,36.0,0.118,0.0,0.0,5,"2581,1610612765",0,0.047,0.024,0.012,0.5,0.059,0.012,0.2,0.024,0.012,0.5,4,4,0.51,0.0,0.083,0.024,2581,Steve Blake,-0.283,0.047,0.047,0.0,0,DET,1610612765,0.059,0,0.0
191,22.0,0.01,0.011,0.012,5,"203500,1610612760",6,0.086,0.001,0.0,0.0,0.087,0.053,0.613,0.057,0.036,0.63,18,7,0.434,0.049,0.043,0.053,203500,Steven Adams,0.035,0.143,0.134,0.007,0,OKC,1610612760,0.013,11,0.611
192,25.0,0.015,0.007,0.007,5,"203082,1610612761",0,0.039,0.089,0.029,0.328,0.165,0.064,0.387,0.028,0.018,0.65,20,10,0.466,0.006,0.039,0.022,203082,Terrence Ross,-0.123,0.175,0.044,0.018,0,TOR,1610612761,0.022,10,0.5
193,22.0,0.028,0.014,0.0,5,"1626179,1610612738",0,0.065,0.051,0.019,0.364,0.107,0.042,0.391,0.009,0.009,1.0,5,3,0.457,0.014,0.023,0.019,1626179,Terry Rozier,-0.121,0.111,0.079,0.005,0,BOS,1610612738,0.009,2,0.4
194,32.0,0.04,0.014,0.002,5,"200757,1610612737",0,0.077,0.044,0.016,0.368,0.107,0.051,0.478,0.035,0.019,0.533,10,6,0.471,0.019,0.04,0.019,200757,Thabo Sefolosha,-0.088,0.137,0.095,0.023,0,ATL,1610612737,0.023,4,0.4
195,40.0,0.031,0.028,0.017,5,"1495,1610612759",0,0.083,0.0,0.0,0.0,0.114,0.048,0.423,0.046,0.033,0.714,10,4,0.477,0.022,0.039,0.035,1495,Tim Duncan,0.149,0.129,0.105,0.004,0,SAS,1610612759,0.022,6,0.6
196,24.0,0.037,0.005,0.0,5,"203501,1610612737",0,0.048,0.075,0.011,0.143,0.139,0.037,0.269,0.032,0.021,0.667,9,5,0.466,0.0,0.011,0.032,203501,Tim Hardaway Jr.,0.016,0.107,0.048,0.0,0,ATL,1610612737,0.016,4,0.444
197,29.0,0.013,0.019,0.0,5,"202389,1610612739",0,0.1,0.0,0.0,0.0,0.094,0.038,0.4,0.025,0.019,0.75,13,3,0.473,0.031,0.1,0.038,202389,Timofey Mozgov,-0.182,0.094,0.132,0.019,0,CLE,1610612739,0.05,10,0.769
198,23.0,0.039,0.01,0.013,5,"202699,1610612765",1,0.104,0.039,0.013,0.333,0.149,0.068,0.457,0.042,0.039,0.923,4,4,0.506,0.019,0.036,0.032,202699,Tobias Harris,-0.016,0.188,0.123,0.01,0,DET,1610612765,0.019,0,0.0
199,34.0,0.014,0.009,0.014,5,"2754,1610612763",0,0.024,0.033,0.005,0.143,0.155,0.047,0.303,0.061,0.042,0.692,4,4,0.44,0.028,0.052,0.042,2754,Tony Allen,-0.151,0.141,0.052,0.024,0,MEM,1610612763,0.028,0,0.0
200,34.0,0.095,0.004,0.016,5,"2225,1610612759",0,0.037,0.029,0.007,0.25,0.175,0.078,0.449,0.025,0.021,0.857,10,4,0.471,0.002,0.027,0.034,2225,Tony Parker,0.048,0.186,0.039,0.011,0,SAS,1610612759,0.032,6,0.6
201,30.0,0.009,0.002,0.002,5,"2772,1610612745",0,0.032,0.064,0.009,0.143,0.116,0.03,0.255,0.009,0.007,0.75,5,4,0.412,0.016,0.036,0.011,2772,Trevor Ariza,-0.205,0.075,0.048,0.03,0,HOU,1610612745,0.027,1,0.2
202,25.0,0.011,0.013,0.011,5,"202684,1610612739",3,0.075,0.0,0.0,0.0,0.068,0.036,0.527,0.054,0.031,0.575,21,5,0.457,0.063,0.04,0.046,202684,Tristan Thompson,0.098,0.103,0.138,0.006,0,CLE,1610612739,0.012,16,0.762
203,24.0,0.0,0.0,0.028,5,"203584,1610612766",0,0.056,0.083,0.0,0.0,0.222,0.028,0.125,0.0,0.0,0.0,4,3,0.492,0.0,0.056,0.056,203584,Troy Daniels,-0.25,0.056,0.056,0.0,0,CHA,1610612766,0.0,1,0.25
204,28.0,0.063,0.0,0.013,5,"201951,1610612754",0,0.038,0.019,0.0,0.0,0.114,0.038,0.333,0.038,0.025,0.667,7,4,0.467,0.006,0.051,0.032,201951,Ty Lawson,-0.235,0.101,0.044,0.019,0,IND,1610612754,0.038,3,0.429
205,30.0,0.0,0.0,0.0,5,"201946,1610612766",0,0.0,0.0,0.0,0.0,0.0,0.0,0.0,0.0,0.0,0.0,2,1,0.435,0.0,0.0,0.0,201946,Tyler Hansbrough,-0.231,0.0,0.0,0.0,0,CHA,1610612766,0.0,1,0.5
206,24.0,0.064,0.0,0.0,5,"204020,1610612748",0,0.04,0.048,0.024,0.5,0.088,0.04,0.455,0.088,0.064,0.727,5,2,0.488,0.016,0.064,0.048,204020,Tyler Johnson,0.088,0.169,0.056,0.008,0,MIA,1610612748,0.016,3,0.6
207,26.0,0.022,0.022,0.0,5,"203092,1610612738",0,0.12,0.0,0.0,0.0,0.164,0.077,0.467,0.066,0.044,0.667,3,3,0.416,0.044,0.011,0.077,203092,Tyler Zeller,0.131,0.197,0.164,0.0,0,BOS,1610612738,0.022,0,0.0
208,36.0,0.022,0.006,0.006,5,"2617,1610612748",0,0.11,0.0,0.0,0.0,0.083,0.044,0.533,0.039,0.028,0.714,9,5,0.466,0.061,0.072,0.066,2617,Udonis Haslem,-0.105,0.116,0.171,0.0,0,MIA,1610612748,0.039,4,0.444
209,39.0,0.025,0.005,0.045,5,"1713,1610612763",0,0.05,0.05,0.035,0.7,0.166,0.075,0.455,0.04,0.04,1.0,4,4,0.457,0.025,0.045,0.045,1713,Vince Carter,-0.236,0.226,0.075,0.01,0,MEM,1610612763,0.015,0,0.0
210,28.0,0.011,0.022,0.0,5,"202325,1610612746",0,0.071,0.049,0.016,0.333,0.077,0.027,0.357,0.016,0.016,1.0,6,4,0.421,0.027,0.033,0.011,202325,Wesley Johnson,0.132,0.088,0.099,0.005,0,LAC,1610612746,0.011,2,0.333
211,29.0,0.016,0.0,0.011,5,"202083,1610612742",0,0.037,0.093,0.026,0.286,0.159,0.053,0.333,0.05,0.04,0.789,5,4,0.459,0.011,0.037,0.045,202083,Wesley Matthews,-0.28,0.172,0.048,0.016,0,DAL,1610612742,0.011,1,0.2
212,24.0,0.053,0.016,0.0,5,"204098,1610612763",0,0.042,0.042,0.005,0.125,0.149,0.048,0.321,0.011,0.0,0.0,4,4,0.473,0.005,0.042,0.027,204098,Xavier Munford,-0.249,0.101,0.048,0.032,0,MEM,1610612763,0.027,0,0.0
213,34.0,0.026,0.0,0.055,5,"2216,1610612763",2,0.074,0.0,0.0,0.0,0.229,0.085,0.371,0.026,0.022,0.857,4,4,0.441,0.055,0.037,0.052,2216,Zach Randolph,-0.21,0.192,0.129,0.004,0,MEM,1610612763,0.026,0,0.0
214,32.0,0.069,0.004,0.009,5,"2585,1610612742",0,0.073,0.0,0.0,0.0,0.103,0.039,0.375,0.073,0.064,0.882,5,4,0.479,0.043,0.056,0.06,2585,Zaza Pachulia,-0.308,0.141,0.116,0.013,0,DAL,1610612742,0.009,1,0.2
