,AGE,CFID,CFPARAMS,GP,L,MIN,PCT_AST,PCT_BLK,PCT_BLKA,PCT_DREB,PCT_FG3A,PCT_FG3M,PCT_FGA,PCT_FGM,PCT_FTA,PCT_FTM,PCT_OREB,PCT_PF,PCT_PFD,PCT_PTS,PCT_REB,PCT_STL,PCT_TOV,PLAYER_ID,PLAYER_NAME,TEAM_ABBREVIATION,TEAM_ID,USG_PCT,W,W_PCT
0,30.0,5,"201143,1610612737",1,1,9.0,0.286,0.0,0.0,0.6,0.083,0.167,0.12,0.214,0.0,0.0,0.0,0.0,0.0,0.189,0.429,0.0,0.0,201143,Al Horford,ATL,1610612737,0.108,0,0.0
1,22.0,5,"203083,1610612765",1,1,18.0,0.0,0.0,0.0,0.533,0.048,0.0,0.216,0.276,0.0,0.0,0.714,0.2,0.0,0.239,0.591,0.667,0.125,203083,Andre Drummond,DET,1610612765,0.197,0,0.0
2,23.0,5,"203076,1610612740",1,0,15.0,0.0,0.0,0.0,0.2,0.0,0.0,0.302,0.5,0.0,0.0,0.6,1.0,0.0,0.421,0.3,0.25,0.0,203076,Anthony Davis,NOP,1610612740,0.277,1,1.0
3,32.0,5,"2546,1610612752",1,1,23.0,0.0,0.5,0.0,0.143,0.172,0.1,0.172,0.158,0.0,0.0,0.5,0.667,0.333,0.151,0.222,0.0,0.125,2546,Carmelo Anthony,NYK,1610612752,0.162,0,0.0
4,31.0,5,"101108,1610612746",1,0,19.0,0.762,0.0,0.0,0.222,0.222,0.308,0.13,0.172,0.0,0.0,0.0,0.2,0.5,0.197,0.16,0.2,0.667,101108,Chris Paul,LAC,1610612746,0.183,1,1.0
5,26.0,5,"201942,1610612761",1,1,19.0,0.222,0.0,0.0,0.0,0.167,0.0,0.288,0.346,1.0,0.0,0.2,0.0,0.5,0.31,0.048,0.333,0.2,201942,DeMar DeRozan,TOR,1610612761,0.286,0,0.0
6,25.0,5,"202326,1610612758",1,0,12.0,0.083,0.0,0.0,0.333,0.048,0.091,0.147,0.25,0.0,0.0,0.333,0.4,0.5,0.216,0.333,0.0,0.0,202326,DeMarcus Cousins,SAC,1610612758,0.139,1,1.0
7,26.0,5,"203110,1610612744",1,0,12.0,0.0,0.0,0.0,0.4,0.045,0.0,0.167,0.091,0.0,0.0,0.333,0.2,0.25,0.07,0.385,0.667,0.5,203110,Draymond Green,GSW,1610612744,0.184,1,1.0
8,34.0,5,"2548,1610612748",1,1,23.0,0.333,0.0,0.0,0.143,0.034,0.0,0.109,0.105,0.0,0.0,0.167,0.0,0.0,0.093,0.148,0.286,0.188,2548,Dwyane Wade,MIA,1610612748,0.124,0,0.0
9,27.0,5,"202738,1610612738",1,1,19.0,0.083,0.0,0.0,0.0,0.208,0.143,0.193,0.148,0.0,0.0,0.429,0.333,0.0,0.148,0.125,0.5,0.143,202738,Isaiah Thomas,BOS,1610612738,0.188,0,0.0
10,26.0,5,"201935,1610612745",1,0,21.0,0.13,0.0,0.0,0.211,0.387,0.467,0.233,0.242,0.0,0.0,0.0,0.0,0.0,0.284,0.154,0.0,0.167,201935,James Harden,HOU,1610612745,0.227,1,1.0
11,25.0,5,"202322,1610612764",1,1,19.0,0.3,0.0,0.0,0.176,0.2,0.25,0.255,0.323,0.0,0.0,0.0,0.0,0.0,0.306,0.13,0.25,0.4,202322,John Wall,WAS,1610612764,0.261,0,0.0
12,24.0,5,"202695,1610612759",1,0,26.0,0.111,0.0,0.0,0.136,0.13,0.071,0.176,0.17,0.0,0.0,0.3,0.0,0.0,0.156,0.188,0.143,0.25,202695,Kawhi Leonard,SAS,1610612759,0.181,1,1.0
13,27.0,5,"201142,1610612760",1,0,23.0,0.304,0.0,0.0,0.158,0.182,0.077,0.234,0.275,0.0,0.0,0.222,0.0,0.333,0.245,0.179,0.154,0.0,201142,Kevin Durant,OKC,1610612760,0.21,1,1.0
14,26.0,5,"202691,1610612744",1,0,21.0,0.087,0.0,0.0,0.053,0.323,0.2,0.183,0.091,0.0,0.0,0.143,0.0,0.0,0.111,0.077,0.167,0.0,202691,Klay Thompson,GSW,1610612744,0.167,1,1.0
15,37.0,5,"977,1610612747",1,0,26.0,0.259,0.0,0.0,0.227,0.109,0.071,0.128,0.085,1.0,1.0,0.1,0.5,0.5,0.092,0.188,0.071,0.125,977,Kobe Bryant,LAL,1610612747,0.136,1,1.0
16,30.0,5,"200768,1610612761",1,1,29.0,0.417,1.0,0.0,0.2,0.308,0.333,0.159,0.114,0.0,0.0,0.0,0.333,0.0,0.139,0.147,0.286,0.316,200768,Kyle Lowry,TOR,1610612761,0.186,0,0.0
17,30.0,5,"200746,1610612759",1,0,14.0,0.063,0.0,1.0,0.214,0.059,0.0,0.2,0.091,0.0,0.0,0.2,0.0,0.0,0.078,0.211,0.25,0.0,200746,LaMarcus Aldridge,SAS,1610612759,0.182,1,1.0
18,31.0,5,"2544,1610612739",1,1,20.0,0.389,0.0,0.0,0.222,0.161,0.091,0.22,0.182,0.0,0.0,0.0,0.0,0.0,0.169,0.16,0.0,0.286,2544,LeBron James,CLE,1610612739,0.233,0,0.0
19,35.0,5,"2200,1610612741",1,1,15.0,0.111,0.0,0.0,0.429,0.125,0.0,0.184,0.15,1.0,1.0,0.2,0.667,0.8,0.2,0.368,0.333,0.167,2200,Pau Gasol,CHI,1610612741,0.213,0,0.0
20,26.0,5,"202331,1610612754",1,1,27.0,0.056,0.0,0.0,0.192,0.514,0.75,0.329,0.356,0.0,0.0,0.0,0.0,0.0,0.402,0.147,0.125,0.158,202331,Paul George,IND,1610612754,0.295,0,0.0
21,31.0,5,"200794,1610612737",1,1,19.0,0.077,0.0,0.0,0.133,0.074,0.1,0.102,0.033,0.0,0.0,0.143,0.0,0.0,0.041,0.136,0.0,0.0,200794,Paul Millsap,ATL,1610612737,0.093,0,0.0
22,27.0,5,"201566,1610612760",1,0,22.0,0.217,0.0,1.0,0.263,0.405,0.538,0.307,0.3,0.0,0.0,0.333,0.5,0.0,0.33,0.286,0.417,0.375,201566,Russell Westbrook,OKC,1610612760,0.31,1,1.0
23,28.0,5,"201939,1610612744",1,0,29.0,0.2,0.0,0.0,0.167,0.245,0.333,0.189,0.189,0.0,0.0,0.1,0.333,0.0,0.208,0.147,0.267,0.25,201939,Stephen Curry,GSW,1610612744,0.193,1,1.0
