,AVG_DRIB_PER_TOUCH,AVG_SEC_PER_TOUCH,ELBOW_TOUCHES,FRONT_CT_TOUCHES,GP,L,MIN,PAINT_TOUCHES,POINTS,POST_TOUCHES,PTS_PER_ELBOW_TOUCH,PTS_PER_PAINT_TOUCH,PTS_PER_POST_TOUCH,PTS_PER_TOUCH,TEAM_ABBREVIATION,TEAM_ID,TEAM_NAME,TIME_OF_POSS,TOUCHES,W
0,1.97,2.54,43,636,2,1,480.0,28,217,46,0.163,0.643,0.783,0.258,ATL,1610612737,Atlanta Hawks,35.6,840,1
1,2.04,2.54,39,682,2,2,480.0,45,196,63,0.154,1.089,1.063,0.212,BOS,1610612738,Boston Celtics,39.2,925,0
2,2.16,2.91,42,613,2,1,480.0,24,202,31,0.143,1.0,1.032,0.237,BKN,1610612751,Brooklyn Nets,41.4,854,1
3,1.97,2.65,46,654,2,1,480.0,32,195,44,0.348,0.875,0.841,0.219,CHA,1610612766,Charlotte Bobcats,39.3,889,1
4,2.32,2.82,62,728,2,0,505.0,38,194,48,0.242,0.605,0.521,0.205,CHI,1610612741,Chicago Bulls,44.5,946,2
5,1.85,2.48,57,721,2,1,480.0,31,228,42,0.211,0.806,0.643,0.235,CLE,1610612739,Cleveland Cavaliers,40.0,969,1
6,2.1,2.66,53,1015,3,0,720.0,51,340,72,0.208,1.255,1.056,0.244,DAL,1610612742,Dallas Mavericks,61.7,1394,3
7,2.24,2.76,60,886,3,0,720.0,67,382,71,0.25,0.851,0.817,0.31,DEN,1610612743,Denver Nuggets,56.8,1233,3
8,2.48,2.98,41,547,2,2,480.0,35,201,45,0.341,0.914,0.8,0.26,DET,1610612765,Detroit Pistons,38.5,774,0
9,2.28,2.85,64,1131,4,1,960.0,52,434,67,0.281,0.981,0.896,0.275,GSW,1610612744,Golden State Warriors,75.0,1578,3
10,1.99,2.65,41,1223,4,1,960.0,60,490,72,0.244,0.75,0.667,0.284,HOU,1610612745,Houston Rockets,76.1,1724,3
11,2.02,2.69,42,669,2,0,480.0,39,222,52,0.143,1.128,1.058,0.248,IND,1610612754,Indiana Pacers,40.1,895,2
12,1.9,2.51,94,1286,4,1,960.0,73,488,81,0.213,0.932,0.975,0.279,LAC,1610612746,Los Angeles Clippers,73.3,1750,3
13,2.05,2.71,144,1323,4,1,960.0,82,391,107,0.201,0.768,0.757,0.221,MEM,1610612763,Memphis Grizzlies,80.0,1770,3
14,2.19,2.74,37,609,2,0,480.0,29,210,38,0.351,1.207,1.132,0.247,MIA,1610612748,Miami Heat,38.8,850,2
15,2.37,2.89,60,617,2,0,480.0,27,202,35,0.2,0.704,0.714,0.236,MIL,1610612749,Milwaukee Bucks,41.2,856,2
16,2.05,2.68,118,1328,4,1,960.0,93,456,122,0.212,1.054,0.959,0.253,MIN,1610612750,Minnesota Timberwolves,80.4,1803,3
17,2.56,3.09,68,846,3,1,720.0,36,323,39,0.412,0.861,0.821,0.268,NOP,1610612740,New Orleans Pelicans,62.1,1206,2
18,2.27,2.97,56,569,2,1,480.0,21,206,24,0.464,1.333,1.292,0.254,NYK,1610612752,New York Knicks,40.2,811,1
19,2.19,2.72,73,1229,4,1,960.0,63,470,66,0.315,1.016,0.909,0.277,OKC,1610612760,Oklahoma City Thunder,76.9,1695,3
20,2.38,2.92,36,594,2,1,480.0,23,208,38,0.444,1.043,0.868,0.25,ORL,1610612753,Orlando Magic,40.5,831,1
21,1.74,2.33,31,678,2,1,480.0,47,209,53,0.226,0.745,0.849,0.226,PHI,1610612755,Philadelphia 76ers,35.9,923,1
22,2.2,2.75,56,1159,4,1,960.0,43,451,56,0.339,0.86,0.893,0.275,PHX,1610612756,Phoenix Suns,75.4,1642,3
23,2.18,2.76,65,966,3,1,720.0,31,344,46,0.215,1.194,0.978,0.258,POR,1610612757,Portland Trail Blazers,61.4,1335,2
24,2.36,2.95,77,1128,4,3,960.0,73,415,107,0.169,0.918,0.776,0.256,SAC,1610612758,Sacramento Kings,79.5,1620,1
25,1.85,2.36,93,1469,4,1,960.0,87,435,118,0.194,0.609,0.627,0.223,SAS,1610612759,San Antonio Spurs,76.6,1952,3
26,2.23,2.73,24,627,2,1,480.0,24,212,33,0.333,1.125,1.061,0.243,TOR,1610612761,Toronto Raptors,39.7,871,1
27,2.04,2.68,97,1365,4,2,960.0,62,404,104,0.278,0.742,0.529,0.222,UTA,1610612762,Utah Jazz,81.5,1823,2
28,1.91,2.56,31,619,2,0,480.0,26,233,36,0.161,0.769,0.889,0.259,WAS,1610612764,Washington Wizards,38.3,898,2
