,AVG_DRIB_PER_TOUCH,AVG_SEC_PER_TOUCH,ELBOW_TOUCHES,FRONT_CT_TOUCHES,GP,L,MIN,PAINT_TOUCHES,POINTS,POST_TOUCHES,PTS_PER_ELBOW_TOUCH,PTS_PER_PAINT_TOUCH,PTS_PER_POST_TOUCH,PTS_PER_TOUCH,TEAM_ABBREVIATION,TEAM_ID,TEAM_NAME,TIME_OF_POSS,TOUCHES,W
0,2.12,2.65,51,723,2,1,480.0,32,215,36,0.451,0.781,0.694,0.23,ATL,1610612737,Atlanta Hawks,41.3,933,1
1,2.41,2.88,27,597,2,2,480.0,26,193,31,0.481,0.808,0.742,0.24,BOS,1610612738,Boston Celtics,38.6,805,0
2,2.57,3.16,31,580,2,1,480.0,30,205,37,0.258,1.0,1.0,0.257,BKN,1610612751,Brooklyn Nets,42.0,798,1
3,1.91,2.68,38,638,2,1,480.0,40,180,54,0.368,0.75,0.722,0.203,CHA,1610612766,Charlotte Bobcats,39.6,885,1
4,2.32,2.84,40,657,2,2,480.0,40,177,59,0.375,0.5,0.661,0.202,CHI,1610612741,Chicago Bulls,41.5,875,0
5,2.07,2.78,32,639,2,1,480.0,30,168,36,0.25,0.8,0.889,0.196,CLE,1610612739,Cleveland Cavaliers,39.7,858,1
6,2.16,2.68,68,1249,4,3,960.0,62,455,82,0.176,1.129,1.0,0.258,DAL,1610612742,Dallas Mavericks,79.0,1765,1
7,2.52,3.0,46,1065,4,2,960.0,86,422,103,0.109,1.023,0.942,0.281,DEN,1610612743,Denver Nuggets,75.1,1503,2
8,2.6,3.18,32,537,2,2,480.0,25,206,27,0.125,1.16,1.148,0.272,DET,1610612765,Detroit Pistons,40.2,758,0
9,2.28,2.95,58,1118,4,2,960.0,52,429,69,0.552,1.0,0.928,0.273,GSW,1610612744,Golden State Warriors,77.0,1569,2
10,2.01,2.72,36,1165,4,4,960.0,60,412,80,0.472,0.917,0.775,0.251,HOU,1610612745,Houston Rockets,74.2,1640,0
11,2.34,2.89,35,617,2,0,480.0,42,211,51,0.486,0.929,0.961,0.247,IND,1610612754,Indiana Pacers,41.1,854,2
12,1.99,2.6,79,1267,4,3,960.0,56,394,68,0.443,0.857,0.735,0.22,LAL,1610612747,Los Angeles Lakers,77.8,1794,1
13,2.22,2.87,104,997,3,1,720.0,73,289,95,0.192,0.644,0.653,0.222,MEM,1610612763,Memphis Grizzlies,62.3,1301,2
14,2.37,2.84,39,616,2,0,480.0,30,218,34,0.256,1.1,1.118,0.249,MIA,1610612748,Miami Heat,41.5,875,2
15,2.07,2.59,70,706,2,2,480.0,57,184,61,0.271,0.684,0.689,0.199,MIL,1610612749,Milwaukee Bucks,40.0,925,0
16,2.0,2.61,120,1374,4,4,985.0,89,425,104,0.2,1.022,0.952,0.225,MIN,1610612750,Minnesota Timberwolves,82.3,1889,0
17,2.52,3.08,81,1156,4,3,960.0,63,379,83,0.296,1.016,0.867,0.231,NOP,1610612740,New Orleans Pelicans,84.1,1640,1
18,2.29,2.88,32,615,2,2,480.0,25,175,30,0.188,1.04,0.933,0.205,NYK,1610612752,New York Knicks,41.0,855,0
19,2.48,3.03,68,1082,4,2,960.0,65,432,74,0.324,1.0,0.986,0.281,OKC,1610612760,Oklahoma City Thunder,77.7,1540,2
20,2.32,2.95,25,584,2,1,480.0,26,179,31,0.44,0.769,0.613,0.218,ORL,1610612753,Orlando Magic,40.4,821,1
21,1.74,2.41,36,674,2,2,480.0,40,161,47,0.111,0.775,0.66,0.178,PHI,1610612755,Philadelphia 76ers,36.3,903,0
22,2.34,2.88,55,1164,4,3,960.0,56,416,65,0.255,0.893,0.938,0.258,PHX,1610612756,Phoenix Suns,77.3,1613,1
23,2.29,2.78,57,977,3,1,745.0,45,343,52,0.158,0.822,0.769,0.256,POR,1610612757,Portland Trail Blazers,62.0,1339,2
24,2.28,2.99,83,1229,4,4,985.0,75,402,99,0.337,1.027,0.919,0.24,SAC,1610612758,Sacramento Kings,83.3,1674,0
25,2.03,2.56,87,1082,3,1,720.0,65,321,95,0.322,0.846,0.716,0.226,SAS,1610612759,San Antonio Spurs,60.6,1421,2
26,2.15,2.74,25,650,2,2,480.0,37,223,45,0.32,1.108,0.956,0.247,TOR,1610612761,Toronto Raptors,41.3,903,0
27,2.09,2.77,84,1075,3,3,720.0,38,264,59,0.071,0.842,0.644,0.189,UTA,1610612762,Utah Jazz,64.6,1398,0
28,1.66,2.63,33,654,2,2,480.0,35,200,49,0.182,0.714,0.673,0.227,WAS,1610612764,Washington Wizards,38.6,882,0
