,AVG_DRIB_PER_TOUCH,AVG_SEC_PER_TOUCH,ELBOW_TOUCHES,FRONT_CT_TOUCHES,GP,L,MIN,PAINT_TOUCHES,POINTS,POST_TOUCHES,PTS_PER_ELBOW_TOUCH,PTS_PER_PAINT_TOUCH,PTS_PER_POST_TOUCH,PTS_PER_TOUCH,TEAM_ABBREVIATION,TEAM_ID,TEAM_NAME,TIME_OF_POSS,TOUCHES,W
0,1.98,2.48,38,758,2,2,480.0,26,197,31,0.342,0.654,0.742,0.2,ATL,1610612737,Atlanta Hawks,40.7,985,0
1,2.2,2.72,35,604,2,2,480.0,24,185,29,0.343,0.708,0.655,0.222,BOS,1610612738,Boston Celtics,37.8,835,0
2,2.55,3.17,21,566,2,1,480.0,26,188,38,0.286,0.923,0.895,0.239,BKN,1610612751,Brooklyn Nets,41.5,786,1
3,1.98,2.71,54,697,2,0,480.0,21,206,37,0.204,0.714,0.568,0.218,CHA,1610612766,Charlotte Bobcats,42.7,945,2
4,2.21,2.9,67,708,2,1,480.0,36,190,50,0.134,0.75,0.72,0.207,CHI,1610612741,Chicago Bulls,44.4,919,1
5,2.29,2.82,48,651,2,1,505.0,18,207,27,0.25,0.222,0.259,0.224,CLE,1610612739,Cleveland Cavaliers,43.5,926,1
6,2.08,2.62,74,1323,4,3,985.0,55,401,77,0.432,0.909,0.74,0.216,DAL,1610612742,Dallas Mavericks,81.2,1858,1
7,2.49,2.94,54,1052,4,2,960.0,61,416,69,0.185,0.672,0.652,0.278,DEN,1610612743,Denver Nuggets,73.6,1499,2
8,2.53,3.09,52,565,2,2,480.0,26,191,28,0.308,0.923,1.0,0.245,DET,1610612765,Detroit Pistons,40.2,781,0
9,2.29,2.84,35,925,3,1,745.0,41,320,52,0.2,0.756,0.75,0.247,HOU,1610612745,Houston Rockets,61.3,1296,2
10,2.18,2.86,57,638,2,1,480.0,27,198,29,0.368,0.519,0.655,0.232,IND,1610612754,Indiana Pacers,40.7,853,1
11,1.95,2.63,93,1234,4,2,960.0,42,432,53,0.194,0.952,0.943,0.251,LAC,1610612746,Los Angeles Clippers,75.3,1721,2
12,2.04,2.59,87,1278,4,3,960.0,45,374,49,0.345,0.733,0.714,0.209,LAL,1610612747,Los Angeles Lakers,77.2,1789,1
13,2.28,2.92,128,1307,4,2,985.0,88,371,114,0.219,0.625,0.658,0.212,MEM,1610612763,Memphis Grizzlies,85.1,1750,2
14,2.57,2.95,37,578,2,1,480.0,33,225,32,0.378,1.03,1.031,0.27,MIA,1610612748,Miami Heat,40.9,832,1
15,2.42,2.77,53,642,2,2,480.0,37,190,38,0.226,0.784,0.737,0.22,MIL,1610612749,Milwaukee Bucks,39.9,865,0
16,2.02,2.64,86,961,3,2,720.0,72,334,85,0.14,0.861,0.824,0.246,MIN,1610612750,Minnesota Timberwolves,59.7,1357,1
17,2.19,2.83,75,871,3,3,720.0,42,281,46,0.307,0.833,0.87,0.226,NOP,1610612740,New Orleans Pelicans,58.8,1246,0
18,2.41,2.96,45,559,2,1,480.0,19,192,23,0.378,0.632,0.522,0.238,NYK,1610612752,New York Knicks,39.8,807,1
19,2.44,2.94,57,857,3,1,745.0,45,355,50,0.281,0.644,0.68,0.289,OKC,1610612760,Oklahoma City Thunder,60.2,1228,2
20,2.12,2.89,28,595,2,2,480.0,19,170,27,0.429,0.895,0.926,0.205,ORL,1610612753,Orlando Magic,39.9,828,0
21,1.81,2.43,34,665,2,2,480.0,30,170,40,0.118,0.5,0.55,0.185,PHI,1610612755,Philadelphia 76ers,37.1,918,0
22,2.39,2.97,67,1188,4,2,960.0,44,421,58,0.194,0.818,0.897,0.255,PHX,1610612756,Phoenix Suns,81.8,1654,2
23,2.5,2.94,82,1215,4,2,985.0,32,432,37,0.268,0.969,1.027,0.253,POR,1610612757,Portland Trail Blazers,83.6,1706,2
24,2.4,2.82,78,880,3,3,720.0,30,248,46,0.282,0.567,0.457,0.201,SAC,1610612758,Sacramento Kings,57.9,1233,0
25,2.25,2.65,99,1385,4,0,960.0,67,390,99,0.253,0.716,0.535,0.217,SAS,1610612759,San Antonio Spurs,79.5,1799,4
26,2.41,2.9,27,652,2,1,480.0,28,207,29,0.37,1.179,1.138,0.233,TOR,1610612761,Toronto Raptors,43.0,889,1
27,2.29,2.81,99,1300,4,4,960.0,47,367,63,0.263,0.511,0.54,0.21,UTA,1610612762,Utah Jazz,81.8,1746,0
28,2.12,2.72,53,639,2,1,480.0,24,184,32,0.226,0.917,0.75,0.208,WAS,1610612764,Washington Wizards,40.1,884,1
