,AVG_DRIB_PER_TOUCH,AVG_SEC_PER_TOUCH,ELBOW_TOUCHES,FRONT_CT_TOUCHES,GP,L,MIN,PAINT_TOUCHES,POINTS,POST_TOUCHES,PTS_PER_ELBOW_TOUCH,PTS_PER_PAINT_TOUCH,PTS_PER_POST_TOUCH,PTS_PER_TOUCH,TEAM_ABBREVIATION,TEAM_ID,TEAM_NAME,TIME_OF_POSS,TOUCHES,W
0,2.01,2.5,83,1343,4,2,960.0,55,410,68,0.602,0.727,0.632,0.233,ATL,1610612737,Atlanta Hawks,73.2,1759,2
1,2.26,2.67,67,1233,4,1,960.0,47,398,71,0.254,1.021,0.901,0.235,BOS,1610612738,Boston Celtics,75.4,1692,3
2,2.06,2.69,106,1229,4,2,960.0,54,395,70,0.17,0.815,0.871,0.234,BKN,1610612751,Brooklyn Nets,75.7,1691,2
3,1.82,2.46,105,1389,4,2,985.0,36,390,56,0.267,1.444,1.179,0.212,CHA,1610612766,Charlotte Bobcats,75.3,1838,2
4,2.02,2.61,96,1087,3,1,795.0,51,318,72,0.292,0.941,0.75,0.219,CHI,1610612741,Chicago Bulls,63.1,1452,2
5,2.2,2.72,100,1291,4,0,985.0,55,416,57,0.3,0.782,0.737,0.238,CLE,1610612739,Cleveland Cavaliers,79.2,1751,4
6,2.31,2.7,27,616,2,0,480.0,29,215,33,0.148,0.724,0.818,0.25,DAL,1610612742,Dallas Mavericks,38.6,860,2
7,2.32,2.82,39,580,2,0,480.0,31,240,43,0.564,1.0,1.023,0.307,DEN,1610612743,Denver Nuggets,36.8,782,2
8,2.23,2.68,51,853,3,2,720.0,34,293,43,0.255,0.941,0.791,0.246,DET,1610612765,Detroit Pistons,53.2,1191,1
9,2.35,3.0,28,511,2,0,480.0,21,197,28,0.857,0.952,0.893,0.276,GSW,1610612744,Golden State Warriors,35.8,715,2
10,1.97,2.6,35,673,2,0,480.0,41,199,45,0.114,0.854,0.822,0.217,HOU,1610612745,Houston Rockets,39.9,918,2
11,2.26,2.76,80,1248,4,1,960.0,51,388,77,0.25,0.961,0.675,0.231,IND,1610612754,Indiana Pacers,77.5,1683,3
12,1.9,2.46,57,649,2,1,480.0,30,191,32,0.281,0.7,0.781,0.218,LAC,1610612746,Los Angeles Clippers,35.8,876,1
13,1.78,2.39,43,685,2,1,480.0,29,208,32,0.372,0.862,0.906,0.227,LAL,1610612747,Los Angeles Lakers,36.4,915,1
14,2.37,2.9,56,647,2,0,480.0,38,180,47,0.143,0.711,0.745,0.209,MEM,1610612763,Memphis Grizzlies,41.7,863,2
15,2.22,2.74,74,1220,4,0,960.0,66,443,84,0.432,0.985,0.869,0.262,MIA,1610612748,Miami Heat,77.4,1692,4
16,2.25,2.62,130,1325,4,2,960.0,51,402,65,0.246,0.765,0.615,0.224,MIL,1610612749,Milwaukee Bucks,78.4,1795,2
17,2.04,2.76,64,625,2,1,505.0,32,212,37,0.234,1.313,1.189,0.245,MIN,1610612750,Minnesota Timberwolves,39.9,867,1
18,2.5,2.94,59,532,2,1,480.0,30,190,23,0.203,0.9,0.826,0.248,NOP,1610612740,New Orleans Pelicans,37.5,765,1
19,2.53,3.08,60,880,3,1,770.0,19,345,25,0.433,1.105,0.76,0.282,NYK,1610612752,New York Knicks,62.9,1223,2
20,2.27,2.94,43,543,2,1,480.0,21,203,23,0.326,0.905,0.826,0.269,OKC,1610612760,Oklahoma City Thunder,37.1,756,1
21,1.94,2.53,79,1321,4,3,1010.0,68,391,83,0.354,0.647,0.554,0.219,PHI,1610612755,Philadelphia 76ers,75.3,1788,1
22,2.14,2.66,45,601,2,0,480.0,25,213,34,0.222,0.92,0.912,0.255,PHX,1610612756,Phoenix Suns,37.0,834,2
23,2.14,2.65,52,623,2,1,480.0,21,195,34,0.346,1.048,0.647,0.236,POR,1610612757,Portland Trail Blazers,36.4,825,1
24,2.23,2.84,45,558,2,0,480.0,30,208,37,0.244,0.633,0.649,0.266,SAC,1610612758,Sacramento Kings,37.1,783,2
25,1.8,2.33,52,688,2,0,480.0,38,230,49,0.462,0.737,0.653,0.246,SAS,1610612759,San Antonio Spurs,36.2,935,2
26,2.31,2.84,49,939,3,0,720.0,36,301,47,0.367,0.917,0.872,0.239,TOR,1610612761,Toronto Raptors,59.7,1261,3
27,2.09,2.66,65,715,2,0,480.0,26,175,39,0.2,0.5,0.487,0.191,UTA,1610612762,Utah Jazz,40.7,918,2
28,2.01,2.59,114,1292,4,0,985.0,59,414,72,0.246,0.898,0.708,0.233,WAS,1610612764,Washington Wizards,76.8,1779,4
