,AVG_DRIB_PER_TOUCH,AVG_SEC_PER_TOUCH,ELBOW_TOUCHES,FRONT_CT_TOUCHES,GP,L,MIN,PAINT_TOUCHES,POINTS,POST_TOUCHES,PTS_PER_ELBOW_TOUCH,PTS_PER_PAINT_TOUCH,PTS_PER_POST_TOUCH,PTS_PER_TOUCH,TEAM_ABBREVIATION,TEAM_ID,TEAM_NAME,TIME_OF_POSS,TOUCHES,W
0,2.11,2.52,38,1002,3,0,720.0,51,341,69,0.789,0.98,0.754,0.25,ATL,1610612737,Atlanta Hawks,57.3,1365,3
1,2.25,2.74,57,1262,4,3,960.0,55,418,78,0.474,1.018,0.795,0.24,BOS,1610612738,Boston Celtics,79.7,1744,1
2,2.12,2.7,69,1267,4,1,985.0,69,463,87,0.217,1.087,1.057,0.251,BKN,1610612751,Brooklyn Nets,82.9,1842,3
3,1.9,2.44,91,1431,4,1,960.0,57,431,79,0.198,0.877,0.937,0.22,CHA,1610612766,Charlotte Bobcats,79.6,1958,3
4,2.14,2.68,100,1315,4,1,960.0,72,400,83,0.39,0.903,0.892,0.221,CHI,1610612741,Chicago Bulls,80.7,1810,3
5,2.24,2.79,76,1345,4,1,1010.0,55,431,74,0.263,0.618,0.541,0.23,CLE,1610612739,Cleveland Cavaliers,87.1,1875,3
6,1.92,2.45,39,694,2,0,480.0,32,221,37,0.205,1.125,1.189,0.225,DAL,1610612742,Dallas Mavericks,40.1,984,2
7,2.33,2.73,42,610,2,1,480.0,36,205,36,0.31,0.917,0.861,0.236,DEN,1610612743,Denver Nuggets,39.5,869,1
8,2.22,2.67,72,1198,4,1,960.0,67,440,81,0.361,0.955,0.815,0.251,DET,1610612765,Detroit Pistons,78.1,1754,3
9,2.42,2.94,29,555,2,0,480.0,31,233,40,0.655,0.968,0.7,0.302,GSW,1610612744,Golden State Warriors,37.8,772,2
10,1.85,2.39,23,781,2,1,505.0,31,237,33,0.174,1.097,1.091,0.23,HOU,1610612745,Houston Rockets,41.2,1032,1
11,2.47,2.95,51,910,3,0,720.0,46,306,69,0.294,0.978,0.971,0.242,IND,1610612754,Indiana Pacers,62.3,1266,3
12,1.91,2.43,49,661,2,0,480.0,21,217,27,0.245,0.905,1.0,0.233,LAC,1610612746,Los Angeles Clippers,37.7,931,2
13,2.26,2.71,32,628,2,1,480.0,31,216,36,0.469,0.968,0.944,0.244,LAL,1610612747,Los Angeles Lakers,39.9,885,1
14,2.1,2.64,53,652,2,0,480.0,54,220,68,0.189,0.963,0.897,0.244,MEM,1610612763,Memphis Grizzlies,39.8,903,2
15,2.13,2.59,63,1029,3,2,720.0,42,298,53,0.254,0.81,0.792,0.21,MIA,1610612748,Miami Heat,61.1,1417,1
16,1.95,2.45,81,1116,3,1,745.0,55,353,67,0.16,0.545,0.612,0.227,MIL,1610612749,Milwaukee Bucks,63.4,1555,2
17,2.2,2.71,66,693,2,0,480.0,46,232,62,0.152,0.848,0.645,0.242,MIN,1610612750,Minnesota Timberwolves,43.2,958,2
18,2.14,2.65,33,596,2,0,480.0,17,256,24,0.182,1.059,1.083,0.295,NOP,1610612740,New Orleans Pelicans,38.3,868,2
19,2.36,2.86,78,1134,4,1,960.0,41,424,44,0.5,0.927,0.932,0.255,NYK,1610612752,New York Knicks,79.3,1666,3
20,2.44,3.06,30,544,2,0,480.0,34,228,40,0.467,1.294,1.175,0.3,OKC,1610612760,Oklahoma City Thunder,38.8,761,2
21,2.35,2.83,55,1312,4,1,1010.0,54,423,65,0.527,0.87,0.8,0.234,ORL,1610612753,Orlando Magic,85.5,1810,3
22,2.28,2.81,32,629,2,0,480.0,24,239,44,0.188,1.083,0.886,0.267,PHX,1610612756,Phoenix Suns,41.9,896,2
23,2.08,2.47,51,673,2,1,480.0,26,238,36,0.392,0.769,0.778,0.253,POR,1610612757,Portland Trail Blazers,38.7,942,1
24,2.36,2.86,33,558,2,1,480.0,21,219,38,0.424,0.905,0.842,0.266,SAC,1610612758,Sacramento Kings,39.2,824,1
25,1.91,2.4,33,746,2,0,480.0,51,222,66,0.152,0.765,0.652,0.23,SAS,1610612759,San Antonio Spurs,38.7,967,2
26,2.26,2.82,54,1280,4,0,960.0,52,445,63,0.333,0.904,0.889,0.253,TOR,1610612761,Toronto Raptors,82.4,1756,4
27,2.17,2.74,32,670,2,0,480.0,26,209,33,0.188,0.423,0.576,0.228,UTA,1610612762,Utah Jazz,41.9,918,2
28,1.98,2.54,63,1314,4,1,960.0,62,447,82,0.175,0.871,0.756,0.241,WAS,1610612764,Washington Wizards,78.5,1854,3
