,AVG_DRIB_PER_TOUCH,AVG_SEC_PER_TOUCH,ELBOW_TOUCHES,FRONT_CT_TOUCHES,GP,L,MIN,PAINT_TOUCHES,POINTS,POST_TOUCHES,PTS_PER_ELBOW_TOUCH,PTS_PER_PAINT_TOUCH,PTS_PER_POST_TOUCH,PTS_PER_TOUCH,TEAM_ABBREVIATION,TEAM_ID,TEAM_NAME,TIME_OF_POSS,TOUCHES,W
0,2.16,2.52,60,1334,4,2,960.0,54,388,69,0.417,1.056,0.928,0.221,ATL,1610612737,Atlanta Hawks,73.7,1759,2
1,2.24,2.75,101,1195,4,1,960.0,74,387,82,0.297,0.824,0.841,0.237,BKN,1610612751,Brooklyn Nets,74.9,1631,3
2,1.95,2.38,74,1065,3,2,720.0,54,278,70,0.108,0.685,0.786,0.198,CHA,1610612766,Charlotte Bobcats,55.8,1406,1
3,2.2,2.63,91,981,3,0,720.0,61,295,79,0.374,0.918,0.835,0.223,CHI,1610612741,Chicago Bulls,58.1,1324,3
4,2.25,2.51,62,937,3,3,720.0,33,285,37,0.097,0.515,0.676,0.22,CLE,1610612739,Cleveland Cavaliers,54.0,1293,0
5,2.44,2.78,33,608,2,0,480.0,27,196,27,0.333,0.963,0.815,0.23,DAL,1610612742,Dallas Mavericks,39.4,851,2
6,2.5,2.79,17,522,2,1,480.0,35,227,41,0.412,1.171,1.0,0.296,DEN,1610612743,Denver Nuggets,35.7,768,1
7,2.69,3.06,62,1022,4,1,960.0,52,420,67,0.274,1.058,1.015,0.285,DET,1610612765,Detroit Pistons,75.1,1473,3
8,2.63,2.94,34,576,2,0,480.0,33,207,37,0.5,0.818,0.73,0.265,GSW,1610612744,Golden State Warriors,38.2,781,2
9,2.06,2.47,19,579,2,0,480.0,31,213,37,0.368,1.032,0.919,0.256,HOU,1610612745,Houston Rockets,34.2,831,2
10,2.4,2.82,81,1197,4,0,960.0,79,399,89,0.333,1.038,0.966,0.242,IND,1610612754,Indiana Pacers,77.4,1647,4
11,2.09,2.53,48,644,2,0,480.0,28,207,31,0.333,0.5,0.613,0.236,LAC,1610612746,Los Angeles Clippers,37.0,877,2
12,2.1,2.47,42,624,2,0,480.0,19,208,20,0.5,0.737,0.7,0.237,LAL,1610612747,Los Angeles Lakers,36.2,878,2
13,2.2,2.65,50,610,2,0,480.0,35,195,42,0.1,0.629,0.714,0.231,MEM,1610612763,Memphis Grizzlies,37.3,844,2
14,2.47,2.81,54,862,3,2,720.0,48,299,59,0.37,1.313,1.153,0.25,MIA,1610612748,Miami Heat,56.0,1197,1
15,2.18,2.48,140,1289,4,2,960.0,71,383,90,0.129,0.958,0.889,0.219,MIL,1610612749,Milwaukee Bucks,72.2,1747,2
16,2.09,2.56,54,640,2,1,480.0,41,203,52,0.185,0.659,0.673,0.232,MIN,1610612750,Minnesota Timberwolves,37.3,874,1
17,2.74,2.96,49,565,2,0,505.0,22,216,22,0.286,1.273,1.273,0.266,NOP,1610612740,New Orleans Pelicans,40.1,812,2
18,2.68,3.07,84,1130,4,2,960.0,46,389,58,0.393,0.935,0.897,0.246,NYK,1610612752,New York Knicks,80.8,1581,2
19,2.22,2.85,53,607,2,0,480.0,21,220,31,0.453,1.095,0.871,0.269,OKC,1610612760,Oklahoma City Thunder,38.8,817,2
20,2.36,2.77,65,1192,4,3,960.0,54,376,68,0.169,0.981,1.0,0.224,ORL,1610612753,Orlando Magic,77.7,1682,1
21,1.92,2.4,69,1295,4,1,960.0,70,427,85,0.246,0.971,0.882,0.24,PHI,1610612755,Philadelphia 76ers,71.2,1777,3
22,2.25,2.65,26,561,2,0,480.0,23,187,31,0.231,1.087,1.129,0.236,PHX,1610612756,Phoenix Suns,34.9,791,2
23,2.33,2.72,47,607,2,0,480.0,24,221,31,0.298,0.875,0.742,0.254,POR,1610612757,Portland Trail Blazers,39.4,870,2
24,2.7,3.1,35,532,2,1,480.0,23,194,28,0.343,1.043,0.786,0.253,SAC,1610612758,Sacramento Kings,39.5,766,1
25,2.06,2.46,42,677,2,0,480.0,32,208,46,0.167,0.938,0.826,0.231,SAS,1610612759,San Antonio Spurs,36.8,899,2
26,2.55,2.87,85,1219,4,1,960.0,51,380,61,0.224,0.804,0.77,0.228,TOR,1610612761,Toronto Raptors,79.6,1667,3
27,2.3,2.75,39,601,2,1,480.0,24,197,34,0.513,1.083,0.971,0.234,UTA,1610612762,Utah Jazz,38.6,843,1
28,1.95,2.43,92,1337,4,1,985.0,49,453,63,0.315,1.245,1.079,0.247,WAS,1610612764,Washington Wizards,74.3,1834,3
