,AVG_DRIB_PER_TOUCH,AVG_SEC_PER_TOUCH,ELBOW_TOUCHES,FRONT_CT_TOUCHES,GP,L,MIN,PAINT_TOUCHES,POINTS,POST_TOUCHES,PTS_PER_ELBOW_TOUCH,PTS_PER_PAINT_TOUCH,PTS_PER_POST_TOUCH,PTS_PER_TOUCH,TEAM_ABBREVIATION,TEAM_ID,TEAM_NAME,TIME_OF_POSS,TOUCHES,W
0,2.09,2.63,40,671,2,1,480.0,34,204,39,0.375,0.824,0.744,0.229,ATL,1610612737,Atlanta Hawks,39.0,890,1
1,2.24,2.74,28,656,2,1,480.0,38,204,44,0.0,0.974,0.932,0.229,BOS,1610612738,Boston Celtics,40.6,889,1
2,2.42,3.03,30,578,2,1,480.0,25,199,35,0.267,0.48,0.571,0.251,BKN,1610612751,Brooklyn Nets,40.0,793,1
3,2.21,2.85,29,613,2,0,480.0,27,206,38,0.724,1.074,1.026,0.238,CHA,1610612766,Charlotte Bobcats,41.1,867,2
4,2.08,2.65,42,685,2,1,480.0,34,204,48,0.31,0.882,0.646,0.221,CHI,1610612741,Chicago Bulls,40.6,921,1
5,2.39,2.93,46,624,2,0,480.0,33,215,43,0.457,0.758,0.698,0.249,CLE,1610612739,Cleveland Cavaliers,42.1,862,2
6,2.23,2.7,76,1270,4,3,960.0,41,428,63,0.355,1.0,0.857,0.238,DAL,1610612742,Dallas Mavericks,80.9,1798,1
7,2.55,3.04,31,541,2,1,480.0,16,235,34,0.258,0.75,0.706,0.298,DET,1610612765,Detroit Pistons,39.9,789,1
8,2.63,3.11,62,1085,4,2,960.0,52,420,70,0.516,1.096,0.986,0.273,GSW,1610612744,Golden State Warriors,79.6,1536,2
9,1.87,2.45,30,970,3,1,745.0,36,368,52,0.433,0.639,0.769,0.263,HOU,1610612745,Houston Rockets,57.1,1400,2
10,2.2,2.74,42,653,2,1,480.0,34,215,42,0.429,1.0,1.0,0.243,IND,1610612754,Indiana Pacers,40.4,885,1
11,1.98,2.5,123,1385,4,2,960.0,56,444,76,0.195,0.768,0.816,0.239,LAC,1610612746,Los Angeles Clippers,77.5,1858,2
12,1.89,2.33,61,988,3,3,720.0,37,340,50,0.311,0.838,0.72,0.249,LAL,1610612747,Los Angeles Lakers,53.0,1367,0
13,2.31,2.89,141,1312,4,1,960.0,80,422,105,0.255,0.838,0.886,0.24,MEM,1610612763,Memphis Grizzlies,84.6,1759,3
14,2.31,2.85,37,571,2,1,480.0,33,204,39,0.216,0.879,0.744,0.255,MIA,1610612748,Miami Heat,37.9,800,1
15,2.2,2.54,59,694,2,2,480.0,31,190,40,0.203,0.548,0.6,0.205,MIL,1610612749,Milwaukee Bucks,39.3,926,0
16,2.03,2.58,150,1294,4,2,960.0,71,472,90,0.213,0.901,0.767,0.261,MIN,1610612750,Minnesota Timberwolves,77.7,1805,2
17,2.46,2.93,114,1216,4,2,985.0,56,416,72,0.254,0.857,0.778,0.242,NOP,1610612740,New Orleans Pelicans,84.0,1719,2
18,2.41,2.91,40,594,2,1,480.0,25,212,35,0.45,0.88,0.914,0.252,NYK,1610612752,New York Knicks,40.7,840,1
19,2.31,2.82,75,1213,4,1,960.0,53,425,67,0.187,0.811,0.746,0.255,OKC,1610612760,Oklahoma City Thunder,78.5,1669,3
20,2.54,3.02,29,558,2,2,480.0,31,206,35,0.414,0.774,0.686,0.259,ORL,1610612753,Orlando Magic,40.0,795,0
21,1.87,2.45,47,651,2,1,480.0,37,206,42,0.064,0.811,0.786,0.233,PHI,1610612755,Philadelphia 76ers,36.0,883,1
22,2.29,2.82,65,1254,4,0,985.0,44,446,70,0.262,0.818,0.643,0.258,PHX,1610612756,Phoenix Suns,81.4,1732,4
23,2.29,2.73,90,1237,4,0,960.0,49,425,73,0.256,0.653,0.548,0.247,POR,1610612757,Portland Trail Blazers,78.3,1723,4
24,2.35,2.93,88,859,3,1,720.0,45,316,46,0.352,0.8,0.826,0.254,SAC,1610612758,Sacramento Kings,60.6,1242,2
25,1.96,2.43,80,1095,3,0,720.0,79,343,103,0.313,0.81,0.796,0.234,SAS,1610612759,San Antonio Spurs,59.2,1463,3
26,2.77,3.15,33,595,2,1,480.0,19,198,26,0.364,0.789,0.962,0.249,TOR,1610612761,Toronto Raptors,41.8,796,1
27,2.22,2.72,82,1288,4,2,960.0,61,396,98,0.28,0.934,0.765,0.223,UTA,1610612762,Utah Jazz,80.4,1777,2
28,2.07,2.53,37,636,2,2,480.0,20,176,35,0.216,0.8,0.686,0.2,WAS,1610612764,Washington Wizards,37.1,881,0
