,AVG_DRIB_PER_TOUCH,AVG_SEC_PER_TOUCH,ELBOW_TOUCHES,FRONT_CT_TOUCHES,GP,L,MIN,PAINT_TOUCHES,POINTS,POST_TOUCHES,PTS_PER_ELBOW_TOUCH,PTS_PER_PAINT_TOUCH,PTS_PER_POST_TOUCH,PTS_PER_TOUCH,TEAM_ABBREVIATION,TEAM_ID,TEAM_NAME,TIME_OF_POSS,TOUCHES,W
0,2.04,2.51,44,626,2,0,480.0,27,230,31,0.318,1.074,0.839,0.273,ATL,1610612737,Atlanta Hawks,35.3,842,2
1,2.52,2.87,33,555,2,1,480.0,37,195,48,0.212,0.946,0.854,0.249,BOS,1610612738,Boston Celtics,37.5,784,1
2,2.22,2.78,18,559,2,0,480.0,36,209,51,0.111,0.944,0.902,0.265,BKN,1610612751,Brooklyn Nets,36.5,790,2
3,2.04,2.71,31,589,2,2,480.0,19,165,22,0.258,0.421,0.545,0.208,CHA,1610612766,Charlotte Bobcats,35.9,794,0
4,2.02,2.62,51,661,2,1,505.0,34,180,52,0.275,0.647,0.75,0.2,CHI,1610612741,Chicago Bulls,39.3,900,1
5,2.23,2.79,46,596,2,0,480.0,30,212,40,0.283,0.933,0.75,0.259,CLE,1610612739,Cleveland Cavaliers,38.1,819,2
6,2.41,2.85,63,1111,4,0,960.0,57,409,63,0.333,0.877,0.825,0.257,DAL,1610612742,Dallas Mavericks,75.8,1594,4
7,2.46,2.89,72,1049,4,2,960.0,72,397,89,0.319,0.778,0.685,0.266,DEN,1610612743,Denver Nuggets,72.0,1494,2
8,2.63,3.12,32,471,2,1,480.0,22,203,31,0.406,1.091,0.839,0.288,DET,1610612765,Detroit Pistons,36.7,705,1
9,2.61,3.03,56,991,4,0,960.0,47,425,58,0.321,0.936,0.897,0.299,GSW,1610612744,Golden State Warriors,71.9,1422,4
10,2.36,2.84,27,809,3,1,720.0,44,331,57,0.074,0.977,0.825,0.29,HOU,1610612745,Houston Rockets,54.0,1141,2
11,2.25,2.78,51,596,2,0,480.0,34,189,40,0.471,0.882,0.825,0.234,IND,1610612754,Indiana Pacers,37.5,809,2
12,2.01,2.67,66,841,3,0,720.0,39,296,53,0.106,0.821,0.792,0.261,LAC,1610612746,Los Angeles Clippers,50.5,1135,3
13,2.0,2.57,70,1149,4,2,960.0,66,411,58,0.471,0.939,0.966,0.256,LAL,1610612747,Los Angeles Lakers,69.0,1608,2
14,2.25,2.88,114,933,3,0,720.0,73,291,83,0.228,0.74,0.759,0.234,MEM,1610612763,Memphis Grizzlies,59.8,1245,3
15,2.27,2.7,30,525,2,1,480.0,24,206,27,0.367,1.167,1.296,0.27,MIA,1610612748,Miami Heat,34.3,762,1
16,2.3,2.7,62,581,2,1,480.0,33,201,35,0.177,1.091,0.971,0.257,MIL,1610612749,Milwaukee Bucks,35.3,782,1
17,2.15,2.69,145,1237,4,1,1010.0,90,461,109,0.11,0.922,0.862,0.268,MIN,1610612750,Minnesota Timberwolves,77.2,1723,3
18,2.53,2.99,92,1101,4,2,960.0,45,408,62,0.293,1.067,0.984,0.263,NOP,1610612740,New Orleans Pelicans,77.3,1553,2
19,2.78,3.23,43,501,2,0,480.0,30,200,32,0.093,1.133,1.188,0.273,NYK,1610612752,New York Knicks,39.4,732,2
20,2.19,2.77,81,1117,4,1,960.0,44,413,55,0.086,0.727,0.836,0.264,OKC,1610612760,Oklahoma City Thunder,72.4,1567,3
21,2.38,2.96,27,542,2,2,480.0,24,170,36,0.148,0.75,0.667,0.23,ORL,1610612753,Orlando Magic,36.4,738,0
22,2.04,2.58,28,574,2,2,480.0,27,192,36,0.25,0.704,0.694,0.242,PHI,1610612755,Philadelphia 76ers,34.0,793,0
23,2.38,2.89,69,1100,4,2,960.0,43,389,60,0.304,0.907,0.817,0.255,PHX,1610612756,Phoenix Suns,73.3,1525,2
24,2.4,2.79,68,1133,4,0,960.0,54,448,68,0.353,0.944,0.868,0.278,POR,1610612757,Portland Trail Blazers,75.1,1614,4
25,2.4,2.84,67,869,3,2,745.0,42,312,56,0.164,0.905,0.929,0.253,SAC,1610612758,Sacramento Kings,58.5,1235,1
26,2.11,2.59,93,1240,4,0,960.0,88,422,98,0.387,0.966,1.01,0.252,SAS,1610612759,San Antonio Spurs,72.2,1675,4
27,2.28,2.82,45,630,2,0,480.0,29,209,40,0.222,1.0,0.875,0.255,TOR,1610612761,Toronto Raptors,38.6,819,2
28,2.32,2.76,39,557,2,1,480.0,29,205,33,0.359,0.897,0.909,0.264,WAS,1610612764,Washington Wizards,35.7,776,1
