,AVG_DRIB_PER_TOUCH,AVG_SEC_PER_TOUCH,ELBOW_TOUCHES,FRONT_CT_TOUCHES,GP,L,MIN,PAINT_TOUCHES,POINTS,POST_TOUCHES,PTS_PER_ELBOW_TOUCH,PTS_PER_PAINT_TOUCH,PTS_PER_POST_TOUCH,PTS_PER_TOUCH,TEAM_ABBREVIATION,TEAM_ID,TEAM_NAME,TIME_OF_POSS,TOUCHES,W
0,1.89,2.42,87,1465,4,1,985.0,65,411,74,0.322,0.815,0.824,0.219,ATL,1610612737,Atlanta Hawks,75.8,1881,3
1,2.31,2.72,51,935,3,1,720.0,31,285,43,0.137,0.903,0.651,0.227,BOS,1610612738,Boston Celtics,56.9,1253,2
2,2.15,2.77,119,1157,4,2,985.0,45,411,49,0.193,1.0,0.939,0.253,BKN,1610612751,Brooklyn Nets,74.9,1623,2
3,2.15,2.68,110,1326,4,1,985.0,55,364,79,0.218,0.618,0.734,0.202,CHI,1610612741,Chicago Bulls,80.5,1802,3
4,2.08,2.65,102,1275,4,4,985.0,41,350,63,0.284,0.415,0.413,0.203,CLE,1610612739,Cleveland Cavaliers,75.9,1720,0
5,2.08,2.63,32,602,2,1,480.0,20,178,23,0.25,0.8,0.739,0.217,DAL,1610612742,Dallas Mavericks,35.9,819,1
6,2.28,2.63,48,562,2,2,480.0,42,196,53,0.375,0.69,0.585,0.246,DEN,1610612743,Denver Nuggets,34.9,796,0
7,2.41,2.96,63,809,3,3,720.0,39,300,57,0.19,0.769,0.561,0.267,DET,1610612765,Detroit Pistons,55.5,1124,0
8,2.29,2.73,29,524,2,2,480.0,20,186,30,0.207,0.85,0.633,0.251,GSW,1610612744,Golden State Warriors,33.7,740,0
9,1.93,2.67,27,621,2,0,480.0,24,196,34,0.148,1.0,0.882,0.238,HOU,1610612745,Houston Rockets,36.6,825,2
10,2.09,2.69,76,949,3,1,720.0,46,285,66,0.25,0.674,0.697,0.222,IND,1610612754,Indiana Pacers,57.4,1281,2
11,1.84,2.41,44,659,2,1,480.0,25,203,33,0.477,0.96,0.788,0.23,LAC,1610612746,Los Angeles Clippers,35.5,883,1
12,1.71,2.39,50,660,2,1,480.0,26,188,39,0.24,0.654,0.59,0.209,LAL,1610612747,Los Angeles Lakers,35.9,900,1
13,2.15,2.75,71,616,2,1,480.0,41,200,49,0.239,0.805,0.816,0.242,MEM,1610612763,Memphis Grizzlies,37.9,825,1
14,2.37,2.81,84,1151,4,0,985.0,58,424,58,0.333,0.879,0.948,0.261,MIA,1610612748,Miami Heat,75.9,1624,4
15,1.97,2.45,164,1437,4,4,985.0,70,350,82,0.146,0.7,0.683,0.185,MIL,1610612749,Milwaukee Bucks,77.2,1887,0
16,2.06,2.67,64,602,2,1,480.0,40,212,41,0.344,0.925,0.854,0.256,MIN,1610612750,Minnesota Timberwolves,36.8,827,1
17,2.36,2.89,60,570,2,1,480.0,26,192,32,0.367,1.231,1.094,0.246,NOP,1610612740,New Orleans Pelicans,37.6,782,1
18,2.42,2.93,71,1158,4,2,960.0,37,421,40,0.338,0.892,0.875,0.265,NYK,1610612752,New York Knicks,77.6,1587,2
19,2.29,2.79,42,577,2,0,480.0,17,205,19,0.357,1.0,0.842,0.261,OKC,1610612760,Oklahoma City Thunder,36.5,784,2
20,2.49,2.91,74,1202,4,2,985.0,43,383,53,0.338,0.767,0.717,0.228,ORL,1610612753,Orlando Magic,81.5,1678,2
21,1.95,2.48,80,1225,4,3,960.0,47,381,75,0.375,0.617,0.52,0.225,PHI,1610612755,Philadelphia 76ers,69.9,1691,1
22,2.27,2.88,38,599,2,0,480.0,10,203,18,0.184,0.8,0.722,0.251,PHX,1610612756,Phoenix Suns,38.9,809,2
23,2.13,2.6,43,633,2,1,480.0,23,228,28,0.233,0.739,0.607,0.266,POR,1610612757,Portland Trail Blazers,37.2,858,1
24,2.12,2.67,40,621,2,2,480.0,28,190,38,0.275,0.679,0.605,0.222,SAC,1610612758,Sacramento Kings,38.1,857,0
25,1.73,2.25,60,701,2,0,480.0,40,196,48,0.183,0.9,0.771,0.212,SAS,1610612759,San Antonio Spurs,34.7,923,2
26,1.99,2.51,50,1056,3,3,745.0,26,287,33,0.26,0.731,0.879,0.211,TOR,1610612761,Toronto Raptors,56.8,1357,0
27,2.0,2.61,60,725,2,0,480.0,17,171,31,0.167,0.824,0.452,0.186,UTA,1610612762,Utah Jazz,40.1,920,2
28,2.08,2.71,58,922,3,2,745.0,41,279,54,0.31,1.0,0.87,0.221,WAS,1610612764,Washington Wizards,57.2,1265,1
