,AVG_DRIB_PER_TOUCH,AVG_SEC_PER_TOUCH,ELBOW_TOUCHES,FRONT_CT_TOUCHES,GP,L,MIN,PAINT_TOUCHES,POINTS,POST_TOUCHES,PTS_PER_ELBOW_TOUCH,PTS_PER_PAINT_TOUCH,PTS_PER_POST_TOUCH,PTS_PER_TOUCH,TEAM_ABBREVIATION,TEAM_ID,TEAM_NAME,TIME_OF_POSS,TOUCHES,W
0,2.2,2.67,38,657,2,2,480.0,27,215,39,0.368,0.63,0.436,0.244,ATL,1610612737,Atlanta Hawks,39.2,880,0
1,2.3,2.76,39,618,2,2,480.0,25,174,28,0.359,0.6,0.607,0.201,BOS,1610612738,Boston Celtics,39.9,867,0
2,2.32,2.98,44,605,2,0,505.0,37,208,47,0.114,0.892,0.83,0.245,BKN,1610612751,Brooklyn Nets,42.1,848,2
3,1.89,2.54,38,637,2,2,480.0,26,186,32,0.342,0.654,0.688,0.209,CHA,1610612766,Charlotte Bobcats,37.6,890,0
4,2.44,2.87,36,655,2,0,480.0,31,193,40,0.389,0.677,0.65,0.218,CHI,1610612741,Chicago Bulls,42.4,887,2
5,2.26,2.71,42,615,2,1,480.0,29,200,30,0.31,0.724,0.733,0.227,CLE,1610612739,Cleveland Cavaliers,39.8,880,1
6,2.2,2.66,47,862,3,1,720.0,31,319,46,0.404,1.097,0.935,0.257,DAL,1610612742,Dallas Mavericks,55.2,1243,2
7,2.42,2.88,61,1115,4,4,985.0,71,412,85,0.23,0.803,0.635,0.258,DEN,1610612743,Denver Nuggets,76.6,1597,0
8,2.5,2.95,29,558,2,1,480.0,36,202,42,0.241,1.111,1.095,0.255,DET,1610612765,Detroit Pistons,39.0,792,1
9,2.66,3.1,53,970,4,2,960.0,41,439,49,0.528,1.195,1.245,0.311,GSW,1610612744,Golden State Warriors,73.0,1413,2
10,2.19,2.83,21,844,3,1,720.0,47,325,62,0.143,0.979,0.935,0.269,HOU,1610612745,Houston Rockets,57.0,1210,2
11,2.19,2.73,37,598,2,2,480.0,32,194,46,0.351,1.0,0.913,0.23,IND,1610612754,Indiana Pacers,38.4,842,0
12,1.98,2.59,103,1233,4,1,960.0,55,416,64,0.282,0.8,0.75,0.239,LAC,1610612746,Los Angeles Clippers,75.2,1742,3
13,1.9,2.56,79,1258,4,3,960.0,67,427,75,0.494,1.179,1.08,0.24,LAL,1610612747,Los Angeles Lakers,76.0,1780,1
14,2.41,2.96,106,1213,4,0,960.0,74,410,92,0.425,0.878,0.772,0.247,MEM,1610612763,Memphis Grizzlies,82.1,1663,4
15,2.37,2.81,33,587,2,0,480.0,30,210,37,0.394,1.033,0.892,0.253,MIA,1610612748,Miami Heat,38.9,831,2
16,2.34,2.59,38,653,2,2,480.0,30,217,38,0.316,0.5,0.526,0.245,MIL,1610612749,Milwaukee Bucks,38.2,886,0
17,2.17,2.73,80,928,3,2,720.0,59,333,76,0.188,1.017,0.921,0.253,MIN,1610612750,Minnesota Timberwolves,59.9,1316,1
18,2.65,3.1,75,1095,4,4,960.0,46,384,56,0.387,0.935,0.893,0.253,NOP,1610612740,New Orleans Pelicans,78.5,1519,0
19,2.6,3.18,37,565,2,1,505.0,12,186,17,0.73,0.833,0.706,0.23,NYK,1610612752,New York Knicks,42.9,810,1
20,2.4,2.87,47,785,3,2,720.0,37,340,42,0.298,1.027,0.929,0.299,OKC,1610612760,Oklahoma City Thunder,54.3,1136,1
21,2.37,2.84,30,593,2,2,480.0,28,189,31,0.133,1.0,1.032,0.227,ORL,1610612753,Orlando Magic,39.3,831,0
22,1.85,2.36,38,596,2,2,480.0,43,214,49,0.211,0.605,0.551,0.253,PHI,1610612755,Philadelphia 76ers,33.3,847,0
23,2.41,2.85,69,1110,4,3,960.0,46,380,59,0.377,0.739,0.576,0.238,POR,1610612757,Portland Trail Blazers,76.0,1597,1
24,2.44,2.97,78,1158,4,2,960.0,57,426,80,0.295,0.86,0.688,0.264,SAC,1610612758,Sacramento Kings,79.7,1611,2
25,2.06,2.48,83,1309,4,1,960.0,67,404,85,0.277,0.791,0.8,0.228,SAS,1610612759,San Antonio Spurs,73.0,1770,3
26,2.53,2.91,24,552,2,2,480.0,28,210,33,0.375,0.929,0.97,0.276,TOR,1610612761,Toronto Raptors,36.9,761,0
27,2.27,2.77,77,1283,4,2,960.0,54,406,93,0.117,0.796,0.774,0.235,UTA,1610612762,Utah Jazz,79.5,1724,2
28,2.16,2.67,46,654,2,1,480.0,33,194,50,0.087,0.788,0.64,0.221,WAS,1610612764,Washington Wizards,39.0,876,1
