,AVG_DRIB_PER_TOUCH,AVG_SEC_PER_TOUCH,ELBOW_TOUCHES,FRONT_CT_TOUCHES,GP,L,MIN,PAINT_TOUCHES,POINTS,POST_TOUCHES,PTS_PER_ELBOW_TOUCH,PTS_PER_PAINT_TOUCH,PTS_PER_POST_TOUCH,PTS_PER_TOUCH,TEAM_ABBREVIATION,TEAM_ID,TEAM_NAME,TIME_OF_POSS,TOUCHES,W
0,2.09,2.53,58,1341,4,2,960.0,47,387,56,0.431,0.809,0.768,0.221,ATL,1610612737,Atlanta Hawks,73.8,1749,2
1,2.43,2.79,69,1164,4,4,960.0,44,341,61,0.348,0.818,0.689,0.212,BOS,1610612738,Boston Celtics,74.7,1605,0
2,2.38,2.82,43,1050,4,4,960.0,45,364,64,0.302,0.911,0.766,0.237,BKN,1610612751,Brooklyn Nets,72.2,1534,0
3,1.98,2.58,62,981,3,2,720.0,29,277,40,0.323,0.966,0.95,0.207,CHA,1610612766,Charlotte Bobcats,57.4,1336,1
4,2.38,2.87,94,1178,4,2,960.0,41,358,64,0.34,0.756,0.703,0.222,CHI,1610612741,Chicago Bulls,77.1,1614,2
5,2.2,2.71,83,1212,4,3,960.0,39,318,57,0.205,0.769,0.684,0.193,CLE,1610612739,Cleveland Cavaliers,74.5,1651,1
6,2.24,2.61,27,605,2,0,480.0,33,186,42,0.296,1.121,0.881,0.221,DAL,1610612742,Dallas Mavericks,36.6,841,2
7,2.37,2.83,46,534,2,1,480.0,24,189,31,0.217,0.917,1.0,0.248,DEN,1610612743,Denver Nuggets,35.8,761,1
8,2.7,3.1,67,1085,4,3,985.0,44,390,53,0.403,0.614,0.604,0.253,DET,1610612765,Detroit Pistons,79.7,1544,1
9,2.78,3.18,22,483,2,1,480.0,15,192,18,0.364,1.0,0.833,0.279,GSW,1610612744,Golden State Warriors,36.4,688,1
10,2.13,2.7,15,584,2,1,480.0,16,193,25,0.533,0.938,0.6,0.238,HOU,1610612745,Houston Rockets,36.5,812,1
11,2.13,2.65,41,592,2,2,480.0,26,192,33,0.317,1.308,1.0,0.232,LAC,1610612746,Los Angeles Clippers,36.5,827,0
12,1.8,2.32,40,638,2,2,480.0,17,190,20,0.425,1.0,0.8,0.212,LAL,1610612747,Los Angeles Lakers,34.7,895,0
13,2.21,2.75,75,660,2,1,480.0,44,161,61,0.093,0.705,0.689,0.188,MEM,1610612763,Memphis Grizzlies,39.2,855,1
14,2.44,2.92,52,1068,4,2,960.0,46,362,52,0.462,0.783,0.577,0.243,MIA,1610612748,Miami Heat,72.7,1491,2
15,2.16,2.53,134,1305,4,4,960.0,67,375,76,0.164,0.612,0.566,0.21,MIL,1610612749,Milwaukee Bucks,75.1,1783,0
16,2.26,2.67,58,577,2,1,480.0,34,188,40,0.379,0.882,0.75,0.222,MIN,1610612750,Minnesota Timberwolves,37.7,846,1
17,2.47,3.04,42,521,2,2,480.0,26,172,26,0.31,0.808,0.615,0.233,NOP,1610612740,New Orleans Pelicans,37.5,739,0
18,2.32,3.01,76,861,3,2,745.0,33,277,41,0.355,0.606,0.585,0.229,NYK,1610612752,New York Knicks,60.5,1208,1
19,2.28,2.92,34,519,2,1,480.0,19,215,26,0.206,0.947,0.846,0.294,OKC,1610612760,Oklahoma City Thunder,35.7,732,1
20,2.28,2.81,69,1122,4,3,960.0,36,345,51,0.362,0.556,0.51,0.217,ORL,1610612753,Orlando Magic,74.5,1589,1
21,1.97,2.46,56,940,3,3,720.0,33,282,37,0.357,0.727,0.757,0.221,PHI,1610612755,Philadelphia 76ers,52.4,1275,0
22,2.46,2.87,25,548,2,0,480.0,26,226,30,0.32,0.731,0.6,0.283,PHX,1610612756,Phoenix Suns,38.3,799,2
23,2.63,2.91,40,565,2,1,505.0,20,219,31,0.35,0.8,0.71,0.265,POR,1610612757,Portland Trail Blazers,40.0,826,1
24,2.54,2.98,45,597,2,2,505.0,22,203,22,0.2,0.818,0.636,0.239,SAC,1610612758,Sacramento Kings,42.2,848,0
25,2.08,2.4,55,666,2,1,480.0,38,203,42,0.2,0.711,0.714,0.23,SAS,1610612759,San Antonio Spurs,35.3,884,1
26,2.31,2.82,67,1203,4,2,960.0,46,360,65,0.343,0.804,0.862,0.223,TOR,1610612761,Toronto Raptors,75.8,1613,2
27,2.36,2.75,41,611,2,2,480.0,24,177,47,0.244,1.125,0.872,0.209,UTA,1610612762,Utah Jazz,38.8,846,0
28,2.07,2.64,56,903,3,2,720.0,28,230,37,0.268,0.643,0.541,0.183,WAS,1610612764,Washington Wizards,55.3,1257,1
