,AVG_DRIB_PER_TOUCH,AVG_SEC_PER_TOUCH,ELBOW_TOUCHES,FRONT_CT_TOUCHES,GP,L,MIN,PAINT_TOUCHES,POINTS,POST_TOUCHES,PTS_PER_ELBOW_TOUCH,PTS_PER_PAINT_TOUCH,PTS_PER_POST_TOUCH,PTS_PER_TOUCH,TEAM_ABBREVIATION,TEAM_ID,TEAM_NAME,TIME_OF_POSS,TOUCHES,W
0,1.92,2.4,51,1045,3,0,720.0,52,325,64,0.392,0.788,0.656,0.236,ATL,1610612737,Atlanta Hawks,55.0,1376,3
1,2.18,2.65,58,1292,4,2,960.0,55,393,77,0.345,0.764,0.688,0.222,BOS,1610612738,Boston Celtics,78.3,1769,2
2,2.17,2.87,56,893,3,0,720.0,51,301,62,0.125,1.02,0.855,0.246,BKN,1610612751,Brooklyn Nets,58.5,1225,3
3,1.83,2.53,71,1389,4,0,985.0,62,400,81,0.352,0.774,0.765,0.216,CHA,1610612766,Charlotte Bobcats,78.1,1849,4
4,2.13,2.57,133,1444,4,1,960.0,73,348,98,0.203,0.712,0.724,0.188,CHI,1610612741,Chicago Bulls,79.5,1856,3
5,2.08,2.6,78,1263,4,2,985.0,51,427,69,0.244,0.804,0.754,0.25,CLE,1610612739,Cleveland Cavaliers,74.1,1708,2
6,2.04,2.53,34,679,2,0,480.0,22,197,30,0.353,1.0,0.867,0.215,DAL,1610612742,Dallas Mavericks,38.6,917,2
7,2.2,2.7,40,567,2,0,480.0,36,211,50,0.175,0.778,0.74,0.266,DEN,1610612743,Denver Nuggets,35.7,793,2
8,2.36,2.82,66,1103,4,1,960.0,54,435,69,0.439,1.093,0.812,0.273,DET,1610612765,Detroit Pistons,75.0,1594,3
9,2.51,2.88,29,575,2,0,480.0,27,216,37,0.379,0.926,0.676,0.273,GSW,1610612744,Golden State Warriors,37.9,790,2
10,2.14,2.68,20,586,2,0,480.0,24,215,47,0.1,1.375,1.021,0.264,HOU,1610612745,Houston Rockets,36.3,813,2
11,2.2,2.73,67,1238,4,0,960.0,60,419,74,0.299,0.85,0.919,0.247,IND,1610612754,Indiana Pacers,77.0,1693,4
12,1.84,2.52,54,609,2,0,480.0,22,220,28,0.296,0.955,0.929,0.262,LAC,1610612746,Los Angeles Clippers,35.3,840,2
13,1.83,2.36,32,638,2,2,480.0,29,184,32,0.438,0.828,0.688,0.212,LAL,1610612747,Los Angeles Lakers,34.1,867,0
14,2.06,2.6,54,647,2,0,480.0,53,181,63,0.167,0.604,0.571,0.212,MEM,1610612763,Memphis Grizzlies,37.1,854,2
15,2.26,2.73,42,902,3,0,720.0,41,302,48,0.262,1.049,0.958,0.249,MIA,1610612748,Miami Heat,55.1,1211,3
16,2.24,2.67,51,595,2,0,480.0,33,229,50,0.314,1.303,1.02,0.275,MIN,1610612750,Minnesota Timberwolves,37.0,832,2
17,2.52,2.94,38,586,2,0,480.0,28,214,36,0.237,1.071,1.0,0.268,NOP,1610612740,New Orleans Pelicans,39.1,799,2
18,2.25,2.8,80,1275,4,1,1010.0,40,410,47,0.45,0.9,0.723,0.236,NYK,1610612752,New York Knicks,81.0,1734,3
19,2.09,2.71,34,582,2,0,480.0,30,193,35,0.471,0.633,0.771,0.239,OKC,1610612760,Oklahoma City Thunder,36.5,808,2
20,2.27,2.68,63,1183,4,2,960.0,45,405,52,0.413,0.667,0.654,0.243,ORL,1610612753,Orlando Magic,74.3,1666,2
21,1.68,2.3,38,1004,3,2,745.0,57,331,70,0.211,0.965,0.8,0.241,PHI,1610612755,Philadelphia 76ers,52.7,1375,1
22,2.5,2.93,33,568,2,0,480.0,23,242,30,0.273,0.826,0.833,0.306,PHX,1610612756,Phoenix Suns,38.6,792,2
23,2.26,2.64,49,670,2,0,505.0,28,211,24,0.265,0.929,1.0,0.23,POR,1610612757,Portland Trail Blazers,40.4,917,2
24,2.74,3.26,40,531,2,0,480.0,27,240,29,0.375,1.111,0.966,0.32,SAC,1610612758,Sacramento Kings,40.9,751,2
25,2.1,2.5,53,655,2,0,480.0,37,219,46,0.283,0.757,0.761,0.256,SAS,1610612759,San Antonio Spurs,35.6,854,2
26,2.31,2.77,39,962,3,0,720.0,42,328,58,0.615,0.833,0.828,0.251,TOR,1610612761,Toronto Raptors,60.4,1307,3
27,2.38,2.78,40,679,2,1,480.0,25,184,45,0.225,0.96,0.667,0.205,UTA,1610612762,Utah Jazz,41.7,899,1
28,2.09,2.66,57,1224,4,1,1010.0,54,423,69,0.386,0.704,0.696,0.246,WAS,1610612764,Washington Wizards,76.2,1721,3
