,AVG_DRIB_PER_TOUCH,AVG_SEC_PER_TOUCH,ELBOW_TOUCHES,FRONT_CT_TOUCHES,GP,L,MIN,PAINT_TOUCHES,POINTS,POST_TOUCHES,PTS_PER_ELBOW_TOUCH,PTS_PER_PAINT_TOUCH,PTS_PER_POST_TOUCH,PTS_PER_TOUCH,TEAM_ABBREVIATION,TEAM_ID,TEAM_NAME,TIME_OF_POSS,TOUCHES,W
0,1.88,2.43,32,712,2,1,480.0,29,167,38,0.188,0.897,0.684,0.181,ATL,1610612737,Atlanta Hawks,37.4,924,1
1,2.16,2.64,27,671,2,2,480.0,25,177,32,0.148,0.44,0.438,0.194,BOS,1610612738,Boston Celtics,40.2,912,0
2,2.24,2.11,30,592,2,1,480.0,32,200,38,0.333,1.125,1.053,0.242,BKN,1610612751,Brooklyn Nets,29.1,827,1
3,2.02,2.68,43,688,2,2,480.0,21,172,33,0.395,0.619,0.545,0.193,CHA,1610612766,Charlotte Bobcats,39.7,889,0
4,2.19,2.75,58,674,2,1,480.0,30,205,45,0.241,0.867,0.844,0.228,CHI,1610612741,Chicago Bulls,41.2,898,1
5,2.12,2.67,25,623,2,2,480.0,33,203,35,0.56,0.939,0.943,0.232,CLE,1610612739,Cleveland Cavaliers,38.9,875,0
6,2.07,2.57,63,1282,4,2,960.0,37,454,45,0.254,0.973,0.889,0.251,DAL,1610612742,Dallas Mavericks,77.3,1806,2
7,2.39,2.85,39,846,3,2,745.0,62,359,72,0.205,0.903,0.806,0.29,DEN,1610612743,Denver Nuggets,58.9,1238,1
8,2.6,3.09,14,527,2,2,480.0,26,207,37,0.286,1.154,0.919,0.279,DET,1610612765,Detroit Pistons,38.2,741,0
9,2.58,3.1,37,787,3,2,745.0,32,297,38,0.432,1.0,0.895,0.261,GSW,1610612744,Golden State Warriors,58.9,1138,1
10,2.35,2.89,39,606,2,1,480.0,36,200,40,0.308,0.778,0.725,0.238,IND,1610612754,Indiana Pacers,40.4,839,1
11,2.01,2.67,64,1253,4,0,960.0,58,463,70,0.25,1.276,1.286,0.268,LAC,1610612746,Los Angeles Clippers,76.8,1728,4
12,1.94,2.47,76,1261,4,3,960.0,60,436,73,0.224,0.667,0.63,0.24,LAL,1610612747,Los Angeles Lakers,74.9,1816,1
13,2.42,2.91,106,1285,4,2,960.0,75,365,108,0.208,0.747,0.704,0.214,MEM,1610612763,Memphis Grizzlies,82.6,1705,2
14,2.42,2.98,33,524,2,1,480.0,18,216,23,0.424,1.222,1.13,0.27,MIA,1610612748,Miami Heat,39.7,799,1
15,2.18,2.57,54,679,2,2,480.0,31,199,44,0.111,0.613,0.75,0.214,MIL,1610612749,Milwaukee Bucks,39.8,931,0
16,2.22,2.7,108,1218,4,3,960.0,61,408,82,0.194,0.623,0.61,0.235,MIN,1610612750,Minnesota Timberwolves,78.2,1734,1
17,2.54,3.13,106,1156,4,3,960.0,39,407,48,0.425,1.205,0.979,0.254,NOP,1610612740,New Orleans Pelicans,83.7,1603,1
18,2.42,3.04,40,571,2,2,480.0,19,206,24,0.45,1.158,1.042,0.262,NYK,1610612752,New York Knicks,39.9,786,0
19,2.26,2.92,82,1114,4,1,960.0,35,434,50,0.427,0.914,0.84,0.273,OKC,1610612760,Oklahoma City Thunder,77.4,1590,3
20,2.27,2.72,29,574,2,2,480.0,20,177,22,0.276,0.5,0.636,0.224,ORL,1610612753,Orlando Magic,35.8,789,0
21,1.78,2.32,33,683,2,1,505.0,31,221,38,0.242,0.71,0.632,0.23,PHI,1610612755,Philadelphia 76ers,37.2,961,1
22,2.23,2.8,54,914,3,2,720.0,26,317,38,0.148,1.346,1.079,0.254,PHX,1610612756,Phoenix Suns,58.4,1250,1
23,2.3,2.76,72,1213,4,3,985.0,33,438,41,0.306,1.273,1.098,0.252,POR,1610612757,Portland Trail Blazers,80.1,1739,1
24,2.48,3.05,66,1178,4,2,960.0,45,417,61,0.106,1.0,0.918,0.249,SAC,1610612758,Sacramento Kings,85.1,1676,2
25,2.09,2.51,89,1334,4,4,960.0,65,392,79,0.258,1.015,0.975,0.216,SAS,1610612759,San Antonio Spurs,75.8,1813,0
26,2.7,3.04,33,664,2,1,530.0,26,211,33,0.576,0.5,0.576,0.228,TOR,1610612761,Toronto Raptors,46.8,924,1
27,2.25,2.79,71,949,3,2,720.0,31,288,49,0.38,1.161,1.0,0.217,UTA,1610612762,Utah Jazz,61.9,1330,1
28,2.02,2.53,68,676,2,2,480.0,33,219,45,0.206,0.848,0.667,0.238,WAS,1610612764,Washington Wizards,38.8,920,0
