,AVG_DRIB_PER_TOUCH,AVG_SEC_PER_TOUCH,ELBOW_TOUCHES,FRONT_CT_TOUCHES,GP,L,MIN,PAINT_TOUCHES,POINTS,POST_TOUCHES,PTS_PER_ELBOW_TOUCH,PTS_PER_PAINT_TOUCH,PTS_PER_POST_TOUCH,PTS_PER_TOUCH,TEAM_ABBREVIATION,TEAM_ID,TEAM_NAME,TIME_OF_POSS,TOUCHES,W
0,2.08,2.51,49,723,2,2,480.0,38,201,37,0.388,0.974,0.838,0.22,ATL,1610612737,Atlanta Hawks,38.3,915,0
1,2.1,2.62,39,632,2,2,480.0,23,179,30,0.256,0.87,0.767,0.21,BOS,1610612738,Boston Celtics,37.2,853,0
2,2.37,2.88,33,573,2,1,480.0,28,190,32,0.242,0.607,0.625,0.238,BKN,1610612751,Brooklyn Nets,38.4,800,1
3,1.98,2.6,47,694,2,2,480.0,23,184,39,0.17,0.783,0.795,0.198,CHA,1610612766,Charlotte Bobcats,40.2,927,0
4,2.13,2.69,58,710,2,2,480.0,31,180,46,0.224,1.129,0.783,0.194,CHI,1610612741,Chicago Bulls,41.5,926,0
5,2.06,2.56,43,662,2,1,480.0,28,209,43,0.14,0.893,0.721,0.234,CLE,1610612739,Cleveland Cavaliers,38.2,893,1
6,2.15,2.64,43,1012,3,1,745.0,51,330,48,0.326,0.863,0.833,0.232,DAL,1610612742,Dallas Mavericks,62.6,1422,2
7,2.57,2.92,55,1073,4,3,960.0,77,403,83,0.2,0.701,0.783,0.264,DEN,1610612743,Denver Nuggets,74.2,1525,1
8,2.64,2.89,23,610,2,2,480.0,26,221,29,0.348,0.808,0.862,0.261,DET,1610612765,Detroit Pistons,40.9,847,0
9,2.68,3.01,45,825,3,2,745.0,29,349,40,0.333,0.862,0.775,0.295,GSW,1610612744,Golden State Warriors,59.3,1182,1
10,2.19,2.75,28,1197,4,3,960.0,41,387,54,0.143,0.951,0.907,0.236,HOU,1610612745,Houston Rockets,75.0,1638,1
11,2.15,2.7,50,699,2,1,480.0,33,196,44,0.48,0.515,0.523,0.214,IND,1610612754,Indiana Pacers,41.2,914,1
12,2.03,2.47,106,1316,4,2,960.0,51,428,61,0.208,0.804,0.672,0.24,LAC,1610612746,Los Angeles Clippers,73.6,1784,2
13,1.77,2.35,60,1315,4,3,960.0,56,416,58,0.2,1.036,1.069,0.226,LAL,1610612747,Los Angeles Lakers,72.1,1839,1
14,2.34,2.79,116,1361,4,3,960.0,81,374,95,0.233,0.864,0.758,0.208,MEM,1610612763,Memphis Grizzlies,83.3,1794,1
15,2.26,2.8,40,617,2,1,480.0,33,198,35,0.225,1.061,1.057,0.227,MIA,1610612748,Miami Heat,40.6,871,1
16,2.13,2.48,61,680,2,2,480.0,25,164,30,0.082,0.72,0.667,0.176,MIL,1610612749,Milwaukee Bucks,38.5,931,0
17,2.2,2.67,109,1274,4,3,960.0,65,411,84,0.303,0.954,0.75,0.233,MIN,1610612750,Minnesota Timberwolves,78.3,1762,1
18,2.53,3.06,56,910,3,2,720.0,44,290,49,0.196,0.795,0.796,0.235,NOP,1610612740,New Orleans Pelicans,62.9,1233,1
19,2.46,2.86,31,584,2,2,480.0,26,194,32,0.323,1.231,1.0,0.238,NYK,1610612752,New York Knicks,38.9,816,0
20,2.34,2.83,21,604,2,1,480.0,21,201,28,0.381,1.143,0.929,0.236,ORL,1610612753,Orlando Magic,40.2,852,1
21,2.08,2.58,29,642,2,2,480.0,29,183,37,0.276,0.897,0.811,0.208,PHI,1610612755,Philadelphia 76ers,37.8,879,0
22,2.4,2.91,35,890,3,1,720.0,39,346,51,0.343,0.769,0.725,0.276,PHX,1610612756,Phoenix Suns,61.0,1255,2
23,2.4,2.83,84,1225,4,2,960.0,40,401,52,0.179,0.825,0.788,0.236,POR,1610612757,Portland Trail Blazers,80.2,1701,2
24,2.54,3.01,61,1171,4,4,960.0,40,361,54,0.131,0.825,0.685,0.222,SAC,1610612758,Sacramento Kings,81.5,1624,0
25,2.06,2.43,79,1366,4,4,960.0,87,387,100,0.304,0.54,0.55,0.212,SAS,1610612759,San Antonio Spurs,73.7,1823,0
26,2.29,2.72,42,718,2,1,530.0,32,222,37,0.262,0.781,0.676,0.229,TOR,1610612761,Toronto Raptors,43.9,968,1
27,2.08,2.57,84,1421,4,3,960.0,51,379,73,0.238,0.745,0.795,0.2,UTA,1610612762,Utah Jazz,81.1,1893,1
28,2.2,2.67,49,707,2,1,505.0,26,201,38,0.327,0.577,0.737,0.212,WAS,1610612764,Washington Wizards,42.3,950,1
