,AVG_DRIB_PER_TOUCH,AVG_SEC_PER_TOUCH,ELBOW_TOUCHES,FRONT_CT_TOUCHES,GP,L,MIN,PAINT_TOUCHES,POINTS,POST_TOUCHES,PTS_PER_ELBOW_TOUCH,PTS_PER_PAINT_TOUCH,PTS_PER_POST_TOUCH,PTS_PER_TOUCH,TEAM_ABBREVIATION,TEAM_ID,TEAM_NAME,TIME_OF_POSS,TOUCHES,W
0,2.17,2.56,28,667,2,2,480.0,20,163,23,0.25,0.85,0.87,0.184,ATL,1610612737,Atlanta Hawks,37.7,884,0
1,2.52,2.81,35,561,2,2,480.0,12,200,17,0.429,0.917,1.059,0.258,BOS,1610612738,Boston Celtics,36.4,776,0
2,2.3,2.84,30,577,2,2,480.0,24,178,31,0.133,0.792,0.677,0.222,BKN,1610612751,Brooklyn Nets,38.0,802,0
3,2.06,2.59,38,624,2,1,480.0,22,228,25,0.237,1.318,1.24,0.263,CHA,1610612766,Charlotte Bobcats,37.5,867,1
4,2.06,2.65,48,641,2,2,480.0,28,169,39,0.25,0.464,0.641,0.197,CHI,1610612741,Chicago Bulls,37.9,858,0
5,2.43,2.91,31,525,2,2,480.0,16,212,23,0.387,0.875,0.783,0.283,CLE,1610612739,Cleveland Cavaliers,36.3,749,0
6,2.41,2.72,64,838,3,1,720.0,22,322,25,0.328,1.091,0.88,0.264,DAL,1610612742,Dallas Mavericks,55.4,1221,2
7,2.25,2.73,83,1133,4,4,960.0,86,394,108,0.193,0.651,0.602,0.25,DEN,1610612743,Denver Nuggets,71.9,1578,0
8,2.55,3.12,27,520,2,2,505.0,24,212,30,0.519,0.958,0.9,0.28,DET,1610612765,Detroit Pistons,39.4,758,0
9,2.77,3.09,52,986,4,2,985.0,32,434,34,0.346,0.875,0.882,0.3,GSW,1610612744,Golden State Warriors,74.3,1445,2
10,2.22,2.79,36,1157,4,1,985.0,41,464,61,0.306,0.927,0.918,0.286,HOU,1610612745,Houston Rockets,75.4,1622,3
11,2.41,2.9,35,610,2,1,505.0,19,220,20,0.343,0.737,0.7,0.255,IND,1610612754,Indiana Pacers,41.7,862,1
12,2.2,2.7,51,863,3,2,745.0,28,338,38,0.157,1.036,0.921,0.276,LAC,1610612746,Los Angeles Clippers,55.1,1226,1
13,1.99,2.46,55,880,3,2,720.0,46,327,49,0.491,0.804,0.673,0.26,LAL,1610612747,Los Angeles Lakers,51.4,1256,1
14,2.29,2.82,116,943,3,1,720.0,52,305,58,0.198,0.769,0.724,0.241,MEM,1610612763,Memphis Grizzlies,59.3,1263,2
15,2.62,3.13,29,522,2,0,480.0,24,201,25,0.241,1.083,1.12,0.265,MIA,1610612748,Miami Heat,39.5,758,2
16,2.28,2.67,63,637,2,2,505.0,29,197,34,0.143,0.966,0.853,0.222,MIL,1610612749,Milwaukee Bucks,39.6,889,0
17,2.31,2.75,134,1207,4,3,960.0,70,431,82,0.231,1.043,0.915,0.252,MIN,1610612750,Minnesota Timberwolves,78.3,1708,1
18,2.64,3.05,93,1022,4,3,960.0,42,414,49,0.269,1.19,0.98,0.282,NOP,1610612740,New Orleans Pelicans,74.7,1469,1
19,2.6,3.11,37,499,2,2,480.0,17,181,18,0.459,0.824,1.0,0.254,NYK,1610612752,New York Knicks,37.0,712,0
20,2.57,3.1,64,962,4,2,960.0,43,401,51,0.313,0.605,0.647,0.285,OKC,1610612760,Oklahoma City Thunder,72.6,1406,2
21,2.79,3.19,32,547,2,1,480.0,27,189,32,0.281,0.704,0.688,0.25,ORL,1610612753,Orlando Magic,40.2,756,1
22,1.86,2.49,30,596,2,1,480.0,20,206,40,0.2,1.25,0.95,0.241,PHI,1610612755,Philadelphia 76ers,35.5,854,1
23,2.47,3.03,59,1105,4,1,960.0,45,422,51,0.254,0.867,0.882,0.273,PHX,1610612756,Phoenix Suns,78.0,1546,3
24,2.45,3.04,87,1051,4,3,960.0,38,398,46,0.207,0.842,1.022,0.264,SAC,1610612758,Sacramento Kings,76.2,1506,1
25,2.04,2.5,85,1287,4,2,960.0,46,419,70,0.271,0.935,0.843,0.239,SAS,1610612759,San Antonio Spurs,73.1,1751,2
26,2.29,2.71,43,651,2,2,505.0,24,213,33,0.326,0.875,0.818,0.24,TOR,1610612761,Toronto Raptors,40.2,889,0
27,2.19,2.74,120,1233,4,4,960.0,45,385,56,0.308,0.644,0.661,0.226,UTA,1610612762,Utah Jazz,77.7,1701,0
28,2.05,2.57,45,597,2,1,480.0,16,203,28,0.178,0.688,0.571,0.237,WAS,1610612764,Washington Wizards,36.7,858,1
