,AVG_DRIB_PER_TOUCH,AVG_SEC_PER_TOUCH,ELBOW_TOUCHES,FRONT_CT_TOUCHES,GP,L,MIN,PAINT_TOUCHES,POINTS,POST_TOUCHES,PTS_PER_ELBOW_TOUCH,PTS_PER_PAINT_TOUCH,PTS_PER_POST_TOUCH,PTS_PER_TOUCH,TEAM_ABBREVIATION,TEAM_ID,TEAM_NAME,TIME_OF_POSS,TOUCHES,W
0,2.09,2.59,63,1075,3,0,770.0,51,352,60,0.365,0.804,0.817,0.247,ATL,1610612737,Atlanta Hawks,61.5,1427,3
1,2.39,2.75,45,945,3,0,720.0,32,317,44,0.222,0.906,0.955,0.246,BOS,1610612738,Boston Celtics,59.3,1291,3
2,2.07,2.79,77,1207,4,2,960.0,62,376,74,0.13,0.774,0.703,0.225,BKN,1610612751,Brooklyn Nets,77.8,1674,2
3,1.87,2.48,71,1443,4,0,985.0,41,373,72,0.38,0.78,0.75,0.195,CHA,1610612766,Charlotte Bobcats,78.8,1908,4
4,2.4,2.88,92,1231,4,1,960.0,60,387,93,0.163,0.867,0.849,0.232,CHI,1610612741,Chicago Bulls,80.0,1667,3
5,2.29,2.68,34,594,2,0,480.0,34,226,40,0.235,1.059,1.125,0.265,DAL,1610612742,Dallas Mavericks,38.1,852,2
6,2.24,2.66,25,549,2,2,480.0,39,197,40,0.16,0.872,0.925,0.258,DEN,1610612743,Denver Nuggets,33.9,764,0
7,2.65,3.09,50,1064,4,3,960.0,58,400,78,0.4,1.0,0.923,0.262,DET,1610612765,Detroit Pistons,78.7,1526,1
8,2.43,2.95,23,541,2,1,505.0,33,202,44,0.261,0.879,0.75,0.264,GSW,1610612744,Golden State Warriors,37.6,765,1
9,1.82,2.42,24,653,2,0,480.0,27,224,42,0.25,1.0,0.786,0.251,HOU,1610612745,Houston Rockets,36.0,894,2
10,1.96,2.62,59,1339,4,1,960.0,75,338,91,0.237,0.68,0.604,0.192,IND,1610612754,Indiana Pacers,76.7,1758,3
11,1.87,2.44,51,649,2,1,480.0,33,184,35,0.333,0.818,0.8,0.21,LAC,1610612746,Los Angeles Clippers,35.5,875,1
12,1.91,2.48,32,630,2,1,480.0,21,237,29,0.531,1.048,0.862,0.272,LAL,1610612747,Los Angeles Lakers,36.0,871,1
13,2.29,2.89,47,641,2,1,505.0,37,193,46,0.043,0.892,0.848,0.223,MEM,1610612763,Memphis Grizzlies,41.8,867,1
14,2.36,2.82,46,832,3,0,720.0,46,309,49,0.283,1.0,0.939,0.26,MIA,1610612748,Miami Heat,55.8,1189,3
15,2.32,2.69,124,1358,4,2,985.0,60,417,74,0.25,0.65,0.811,0.23,MIL,1610612749,Milwaukee Bucks,81.2,1812,2
16,1.94,2.58,52,630,2,1,480.0,32,216,43,0.25,1.156,1.047,0.253,MIN,1610612750,Minnesota Timberwolves,36.6,853,1
17,2.38,2.93,42,558,2,0,480.0,28,204,26,0.19,0.893,0.769,0.258,NOP,1610612740,New Orleans Pelicans,38.7,792,2
18,2.57,3.1,57,1114,4,2,960.0,41,418,48,0.351,1.0,0.792,0.268,NYK,1610612752,New York Knicks,80.5,1559,2
19,2.08,2.65,36,592,2,1,480.0,31,206,36,0.222,0.806,0.806,0.248,OKC,1610612760,Oklahoma City Thunder,36.7,831,1
20,2.36,2.85,58,1175,4,4,985.0,41,372,62,0.293,0.829,0.887,0.224,ORL,1610612753,Orlando Magic,78.7,1659,0
21,1.93,2.42,63,1276,4,3,1010.0,65,397,72,0.365,0.615,0.639,0.227,PHI,1610612755,Philadelphia 76ers,70.3,1746,1
22,2.1,2.61,28,589,2,1,480.0,20,200,29,0.357,0.85,0.69,0.243,PHX,1610612756,Phoenix Suns,35.8,823,1
23,2.1,2.6,46,658,2,0,480.0,17,227,28,0.043,1.118,0.75,0.252,POR,1610612757,Portland Trail Blazers,39.1,902,2
24,2.58,3.11,23,550,2,1,480.0,26,223,33,0.304,0.769,0.727,0.285,SAC,1610612758,Sacramento Kings,40.6,783,1
25,1.82,2.34,49,708,2,0,480.0,37,248,50,0.122,0.892,0.82,0.258,SAS,1610612759,San Antonio Spurs,37.4,961,2
26,2.28,2.76,43,981,3,1,720.0,36,297,42,0.279,0.889,0.833,0.224,TOR,1610612761,Toronto Raptors,60.8,1324,2
27,2.07,2.67,37,655,2,2,480.0,28,181,38,0.135,0.679,0.526,0.209,UTA,1610612762,Utah Jazz,38.6,868,0
28,2.0,2.52,69,1325,4,2,985.0,42,403,62,0.319,0.833,0.839,0.223,WAS,1610612764,Washington Wizards,75.9,1807,2
