,AVG_DRIB_PER_TOUCH,AVG_SEC_PER_TOUCH,ELBOW_TOUCHES,FRONT_CT_TOUCHES,GP,L,MIN,PAINT_TOUCHES,POINTS,POST_TOUCHES,PTS_PER_ELBOW_TOUCH,PTS_PER_PAINT_TOUCH,PTS_PER_POST_TOUCH,PTS_PER_TOUCH,TEAM_ABBREVIATION,TEAM_ID,TEAM_NAME,TIME_OF_POSS,TOUCHES,W
0,2.08,2.55,34,642,2,2,480.0,30,179,37,0.353,0.8,0.703,0.209,ATL,1610612737,Atlanta Hawks,36.3,855,0
1,2.24,2.76,41,610,2,2,480.0,25,185,34,0.39,0.72,0.647,0.216,BOS,1610612738,Boston Celtics,39.5,858,0
2,2.17,2.77,53,580,2,1,480.0,39,195,50,0.208,0.949,0.74,0.242,BKN,1610612751,Brooklyn Nets,37.2,807,1
3,1.92,2.53,55,728,2,2,480.0,31,182,39,0.291,0.613,0.59,0.19,CHA,1610612766,Charlotte Bobcats,40.3,956,0
4,2.14,2.68,42,640,2,1,480.0,35,192,46,0.214,0.914,0.87,0.223,CHI,1610612741,Chicago Bulls,38.5,861,1
5,2.12,2.72,41,594,2,2,480.0,14,197,19,0.537,1.071,1.053,0.237,CLE,1610612739,Cleveland Cavaliers,37.6,830,0
6,2.31,2.76,63,1133,4,4,960.0,39,403,52,0.317,0.872,0.769,0.248,DAL,1610612742,Dallas Mavericks,74.6,1624,0
7,2.53,2.91,41,791,3,3,720.0,68,299,84,0.146,0.662,0.583,0.269,DEN,1610612743,Denver Nuggets,54.1,1113,0
8,2.82,3.27,32,519,2,1,480.0,16,219,21,0.469,1.125,1.095,0.289,DET,1610612765,Detroit Pistons,41.2,757,1
9,2.58,3.02,71,1044,4,4,960.0,61,356,71,0.521,0.836,0.789,0.24,GSW,1610612744,Golden State Warriors,74.6,1481,0
10,2.23,2.81,35,1139,4,0,960.0,47,424,68,0.314,1.085,0.912,0.26,HOU,1610612745,Houston Rockets,76.2,1630,4
11,2.25,2.89,55,627,2,1,480.0,25,188,37,0.455,0.72,0.676,0.221,IND,1610612754,Indiana Pacers,41.1,852,1
12,1.82,2.39,78,956,3,2,720.0,33,310,41,0.167,0.636,0.585,0.232,LAC,1610612746,Los Angeles Clippers,53.1,1335,1
13,1.99,2.55,66,1213,4,3,960.0,43,392,41,0.364,1.093,1.049,0.228,LAL,1610612747,Los Angeles Lakers,73.0,1718,1
14,2.31,2.76,133,1269,4,4,985.0,62,380,84,0.128,0.871,0.774,0.217,MEM,1610612763,Memphis Grizzlies,80.8,1755,0
15,2.37,2.82,40,589,2,1,480.0,29,200,33,0.25,1.172,1.152,0.241,MIA,1610612748,Miami Heat,39.0,831,1
16,2.29,2.73,69,660,2,2,480.0,33,159,36,0.217,0.636,0.556,0.179,MIL,1610612749,Milwaukee Bucks,40.4,889,0
17,2.18,2.79,69,921,3,2,720.0,56,306,75,0.246,0.643,0.52,0.236,MIN,1610612750,Minnesota Timberwolves,60.3,1296,1
18,2.6,3.07,104,1101,4,4,960.0,36,363,39,0.394,0.583,0.41,0.236,NOP,1610612740,New Orleans Pelicans,78.7,1540,0
19,2.35,2.96,42,568,2,1,480.0,23,194,28,0.333,0.696,0.643,0.246,NYK,1610612752,New York Knicks,38.9,788,1
20,2.67,3.16,59,1052,4,0,960.0,57,424,56,0.373,0.632,0.643,0.284,OKC,1610612760,Oklahoma City Thunder,78.8,1495,4
21,2.37,2.84,35,598,2,2,480.0,19,203,26,0.457,1.053,0.846,0.241,ORL,1610612753,Orlando Magic,39.9,844,0
22,2.02,2.66,31,613,2,2,480.0,23,176,28,0.258,0.652,0.607,0.212,PHI,1610612755,Philadelphia 76ers,36.9,831,0
23,2.3,2.84,59,1193,4,3,960.0,42,407,60,0.271,0.69,0.7,0.244,PHX,1610612756,Phoenix Suns,78.9,1667,1
24,2.43,2.88,60,1090,4,2,960.0,40,423,45,0.617,0.95,0.711,0.268,POR,1610612757,Portland Trail Blazers,75.6,1578,2
25,2.78,3.27,47,765,3,3,720.0,30,276,40,0.298,0.667,0.6,0.255,SAC,1610612758,Sacramento Kings,59.1,1083,0
26,2.23,2.84,17,591,2,2,480.0,24,202,38,0.176,0.542,0.658,0.244,TOR,1610612761,Toronto Raptors,39.1,827,0
27,2.17,2.75,106,1271,4,4,960.0,51,375,77,0.226,0.843,0.805,0.215,UTA,1610612762,Utah Jazz,80.0,1744,0
28,2.21,2.74,47,644,2,2,530.0,23,197,43,0.17,0.696,0.512,0.219,WAS,1610612764,Washington Wizards,41.0,898,0
