,AVG_DRIB_PER_TOUCH,AVG_SEC_PER_TOUCH,ELBOW_TOUCHES,FRONT_CT_TOUCHES,GP,L,MIN,PAINT_TOUCHES,POINTS,POST_TOUCHES,PTS_PER_ELBOW_TOUCH,PTS_PER_PAINT_TOUCH,PTS_PER_POST_TOUCH,PTS_PER_TOUCH,TEAM_ABBREVIATION,TEAM_ID,TEAM_NAME,TIME_OF_POSS,TOUCHES,W
0,2.06,2.55,58,1282,4,4,960.0,55,364,76,0.397,0.418,0.408,0.216,ATL,1610612737,Atlanta Hawks,71.8,1689,0
1,2.31,2.8,57,881,3,3,720.0,34,264,42,0.316,0.676,0.643,0.219,BOS,1610612738,Boston Celtics,56.1,1203,0
2,2.32,2.9,51,812,3,2,720.0,23,250,35,0.333,1.087,0.857,0.219,BKN,1610612751,Brooklyn Nets,55.0,1140,1
3,2.02,2.62,89,1315,4,3,985.0,51,356,68,0.247,0.882,0.691,0.201,CHA,1610612766,Charlotte Bobcats,77.3,1768,1
4,2.23,2.78,95,1156,4,3,960.0,43,349,55,0.232,0.791,0.727,0.218,CLE,1610612739,Cleveland Cavaliers,74.2,1604,1
5,2.41,2.83,31,580,2,1,480.0,20,196,26,0.129,0.9,0.923,0.246,DAL,1610612742,Dallas Mavericks,37.6,797,1
6,2.26,2.78,40,552,2,1,480.0,31,186,36,0.25,0.516,0.556,0.241,DEN,1610612743,Denver Nuggets,35.7,771,1
7,2.68,3.16,61,1004,4,3,960.0,39,363,52,0.213,0.59,0.692,0.255,DET,1610612765,Detroit Pistons,75.1,1424,1
8,2.66,3.02,28,494,2,1,480.0,19,185,28,0.321,1.0,0.821,0.269,GSW,1610612744,Golden State Warriors,34.7,689,1
9,2.1,2.64,19,577,2,1,480.0,22,196,31,0.105,1.273,1.0,0.243,HOU,1610612745,Houston Rockets,35.5,806,1
10,2.31,2.81,95,1171,4,2,960.0,40,359,63,0.316,0.575,0.524,0.221,IND,1610612754,Indiana Pacers,75.9,1622,2
11,2.04,2.59,35,569,2,0,480.0,18,233,23,0.457,0.889,0.696,0.296,LAC,1610612746,Los Angeles Clippers,34.0,788,2
12,2.08,2.51,37,616,2,2,505.0,27,186,27,0.514,0.926,0.889,0.215,LAL,1610612747,Los Angeles Lakers,36.1,864,0
13,2.42,2.89,59,576,2,1,480.0,36,176,43,0.288,0.639,0.512,0.223,MEM,1610612763,Memphis Grizzlies,38.0,788,1
14,2.35,2.81,70,1143,4,2,985.0,44,375,52,0.314,0.727,0.769,0.235,MIA,1610612748,Miami Heat,74.8,1596,2
15,2.38,2.68,101,1241,4,3,960.0,48,330,61,0.079,0.771,0.885,0.2,MIL,1610612749,Milwaukee Bucks,73.8,1650,1
16,2.22,3.01,45,481,2,1,480.0,31,182,36,0.311,1.032,0.889,0.254,MIN,1610612750,Minnesota Timberwolves,36.0,716,1
17,2.56,3.06,37,618,2,0,555.0,19,219,26,0.189,1.0,0.962,0.259,NOP,1610612740,New Orleans Pelicans,43.2,847,2
18,2.4,2.95,74,1033,4,2,960.0,22,354,32,0.405,0.682,0.813,0.239,NYK,1610612752,New York Knicks,72.9,1482,2
19,2.42,2.91,41,527,2,0,480.0,24,204,23,0.39,0.625,0.609,0.271,OKC,1610612760,Oklahoma City Thunder,36.5,752,2
20,2.7,3.21,44,890,3,2,795.0,29,303,40,0.386,0.862,0.875,0.242,ORL,1610612753,Orlando Magic,67.2,1254,1
21,2.01,2.61,53,1193,4,3,960.0,44,360,71,0.415,0.977,0.761,0.219,PHI,1610612755,Philadelphia 76ers,71.7,1647,1
22,2.17,2.66,24,569,2,2,480.0,16,179,31,0.208,0.75,0.71,0.23,PHX,1610612756,Phoenix Suns,34.4,777,0
23,2.48,2.9,45,560,2,0,480.0,20,189,23,0.244,0.85,0.87,0.245,POR,1610612757,Portland Trail Blazers,37.3,772,2
24,2.5,2.98,36,575,2,1,480.0,28,186,36,0.306,0.714,0.694,0.238,SAC,1610612758,Sacramento Kings,38.8,780,1
25,2.35,2.62,42,618,2,1,480.0,31,190,43,0.238,0.581,0.535,0.223,SAS,1610612759,San Antonio Spurs,37.2,852,1
26,2.3,2.81,84,1170,4,2,960.0,44,356,59,0.345,0.818,0.712,0.223,TOR,1610612761,Toronto Raptors,74.6,1596,2
27,2.06,2.62,47,698,2,1,505.0,27,162,32,0.404,0.593,0.438,0.173,UTA,1610612762,Utah Jazz,41.0,938,1
28,2.01,2.55,63,946,3,1,720.0,48,276,64,0.222,0.75,0.844,0.217,WAS,1610612764,Washington Wizards,54.1,1272,2
