,AVG_DRIB_PER_TOUCH,AVG_SEC_PER_TOUCH,ELBOW_TOUCHES,FRONT_CT_TOUCHES,GP,L,MIN,PAINT_TOUCHES,POINTS,POST_TOUCHES,PTS_PER_ELBOW_TOUCH,PTS_PER_PAINT_TOUCH,PTS_PER_POST_TOUCH,PTS_PER_TOUCH,TEAM_ABBREVIATION,TEAM_ID,TEAM_NAME,TIME_OF_POSS,TOUCHES,W
0,1.99,2.49,41,730,2,1,480.0,37,203,49,0.341,0.541,0.429,0.209,ATL,1610612737,Atlanta Hawks,40.4,972,1
1,2.31,2.74,38,582,2,1,480.0,23,189,44,0.211,0.565,0.682,0.232,BOS,1610612738,Boston Celtics,37.3,816,1
2,2.14,2.77,45,600,2,1,480.0,31,195,42,0.133,0.871,0.69,0.227,BKN,1610612751,Brooklyn Nets,39.7,860,1
3,1.86,2.55,46,681,2,1,480.0,21,197,37,0.239,0.667,0.649,0.213,CHA,1610612766,Charlotte Bobcats,39.3,925,1
4,2.44,3.12,42,591,2,1,480.0,40,188,57,0.381,0.7,0.702,0.232,CHI,1610612741,Chicago Bulls,42.2,812,1
5,2.14,2.8,52,600,2,1,480.0,27,188,40,0.192,0.852,0.875,0.221,CLE,1610612739,Cleveland Cavaliers,39.7,852,1
6,2.1,2.65,68,1214,4,3,985.0,55,436,74,0.25,1.273,1.054,0.249,DAL,1610612742,Dallas Mavericks,77.5,1751,1
7,2.4,2.89,54,1095,4,2,960.0,68,452,84,0.37,0.853,0.774,0.289,DEN,1610612743,Denver Nuggets,75.4,1563,2
8,2.58,3.04,37,526,2,2,480.0,22,195,31,0.162,0.955,0.935,0.256,DET,1610612765,Detroit Pistons,38.5,761,0
9,2.5,3.01,45,788,3,1,720.0,44,356,54,0.333,1.182,1.204,0.32,GSW,1610612744,Golden State Warriors,55.8,1112,2
10,2.03,2.6,49,1240,4,1,960.0,59,458,75,0.204,1.068,0.88,0.268,HOU,1610612745,Houston Rockets,74.2,1711,3
11,2.3,2.83,40,592,2,1,480.0,37,189,57,0.25,0.973,0.737,0.229,IND,1610612754,Indiana Pacers,39.0,825,1
12,2.23,2.68,77,1168,4,0,985.0,58,445,67,0.312,0.879,0.836,0.267,LAC,1610612746,Los Angeles Clippers,74.6,1668,4
13,1.95,2.49,69,1222,4,3,960.0,52,400,70,0.348,0.846,0.657,0.234,LAL,1610612747,Los Angeles Lakers,70.8,1708,1
14,2.22,2.78,133,1253,4,2,960.0,97,384,121,0.173,0.753,0.702,0.226,MEM,1610612763,Memphis Grizzlies,78.8,1702,2
15,2.39,2.84,42,617,2,1,530.0,28,224,32,0.143,0.857,1.125,0.26,MIA,1610612748,Miami Heat,40.9,863,1
16,2.29,2.75,72,660,2,2,480.0,21,196,29,0.222,1.048,0.966,0.222,MIL,1610612749,Milwaukee Bucks,40.5,884,0
17,2.53,3.01,77,838,3,2,720.0,36,287,46,0.234,0.722,0.804,0.238,NOP,1610612740,New Orleans Pelicans,60.5,1204,1
18,2.3,2.88,36,595,2,1,480.0,18,218,24,0.25,1.278,1.125,0.26,NYK,1610612752,New York Knicks,40.2,839,1
19,2.07,2.7,102,1182,4,1,960.0,46,415,59,0.235,0.717,0.864,0.253,OKC,1610612760,Oklahoma City Thunder,73.8,1642,3
20,2.47,3.03,27,561,2,1,505.0,23,215,28,0.222,0.435,0.643,0.258,ORL,1610612753,Orlando Magic,42.1,833,1
21,1.82,2.38,30,582,2,2,480.0,25,194,30,0.2,0.76,0.733,0.236,PHI,1610612755,Philadelphia 76ers,32.7,823,0
22,2.14,2.69,42,891,3,1,720.0,41,332,61,0.143,0.756,0.639,0.269,PHX,1610612756,Phoenix Suns,55.5,1236,2
23,2.36,2.78,69,1079,4,1,960.0,32,449,34,0.362,1.313,1.294,0.284,POR,1610612757,Portland Trail Blazers,73.1,1579,3
24,2.53,3.14,84,1106,4,2,960.0,58,416,83,0.19,0.776,0.711,0.261,SAC,1610612758,Sacramento Kings,83.2,1592,2
25,2.02,2.48,72,966,3,1,720.0,54,312,67,0.264,1.056,0.97,0.241,SAS,1610612759,San Antonio Spurs,53.5,1295,2
26,2.5,2.99,28,580,2,0,480.0,23,205,24,0.143,1.043,1.0,0.252,TOR,1610612761,Toronto Raptors,40.5,812,2
27,2.35,2.78,96,1338,4,3,1010.0,60,409,89,0.313,0.933,0.787,0.224,UTA,1610612762,Utah Jazz,84.5,1823,1
28,1.95,2.56,56,620,2,1,480.0,31,202,37,0.464,0.806,0.892,0.235,WAS,1610612764,Washington Wizards,36.7,860,1
