,AVG_DRIB_PER_TOUCH,AVG_SEC_PER_TOUCH,ELBOW_TOUCHES,FRONT_CT_TOUCHES,GP,L,MIN,PAINT_TOUCHES,POINTS,POST_TOUCHES,PTS_PER_ELBOW_TOUCH,PTS_PER_PAINT_TOUCH,PTS_PER_POST_TOUCH,PTS_PER_TOUCH,TEAM_ABBREVIATION,TEAM_ID,TEAM_NAME,TIME_OF_POSS,TOUCHES,W
0,1.83,2.44,29,672,2,2,480.0,29,177,32,0.276,0.793,0.781,0.202,ATL,1610612737,Atlanta Hawks,35.6,877,0
1,2.27,2.67,38,627,2,2,480.0,18,181,29,0.211,0.778,0.759,0.206,BOS,1610612738,Boston Celtics,39.1,878,0
2,2.33,2.92,49,594,2,0,480.0,26,200,28,0.102,0.808,0.607,0.242,BKN,1610612751,Brooklyn Nets,40.2,826,2
3,2.12,2.63,44,628,2,1,480.0,21,181,31,0.136,0.571,0.581,0.215,CHA,1610612766,Charlotte Bobcats,36.9,843,1
4,2.15,2.74,54,652,2,1,480.0,27,172,46,0.167,0.741,0.609,0.197,CHI,1610612741,Chicago Bulls,39.9,874,1
5,2.22,2.71,34,618,2,1,505.0,26,187,39,0.235,0.654,0.59,0.22,CLE,1610612739,Cleveland Cavaliers,38.4,851,1
6,2.09,2.68,82,1224,4,1,985.0,52,431,56,0.39,1.231,1.071,0.252,DAL,1610612742,Dallas Mavericks,76.4,1708,3
7,2.51,2.87,65,1003,4,3,960.0,67,394,78,0.4,0.97,0.795,0.274,DEN,1610612743,Denver Nuggets,69.0,1439,1
8,2.41,2.99,43,562,2,2,505.0,28,192,41,0.326,1.0,0.829,0.24,DET,1610612765,Detroit Pistons,39.8,799,0
9,2.54,3.08,72,1030,4,2,985.0,51,379,59,0.403,0.843,0.661,0.266,GSW,1610612744,Golden State Warriors,73.0,1423,2
10,2.04,2.61,38,1201,4,2,960.0,48,361,72,0.263,0.708,0.722,0.22,HOU,1610612745,Houston Rockets,71.4,1643,2
11,2.37,2.85,51,589,2,1,480.0,25,166,36,0.314,0.72,0.75,0.211,IND,1610612754,Indiana Pacers,37.2,785,1
12,1.95,2.46,79,882,3,2,720.0,36,299,50,0.19,0.639,0.6,0.24,LAC,1610612746,Los Angeles Clippers,51.1,1246,1
13,2.03,2.63,78,1175,4,3,960.0,51,375,63,0.256,0.902,0.698,0.23,LAL,1610612747,Los Angeles Lakers,71.5,1628,1
14,2.19,2.72,25,587,2,1,480.0,25,193,30,0.16,1.16,1.2,0.231,MIA,1610612748,Miami Heat,37.9,836,1
15,2.37,2.68,39,653,2,2,480.0,20,167,24,0.256,0.75,0.708,0.191,MIL,1610612749,Milwaukee Bucks,39.1,874,0
16,2.17,2.73,100,1163,4,2,960.0,65,385,84,0.19,0.8,0.881,0.236,MIN,1610612750,Minnesota Timberwolves,74.2,1628,2
17,2.68,3.12,88,1036,4,1,960.0,46,386,52,0.364,0.696,0.673,0.26,NOP,1610612740,New Orleans Pelicans,77.2,1482,3
18,2.49,2.94,36,559,2,2,480.0,19,180,23,0.444,1.105,0.87,0.23,NYK,1610612752,New York Knicks,38.3,782,0
19,2.21,2.72,67,1069,4,1,960.0,46,402,57,0.164,0.848,0.789,0.261,OKC,1610612760,Oklahoma City Thunder,69.7,1538,3
20,2.55,2.96,34,524,2,2,480.0,8,166,16,0.294,1.5,1.125,0.226,ORL,1610612753,Orlando Magic,36.4,736,0
21,1.88,2.46,21,625,2,2,480.0,23,172,39,0.19,0.826,0.667,0.198,PHI,1610612755,Philadelphia 76ers,35.6,867,0
22,2.25,2.77,71,1082,4,4,960.0,38,372,55,0.366,0.711,0.655,0.246,PHX,1610612756,Phoenix Suns,69.8,1513,0
23,2.45,2.83,67,791,3,2,720.0,28,285,37,0.194,0.893,0.892,0.249,POR,1610612757,Portland Trail Blazers,54.0,1145,1
24,2.64,3.14,47,765,3,3,720.0,28,265,40,0.383,1.0,0.9,0.244,SAC,1610612758,Sacramento Kings,57.0,1088,0
25,2.01,2.51,96,1348,4,0,985.0,70,425,90,0.271,0.743,0.689,0.237,SAS,1610612759,San Antonio Spurs,75.2,1797,4
26,2.82,3.11,24,574,2,0,480.0,32,202,35,0.083,0.781,0.8,0.26,TOR,1610612761,Toronto Raptors,40.3,778,2
27,2.35,2.71,70,896,3,3,720.0,32,267,52,0.243,0.625,0.596,0.218,UTA,1610612762,Utah Jazz,55.4,1226,0
28,1.89,2.41,53,628,2,2,480.0,27,193,29,0.132,0.852,0.793,0.222,WAS,1610612764,Washington Wizards,34.9,870,0
