,AVG_DRIB_PER_TOUCH,AVG_SEC_PER_TOUCH,ELBOW_TOUCHES,FRONT_CT_TOUCHES,GP,L,MIN,PAINT_TOUCHES,POINTS,POST_TOUCHES,PTS_PER_ELBOW_TOUCH,PTS_PER_PAINT_TOUCH,PTS_PER_POST_TOUCH,PTS_PER_TOUCH,TEAM_ABBREVIATION,TEAM_ID,TEAM_NAME,TIME_OF_POSS,TOUCHES,W
0,2.21,2.74,73,1244,4,2,960.0,46,397,67,0.301,1.261,1.0,0.231,BOS,1610612738,Boston Celtics,78.5,1719,2
1,2.35,2.96,48,578,2,1,480.0,31,179,43,0.104,0.839,0.791,0.226,BKN,1610612751,Brooklyn Nets,39.0,791,1
2,1.84,2.5,112,1405,4,3,985.0,53,388,71,0.277,0.981,0.831,0.206,CHA,1610612766,Charlotte Bobcats,78.7,1887,1
3,2.16,2.69,110,1352,4,0,960.0,68,403,108,0.336,0.765,0.62,0.228,CHI,1610612741,Chicago Bulls,79.4,1770,4
4,2.2,2.74,82,978,3,3,770.0,51,312,52,0.293,0.843,0.827,0.234,CLE,1610612739,Cleveland Cavaliers,60.9,1334,0
5,2.04,2.74,33,586,2,1,480.0,21,205,31,0.303,1.286,1.194,0.241,DAL,1610612742,Dallas Mavericks,38.8,849,1
6,2.36,2.76,31,561,2,1,480.0,39,201,49,0.323,0.897,0.633,0.26,DEN,1610612743,Denver Nuggets,35.5,773,1
7,2.6,3.14,67,1071,4,2,960.0,62,391,74,0.493,0.887,0.743,0.262,DET,1610612765,Detroit Pistons,78.0,1490,2
8,2.48,2.95,33,514,2,0,480.0,35,212,41,0.485,1.114,0.951,0.294,GSW,1610612744,Golden State Warriors,35.5,721,2
9,2.2,2.7,22,649,2,1,480.0,30,193,43,0.182,0.567,0.581,0.225,HOU,1610612745,Houston Rockets,38.7,859,1
10,2.18,2.76,102,1279,4,2,960.0,56,372,73,0.422,0.696,0.603,0.215,IND,1610612754,Indiana Pacers,79.6,1729,2
11,1.97,2.53,50,615,2,1,480.0,33,206,38,0.12,0.909,1.184,0.247,LAC,1610612746,Los Angeles Clippers,35.3,835,1
12,2.3,2.84,45,614,2,1,480.0,33,205,35,0.311,1.152,1.086,0.244,LAL,1610612747,Los Angeles Lakers,39.7,839,1
13,2.33,2.87,59,638,2,0,480.0,46,187,46,0.102,0.761,0.761,0.221,MEM,1610612763,Memphis Grizzlies,40.6,848,2
14,2.35,2.79,66,1204,4,2,985.0,56,424,67,0.348,0.786,0.866,0.25,MIA,1610612748,Miami Heat,78.9,1693,2
15,2.18,2.62,89,1016,3,3,720.0,56,287,66,0.213,0.714,0.742,0.216,MIL,1610612749,Milwaukee Bucks,58.1,1328,0
16,1.97,2.5,61,621,2,1,480.0,33,220,34,0.115,0.848,0.941,0.255,MIN,1610612750,Minnesota Timberwolves,35.9,862,1
17,2.5,3.06,66,551,2,0,480.0,28,216,32,0.273,0.75,0.625,0.278,NOP,1610612740,New Orleans Pelicans,39.7,778,2
18,2.61,3.17,75,1167,4,2,960.0,44,394,51,0.453,0.932,0.882,0.243,NYK,1610612752,New York Knicks,85.5,1619,2
19,2.23,2.82,45,597,2,0,480.0,22,212,23,0.2,0.909,0.957,0.259,OKC,1610612760,Oklahoma City Thunder,38.6,820,2
20,2.32,2.82,58,1168,4,2,960.0,49,421,58,0.224,1.0,0.948,0.252,ORL,1610612753,Orlando Magic,78.6,1671,2
21,1.83,2.44,41,1008,3,3,720.0,52,297,74,0.341,0.865,0.743,0.216,PHI,1610612755,Philadelphia 76ers,55.8,1372,0
22,2.32,2.84,31,555,2,0,480.0,17,231,29,0.129,0.706,0.517,0.292,PHX,1610612756,Phoenix Suns,37.5,792,2
23,2.22,2.77,33,626,2,0,480.0,22,202,27,0.212,1.091,0.889,0.244,POR,1610612757,Portland Trail Blazers,38.2,827,2
24,2.14,2.79,37,560,2,2,480.0,24,207,36,0.27,0.792,0.611,0.259,SAC,1610612758,Sacramento Kings,37.2,799,0
25,2.03,2.47,49,712,2,0,480.0,42,207,48,0.469,0.714,0.625,0.217,SAS,1610612759,San Antonio Spurs,39.3,956,2
26,2.38,2.89,55,1294,4,2,985.0,50,408,60,0.345,0.74,0.7,0.235,TOR,1610612761,Toronto Raptors,83.6,1739,2
27,2.1,2.61,56,693,2,2,480.0,25,195,41,0.25,1.0,0.707,0.214,UTA,1610612762,Utah Jazz,39.7,911,0
28,2.09,2.68,85,1260,4,1,985.0,68,422,78,0.188,0.882,0.872,0.243,WAS,1610612764,Washington Wizards,77.9,1740,3
