,AVG_DRIB_PER_TOUCH,AVG_SEC_PER_TOUCH,ELBOW_TOUCHES,FRONT_CT_TOUCHES,GP,L,MIN,PAINT_TOUCHES,POINTS,POST_TOUCHES,PTS_PER_ELBOW_TOUCH,PTS_PER_PAINT_TOUCH,PTS_PER_POST_TOUCH,PTS_PER_TOUCH,TEAM_ABBREVIATION,TEAM_ID,TEAM_NAME,TIME_OF_POSS,TOUCHES,W
0,2.07,2.54,52,1280,4,2,985.0,64,389,77,0.346,0.891,0.818,0.227,ATL,1610612737,Atlanta Hawks,72.5,1713,2
1,2.14,2.53,56,1239,4,3,960.0,69,368,87,0.107,0.652,0.644,0.217,BOS,1610612738,Boston Celtics,71.6,1698,1
2,2.31,2.91,66,1213,4,2,960.0,59,386,71,0.197,0.864,0.859,0.231,BKN,1610612751,Brooklyn Nets,81.3,1674,2
3,1.95,2.63,55,1000,3,0,745.0,41,296,56,0.2,1.146,1.0,0.217,CHA,1610612766,Charlotte Bobcats,59.9,1367,3
4,2.08,2.66,118,1317,4,2,960.0,86,346,115,0.246,0.558,0.557,0.195,CHI,1610612741,Chicago Bulls,78.8,1777,2
5,2.21,2.6,60,921,3,2,720.0,41,286,56,0.35,1.073,1.0,0.231,CLE,1610612739,Cleveland Cavaliers,53.5,1236,1
6,2.08,2.52,33,662,2,2,505.0,32,193,40,0.667,0.813,0.7,0.208,DAL,1610612742,Dallas Mavericks,39.0,929,0
7,2.17,2.65,27,568,2,1,480.0,41,202,48,0.593,0.854,0.833,0.252,DEN,1610612743,Denver Nuggets,35.4,802,1
8,2.46,2.83,29,768,3,3,720.0,36,285,53,0.379,0.917,0.66,0.254,DET,1610612765,Detroit Pistons,53.0,1124,0
9,2.47,2.85,25,522,2,1,480.0,32,210,41,0.32,0.906,0.732,0.286,GSW,1610612744,Golden State Warriors,34.8,733,1
10,2.14,2.56,22,641,2,1,530.0,28,213,34,0.182,0.821,0.676,0.239,HOU,1610612745,Houston Rockets,38.1,892,1
11,2.17,2.74,86,1232,4,2,960.0,69,353,79,0.337,0.812,0.671,0.21,IND,1610612754,Indiana Pacers,76.7,1682,2
12,1.94,2.58,29,585,2,0,480.0,22,244,29,0.379,0.682,0.655,0.294,LAC,1610612746,Los Angeles Clippers,35.7,829,2
13,2.0,2.65,21,602,2,1,480.0,21,206,32,0.571,0.81,0.469,0.248,LAL,1610612747,Los Angeles Lakers,36.6,831,1
14,2.04,2.6,55,619,2,2,480.0,36,173,55,0.182,0.722,0.509,0.206,MEM,1610612763,Memphis Grizzlies,36.4,839,0
15,2.29,2.79,67,1206,4,0,960.0,74,389,81,0.373,0.797,0.716,0.232,MIA,1610612748,Miami Heat,77.9,1675,4
16,2.1,2.57,94,931,3,3,720.0,46,292,63,0.181,1.0,1.032,0.232,MIL,1610612749,Milwaukee Bucks,54.0,1261,0
17,1.89,2.59,61,613,2,2,480.0,40,193,53,0.262,0.85,0.792,0.229,MIN,1610612750,Minnesota Timberwolves,36.5,844,0
18,2.43,2.9,55,507,2,2,480.0,29,201,37,0.382,0.828,0.811,0.274,NOP,1610612740,New Orleans Pelicans,35.4,734,0
19,2.45,2.88,58,1116,4,2,960.0,39,386,46,0.345,0.692,0.717,0.246,NYK,1610612752,New York Knicks,75.3,1567,2
20,2.25,2.8,41,607,2,1,530.0,24,217,27,0.39,0.917,0.889,0.252,OKC,1610612760,Oklahoma City Thunder,40.2,862,1
21,2.44,2.85,47,834,3,3,720.0,35,266,51,0.468,0.743,0.706,0.227,ORL,1610612753,Orlando Magic,55.7,1173,0
22,1.81,2.46,50,1237,4,4,960.0,73,407,96,0.3,0.945,0.958,0.243,PHI,1610612755,Philadelphia 76ers,68.6,1676,0
23,2.38,2.85,28,529,2,0,480.0,16,227,26,0.286,0.875,0.885,0.292,PHX,1610612756,Phoenix Suns,36.9,777,2
24,2.39,2.79,42,607,2,0,505.0,23,224,34,0.262,0.826,0.618,0.261,POR,1610612757,Portland Trail Blazers,39.9,857,2
25,2.54,3.15,41,566,2,1,480.0,35,196,49,0.146,0.743,0.592,0.256,SAC,1610612758,Sacramento Kings,40.2,766,1
26,2.1,2.51,30,647,2,0,480.0,49,228,59,0.267,1.02,0.932,0.263,SAS,1610612759,San Antonio Spurs,36.3,867,2
27,2.05,2.64,47,642,2,2,480.0,21,170,39,0.128,0.905,0.641,0.2,UTA,1610612762,Utah Jazz,37.5,851,0
28,1.94,2.44,82,1347,4,3,1035.0,76,403,93,0.171,0.697,0.634,0.221,WAS,1610612764,Washington Wizards,74.2,1826,1
