,AVG_DRIB_PER_TOUCH,AVG_SEC_PER_TOUCH,ELBOW_TOUCHES,FRONT_CT_TOUCHES,GP,L,MIN,PAINT_TOUCHES,POINTS,POST_TOUCHES,PTS_PER_ELBOW_TOUCH,PTS_PER_PAINT_TOUCH,PTS_PER_POST_TOUCH,PTS_PER_TOUCH,TEAM_ABBREVIATION,TEAM_ID,TEAM_NAME,TIME_OF_POSS,TOUCHES,W
0,1.81,2.51,41,624,2,1,480.0,33,197,41,0.146,0.636,0.78,0.236,ATL,1610612737,Atlanta Hawks,35.0,836,1
1,2.1,2.56,42,657,2,2,480.0,31,180,47,0.095,0.677,0.532,0.208,BOS,1610612738,Boston Celtics,37.0,867,0
2,2.26,2.72,61,635,2,0,505.0,26,214,33,0.115,0.577,0.576,0.242,BKN,1610612751,Brooklyn Nets,40.2,886,2
3,1.81,2.46,52,753,2,1,480.0,36,196,48,0.096,1.167,1.021,0.201,CHA,1610612766,Charlotte Bobcats,39.8,973,1
4,2.27,2.8,46,644,2,1,480.0,28,183,48,0.261,0.893,0.688,0.213,CHI,1610612741,Chicago Bulls,40.0,858,1
5,2.3,2.72,53,618,2,2,480.0,22,204,34,0.226,0.727,0.882,0.241,CLE,1610612739,Cleveland Cavaliers,38.4,846,0
6,2.27,2.73,51,1128,4,1,960.0,70,433,90,0.431,0.7,0.778,0.276,DEN,1610612743,Denver Nuggets,71.3,1568,3
7,2.39,2.78,27,560,2,2,480.0,37,208,41,0.37,0.865,0.732,0.267,DET,1610612765,Detroit Pistons,36.2,780,0
8,2.59,3.15,54,1021,4,1,985.0,63,424,77,0.444,1.032,0.896,0.294,GSW,1610612744,Golden State Warriors,75.6,1440,3
9,2.08,2.53,28,1277,4,2,960.0,67,454,98,0.107,0.761,0.837,0.259,HOU,1610612745,Houston Rockets,74.2,1756,2
10,2.19,2.69,51,668,2,2,480.0,28,167,33,0.176,0.5,0.545,0.187,IND,1610612754,Indiana Pacers,40.0,893,0
11,1.69,2.27,77,1357,4,1,960.0,66,464,91,0.299,0.97,0.868,0.252,LAC,1610612746,Los Angeles Clippers,69.6,1838,3
12,1.98,2.44,43,884,3,3,720.0,61,296,68,0.372,0.803,0.647,0.236,LAL,1610612747,Los Angeles Lakers,51.1,1254,0
13,2.01,2.56,101,1405,4,3,985.0,100,392,127,0.168,0.77,0.756,0.212,MEM,1610612763,Memphis Grizzlies,78.7,1846,1
14,2.19,2.78,23,540,2,0,480.0,32,227,41,0.522,1.313,1.171,0.287,MIA,1610612748,Miami Heat,36.7,791,2
15,2.23,2.63,56,638,2,2,480.0,24,176,34,0.161,0.75,0.647,0.203,MIL,1610612749,Milwaukee Bucks,38.0,868,0
16,2.12,2.72,132,1277,4,1,985.0,61,449,89,0.197,0.951,0.831,0.255,MIN,1610612750,Minnesota Timberwolves,80.0,1763,3
17,2.51,2.95,96,1159,4,4,960.0,42,383,54,0.271,1.095,0.889,0.237,NOP,1610612740,New Orleans Pelicans,79.4,1614,0
18,2.42,2.97,37,600,2,1,480.0,23,200,29,0.324,0.913,0.862,0.243,NYK,1610612752,New York Knicks,40.6,822,1
19,2.19,2.68,66,884,3,2,745.0,39,312,42,0.379,0.718,0.667,0.252,OKC,1610612760,Oklahoma City Thunder,55.3,1239,1
20,2.27,2.77,22,585,2,2,480.0,25,188,29,0.364,0.8,0.828,0.227,ORL,1610612753,Orlando Magic,38.1,827,0
21,1.72,2.27,42,659,2,2,480.0,30,206,34,0.095,0.8,0.765,0.231,PHI,1610612755,Philadelphia 76ers,33.9,893,0
22,2.33,2.86,46,914,3,2,720.0,40,328,55,0.13,0.775,0.618,0.263,PHX,1610612756,Phoenix Suns,59.3,1245,1
23,1.98,2.53,74,1003,3,2,720.0,37,331,46,0.189,0.838,0.913,0.239,POR,1610612757,Portland Trail Blazers,58.3,1385,1
24,2.66,3.11,73,1107,4,3,960.0,52,406,70,0.356,0.962,0.971,0.262,SAC,1610612758,Sacramento Kings,80.3,1549,1
25,2.13,2.55,79,1356,4,0,960.0,76,449,102,0.367,0.947,0.873,0.246,SAS,1610612759,San Antonio Spurs,77.6,1824,4
26,2.24,2.72,39,687,2,0,505.0,26,202,37,0.282,0.654,0.622,0.22,TOR,1610612761,Toronto Raptors,41.6,917,2
27,1.95,2.48,80,1406,4,4,960.0,47,358,77,0.3,0.936,0.779,0.196,UTA,1610612762,Utah Jazz,75.5,1828,0
28,1.88,2.54,30,631,2,2,480.0,34,173,39,0.033,0.676,0.538,0.201,WAS,1610612764,Washington Wizards,36.4,860,0
