,AVG_DRIB_PER_TOUCH,AVG_SEC_PER_TOUCH,ELBOW_TOUCHES,FRONT_CT_TOUCHES,GP,L,MIN,PAINT_TOUCHES,POINTS,POST_TOUCHES,PTS_PER_ELBOW_TOUCH,PTS_PER_PAINT_TOUCH,PTS_PER_POST_TOUCH,PTS_PER_TOUCH,TEAM_ABBREVIATION,TEAM_ID,TEAM_NAME,TIME_OF_POSS,TOUCHES,W
0,1.99,2.49,78,1333,4,2,960.0,55,391,75,0.282,1.036,0.893,0.218,ATL,1610612737,Atlanta Hawks,74.5,1793,2
1,2.21,2.7,62,1268,4,3,960.0,56,412,76,0.21,0.946,0.789,0.235,BOS,1610612738,Boston Celtics,78.8,1752,1
2,2.22,2.84,91,1153,4,3,960.0,57,407,82,0.264,0.877,0.805,0.254,BKN,1610612751,Brooklyn Nets,76.1,1605,1
3,1.99,2.72,48,935,3,0,720.0,48,340,78,0.479,0.896,0.692,0.262,CHA,1610612766,Charlotte Bobcats,59.0,1300,3
4,2.32,2.91,92,1221,4,1,960.0,70,385,89,0.435,0.729,0.652,0.231,CHI,1610612741,Chicago Bulls,80.7,1667,3
5,1.99,2.53,73,1262,4,1,960.0,60,404,84,0.329,0.983,0.869,0.233,CLE,1610612739,Cleveland Cavaliers,73.1,1734,3
6,2.24,2.77,34,614,2,0,480.0,46,229,44,0.588,1.022,0.977,0.261,DAL,1610612742,Dallas Mavericks,40.6,878,2
7,2.27,2.74,34,547,2,1,480.0,43,227,53,0.353,0.721,0.66,0.284,DEN,1610612743,Denver Nuggets,36.5,798,1
8,2.39,2.95,24,516,2,0,480.0,23,217,35,0.25,1.261,1.0,0.29,GSW,1610612744,Golden State Warriors,36.8,749,2
9,2.14,2.69,18,600,2,0,480.0,28,232,36,0.556,1.071,0.889,0.271,HOU,1610612745,Houston Rockets,38.3,855,2
10,2.13,2.76,92,1277,4,1,985.0,89,408,110,0.402,0.685,0.682,0.235,IND,1610612754,Indiana Pacers,79.8,1735,3
11,1.84,2.49,43,622,2,0,480.0,33,224,36,0.279,1.455,1.333,0.257,LAC,1610612746,Los Angeles Clippers,36.2,872,2
12,2.19,2.76,46,612,2,0,480.0,26,220,37,0.391,0.654,0.73,0.26,LAL,1610612747,Los Angeles Lakers,38.8,846,2
13,2.05,2.63,60,689,2,0,505.0,56,223,59,0.333,0.839,0.864,0.243,MEM,1610612763,Memphis Grizzlies,40.3,918,2
14,2.39,2.83,65,1177,4,1,960.0,51,419,62,0.308,1.078,1.016,0.254,MIA,1610612748,Miami Heat,77.8,1652,3
15,2.17,2.62,117,1322,4,3,960.0,64,407,82,0.188,0.953,0.902,0.226,MIL,1610612749,Milwaukee Bucks,78.6,1801,1
16,2.06,2.67,69,626,2,0,480.0,42,235,55,0.174,0.929,0.782,0.269,MIN,1610612750,Minnesota Timberwolves,38.9,873,2
17,2.62,3.07,54,570,2,0,505.0,24,214,26,0.204,0.792,0.731,0.262,NOP,1610612740,New Orleans Pelicans,41.9,817,2
18,2.26,2.85,58,861,3,2,720.0,34,260,40,0.276,0.794,0.875,0.215,NYK,1610612752,New York Knicks,57.5,1211,1
19,2.3,2.79,33,567,2,0,480.0,27,231,31,0.576,1.259,1.0,0.294,OKC,1610612760,Oklahoma City Thunder,36.5,786,2
20,2.22,2.83,52,922,3,1,720.0,51,308,53,0.423,0.863,0.981,0.232,ORL,1610612753,Orlando Magic,62.6,1325,2
21,1.73,2.42,56,1306,4,3,960.0,72,423,98,0.357,0.75,0.673,0.235,PHI,1610612755,Philadelphia 76ers,72.5,1797,1
22,2.41,2.91,31,539,2,1,480.0,18,206,30,0.387,0.722,0.9,0.265,PHX,1610612756,Phoenix Suns,37.7,777,1
23,2.16,2.68,40,654,2,0,505.0,23,220,34,0.425,0.957,0.765,0.242,POR,1610612757,Portland Trail Blazers,40.6,909,2
24,2.09,2.73,34,570,2,2,480.0,24,179,44,0.412,0.375,0.432,0.221,SAC,1610612758,Sacramento Kings,36.9,811,0
25,1.75,2.25,47,670,2,1,480.0,42,220,60,0.213,0.833,0.75,0.239,SAS,1610612759,San Antonio Spurs,34.5,920,1
26,2.29,2.82,50,940,3,0,720.0,35,329,50,0.16,0.686,0.6,0.252,TOR,1610612761,Toronto Raptors,61.3,1305,3
27,2.37,2.79,49,643,2,1,480.0,27,204,43,0.224,0.778,0.581,0.235,UTA,1610612762,Utah Jazz,40.4,868,1
28,2.02,2.59,95,1300,4,2,960.0,64,412,75,0.232,0.828,0.627,0.235,WAS,1610612764,Washington Wizards,75.6,1753,2
