,AVG_DRIB_PER_TOUCH,AVG_SEC_PER_TOUCH,ELBOW_TOUCHES,FRONT_CT_TOUCHES,GP,L,MIN,PAINT_TOUCHES,POINTS,POST_TOUCHES,PTS_PER_ELBOW_TOUCH,PTS_PER_PAINT_TOUCH,PTS_PER_POST_TOUCH,PTS_PER_TOUCH,TEAM_ABBREVIATION,TEAM_ID,TEAM_NAME,TIME_OF_POSS,TOUCHES,W
0,2.06,2.54,1442,27099,81,43,19590.0,1212,8172,1482,0.368,0.821,0.752,0.228,ATL,1610612737,Atlanta Hawks,1520.0,35868,38
1,2.26,2.71,1365,25494,82,57,19730.0,1078,7892,1457,0.28,0.828,0.748,0.226,BOS,1610612738,Boston Celtics,1580.5,34954,25
2,2.26,2.83,1584,23930,81,38,19640.0,1169,7952,1468,0.191,0.855,0.804,0.239,BKN,1610612751,Brooklyn Nets,1570.2,33307,43
3,1.96,2.58,1631,27364,81,39,19665.0,1032,7844,1465,0.275,0.847,0.795,0.213,CHA,1610612766,Charlotte Bobcats,1587.5,36900,42
4,2.21,2.74,2095,27184,82,34,19930.0,1376,7680,1903,0.267,0.783,0.73,0.211,CHI,1610612741,Chicago Bulls,1659.5,36319,48
5,2.18,2.68,1702,25444,82,49,19930.0,1037,8054,1358,0.283,0.771,0.717,0.23,CLE,1610612739,Cleveland Cavaliers,1566.7,35043,33
6,2.18,2.67,1378,25367,82,33,19830.0,1084,8597,1336,0.315,0.998,0.912,0.241,DAL,1610612742,Dallas Mavericks,1587.0,35710,49
7,2.39,2.83,1304,22524,82,46,19755.0,1530,8559,1824,0.285,0.813,0.76,0.269,DEN,1610612743,Denver Nuggets,1502.3,31832,36
8,2.49,2.97,1348,22436,82,53,19780.0,1146,8286,1431,0.313,0.921,0.832,0.26,DET,1610612765,Detroit Pistons,1574.8,31831,29
9,2.55,3.05,1197,21101,81,31,19590.0,989,8434,1268,0.437,0.991,0.897,0.283,GSW,1610612744,Golden State Warriors,1519.0,29852,50
10,2.08,2.66,796,24694,82,28,19830.0,1105,8829,1480,0.273,0.936,0.836,0.257,HOU,1610612745,Houston Rockets,1525.4,34402,54
11,2.22,2.78,1745,25712,82,26,19780.0,1295,7933,1679,0.339,0.825,0.768,0.227,IND,1610612754,Indiana Pacers,1620.2,34941,56
12,1.97,2.53,1921,25466,82,25,19755.0,1103,8850,1343,0.244,0.932,0.893,0.251,LAC,1610612746,Los Angeles Clippers,1484.2,35213,57
13,1.98,2.53,1500,25318,82,55,19705.0,1137,8442,1315,0.378,0.872,0.784,0.238,LAL,1610612747,Los Angeles Lakers,1495.3,35405,27
14,2.24,2.79,2487,26286,82,32,19805.0,1714,7884,2151,0.201,0.768,0.73,0.224,MEM,1610612763,Memphis Grizzlies,1639.5,35221,50
15,2.33,2.8,1407,24029,82,28,19880.0,1154,8380,1350,0.322,1.0,0.956,0.248,MIA,1610612748,Miami Heat,1578.3,33784,54
16,2.2,2.61,2442,26847,81,66,19640.0,1268,7739,1586,0.188,0.776,0.755,0.214,MIL,1610612749,Milwaukee Bucks,1573.8,36126,15
17,2.11,2.68,2422,25529,82,42,19855.0,1547,8768,1926,0.217,0.917,0.831,0.246,MIN,1610612750,Minnesota Timberwolves,1588.2,35608,40
18,2.53,3.01,1918,22979,82,48,19855.0,985,8177,1167,0.3,0.929,0.859,0.252,NOP,1610612740,New Orleans Pelicans,1628.2,32410,34
19,2.45,2.98,1536,23421,82,45,19855.0,796,8084,956,0.383,0.937,0.879,0.246,NYK,1610612752,New York Knicks,1629.5,32833,37
20,2.3,2.86,1568,22941,82,23,19805.0,1020,8705,1186,0.315,0.864,0.836,0.27,OKC,1610612760,Oklahoma City Thunder,1534.5,32237,59
21,2.41,2.9,1180,23890,82,59,19955.0,933,7914,1190,0.349,0.861,0.815,0.235,ORL,1610612753,Orlando Magic,1625.3,33657,23
22,1.87,2.45,1278,26110,82,63,19855.0,1278,8155,1655,0.27,0.797,0.731,0.228,PHI,1610612755,Philadelphia 76ers,1464.9,35825,19
23,2.31,2.81,1248,23715,82,34,19755.0,905,8629,1262,0.253,0.834,0.765,0.26,PHX,1610612756,Phoenix Suns,1553.6,33127,48
24,2.31,2.76,1649,24754,82,28,19855.0,916,8753,1161,0.283,0.937,0.815,0.253,POR,1610612757,Portland Trail Blazers,1592.8,34603,54
25,2.49,3.02,1526,22626,81,53,19590.0,1031,8128,1395,0.286,0.846,0.759,0.254,SAC,1610612758,Sacramento Kings,1614.2,32021,28
26,2.04,2.48,1884,27861,82,20,19755.0,1570,8639,2036,0.271,0.82,0.757,0.232,SAS,1610612759,San Antonio Spurs,1541.6,37252,62
27,2.38,2.84,1216,25266,81,34,19715.0,1040,8208,1304,0.308,0.851,0.817,0.239,TOR,1610612761,Toronto Raptors,1628.3,34361,47
28,2.18,2.7,1916,27118,82,57,19780.0,1020,7791,1593,0.241,0.82,0.7,0.214,UTA,1610612762,Utah Jazz,1640.3,36457,25
29,2.03,2.58,1710,25995,81,37,19815.0,1153,8169,1484,0.249,0.827,0.754,0.229,WAS,1610612764,Washington Wizards,1537.3,35718,44
