,AVG_DRIB_PER_TOUCH,AVG_SEC_PER_TOUCH,ELBOW_TOUCHES,FRONT_CT_TOUCHES,GP,L,MIN,PAINT_TOUCHES,POINTS,POST_TOUCHES,PTS_PER_ELBOW_TOUCH,PTS_PER_PAINT_TOUCH,PTS_PER_POST_TOUCH,PTS_PER_TOUCH,TEAM_ABBREVIATION,TEAM_ID,TEAM_NAME,TIME_OF_POSS,TOUCHES,W
0,2.1,2.54,67,1363,4,2,985.0,60,426,64,0.299,0.9,0.953,0.233,ATL,1610612737,Atlanta Hawks,77.5,1830,2
1,2.24,2.66,38,990,3,1,720.0,53,298,65,0.421,0.642,0.569,0.222,BOS,1610612738,Boston Celtics,59.5,1341,2
2,2.46,2.97,53,1284,4,0,1010.0,64,389,66,0.151,0.734,0.803,0.223,BKN,1610612751,Brooklyn Nets,86.4,1748,4
3,1.92,2.51,47,1454,4,4,985.0,53,382,74,0.17,0.792,0.784,0.2,CHA,1610612766,Charlotte Bobcats,80.1,1914,0
4,2.11,2.61,74,1398,4,2,985.0,61,376,76,0.189,0.984,0.921,0.203,CHI,1610612741,Chicago Bulls,80.4,1848,2
5,2.03,2.58,44,992,3,3,720.0,41,287,55,0.182,0.683,0.673,0.215,CLE,1610612739,Cleveland Cavaliers,57.4,1337,0
6,1.89,2.46,23,695,2,2,480.0,32,210,41,0.391,0.719,0.61,0.218,DAL,1610612742,Dallas Mavericks,39.6,965,0
7,2.5,2.94,29,579,2,1,480.0,36,205,46,0.207,0.889,0.87,0.258,DEN,1610612743,Denver Nuggets,39.0,795,1
8,2.5,2.96,48,1122,4,3,960.0,77,376,79,0.125,0.987,0.987,0.242,DET,1610612765,Detroit Pistons,76.7,1553,1
9,2.78,3.12,23,509,2,1,480.0,21,233,31,0.652,1.048,0.839,0.322,GSW,1610612744,Golden State Warriors,37.7,724,1
10,1.99,2.57,14,622,2,1,480.0,29,210,35,0.143,0.966,1.029,0.241,HOU,1610612745,Houston Rockets,37.4,872,1
11,2.28,2.86,81,1273,4,2,960.0,59,354,80,0.42,0.983,0.85,0.205,IND,1610612754,Indiana Pacers,82.5,1729,2
12,1.8,2.32,43,683,2,2,480.0,36,209,46,0.372,1.0,0.913,0.231,LAC,1610612746,Los Angeles Clippers,35.0,906,0
13,1.99,2.66,27,616,2,2,480.0,24,197,30,0.556,0.333,0.4,0.234,LAL,1610612747,Los Angeles Lakers,37.3,842,0
14,2.0,2.65,44,665,2,1,480.0,37,193,50,0.136,0.838,0.86,0.22,MEM,1610612763,Memphis Grizzlies,38.8,878,1
15,2.13,2.62,84,1045,3,3,720.0,59,239,70,0.143,0.695,0.757,0.174,MIL,1610612749,Milwaukee Bucks,60.0,1372,0
16,2.25,2.78,48,698,2,1,530.0,52,204,59,0.313,0.75,0.678,0.213,MIN,1610612750,Minnesota Timberwolves,44.4,958,1
17,2.64,3.02,42,557,2,1,480.0,19,193,23,0.381,1.105,1.087,0.246,NOP,1610612740,New Orleans Pelicans,39.5,786,1
18,2.36,2.9,54,1183,4,3,960.0,35,366,46,0.315,0.914,0.739,0.223,NYK,1610612752,New York Knicks,79.3,1641,1
19,2.42,2.89,23,510,2,1,480.0,16,193,18,0.391,0.688,0.833,0.256,OKC,1610612760,Oklahoma City Thunder,36.3,755,1
20,2.44,2.88,29,1138,4,4,960.0,45,383,52,0.276,0.889,0.885,0.238,ORL,1610612753,Orlando Magic,77.3,1610,0
21,1.87,2.5,35,925,3,1,720.0,49,300,67,0.143,0.837,0.761,0.241,PHI,1610612755,Philadelphia 76ers,51.8,1245,2
22,2.19,2.71,19,611,2,2,480.0,18,189,25,0.211,1.167,0.84,0.228,PHX,1610612756,Phoenix Suns,37.5,829,0
23,2.25,2.76,30,592,2,2,480.0,24,198,31,0.133,0.875,0.806,0.242,POR,1610612757,Portland Trail Blazers,37.5,817,0
24,2.55,3.03,23,556,2,1,505.0,27,211,33,0.609,1.333,1.152,0.264,SAC,1610612758,Sacramento Kings,40.3,799,1
25,2.06,2.33,34,735,2,1,480.0,42,212,54,0.294,0.786,0.667,0.218,SAS,1610612759,San Antonio Spurs,37.7,972,1
26,2.52,2.93,41,1165,4,4,960.0,61,358,67,0.268,0.934,0.821,0.225,TOR,1610612761,Toronto Raptors,77.7,1589,0
27,2.15,2.71,46,726,2,1,480.0,19,188,28,0.174,1.105,0.964,0.201,UTA,1610612762,Utah Jazz,42.3,937,1
28,1.91,2.41,58,1328,4,2,960.0,69,411,85,0.414,0.928,0.871,0.233,WAS,1610612764,Washington Wizards,71.0,1767,2
