,AVG_DRIB_PER_TOUCH,AVG_SEC_PER_TOUCH,ELBOW_TOUCHES,FRONT_CT_TOUCHES,GP,L,MIN,PAINT_TOUCHES,POINTS,POST_TOUCHES,PTS_PER_ELBOW_TOUCH,PTS_PER_PAINT_TOUCH,PTS_PER_POST_TOUCH,PTS_PER_TOUCH,TEAM_ABBREVIATION,TEAM_ID,TEAM_NAME,TIME_OF_POSS,TOUCHES,W
0,2.17,2.68,38,639,2,0,480.0,32,229,38,0.395,0.906,0.763,0.267,ATL,1610612737,Atlanta Hawks,38.3,859,2
1,2.1,2.71,41,616,2,1,480.0,17,197,21,0.341,0.765,0.905,0.236,BOS,1610612738,Boston Celtics,37.7,835,1
2,2.35,2.9,32,489,2,1,480.0,25,190,31,0.063,1.04,0.839,0.269,BKN,1610612751,Brooklyn Nets,34.2,706,1
3,1.93,2.57,44,648,2,0,480.0,21,208,37,0.227,0.429,0.459,0.23,CHA,1610612766,Charlotte Bobcats,38.7,903,2
4,1.99,2.53,61,679,2,1,480.0,36,164,46,0.311,0.611,0.522,0.179,CHI,1610612741,Chicago Bulls,38.7,915,1
5,2.01,2.49,47,633,2,1,480.0,26,189,38,0.383,0.885,0.763,0.215,CLE,1610612739,Cleveland Cavaliers,36.6,881,1
6,2.09,2.6,74,1204,4,1,960.0,62,400,72,0.595,0.952,0.944,0.235,DAL,1610612742,Dallas Mavericks,73.7,1701,3
7,2.17,2.7,58,867,3,2,720.0,60,308,66,0.414,0.6,0.621,0.255,DEN,1610612743,Denver Nuggets,54.4,1208,1
8,2.44,2.98,43,563,2,0,480.0,44,196,49,0.279,0.614,0.592,0.248,DET,1610612765,Detroit Pistons,39.3,790,2
9,2.51,3.74,49,710,3,0,720.0,31,301,44,0.673,0.968,0.909,0.288,GSW,1610612744,Golden State Warriors,65.0,1044,3
10,1.93,2.54,43,1158,4,2,960.0,51,445,66,0.326,1.137,1.045,0.271,HOU,1610612745,Houston Rockets,69.6,1644,2
11,1.96,2.59,66,649,2,0,505.0,24,232,31,0.318,1.083,1.065,0.263,IND,1610612754,Indiana Pacers,38.1,882,2
12,1.97,2.56,113,1209,4,0,985.0,52,434,66,0.257,1.192,1.0,0.253,LAC,1610612746,Los Angeles Clippers,73.1,1715,4
13,1.96,2.55,60,1218,4,1,960.0,60,434,65,0.4,0.667,0.6,0.257,LAL,1610612747,Los Angeles Lakers,71.9,1689,3
14,2.2,2.81,80,944,3,0,720.0,71,287,90,0.2,0.761,0.689,0.227,MEM,1610612763,Memphis Grizzlies,59.4,1267,3
15,2.19,2.72,36,603,2,1,505.0,25,225,27,0.333,0.92,0.741,0.253,MIA,1610612748,Miami Heat,40.4,890,1
16,2.2,2.61,66,616,2,2,480.0,27,209,42,0.394,0.815,0.667,0.254,MIL,1610612749,Milwaukee Bucks,35.8,824,0
17,1.99,2.53,118,1183,4,2,960.0,86,423,104,0.203,0.86,0.837,0.249,MIN,1610612750,Minnesota Timberwolves,71.5,1696,2
18,2.46,3.0,101,1102,4,3,960.0,50,396,63,0.426,0.9,0.81,0.254,NOP,1610612740,New Orleans Pelicans,77.8,1557,1
19,2.61,3.06,50,557,2,1,505.0,19,208,22,0.4,1.211,1.136,0.258,NYK,1610612752,New York Knicks,41.0,805,1
20,2.12,2.81,95,1117,4,0,960.0,57,406,64,0.347,0.789,0.797,0.264,OKC,1610612760,Oklahoma City Thunder,71.9,1535,4
21,2.18,2.82,30,586,2,2,480.0,16,183,19,0.367,1.063,0.789,0.217,ORL,1610612753,Orlando Magic,39.6,842,0
22,1.95,2.54,25,615,2,1,480.0,27,211,36,0.48,0.889,0.806,0.242,PHI,1610612755,Philadelphia 76ers,36.9,871,1
23,2.18,2.73,72,1154,4,2,960.0,49,430,64,0.194,0.694,0.688,0.268,PHX,1610612756,Phoenix Suns,73.1,1606,2
24,2.23,2.73,92,1193,4,1,960.0,54,419,64,0.304,0.852,0.875,0.251,POR,1610612757,Portland Trail Blazers,75.9,1672,3
25,2.01,2.5,76,1002,3,0,720.0,71,306,92,0.237,0.817,0.739,0.226,SAS,1610612759,San Antonio Spurs,56.4,1355,3
26,2.33,2.68,32,605,2,1,480.0,18,200,29,0.188,0.778,0.897,0.239,TOR,1610612761,Toronto Raptors,37.4,837,1
27,2.16,2.68,83,1020,3,1,745.0,42,330,63,0.229,0.881,0.778,0.241,UTA,1610612762,Utah Jazz,61.1,1367,2
28,2.01,2.51,45,678,2,1,505.0,35,204,40,0.222,0.8,0.675,0.218,WAS,1610612764,Washington Wizards,39.3,937,1
