,AVG_DRIB_PER_TOUCH,AVG_SEC_PER_TOUCH,ELBOW_TOUCHES,FRONT_CT_TOUCHES,GP,L,MIN,PAINT_TOUCHES,POINTS,POST_TOUCHES,PTS_PER_ELBOW_TOUCH,PTS_PER_PAINT_TOUCH,PTS_PER_POST_TOUCH,PTS_PER_TOUCH,TEAM_ABBREVIATION,TEAM_ID,TEAM_NAME,TIME_OF_POSS,TOUCHES,W
0,2.24,2.67,26,678,2,1,480.0,27,179,39,0.385,0.815,0.821,0.205,ATL,1610612737,Atlanta Hawks,38.8,873,1
1,2.34,2.83,55,1218,4,3,960.0,48,364,64,0.255,0.583,0.531,0.219,BOS,1610612738,Boston Celtics,78.6,1664,1
2,2.06,2.63,73,1401,4,2,985.0,38,399,58,0.274,1.0,0.983,0.212,CHA,1610612766,Charlotte Bobcats,82.6,1881,2
3,2.41,2.87,51,979,3,1,720.0,43,267,64,0.235,0.86,0.703,0.206,CHI,1610612741,Chicago Bulls,61.9,1293,2
4,2.01,2.62,87,1271,4,2,960.0,66,391,83,0.299,0.712,0.651,0.227,CLE,1610612739,Cleveland Cavaliers,75.3,1725,2
5,2.29,2.74,31,647,2,2,505.0,23,210,28,0.194,0.696,0.75,0.233,DAL,1610612742,Dallas Mavericks,41.0,900,0
6,2.42,2.87,36,566,2,1,480.0,47,200,52,0.333,0.851,0.846,0.259,DEN,1610612743,Denver Nuggets,36.9,773,1
7,2.33,2.87,85,1171,4,1,960.0,70,427,73,0.329,0.886,0.959,0.263,DET,1610612765,Detroit Pistons,77.6,1621,3
8,2.91,3.32,28,494,2,1,480.0,19,191,29,0.214,1.632,1.483,0.282,GSW,1610612744,Golden State Warriors,37.5,677,1
9,1.98,2.56,20,601,2,1,480.0,17,210,24,0.4,0.941,0.75,0.253,HOU,1610612745,Houston Rockets,35.3,829,1
10,2.13,2.74,62,1306,4,0,960.0,59,401,81,0.532,1.102,0.84,0.225,IND,1610612754,Indiana Pacers,81.3,1781,4
11,2.1,2.49,51,591,2,1,480.0,20,203,23,0.137,0.95,1.043,0.242,LAC,1610612746,Los Angeles Clippers,34.9,840,1
12,2.23,2.7,27,576,2,1,480.0,26,201,36,0.407,0.654,0.778,0.252,LAL,1610612747,Los Angeles Lakers,36.0,799,1
13,2.3,2.82,47,565,2,2,480.0,27,182,34,0.128,0.667,0.647,0.233,MEM,1610612763,Memphis Grizzlies,36.7,780,0
14,2.4,2.76,61,1225,4,4,1010.0,55,377,62,0.393,1.036,0.935,0.227,MIA,1610612748,Miami Heat,76.5,1663,0
15,2.18,2.62,63,975,3,3,720.0,28,273,48,0.317,1.071,0.813,0.214,MIL,1610612749,Milwaukee Bucks,55.7,1276,0
16,2.02,2.55,57,625,2,1,480.0,39,210,40,0.298,0.846,0.85,0.24,MIN,1610612750,Minnesota Timberwolves,37.1,874,1
17,2.76,3.19,44,571,2,1,505.0,26,190,24,0.136,0.962,1.083,0.238,NOP,1610612740,New Orleans Pelicans,42.4,798,1
18,2.53,3.0,59,1106,4,1,960.0,32,412,36,0.39,1.094,1.111,0.268,NYK,1610612752,New York Knicks,76.8,1537,3
19,2.18,2.79,32,595,2,1,480.0,22,213,29,0.344,1.091,0.931,0.259,OKC,1610612760,Oklahoma City Thunder,38.2,821,1
20,2.65,3.1,50,1096,4,2,960.0,36,400,58,0.36,0.778,0.776,0.26,ORL,1610612753,Orlando Magic,79.4,1537,2
21,1.76,2.31,57,1413,4,3,985.0,68,418,95,0.351,0.706,0.621,0.222,PHI,1610612755,Philadelphia 76ers,72.6,1885,1
22,2.4,2.93,30,574,2,2,505.0,20,193,24,0.267,0.65,0.542,0.239,PHX,1610612756,Phoenix Suns,39.5,809,0
23,2.71,3.06,21,566,2,0,480.0,26,232,30,0.429,1.231,1.0,0.303,POR,1610612757,Portland Trail Blazers,39.1,766,2
24,2.65,3.23,29,525,2,1,480.0,19,196,22,0.655,0.632,0.636,0.258,SAC,1610612758,Sacramento Kings,40.9,759,1
25,2.28,2.61,38,674,2,1,480.0,23,202,31,0.184,1.043,0.774,0.225,SAS,1610612759,San Antonio Spurs,39.1,898,1
26,2.5,2.92,32,1092,4,2,960.0,62,397,70,0.313,0.887,0.871,0.261,TOR,1610612761,Toronto Raptors,74.0,1521,2
27,2.06,2.57,45,707,2,2,480.0,19,187,35,0.222,0.579,0.543,0.201,UTA,1610612762,Utah Jazz,40.0,932,0
28,2.15,2.7,65,1005,3,0,745.0,40,326,40,0.308,1.025,0.925,0.239,WAS,1610612764,Washington Wizards,61.3,1365,3
