,AVG_DRIB_PER_TOUCH,AVG_SEC_PER_TOUCH,ELBOW_TOUCHES,FRONT_CT_TOUCHES,GP,L,MIN,PAINT_TOUCHES,POINTS,POST_TOUCHES,PTS_PER_ELBOW_TOUCH,PTS_PER_PAINT_TOUCH,PTS_PER_POST_TOUCH,PTS_PER_TOUCH,TEAM_ABBREVIATION,TEAM_ID,TEAM_NAME,TIME_OF_POSS,TOUCHES,W
0,2.03,2.52,40,686,2,2,480.0,28,205,36,0.5,0.5,0.528,0.23,ATL,1610612737,Atlanta Hawks,37.6,893,0
1,2.17,2.61,44,701,2,2,505.0,30,212,38,0.182,0.8,0.737,0.229,BOS,1610612738,Boston Celtics,40.3,926,0
2,2.18,2.73,51,646,2,1,505.0,29,197,42,0.118,0.759,0.619,0.23,BKN,1610612751,Brooklyn Nets,39.0,857,1
3,1.57,2.36,37,740,2,1,480.0,24,174,37,0.324,0.625,0.649,0.18,CHA,1610612766,Charlotte Bobcats,38.0,967,1
4,2.27,2.74,62,803,2,2,555.0,50,207,63,0.274,0.94,0.857,0.202,CHI,1610612741,Chicago Bulls,46.7,1024,0
5,2.22,2.83,39,616,2,2,480.0,28,189,38,0.308,0.643,0.579,0.23,CLE,1610612739,Cleveland Cavaliers,38.7,821,0
6,2.05,2.61,62,1257,4,0,960.0,44,425,52,0.145,1.045,0.962,0.246,DAL,1610612742,Dallas Mavericks,75.4,1731,4
7,2.36,2.79,65,1121,4,2,985.0,74,435,86,0.215,0.865,0.86,0.273,DEN,1610612743,Denver Nuggets,74.0,1592,2
8,2.29,2.82,36,613,2,2,505.0,32,207,35,0.222,0.875,0.8,0.242,DET,1610612765,Detroit Pistons,40.1,854,0
9,2.35,3.03,59,795,3,0,720.0,30,303,39,0.39,1.133,1.205,0.271,GSW,1610612744,Golden State Warriors,56.5,1118,3
10,1.93,2.6,45,1198,4,1,960.0,67,421,85,0.444,0.985,0.729,0.257,HOU,1610612745,Houston Rockets,71.1,1639,3
11,2.01,2.69,43,668,2,0,480.0,32,194,44,0.279,0.469,0.568,0.217,IND,1610612754,Indiana Pacers,40.1,893,2
12,1.96,2.49,103,1199,4,1,960.0,55,435,63,0.165,1.109,1.111,0.265,LAC,1610612746,Los Angeles Clippers,68.2,1642,3
13,2.04,2.57,60,915,3,2,720.0,53,326,60,0.45,0.906,0.8,0.255,LAL,1610612747,Los Angeles Lakers,54.7,1279,1
14,2.15,2.68,117,1296,4,3,960.0,97,364,117,0.171,0.608,0.59,0.213,MEM,1610612763,Memphis Grizzlies,76.4,1711,1
15,2.2,2.72,35,597,2,1,480.0,26,202,31,0.114,1.5,1.484,0.24,MIA,1610612748,Miami Heat,38.1,840,1
16,2.08,2.5,81,700,2,2,480.0,44,202,47,0.099,0.773,0.851,0.222,MIL,1610612749,Milwaukee Bucks,37.9,910,0
17,2.09,2.67,88,941,3,1,720.0,59,303,70,0.17,0.881,0.843,0.237,MIN,1610612750,Minnesota Timberwolves,56.9,1279,2
18,2.49,3.04,40,595,2,1,480.0,18,197,14,0.325,0.722,0.786,0.242,NYK,1610612752,New York Knicks,41.2,815,1
19,2.14,2.77,71,824,3,1,720.0,34,314,40,0.296,0.882,0.975,0.274,OKC,1610612760,Oklahoma City Thunder,53.0,1146,2
20,2.38,2.89,26,600,2,1,480.0,18,202,30,0.231,0.833,0.7,0.243,ORL,1610612753,Orlando Magic,40.0,831,1
21,1.68,2.37,30,687,2,2,480.0,36,203,40,0.267,0.778,0.65,0.218,PHI,1610612755,Philadelphia 76ers,36.8,933,0
22,2.28,2.9,56,1151,4,0,960.0,47,415,68,0.446,0.979,0.779,0.259,PHX,1610612756,Phoenix Suns,77.4,1601,4
23,2.17,2.64,69,1281,4,1,960.0,46,429,59,0.435,1.022,0.695,0.246,POR,1610612757,Portland Trail Blazers,76.9,1746,3
24,2.65,3.2,63,1017,4,1,960.0,36,412,59,0.317,0.889,0.78,0.285,SAC,1610612758,Sacramento Kings,77.3,1448,3
25,2.06,2.53,99,1337,4,0,960.0,74,411,96,0.222,0.851,0.792,0.23,SAS,1610612759,San Antonio Spurs,75.4,1786,4
26,2.45,2.91,27,666,2,0,480.0,31,215,43,0.148,0.613,0.605,0.246,TOR,1610612761,Toronto Raptors,42.4,875,2
27,2.01,2.54,77,1344,4,2,960.0,56,404,99,0.208,1.054,0.798,0.222,UTA,1610612762,Utah Jazz,77.1,1823,2
28,1.83,2.41,65,691,2,0,480.0,36,196,46,0.4,0.722,0.674,0.212,WAS,1610612764,Washington Wizards,37.2,925,2
