,AVG_DRIB_PER_TOUCH,AVG_SEC_PER_TOUCH,ELBOW_TOUCHES,FRONT_CT_TOUCHES,GP,L,MIN,PAINT_TOUCHES,POINTS,POST_TOUCHES,PTS_PER_ELBOW_TOUCH,PTS_PER_PAINT_TOUCH,PTS_PER_POST_TOUCH,PTS_PER_TOUCH,TEAM_ABBREVIATION,TEAM_ID,TEAM_NAME,TIME_OF_POSS,TOUCHES,W
0,2.25,2.76,48,1074,4,2,960.0,53,414,61,0.375,0.943,0.787,0.274,ATL,1610612737,Atlanta Hawks,69.4,1511,2
1,2.27,2.77,51,1137,4,2,960.0,55,384,83,0.294,0.855,0.747,0.241,BOS,1610612738,Boston Celtics,73.6,1592,2
2,2.4,2.94,86,1173,4,3,960.0,47,365,60,0.186,0.702,0.683,0.225,BKN,1610612751,Brooklyn Nets,79.3,1619,1
3,2.34,2.82,40,1139,4,2,960.0,56,397,73,0.4,0.786,0.753,0.246,CHA,1610612766,Charlotte Bobcats,75.9,1615,2
4,2.15,2.86,87,1266,4,2,960.0,76,358,100,0.126,0.868,0.85,0.213,CHI,1610612741,Chicago Bulls,80.3,1684,2
5,2.42,2.93,53,1039,4,2,960.0,31,398,41,0.396,0.613,0.537,0.264,CLE,1610612739,Cleveland Cavaliers,73.6,1507,2
6,2.49,2.85,30,544,2,1,480.0,26,190,33,0.133,0.846,0.939,0.244,DAL,1610612742,Dallas Mavericks,36.9,778,1
7,2.81,3.11,23,480,2,1,480.0,24,187,32,0.261,1.0,0.938,0.267,DEN,1610612743,Denver Nuggets,36.4,701,1
8,2.44,3.04,45,795,3,1,720.0,42,273,56,0.311,1.024,0.929,0.242,DET,1610612765,Detroit Pistons,57.1,1127,2
9,2.88,3.3,20,500,2,1,480.0,22,210,34,0.85,0.591,0.647,0.302,GSW,1610612744,Golden State Warriors,38.3,696,1
10,2.34,3.03,9,524,2,0,480.0,22,211,27,0.0,1.0,0.815,0.288,HOU,1610612745,Houston Rockets,36.9,732,2
11,2.27,2.93,56,891,3,1,745.0,45,306,60,0.375,0.711,0.75,0.25,IND,1610612754,Indiana Pacers,59.9,1226,2
12,2.3,2.68,44,560,2,0,480.0,20,202,21,0.25,0.7,0.667,0.252,LAC,1610612746,Los Angeles Clippers,35.7,801,2
13,2.19,2.81,33,545,2,1,480.0,24,230,28,0.152,1.0,1.0,0.295,LAL,1610612747,Los Angeles Lakers,36.5,779,1
14,2.5,2.98,50,599,2,0,480.0,36,193,46,0.24,1.0,0.696,0.24,MEM,1610612763,Memphis Grizzlies,40.0,805,2
15,2.42,2.95,62,1051,4,1,960.0,53,408,70,0.339,0.943,0.857,0.269,MIA,1610612748,Miami Heat,74.6,1518,3
16,2.37,2.79,97,1256,4,3,1010.0,61,379,85,0.165,0.967,0.835,0.22,MIL,1610612749,Milwaukee Bucks,80.1,1725,1
17,2.08,2.69,53,580,2,1,480.0,25,215,35,0.17,1.04,0.829,0.265,MIN,1610612750,Minnesota Timberwolves,36.4,812,1
18,2.77,3.13,30,499,2,1,480.0,14,194,21,0.2,1.214,0.905,0.274,NOP,1610612740,New Orleans Pelicans,37.0,709,1
19,2.48,3.0,40,552,2,0,480.0,29,235,33,0.45,1.207,1.03,0.304,OKC,1610612760,Oklahoma City Thunder,38.7,773,2
20,2.68,3.12,36,852,3,2,770.0,37,310,42,0.611,1.216,1.024,0.256,ORL,1610612753,Orlando Magic,63.0,1212,1
21,2.02,2.61,55,1226,4,3,960.0,44,404,63,0.273,0.909,0.81,0.241,PHI,1610612755,Philadelphia 76ers,72.9,1675,1
22,2.56,2.96,27,538,2,1,505.0,27,208,38,0.148,0.444,0.368,0.269,PHX,1610612756,Phoenix Suns,38.1,773,1
23,2.2,2.77,58,607,2,0,480.0,25,196,31,0.086,1.0,0.774,0.23,POR,1610612757,Portland Trail Blazers,39.4,853,2
24,2.93,3.44,33,502,2,1,505.0,16,205,28,0.545,0.625,0.357,0.285,SAC,1610612758,Sacramento Kings,41.2,719,1
25,2.11,2.67,30,636,2,1,480.0,33,221,51,0.267,0.909,0.765,0.261,SAS,1610612759,San Antonio Spurs,37.7,847,1
26,2.39,2.79,38,1222,4,2,960.0,43,402,55,0.263,0.651,0.582,0.239,TOR,1610612761,Toronto Raptors,78.3,1680,2
27,2.36,2.89,39,594,2,2,480.0,28,164,44,0.154,0.679,0.545,0.203,UTA,1610612762,Utah Jazz,38.9,808,0
28,2.29,2.83,56,861,3,0,720.0,25,290,30,0.107,0.68,0.867,0.241,WAS,1610612764,Washington Wizards,56.8,1203,3
