,AVG_DRIB_PER_TOUCH,AVG_SEC_PER_TOUCH,ELBOW_TOUCHES,FRONT_CT_TOUCHES,GP,L,MIN,PAINT_TOUCHES,POINTS,POST_TOUCHES,PTS_PER_ELBOW_TOUCH,PTS_PER_PAINT_TOUCH,PTS_PER_POST_TOUCH,PTS_PER_TOUCH,TEAM_ABBREVIATION,TEAM_ID,TEAM_NAME,TIME_OF_POSS,TOUCHES,W
0,2.16,2.64,87,1318,4,3,985.0,73,396,77,0.299,0.918,0.961,0.225,ATL,1610612737,Atlanta Hawks,77.4,1758,1
1,2.27,2.7,80,1317,4,3,985.0,54,406,64,0.425,0.87,0.734,0.225,BOS,1610612738,Boston Celtics,81.3,1805,1
2,2.09,2.68,48,932,3,3,745.0,50,309,57,0.208,0.5,0.544,0.243,BKN,1610612751,Brooklyn Nets,56.8,1270,0
3,2.24,2.77,51,1005,3,1,745.0,28,277,36,0.294,0.643,0.667,0.205,CHA,1610612766,Charlotte Bobcats,62.4,1353,2
4,2.4,2.8,78,961,3,2,720.0,41,277,50,0.205,0.854,0.8,0.216,CHI,1610612741,Chicago Bulls,59.8,1281,1
5,2.47,2.45,71,1167,4,2,985.0,39,392,48,0.31,0.897,0.75,0.237,CLE,1610612739,Cleveland Cavaliers,67.6,1656,2
6,2.26,2.7,37,647,2,0,480.0,28,192,34,0.135,0.821,0.882,0.22,DAL,1610612742,Dallas Mavericks,39.4,874,2
7,2.73,3.05,23,523,2,0,480.0,37,180,46,0.217,0.838,0.674,0.245,DEN,1610612743,Denver Nuggets,37.4,736,2
8,2.36,2.78,83,1152,4,2,960.0,57,398,75,0.241,0.877,0.72,0.249,DET,1610612765,Detroit Pistons,74.2,1600,2
9,2.58,3.12,45,506,2,1,480.0,21,197,26,0.378,1.048,1.192,0.277,GSW,1610612744,Golden State Warriors,36.9,711,1
10,2.47,3.07,17,500,2,0,480.0,26,227,33,1.0,1.038,0.758,0.308,HOU,1610612745,Houston Rockets,37.8,738,2
11,2.33,2.9,63,923,3,1,720.0,54,264,65,0.159,0.852,0.815,0.215,IND,1610612754,Indiana Pacers,59.3,1226,2
12,1.79,2.64,55,596,2,0,480.0,34,223,34,0.255,1.088,1.029,0.264,LAC,1610612746,Los Angeles Clippers,37.1,845,2
13,2.09,2.53,50,611,2,2,480.0,31,218,35,0.28,1.129,0.943,0.251,LAL,1610612747,Los Angeles Lakers,36.7,869,0
14,2.37,2.99,68,621,2,0,480.0,33,202,46,0.235,1.121,0.935,0.245,MEM,1610612763,Memphis Grizzlies,40.9,823,2
15,2.28,2.72,85,1277,4,2,960.0,55,392,69,0.318,1.0,0.986,0.226,MIA,1610612748,Miami Heat,78.7,1737,2
16,2.12,2.62,121,1415,4,3,1010.0,63,399,90,0.19,0.825,0.7,0.211,MIL,1610612749,Milwaukee Bucks,82.6,1894,1
17,2.21,2.79,62,617,2,1,480.0,30,220,33,0.274,0.967,0.848,0.258,MIN,1610612750,Minnesota Timberwolves,39.7,853,1
18,2.5,3.05,41,569,2,2,480.0,26,189,31,0.122,0.654,0.839,0.237,NOP,1610612740,New Orleans Pelicans,40.7,799,0
19,2.52,2.98,50,872,3,3,720.0,19,279,27,0.34,1.053,1.111,0.233,NYK,1610612752,New York Knicks,59.6,1198,0
20,2.45,2.95,34,535,2,1,505.0,19,187,19,0.324,0.789,0.579,0.248,OKC,1610612760,Oklahoma City Thunder,37.0,753,1
21,2.58,2.96,49,1159,4,4,985.0,50,373,57,0.327,1.02,0.842,0.228,ORL,1610612753,Orlando Magic,80.9,1637,0
22,1.97,2.52,61,1201,4,3,960.0,68,413,80,0.18,0.897,0.888,0.243,PHI,1610612755,Philadelphia 76ers,71.3,1697,1
23,2.66,2.05,25,546,2,1,480.0,25,194,31,0.12,0.84,0.71,0.254,PHX,1610612756,Phoenix Suns,26.1,764,1
24,2.58,2.92,34,600,2,1,480.0,27,206,26,0.294,1.148,1.115,0.257,POR,1610612757,Portland Trail Blazers,39.0,803,1
25,2.68,3.16,33,542,2,1,505.0,32,201,35,0.333,0.688,0.629,0.253,SAC,1610612758,Sacramento Kings,41.9,795,1
26,2.2,2.6,60,752,2,0,530.0,39,217,49,0.267,0.769,0.796,0.219,SAS,1610612759,San Antonio Spurs,43.1,993,2
27,2.62,3.03,66,1301,4,1,1035.0,55,429,59,0.455,1.127,1.102,0.241,TOR,1610612761,Toronto Raptors,89.9,1780,3
28,2.51,2.86,47,570,2,1,480.0,7,195,12,0.213,0.857,0.583,0.245,UTA,1610612762,Utah Jazz,38.0,797,1
