,AVG_DRIB_PER_TOUCH,AVG_SEC_PER_TOUCH,ELBOW_TOUCHES,FRONT_CT_TOUCHES,GP,L,MIN,PAINT_TOUCHES,POINTS,POST_TOUCHES,PTS_PER_ELBOW_TOUCH,PTS_PER_PAINT_TOUCH,PTS_PER_POST_TOUCH,PTS_PER_TOUCH,TEAM_ABBREVIATION,TEAM_ID,TEAM_NAME,TIME_OF_POSS,TOUCHES,W
0,2.06,2.56,79,1358,4,1,960.0,53,393,70,0.19,0.811,0.786,0.222,ATL,1610612737,Atlanta Hawks,75.4,1767,3
1,2.08,2.53,56,1096,3,1,770.0,46,319,53,0.286,0.696,0.679,0.222,BOS,1610612738,Boston Celtics,60.7,1440,2
2,2.34,2.87,61,919,3,1,720.0,53,305,71,0.164,0.943,0.873,0.247,BKN,1610612751,Brooklyn Nets,58.9,1233,2
3,2.28,2.76,62,1250,4,2,960.0,41,365,66,0.323,1.195,0.803,0.215,CHA,1610612766,Charlotte Hornets,78.0,1694,2
4,2.12,2.7,109,1336,4,2,960.0,79,372,93,0.202,0.722,0.645,0.211,CHI,1610612741,Chicago Bulls,79.2,1759,2
5,2.26,2.85,29,1174,4,1,960.0,50,394,71,0.276,0.98,0.915,0.242,CLE,1610612739,Cleveland Cavaliers,77.3,1630,3
6,2.03,2.54,47,550,2,1,480.0,26,212,29,0.213,0.962,1.069,0.26,DAL,1610612742,Dallas Mavericks,34.5,815,1
7,2.24,2.8,43,565,2,1,480.0,40,177,48,0.186,0.525,0.563,0.23,DEN,1610612743,Denver Nuggets,35.9,769,1
8,2.02,2.54,26,613,2,0,480.0,27,209,36,0.231,0.815,0.806,0.254,GSW,1610612744,Golden State Warriors,34.9,824,2
9,2.04,2.64,20,598,2,1,480.0,28,204,39,0.25,0.643,0.821,0.251,HOU,1610612745,Houston Rockets,35.8,814,1
10,2.03,2.61,89,1324,4,2,960.0,71,426,91,0.202,0.887,0.879,0.244,IND,1610612754,Indiana Pacers,75.8,1743,2
11,2.18,2.68,52,589,2,0,480.0,17,217,24,0.346,1.0,0.792,0.269,LAC,1610612746,Los Angeles Clippers,36.1,808,2
12,2.04,2.95,38,554,2,0,480.0,31,199,34,0.211,0.968,1.088,0.253,LAL,1610612747,Los Angeles Lakers,38.7,788,2
13,2.09,2.69,55,637,2,1,480.0,43,190,60,0.327,0.791,0.733,0.226,MEM,1610612763,Memphis Grizzlies,37.7,842,1
14,2.38,2.87,60,938,3,2,720.0,51,298,67,0.483,0.706,0.672,0.232,MIA,1610612748,Miami Heat,61.3,1282,1
15,2.3,2.67,95,1225,4,1,960.0,52,398,59,0.168,0.808,0.864,0.242,MIL,1610612749,Milwaukee Bucks,73.2,1644,3
16,2.4,2.95,40,554,2,0,480.0,34,209,44,0.375,0.765,0.705,0.273,MIN,1610612750,Minnesota Timberwolves,37.6,765,2
17,2.57,3.14,35,602,2,0,480.0,39,193,46,0.114,0.769,0.804,0.237,NOP,1610612740,New Orleans Pelicans,42.6,813,2
18,1.54,2.29,160,1577,4,3,1010.0,63,387,69,0.288,0.714,0.522,0.185,NYK,1610612752,New York Knicks,80.0,2094,1
19,2.14,2.75,35,655,2,1,505.0,36,185,45,0.314,0.528,0.489,0.212,OKC,1610612760,Oklahoma City Thunder,40.1,874,1
20,2.47,2.78,57,1149,4,3,960.0,60,408,67,0.561,1.117,1.0,0.256,ORL,1610612753,Orlando Magic,73.8,1595,1
21,1.95,2.56,62,1420,4,1,985.0,47,380,67,0.29,0.638,0.537,0.206,PHI,1610612755,Philadelphia 76ers,78.7,1844,3
22,2.31,2.67,40,608,2,1,480.0,24,191,37,0.475,0.875,0.649,0.235,PHX,1610612756,Phoenix Suns,36.2,813,1
23,2.57,3.06,56,581,2,0,480.0,27,216,28,0.25,1.074,1.25,0.281,POR,1610612757,Portland Trail Blazers,39.3,770,2
24,2.15,2.85,55,617,2,2,480.0,27,185,35,0.109,0.815,0.714,0.223,SAC,1610612758,Sacramento Kings,39.5,831,0
25,2.04,2.38,46,738,2,1,480.0,47,208,55,0.37,1.043,0.818,0.216,SAS,1610612759,San Antonio Spurs,38.2,961,1
26,2.44,2.95,51,1150,4,2,960.0,69,439,83,0.588,1.116,1.06,0.279,TOR,1610612761,Toronto Raptors,77.3,1574,2
27,1.94,2.47,42,702,2,0,480.0,31,185,39,0.19,0.774,0.769,0.206,UTA,1610612762,Utah Jazz,37.0,898,2
28,2.07,2.63,55,877,3,1,720.0,57,295,75,0.4,0.842,0.773,0.242,WAS,1610612764,Washington Wizards,53.4,1217,2
