,AVG_DRIB_PER_TOUCH,AVG_SEC_PER_TOUCH,ELBOW_TOUCHES,FRONT_CT_TOUCHES,GP,L,MIN,PAINT_TOUCHES,POINTS,POST_TOUCHES,PTS_PER_ELBOW_TOUCH,PTS_PER_PAINT_TOUCH,PTS_PER_POST_TOUCH,PTS_PER_TOUCH,TEAM_ABBREVIATION,TEAM_ID,TEAM_NAME,TIME_OF_POSS,TOUCHES,W
0,2.07,2.57,34,721,2,0,480.0,26,240,27,0.294,1.038,0.926,0.259,ATL,1610612737,Atlanta Hawks,39.7,926,2
1,2.37,2.76,41,603,2,1,480.0,33,207,45,0.341,1.182,0.933,0.254,BOS,1610612738,Boston Celtics,37.5,814,1
2,2.76,3.17,25,558,2,0,480.0,30,210,43,0.12,0.767,0.767,0.273,BKN,1610612751,Brooklyn Nets,40.6,768,2
3,2.07,2.58,17,663,2,2,480.0,21,197,31,0.353,0.476,0.774,0.22,CHA,1610612766,Charlotte Hornets,38.5,896,0
4,2.29,2.76,41,610,2,1,480.0,29,192,36,0.341,1.103,1.111,0.236,CHI,1610612741,Chicago Bulls,37.5,814,1
5,2.33,2.88,18,566,2,1,480.0,33,185,47,0.222,0.97,0.787,0.234,CLE,1610612739,Cleveland Cavaliers,38.1,792,1
6,2.26,2.65,51,912,3,0,745.0,35,315,43,0.353,1.057,0.953,0.241,DAL,1610612742,Dallas Mavericks,57.8,1309,3
7,2.39,2.8,67,1081,4,2,960.0,82,454,99,0.224,0.988,0.838,0.292,DEN,1610612743,Denver Nuggets,72.6,1553,2
8,2.71,3.11,21,517,2,0,480.0,15,209,20,0.476,1.2,1.0,0.281,DET,1610612765,Detroit Pistons,38.5,743,2
9,1.73,2.31,81,1375,4,0,960.0,63,470,73,0.432,1.079,1.027,0.255,GSW,1610612744,Golden State Warriors,70.7,1840,4
10,2.08,2.69,32,980,3,0,745.0,47,330,61,0.25,0.872,0.836,0.244,HOU,1610612745,Houston Rockets,60.7,1353,3
11,1.89,2.57,59,705,2,2,505.0,30,195,46,0.186,0.867,0.674,0.207,IND,1610612754,Indiana Pacers,40.3,941,0
12,2.14,2.64,79,1250,4,1,960.0,64,451,72,0.241,0.984,0.847,0.263,LAC,1610612746,Los Angeles Clippers,75.4,1714,3
13,2.25,2.99,82,1174,4,3,960.0,50,390,66,0.195,1.0,0.909,0.243,LAL,1610612747,Los Angeles Lakers,80.1,1606,1
14,2.19,2.78,123,1238,4,1,960.0,72,395,99,0.236,0.903,0.929,0.238,MEM,1610612763,Memphis Grizzlies,76.8,1659,3
15,2.36,2.94,38,590,2,0,505.0,28,209,38,0.263,0.964,0.789,0.249,MIA,1610612748,Miami Heat,41.2,840,2
16,2.41,2.75,48,553,2,0,480.0,32,219,43,0.25,0.656,0.581,0.275,MIL,1610612749,Milwaukee Bucks,36.4,795,2
17,2.27,2.86,46,890,3,3,720.0,54,319,76,0.348,0.796,0.75,0.26,MIN,1610612750,Minnesota Timberwolves,58.6,1227,0
18,2.66,3.19,82,1082,4,1,960.0,38,398,46,0.256,0.789,0.674,0.265,NOP,1610612740,New Orleans Pelicans,79.8,1500,3
19,1.68,2.39,56,736,2,2,505.0,33,215,38,0.214,0.788,0.895,0.21,NYK,1610612752,New York Knicks,40.6,1022,0
20,2.11,2.77,73,1201,4,1,960.0,51,404,62,0.288,0.745,0.613,0.245,OKC,1610612760,Oklahoma City Thunder,76.2,1649,3
21,2.64,3.01,25,593,2,0,480.0,19,224,28,0.56,0.947,0.786,0.282,ORL,1610612753,Orlando Magic,39.8,793,2
22,2.15,2.6,28,662,2,1,480.0,19,220,28,0.071,0.632,0.571,0.244,PHI,1610612755,Philadelphia 76ers,39.1,903,1
23,2.17,2.7,64,1234,4,3,1010.0,58,409,68,0.219,0.776,0.618,0.239,PHX,1610612756,Phoenix Suns,77.1,1713,1
24,2.48,2.93,62,877,3,1,720.0,30,302,40,0.129,0.767,0.85,0.25,POR,1610612757,Portland Trail Blazers,59.1,1209,2
25,2.23,2.63,84,1300,4,1,960.0,65,422,89,0.226,0.877,0.697,0.239,SAS,1610612759,San Antonio Spurs,77.2,1763,3
26,2.76,3.11,16,584,2,0,480.0,24,236,29,0.25,1.083,0.862,0.294,TOR,1610612761,Toronto Raptors,41.6,802,2
27,1.81,2.43,109,1507,4,1,960.0,63,398,73,0.22,0.952,0.712,0.209,UTA,1610612762,Utah Jazz,77.0,1903,3
28,2.07,2.67,21,598,2,1,480.0,24,199,34,0.476,0.917,0.706,0.238,WAS,1610612764,Washington Wizards,37.2,835,1
