,AVG_DRIB_PER_TOUCH,AVG_SEC_PER_TOUCH,ELBOW_TOUCHES,FRONT_CT_TOUCHES,GP,L,MIN,PAINT_TOUCHES,POINTS,POST_TOUCHES,PTS_PER_ELBOW_TOUCH,PTS_PER_PAINT_TOUCH,PTS_PER_POST_TOUCH,PTS_PER_TOUCH,TEAM_ABBREVIATION,TEAM_ID,TEAM_NAME,TIME_OF_POSS,TOUCHES,W
0,1.88,2.42,62,1496,4,1,960.0,70,365,81,0.097,0.814,0.802,0.193,ATL,1610612737,Atlanta Hawks,76.3,1889,3
1,2.27,2.67,35,942,3,2,720.0,33,299,39,0.571,0.909,0.769,0.233,BOS,1610612738,Boston Celtics,57.1,1281,1
2,2.49,2.95,91,1388,4,3,1110.0,72,417,95,0.242,0.792,0.684,0.222,BKN,1610612751,Brooklyn Nets,92.2,1876,1
3,2.06,2.54,37,1195,3,1,770.0,26,310,51,0.324,0.731,0.647,0.196,CHA,1610612766,Charlotte Hornets,67.0,1580,2
4,2.19,2.68,75,1440,4,1,960.0,75,368,96,0.36,0.64,0.583,0.199,CHI,1610612741,Chicago Bulls,82.9,1853,3
5,2.26,2.74,39,1236,4,1,960.0,58,403,69,0.077,0.914,0.826,0.236,CLE,1610612739,Cleveland Cavaliers,78.0,1707,3
6,2.06,2.5,26,685,2,0,480.0,29,232,30,0.308,1.069,1.0,0.249,DAL,1610612742,Dallas Mavericks,38.9,932,2
7,2.46,2.93,24,570,2,1,480.0,23,187,33,0.333,1.13,0.848,0.24,DEN,1610612743,Denver Nuggets,38.0,778,1
8,2.49,2.87,63,1229,4,3,960.0,62,358,80,0.127,0.903,0.813,0.213,DET,1610612765,Detroit Pistons,80.2,1678,1
9,1.87,2.41,26,665,2,0,480.0,31,210,39,0.385,0.903,0.872,0.235,GSW,1610612744,Golden State Warriors,36.0,895,2
10,2.03,2.58,16,638,2,0,480.0,31,234,41,0.125,1.065,1.098,0.267,HOU,1610612745,Houston Rockets,37.8,878,2
11,2.39,2.81,54,1331,4,2,985.0,60,391,81,0.333,0.7,0.593,0.218,IND,1610612754,Indiana Pacers,84.3,1797,2
12,1.98,2.46,43,655,2,1,480.0,28,212,30,0.279,0.964,0.933,0.237,LAC,1610612746,Los Angeles Clippers,36.7,896,1
13,2.49,3.17,42,636,2,1,505.0,49,206,52,0.238,0.857,0.808,0.241,LAL,1610612747,Los Angeles Lakers,45.1,855,1
14,2.36,2.79,53,653,2,1,480.0,53,188,62,0.189,0.66,0.548,0.218,MEM,1610612763,Memphis Grizzlies,40.1,862,1
15,2.35,2.77,80,1289,4,4,960.0,50,359,56,0.325,0.64,0.518,0.205,MIA,1610612748,Miami Heat,80.8,1753,0
16,2.24,2.87,55,591,2,2,480.0,26,170,33,0.145,0.885,1.0,0.211,MIN,1610612750,Minnesota Timberwolves,38.5,807,0
17,2.58,3.03,40,612,2,0,480.0,23,199,28,0.425,1.087,0.929,0.237,NOP,1610612740,New Orleans Pelicans,42.3,838,2
18,1.63,2.26,91,1154,3,3,720.0,51,286,60,0.176,0.569,0.617,0.186,NYK,1610612752,New York Knicks,58.0,1538,0
19,2.23,2.75,21,616,2,1,480.0,23,192,28,0.0,0.652,0.643,0.231,OKC,1610612760,Oklahoma City Thunder,38.1,831,1
20,2.43,2.8,56,1263,4,2,960.0,47,389,63,0.25,0.851,0.698,0.231,ORL,1610612753,Orlando Magic,78.6,1683,2
21,1.85,2.35,60,1476,4,4,960.0,58,343,67,0.05,0.741,0.687,0.176,PHI,1610612755,Philadelphia 76ers,76.4,1952,0
22,2.4,2.94,23,590,2,1,480.0,17,196,21,0.217,0.941,0.857,0.242,PHX,1610612756,Phoenix Suns,39.7,810,1
23,2.38,2.79,25,615,2,1,480.0,29,192,34,0.12,0.759,0.647,0.229,POR,1610612757,Portland Trail Blazers,39.0,840,1
24,2.32,2.87,26,619,2,2,480.0,22,210,28,0.231,0.864,0.75,0.247,SAC,1610612758,Sacramento Kings,40.6,850,0
25,2.04,2.39,33,752,2,0,480.0,46,215,61,0.303,1.261,1.033,0.221,SAS,1610612759,San Antonio Spurs,38.8,973,2
26,2.47,2.98,34,923,3,1,720.0,33,291,36,0.147,0.939,0.917,0.235,TOR,1610612761,Toronto Raptors,61.6,1240,2
27,2.06,2.52,47,743,2,0,480.0,24,183,31,0.17,0.833,0.903,0.191,UTA,1610612762,Utah Jazz,40.2,958,2
28,2.26,2.78,46,953,3,1,720.0,50,304,61,0.304,0.88,0.852,0.235,WAS,1610612764,Washington Wizards,59.9,1293,2
