,AVG_DRIB_PER_TOUCH,AVG_SEC_PER_TOUCH,ELBOW_TOUCHES,FRONT_CT_TOUCHES,GP,L,MIN,PAINT_TOUCHES,POINTS,POST_TOUCHES,PTS_PER_ELBOW_TOUCH,PTS_PER_PAINT_TOUCH,PTS_PER_POST_TOUCH,PTS_PER_TOUCH,TEAM_ABBREVIATION,TEAM_ID,TEAM_NAME,TIME_OF_POSS,TOUCHES,W
0,1.87,2.4,36,716,2,1,480.0,25,198,32,0.278,0.52,0.406,0.213,ATL,1610612737,Atlanta Hawks,37.2,929,1
1,2.22,2.71,39,656,2,0,480.0,25,204,42,0.103,0.76,0.571,0.23,BOS,1610612738,Boston Celtics,40.1,887,2
2,2.68,3.14,23,559,2,0,480.0,28,212,39,0.348,1.107,0.974,0.275,BKN,1610612751,Brooklyn Nets,40.3,770,2
3,2.16,2.68,24,652,2,0,480.0,24,214,38,0.667,1.0,1.026,0.242,CHA,1610612766,Charlotte Hornets,39.4,883,2
4,2.28,2.9,25,619,2,1,480.0,40,215,48,0.4,0.8,0.667,0.256,CHI,1610612741,Chicago Bulls,40.7,840,1
5,2.05,2.73,32,639,2,1,480.0,29,207,46,0.063,0.552,0.717,0.239,CLE,1610612739,Cleveland Cavaliers,39.5,867,1
6,2.01,2.5,51,1056,3,1,770.0,27,348,34,0.353,0.741,0.765,0.236,DAL,1610612742,Dallas Mavericks,61.3,1475,2
7,2.58,2.85,40,611,2,1,480.0,24,177,30,0.275,0.833,0.9,0.204,DET,1610612765,Detroit Pistons,41.2,868,1
8,1.82,2.38,49,1003,3,1,720.0,47,358,57,0.286,1.213,1.158,0.264,GSW,1610612744,Golden State Warriors,53.8,1358,2
9,2.0,2.64,49,1282,4,0,985.0,54,455,76,0.061,1.0,0.882,0.25,HOU,1610612745,Houston Rockets,80.3,1822,4
10,1.95,2.59,58,711,2,2,480.0,24,160,38,0.172,0.5,0.553,0.171,IND,1610612754,Indiana Pacers,40.3,934,0
11,2.11,2.65,84,1217,4,1,960.0,47,425,59,0.274,0.915,0.831,0.257,LAC,1610612746,Los Angeles Clippers,73.0,1652,3
12,2.43,3.16,86,1189,4,3,985.0,63,402,79,0.256,0.984,0.987,0.245,LAL,1610612747,Los Angeles Lakers,86.5,1644,1
13,2.24,2.76,87,983,3,1,720.0,68,276,76,0.23,0.662,0.724,0.211,MEM,1610612763,Memphis Grizzlies,60.0,1305,2
14,2.28,2.8,37,660,2,1,480.0,28,190,31,0.108,0.893,0.903,0.212,MIA,1610612748,Miami Heat,41.8,897,1
15,2.05,2.64,42,640,2,1,480.0,28,184,34,0.238,0.536,0.471,0.212,MIL,1610612749,Milwaukee Bucks,38.1,868,1
16,2.3,2.91,80,1150,4,3,960.0,59,401,81,0.413,0.864,0.741,0.246,MIN,1610612750,Minnesota Timberwolves,79.1,1632,1
17,2.58,3.16,73,1161,4,3,1010.0,51,392,71,0.26,0.843,0.845,0.238,NOP,1610612740,New Orleans Pelicans,86.7,1648,1
18,1.68,2.5,71,732,2,1,480.0,16,187,27,0.394,0.313,0.37,0.188,NYK,1610612752,New York Knicks,41.5,997,1
19,2.22,2.85,82,1216,4,1,960.0,73,445,80,0.366,0.767,0.763,0.264,OKC,1610612760,Oklahoma City Thunder,80.1,1686,3
20,2.51,2.77,33,606,2,2,480.0,32,190,36,0.576,1.0,0.944,0.224,ORL,1610612753,Orlando Magic,39.1,848,0
21,2.11,2.61,37,660,2,0,480.0,18,204,32,0.189,0.833,0.594,0.224,PHI,1610612755,Philadelphia 76ers,39.6,910,2
22,2.25,2.71,46,883,3,1,720.0,37,327,40,0.37,0.703,0.65,0.26,PHX,1610612756,Phoenix Suns,56.9,1259,2
23,2.25,2.77,84,1282,4,0,960.0,45,471,57,0.381,0.844,0.877,0.267,POR,1610612757,Portland Trail Blazers,81.5,1763,4
24,2.35,2.91,74,1202,4,2,960.0,60,460,73,0.23,1.0,0.959,0.267,SAC,1610612758,Sacramento Kings,83.6,1723,2
25,2.03,2.5,80,1451,4,0,960.0,76,451,112,0.213,1.118,0.946,0.236,SAS,1610612759,San Antonio Spurs,79.5,1909,4
26,2.74,3.23,16,562,2,0,505.0,26,228,27,0.313,1.231,1.222,0.285,TOR,1610612761,Toronto Raptors,43.0,799,2
27,1.88,2.53,95,1517,4,2,960.0,55,394,66,0.189,0.927,0.727,0.205,UTA,1610612762,Utah Jazz,81.1,1921,2
28,2.17,2.82,47,661,2,0,505.0,43,236,57,0.191,0.837,0.877,0.259,WAS,1610612764,Washington Wizards,42.9,912,2
