,AVG_DRIB_PER_TOUCH,AVG_SEC_PER_TOUCH,ELBOW_TOUCHES,FRONT_CT_TOUCHES,GP,L,MIN,PAINT_TOUCHES,POINTS,POST_TOUCHES,PTS_PER_ELBOW_TOUCH,PTS_PER_PAINT_TOUCH,PTS_PER_POST_TOUCH,PTS_PER_TOUCH,TEAM_ABBREVIATION,TEAM_ID,TEAM_NAME,TIME_OF_POSS,TOUCHES,W
0,2.04,2.73,30,619,2,0,480.0,30,208,36,0.233,1.0,0.917,0.251,ATL,1610612737,Atlanta Hawks,37.7,829,2
1,1.91,2.54,29,655,2,2,480.0,29,177,37,0.517,0.655,0.486,0.2,BOS,1610612738,Boston Celtics,37.5,885,0
2,2.7,3.23,39,546,2,2,480.0,33,197,37,0.513,0.879,0.757,0.259,BKN,1610612751,Brooklyn Nets,40.9,760,0
3,2.41,2.89,26,613,2,2,480.0,17,173,24,0.462,0.941,0.667,0.207,CHA,1610612766,Charlotte Hornets,40.2,834,0
4,1.85,2.72,32,636,2,1,480.0,36,204,53,0.313,0.75,0.604,0.236,CHI,1610612741,Chicago Bulls,39.2,865,1
5,2.3,2.98,30,634,2,2,505.0,26,196,39,0.133,1.192,0.949,0.225,CLE,1610612739,Cleveland Cavaliers,43.4,872,0
6,1.99,2.67,68,1245,4,3,960.0,58,398,69,0.265,0.759,0.667,0.224,DAL,1610612742,Dallas Mavericks,78.9,1773,1
7,2.18,2.81,56,1173,4,4,985.0,48,415,63,0.25,1.0,0.81,0.253,DEN,1610612743,Denver Nuggets,76.7,1640,0
8,2.32,2.88,32,593,2,1,480.0,23,207,31,0.156,0.783,0.71,0.246,DET,1610612765,Detroit Pistons,40.5,843,1
9,1.92,2.51,64,1269,4,0,960.0,68,460,87,0.297,0.838,0.782,0.265,GSW,1610612744,Golden State Warriors,72.6,1736,4
10,2.04,2.63,38,677,2,2,480.0,33,198,45,0.263,0.879,0.533,0.216,IND,1610612754,Indiana Pacers,40.2,916,0
11,2.23,2.82,66,1181,4,2,960.0,61,415,66,0.197,0.803,0.818,0.252,LAC,1610612746,Los Angeles Clippers,77.5,1648,2
12,2.35,3.13,71,828,3,2,720.0,50,275,59,0.183,1.0,0.881,0.236,LAL,1610612747,Los Angeles Lakers,60.7,1164,1
13,2.22,2.8,79,1267,4,2,985.0,96,428,115,0.329,0.865,0.791,0.25,MEM,1610612763,Memphis Grizzlies,80.0,1712,2
14,2.11,2.77,65,611,2,2,480.0,26,170,30,0.292,0.808,0.767,0.197,MIA,1610612748,Miami Heat,39.8,863,0
15,2.35,2.72,37,604,2,2,480.0,35,214,48,0.135,1.0,0.958,0.263,MIL,1610612749,Milwaukee Bucks,36.9,814,0
16,2.24,2.96,80,912,3,3,745.0,46,324,60,0.363,1.065,0.817,0.253,MIN,1610612750,Minnesota Timberwolves,63.4,1283,0
17,2.47,3.19,64,1144,4,2,960.0,61,417,70,0.453,0.852,0.943,0.259,NOP,1610612740,New Orleans Pelicans,85.5,1607,2
18,1.58,2.42,55,729,2,2,480.0,21,182,26,0.345,0.571,0.538,0.192,NYK,1610612752,New York Knicks,38.1,947,0
19,2.25,2.88,29,815,3,3,720.0,43,278,40,0.414,0.814,0.7,0.247,OKC,1610612760,Oklahoma City Thunder,53.9,1124,0
20,2.61,2.94,32,562,2,1,480.0,22,214,27,0.375,1.182,1.0,0.269,ORL,1610612753,Orlando Magic,38.9,795,1
21,1.84,2.66,48,641,2,2,480.0,18,180,22,0.125,0.778,0.636,0.207,PHI,1610612755,Philadelphia 76ers,38.6,871,0
22,2.04,2.65,58,1232,4,3,960.0,49,441,62,0.172,0.776,0.71,0.259,PHX,1610612756,Phoenix Suns,75.2,1704,1
23,2.26,3.03,46,908,3,1,720.0,33,309,43,0.391,1.121,1.14,0.246,POR,1610612757,Portland Trail Blazers,63.4,1257,2
24,2.15,2.84,53,898,3,3,745.0,37,309,52,0.396,0.622,0.615,0.248,SAC,1610612758,Sacramento Kings,59.1,1246,0
25,2.11,2.6,59,1390,4,1,960.0,69,405,91,0.271,0.899,0.868,0.216,SAS,1610612759,San Antonio Spurs,81.3,1873,3
26,2.57,3.2,14,567,2,1,480.0,19,175,28,0.571,0.684,0.857,0.22,TOR,1610612761,Toronto Raptors,42.4,797,1
27,1.87,2.53,82,1485,4,3,960.0,65,375,74,0.122,0.938,1.0,0.195,UTA,1610612762,Utah Jazz,81.3,1928,1
28,1.98,2.78,20,527,2,1,480.0,31,195,41,0.4,0.613,0.805,0.252,WAS,1610612764,Washington Wizards,35.9,774,1
