,AVG_DRIB_PER_TOUCH,AVG_SEC_PER_TOUCH,ELBOW_TOUCHES,FRONT_CT_TOUCHES,GP,L,MIN,PAINT_TOUCHES,POINTS,POST_TOUCHES,PTS_PER_ELBOW_TOUCH,PTS_PER_PAINT_TOUCH,PTS_PER_POST_TOUCH,PTS_PER_TOUCH,TEAM_ABBREVIATION,TEAM_ID,TEAM_NAME,TIME_OF_POSS,TOUCHES,W
0,2.02,2.51,47,1031,3,1,720.0,43,302,49,0.383,0.721,0.653,0.223,ATL,1610612737,Atlanta Hawks,56.6,1355,2
1,2.5,2.94,83,1143,4,3,960.0,55,386,68,0.241,1.036,0.882,0.242,BKN,1610612751,Brooklyn Nets,78.0,1593,1
2,2.4,2.76,61,1284,4,2,960.0,33,402,43,0.426,0.97,0.674,0.23,CHA,1610612766,Charlotte Hornets,80.5,1749,2
3,2.26,2.82,66,1263,4,1,985.0,67,438,85,0.197,0.746,0.718,0.253,CHI,1610612741,Chicago Bulls,81.3,1729,3
4,2.31,2.75,82,1332,4,2,960.0,65,400,91,0.183,1.015,0.879,0.221,CLE,1610612739,Cleveland Cavaliers,83.2,1812,2
5,2.25,2.78,39,592,2,0,480.0,23,237,22,0.256,0.957,0.955,0.275,DAL,1610612742,Dallas Mavericks,40.0,863,2
6,2.31,2.79,24,568,2,2,480.0,34,199,33,0.333,0.676,0.697,0.255,DEN,1610612743,Denver Nuggets,36.2,779,0
7,2.57,2.88,54,932,3,2,770.0,50,310,64,0.222,1.0,0.813,0.236,DET,1610612765,Detroit Pistons,63.0,1313,1
8,1.79,2.37,45,674,2,0,480.0,22,220,22,0.356,0.818,0.636,0.243,GSW,1610612744,Golden State Warriors,35.8,906,2
9,2.01,2.57,23,619,2,0,480.0,28,197,38,0.304,1.179,0.974,0.227,HOU,1610612745,Houston Rockets,37.2,869,2
10,2.22,3.0,79,1258,4,3,985.0,62,381,75,0.266,0.613,0.547,0.218,IND,1610612754,Indiana Pacers,87.3,1748,1
11,2.14,2.68,59,674,2,0,480.0,34,221,29,0.322,1.147,1.103,0.249,LAC,1610612746,Los Angeles Clippers,39.8,889,2
12,2.42,3.06,52,585,2,1,505.0,29,214,28,0.192,0.586,0.679,0.252,LAL,1610612747,Los Angeles Lakers,43.4,850,1
13,2.25,2.71,50,634,2,1,480.0,42,209,53,0.24,1.143,0.943,0.242,MEM,1610612763,Memphis Grizzlies,38.9,862,1
14,2.32,2.83,102,1284,4,1,960.0,52,366,66,0.186,0.769,0.697,0.206,MIA,1610612748,Miami Heat,83.8,1775,3
15,2.37,2.76,74,904,3,1,720.0,52,306,66,0.392,0.942,0.833,0.246,MIL,1610612749,Milwaukee Bucks,57.4,1246,2
16,2.25,2.85,52,598,2,1,480.0,39,208,50,0.154,0.974,0.9,0.246,MIN,1610612750,Minnesota Timberwolves,40.1,845,1
17,2.72,3.1,43,565,2,2,480.0,36,198,36,0.349,0.722,0.722,0.254,NOP,1610612740,New Orleans Pelicans,40.2,779,0
18,1.83,2.53,127,1448,4,3,960.0,62,384,74,0.331,0.758,0.743,0.199,NYK,1610612752,New York Knicks,81.6,1932,1
19,2.4,2.96,46,603,2,0,480.0,35,231,35,0.217,0.829,0.829,0.28,OKC,1610612760,Oklahoma City Thunder,40.8,826,2
20,2.59,2.91,35,1215,4,2,960.0,57,383,69,0.343,0.947,0.739,0.226,ORL,1610612753,Orlando Magic,82.1,1694,2
21,2.01,2.51,58,1385,4,4,960.0,52,362,67,0.293,0.731,0.716,0.194,PHI,1610612755,Philadelphia 76ers,78.0,1865,0
22,2.26,2.62,22,588,2,1,480.0,18,228,23,0.364,0.889,0.609,0.274,PHX,1610612756,Phoenix Suns,36.4,832,1
23,2.53,2.95,50,602,2,1,480.0,24,183,32,0.3,0.667,0.688,0.225,POR,1610612757,Portland Trail Blazers,40.0,815,1
24,2.33,2.81,34,615,2,1,480.0,23,193,36,0.265,1.043,0.944,0.227,SAC,1610612758,Sacramento Kings,39.9,850,1
25,2.19,2.52,29,676,2,0,480.0,37,212,42,0.276,1.027,1.0,0.228,SAS,1610612759,San Antonio Spurs,39.1,931,2
26,2.84,3.16,33,1153,4,2,985.0,39,428,47,0.242,1.051,1.021,0.264,TOR,1610612761,Toronto Raptors,85.6,1624,2
27,2.06,2.65,64,740,2,2,480.0,39,174,43,0.172,0.795,0.791,0.189,UTA,1610612762,Utah Jazz,40.6,921,0
28,2.31,2.78,73,1023,3,1,770.0,50,327,62,0.205,0.86,0.871,0.235,WAS,1610612764,Washington Wizards,64.3,1390,2
