,AVG_DRIB_PER_TOUCH,AVG_SEC_PER_TOUCH,ELBOW_TOUCHES,FRONT_CT_TOUCHES,GP,L,MIN,PAINT_TOUCHES,POINTS,POST_TOUCHES,PTS_PER_ELBOW_TOUCH,PTS_PER_PAINT_TOUCH,PTS_PER_POST_TOUCH,PTS_PER_TOUCH,TEAM_ABBREVIATION,TEAM_ID,TEAM_NAME,TIME_OF_POSS,TOUCHES,W
0,2.12,2.81,38,666,2,1,480.0,26,219,29,0.316,0.885,0.931,0.252,ATL,1610612737,Atlanta Hawks,40.7,869,1
1,2.23,2.7,36,683,2,2,480.0,32,212,39,0.167,0.781,0.821,0.233,BOS,1610612738,Boston Celtics,41.0,910,0
2,2.51,3.1,57,544,2,1,480.0,40,209,42,0.368,0.6,0.595,0.271,BKN,1610612751,Brooklyn Nets,39.9,772,1
3,2.21,2.71,27,653,2,2,480.0,25,188,34,0.222,0.88,0.794,0.205,CHA,1610612766,Charlotte Hornets,41.4,917,0
4,2.09,2.74,45,715,2,1,505.0,35,215,43,0.356,0.8,0.628,0.221,CHI,1610612741,Chicago Bulls,44.5,974,1
5,2.6,3.18,24,580,2,1,480.0,36,204,45,0.125,0.889,0.778,0.239,CLE,1610612739,Cleveland Cavaliers,45.3,854,1
6,2.09,2.62,60,1240,4,4,960.0,55,411,73,0.167,1.018,0.767,0.231,DAL,1610612742,Dallas Mavericks,77.6,1776,0
7,2.7,3.16,34,842,3,2,720.0,67,319,71,0.382,0.836,0.732,0.27,DEN,1610612743,Denver Nuggets,62.1,1180,1
8,2.48,2.99,51,608,2,2,480.0,36,191,42,0.275,0.5,0.476,0.224,DET,1610612765,Detroit Pistons,42.5,853,0
9,2.05,2.65,46,1254,4,4,960.0,62,399,81,0.13,0.79,0.728,0.225,HOU,1610612745,Houston Rockets,78.2,1773,0
10,2.09,2.69,35,669,2,1,480.0,31,206,38,0.229,0.774,0.632,0.223,IND,1610612754,Indiana Pacers,41.3,922,1
11,2.36,2.87,86,1219,4,3,960.0,47,408,59,0.291,0.681,0.661,0.244,LAC,1610612746,Los Angeles Clippers,79.8,1671,1
12,2.11,3.0,105,1220,4,3,960.0,70,439,79,0.238,0.929,0.911,0.26,LAL,1610612747,Los Angeles Lakers,84.2,1687,1
13,2.21,2.82,80,983,3,2,720.0,56,296,74,0.263,0.589,0.541,0.226,MEM,1610612763,Memphis Grizzlies,61.5,1311,1
14,2.32,2.83,53,669,2,2,480.0,18,186,23,0.358,0.667,0.522,0.205,MIA,1610612748,Miami Heat,42.7,906,0
15,2.25,2.82,55,629,2,2,480.0,40,188,48,0.291,0.45,0.458,0.222,MIL,1610612749,Milwaukee Bucks,39.9,847,0
16,2.23,2.96,68,1193,4,4,960.0,69,375,90,0.221,0.696,0.589,0.23,MIN,1610612750,Minnesota Timberwolves,80.4,1632,0
17,2.62,3.15,73,1145,4,3,985.0,52,406,64,0.342,0.788,0.75,0.248,NOP,1610612740,New Orleans Pelicans,86.1,1639,1
18,1.77,2.57,57,747,2,2,480.0,29,186,27,0.246,0.552,0.444,0.189,NYK,1610612752,New York Knicks,42.2,983,0
19,2.2,2.89,76,1190,4,3,960.0,49,413,57,0.316,0.735,0.667,0.25,OKC,1610612760,Oklahoma City Thunder,79.6,1655,1
20,2.38,2.92,15,627,2,2,480.0,17,193,25,0.667,0.941,0.72,0.224,ORL,1610612753,Orlando Magic,41.9,861,0
21,1.79,2.47,43,747,2,2,480.0,34,170,48,0.093,0.676,0.417,0.169,PHI,1610612755,Philadelphia 76ers,41.3,1003,0
22,2.2,2.82,63,1224,4,3,960.0,55,380,63,0.413,0.673,0.635,0.221,PHX,1610612756,Phoenix Suns,80.9,1722,1
23,2.38,2.97,62,895,3,3,720.0,30,303,35,0.371,0.967,0.886,0.243,POR,1610612757,Portland Trail Blazers,61.7,1248,0
24,2.1,2.85,78,1209,4,4,960.0,46,382,63,0.244,0.587,0.667,0.224,SAC,1610612758,Sacramento Kings,81.0,1707,0
25,2.18,2.8,57,1038,3,1,720.0,60,319,77,0.421,0.833,0.688,0.234,SAS,1610612759,San Antonio Spurs,63.5,1362,2
26,2.19,2.84,28,624,2,2,480.0,31,194,36,0.214,0.903,0.833,0.222,TOR,1610612761,Toronto Raptors,41.5,875,0
27,1.75,2.48,121,1661,4,3,960.0,69,394,69,0.132,0.826,0.826,0.188,UTA,1610612762,Utah Jazz,86.6,2094,1
28,1.96,2.69,47,624,2,2,480.0,27,183,30,0.447,0.704,0.667,0.205,WAS,1610612764,Washington Wizards,39.9,891,0
