,AVG_DRIB_PER_TOUCH,AVG_SEC_PER_TOUCH,ELBOW_TOUCHES,FRONT_CT_TOUCHES,GP,L,MIN,PAINT_TOUCHES,POINTS,POST_TOUCHES,PTS_PER_ELBOW_TOUCH,PTS_PER_PAINT_TOUCH,PTS_PER_POST_TOUCH,PTS_PER_TOUCH,TEAM_ABBREVIATION,TEAM_ID,TEAM_NAME,TIME_OF_POSS,TOUCHES,W
0,1.76,2.4,55,998,3,0,720.0,40,320,50,0.236,1.175,1.0,0.248,ATL,1610612737,Atlanta Hawks,51.4,1288,3
1,2.11,2.77,78,1254,4,1,985.0,51,397,62,0.333,1.098,0.984,0.234,BOS,1610612738,Boston Celtics,78.3,1695,3
2,2.69,3.12,52,766,3,1,720.0,41,319,54,0.385,0.902,0.889,0.29,BKN,1610612751,Brooklyn Nets,57.2,1100,2
3,2.28,2.77,53,1258,4,3,985.0,37,342,51,0.34,0.568,0.824,0.199,CHA,1610612766,Charlotte Hornets,79.5,1720,1
4,2.35,2.77,66,1229,4,2,960.0,50,369,68,0.288,0.54,0.485,0.225,CHI,1610612741,Chicago Bulls,75.6,1639,2
5,2.49,2.99,28,1100,4,2,960.0,64,389,65,0.143,0.891,0.908,0.254,CLE,1610612739,Cleveland Cavaliers,76.3,1529,2
6,2.17,2.63,43,571,2,2,480.0,22,199,27,0.116,1.136,1.185,0.239,DAL,1610612742,Dallas Mavericks,36.5,832,0
7,2.35,2.87,43,572,2,0,480.0,23,184,28,0.14,0.87,0.821,0.243,DEN,1610612743,Denver Nuggets,36.2,756,2
8,2.57,2.88,56,1156,4,2,960.0,43,429,63,0.107,1.186,0.889,0.265,DET,1610612765,Detroit Pistons,77.8,1620,2
9,1.78,2.35,33,677,2,1,480.0,22,215,24,0.424,0.727,0.708,0.24,GSW,1610612744,Golden State Warriors,35.1,896,1
10,2.33,2.83,15,543,2,0,480.0,20,220,36,0.667,1.1,0.889,0.283,HOU,1610612745,Houston Rockets,36.6,777,2
11,2.17,2.67,47,574,2,0,480.0,26,205,28,0.213,1.115,1.036,0.252,LAC,1610612746,Los Angeles Clippers,36.1,812,2
12,2.35,3.04,47,522,2,1,480.0,22,179,25,0.362,0.909,0.56,0.247,LAL,1610612747,Los Angeles Lakers,36.8,725,1
13,2.29,2.86,64,614,2,0,480.0,34,192,43,0.234,0.794,0.953,0.233,MEM,1610612763,Memphis Grizzlies,39.3,823,2
14,2.17,2.72,83,1193,4,3,960.0,49,348,59,0.373,0.98,0.78,0.213,MIA,1610612748,Miami Heat,73.9,1632,1
15,2.41,2.76,103,1154,4,2,985.0,67,392,71,0.233,0.97,0.972,0.243,MIL,1610612749,Milwaukee Bucks,74.1,1610,2
16,2.38,2.85,37,546,2,1,480.0,32,206,43,0.081,0.719,0.581,0.261,MIN,1610612750,Minnesota Timberwolves,37.5,788,1
17,2.69,3.14,44,527,2,2,480.0,23,177,31,0.318,1.043,0.806,0.237,NOP,1610612740,New Orleans Pelicans,39.2,748,0
18,1.72,2.49,123,1375,4,4,960.0,57,336,61,0.366,0.561,0.41,0.18,NYK,1610612752,New York Knicks,77.2,1864,0
19,2.26,2.79,34,566,2,1,480.0,24,209,24,0.147,0.958,0.833,0.272,OKC,1610612760,Oklahoma City Thunder,35.7,767,1
20,2.38,2.78,45,846,3,3,720.0,30,268,38,0.622,1.1,0.974,0.23,ORL,1610612753,Orlando Magic,53.9,1163,0
21,1.87,2.41,60,1323,4,3,960.0,47,353,57,0.183,0.638,0.632,0.202,PHI,1610612755,Philadelphia 76ers,70.2,1749,1
22,2.33,2.85,33,556,2,0,480.0,21,222,28,0.273,0.762,0.714,0.294,PHX,1610612756,Phoenix Suns,35.9,756,2
23,2.58,2.99,38,568,2,0,480.0,21,183,27,0.263,0.476,0.593,0.234,POR,1610612757,Portland Trail Blazers,39.0,783,2
24,2.41,3.07,45,590,2,0,505.0,16,201,25,0.311,1.0,0.68,0.243,SAC,1610612758,Sacramento Kings,42.4,828,2
25,2.25,2.63,37,626,2,0,480.0,32,201,40,0.405,1.0,0.875,0.235,SAS,1610612759,San Antonio Spurs,37.5,855,2
26,2.53,3.07,39,810,3,0,720.0,34,327,37,0.282,1.206,1.027,0.288,TOR,1610612761,Toronto Raptors,57.9,1134,3
27,1.71,2.23,51,722,2,2,480.0,27,187,36,0.353,0.704,0.722,0.202,UTA,1610612762,Utah Jazz,34.5,928,0
28,2.25,2.79,79,1218,4,2,1035.0,53,389,69,0.177,0.906,0.957,0.232,WAS,1610612764,Washington Wizards,78.1,1680,2
