,AVG_DRIB_PER_TOUCH,AVG_SEC_PER_TOUCH,ELBOW_TOUCHES,FRONT_CT_TOUCHES,GP,L,MIN,PAINT_TOUCHES,POINTS,POST_TOUCHES,PTS_PER_ELBOW_TOUCH,PTS_PER_PAINT_TOUCH,PTS_PER_POST_TOUCH,PTS_PER_TOUCH,TEAM_ABBREVIATION,TEAM_ID,TEAM_NAME,TIME_OF_POSS,TOUCHES,W
0,1.9,2.39,82,1500,4,2,1010.0,63,428,78,0.317,1.016,0.859,0.222,ATL,1610612737,Atlanta Hawks,76.7,1927,2
1,2.03,2.49,73,1296,4,2,960.0,49,404,60,0.233,0.694,0.633,0.231,BOS,1610612738,Boston Celtics,72.6,1748,2
2,2.6,3.08,81,830,3,1,720.0,44,296,52,0.407,0.773,0.731,0.254,BKN,1610612751,Brooklyn Nets,59.8,1164,2
3,2.15,2.76,86,1308,4,2,960.0,51,377,71,0.279,0.706,0.634,0.218,CHI,1610612741,Chicago Bulls,79.4,1727,2
4,2.17,2.77,33,902,3,0,720.0,46,317,54,0.242,0.913,0.741,0.258,CLE,1610612739,Cleveland Cavaliers,56.6,1227,3
5,2.13,2.69,48,608,2,0,480.0,21,199,22,0.417,1.238,1.273,0.237,DAL,1610612742,Dallas Mavericks,37.6,839,2
6,2.35,2.77,29,588,2,2,480.0,30,168,39,0.276,0.667,0.615,0.211,DEN,1610612743,Denver Nuggets,36.7,795,0
7,2.46,2.9,71,1127,4,2,960.0,51,401,74,0.268,0.941,0.811,0.252,DET,1610612765,Detroit Pistons,77.1,1593,2
8,1.9,2.36,43,652,2,0,480.0,25,218,33,0.279,1.24,1.212,0.249,GSW,1610612744,Golden State Warriors,34.5,875,2
9,2.15,2.74,24,602,2,0,480.0,27,202,30,0.25,0.778,0.767,0.247,HOU,1610612745,Houston Rockets,37.3,819,2
10,2.14,2.77,88,1287,4,1,985.0,65,355,84,0.295,0.631,0.607,0.207,IND,1610612754,Indiana Pacers,79.2,1716,3
11,2.2,2.7,63,602,2,0,480.0,20,212,20,0.206,0.75,0.6,0.259,LAC,1610612746,Los Angeles Clippers,36.9,820,2
12,2.2,3.0,54,569,2,1,480.0,18,210,32,0.333,1.167,0.781,0.269,LAL,1610612747,Los Angeles Lakers,39.2,782,1
13,2.44,2.92,69,683,2,0,530.0,40,184,49,0.232,0.675,0.51,0.202,MEM,1610612763,Memphis Grizzlies,44.2,909,2
14,2.2,2.78,107,1209,4,2,960.0,53,364,72,0.308,0.83,0.708,0.218,MIA,1610612748,Miami Heat,77.4,1670,2
15,2.36,2.69,80,898,3,2,770.0,41,311,51,0.288,0.878,0.824,0.25,MIL,1610612749,Milwaukee Bucks,55.9,1246,1
16,2.21,2.8,51,588,2,2,480.0,16,178,22,0.353,0.875,0.591,0.219,MIN,1610612750,Minnesota Timberwolves,37.9,812,0
17,2.65,3.14,47,512,2,1,480.0,25,194,22,0.362,1.28,1.5,0.26,NOP,1610612740,New Orleans Pelicans,39.0,745,1
18,1.6,2.37,153,1455,4,3,960.0,51,351,47,0.216,0.627,0.532,0.183,NYK,1610612752,New York Knicks,75.5,1913,1
19,1.98,2.69,42,605,2,0,480.0,26,208,23,0.381,0.731,0.565,0.251,OKC,1610612760,Oklahoma City Thunder,37.2,829,2
20,2.34,2.77,58,1215,4,2,960.0,51,380,77,0.241,0.824,0.636,0.232,ORL,1610612753,Orlando Magic,75.6,1637,2
21,1.97,2.54,50,990,3,2,720.0,31,271,38,0.28,0.419,0.5,0.205,PHI,1610612755,Philadelphia 76ers,56.0,1321,1
22,2.19,2.63,38,595,2,1,480.0,18,206,26,0.263,0.778,0.923,0.258,PHX,1610612756,Phoenix Suns,35.0,800,1
23,2.22,2.78,58,596,2,0,480.0,27,207,29,0.345,0.63,0.69,0.25,POR,1610612757,Portland Trail Blazers,38.4,827,2
24,2.21,2.73,47,592,2,0,480.0,28,214,32,0.383,0.893,0.625,0.254,SAC,1610612758,Sacramento Kings,38.3,843,2
25,1.93,2.31,51,741,2,0,480.0,33,193,39,0.216,0.636,0.692,0.196,SAS,1610612759,San Antonio Spurs,37.9,983,2
26,2.3,2.89,47,1159,4,2,960.0,47,373,61,0.383,1.0,0.902,0.237,TOR,1610612761,Toronto Raptors,75.9,1575,2
27,1.58,2.35,55,797,2,1,480.0,32,180,25,0.145,0.5,0.64,0.181,UTA,1610612762,Utah Jazz,39.0,995,1
28,1.88,2.55,73,1330,4,2,1010.0,70,380,86,0.137,0.786,0.709,0.214,WAS,1610612764,Washington Wizards,75.7,1779,2
