,AVG_DRIB_PER_TOUCH,AVG_SEC_PER_TOUCH,ELBOW_TOUCHES,FRONT_CT_TOUCHES,GP,L,MIN,PAINT_TOUCHES,POINTS,POST_TOUCHES,PTS_PER_ELBOW_TOUCH,PTS_PER_PAINT_TOUCH,PTS_PER_POST_TOUCH,PTS_PER_TOUCH,TEAM_ABBREVIATION,TEAM_ID,TEAM_NAME,TIME_OF_POSS,TOUCHES,W
0,2.04,2.63,37,666,2,0,480.0,21,198,34,0.432,0.667,0.765,0.229,ATL,1610612737,Atlanta Hawks,37.9,864,2
1,2.37,2.84,26,592,2,0,480.0,19,184,25,0.192,0.737,0.72,0.237,BOS,1610612738,Boston Celtics,36.8,778,2
2,2.47,2.88,26,525,2,2,480.0,41,161,50,0.269,0.78,0.76,0.222,BKN,1610612751,Brooklyn Nets,34.8,724,0
3,2.37,2.92,29,572,2,1,480.0,11,170,20,0.414,1.273,0.8,0.224,CHA,1610612766,Charlotte Hornets,36.9,758,1
4,2.07,2.76,30,608,2,1,480.0,27,174,40,0.267,0.593,0.45,0.216,CHI,1610612741,Chicago Bulls,37.0,806,1
5,2.28,2.88,32,566,2,1,480.0,30,206,30,0.125,0.467,0.5,0.265,CLE,1610612739,Cleveland Cavaliers,37.3,776,1
6,2.36,2.77,72,1168,4,1,960.0,53,404,65,0.236,0.962,0.923,0.246,DAL,1610612742,Dallas Mavericks,75.8,1642,3
7,2.61,2.98,42,1080,4,2,960.0,60,376,75,0.286,0.8,0.707,0.257,DEN,1610612743,Denver Nuggets,72.8,1465,2
8,2.3,2.86,40,617,2,2,480.0,28,181,41,0.275,0.679,0.634,0.213,DET,1610612765,Detroit Pistons,40.5,850,0
9,1.82,2.4,69,1218,4,1,960.0,50,423,61,0.406,1.08,0.951,0.261,GSW,1610612744,Golden State Warriors,64.8,1620,3
10,2.18,2.82,30,1109,4,1,960.0,50,409,69,0.233,1.02,0.797,0.267,HOU,1610612745,Houston Rockets,72.0,1533,3
11,2.12,2.69,53,683,2,0,480.0,33,202,42,0.321,1.182,1.024,0.22,IND,1610612754,Indiana Pacers,41.2,919,2
12,2.08,2.65,91,1245,4,0,960.0,38,414,45,0.253,0.789,0.711,0.247,LAC,1610612746,Los Angeles Clippers,74.0,1674,4
13,2.39,3.21,53,778,3,2,720.0,33,258,40,0.283,0.636,0.8,0.238,LAL,1610612747,Los Angeles Lakers,58.0,1083,1
14,2.19,2.74,106,1258,4,2,960.0,60,362,72,0.377,0.917,0.806,0.218,MEM,1610612763,Memphis Grizzlies,75.7,1659,2
15,2.35,2.89,48,532,2,1,480.0,22,187,21,0.354,1.045,0.952,0.244,MIA,1610612748,Miami Heat,36.8,766,1
16,2.08,2.64,34,537,2,2,480.0,22,174,30,0.235,1.045,0.767,0.23,MIL,1610612749,Milwaukee Bucks,33.4,758,0
17,2.39,2.91,85,1170,4,3,985.0,55,373,70,0.271,0.818,0.714,0.237,MIN,1610612750,Minnesota Timberwolves,76.4,1573,1
18,2.7,3.1,64,791,3,1,720.0,38,321,45,0.438,1.079,0.956,0.287,NOP,1610612740,New Orleans Pelicans,57.8,1120,2
19,1.74,2.47,53,691,2,2,480.0,28,182,23,0.547,0.643,0.565,0.2,NYK,1610612752,New York Knicks,37.5,911,0
20,2.25,2.82,77,1151,4,2,960.0,46,366,56,0.234,0.717,0.696,0.23,OKC,1610612760,Oklahoma City Thunder,74.7,1589,2
21,2.38,2.71,17,588,2,1,480.0,27,192,30,0.353,0.889,0.8,0.241,ORL,1610612753,Orlando Magic,36.0,796,1
22,2.19,2.66,17,651,2,2,480.0,19,154,21,0.529,0.947,0.667,0.181,PHI,1610612755,Philadelphia 76ers,37.8,853,0
23,2.29,2.77,54,867,3,1,720.0,35,278,36,0.185,0.886,0.806,0.231,PHX,1610612756,Phoenix Suns,55.6,1206,2
24,2.52,2.9,64,1110,4,2,960.0,38,376,44,0.391,0.789,0.795,0.248,POR,1610612757,Portland Trail Blazers,73.3,1515,2
25,2.37,2.93,75,1158,4,3,960.0,72,377,87,0.253,0.722,0.632,0.237,SAC,1610612758,Sacramento Kings,77.8,1592,1
26,1.98,2.41,65,1051,3,2,720.0,51,266,66,0.415,0.922,0.818,0.194,SAS,1610612759,San Antonio Spurs,55.2,1372,1
27,2.79,3.23,12,509,2,0,480.0,25,234,25,0.167,1.12,1.28,0.325,TOR,1610612761,Toronto Raptors,38.8,721,2
28,2.49,3.04,29,527,2,0,480.0,27,181,31,0.276,0.704,0.71,0.247,WAS,1610612764,Washington Wizards,37.1,732,2
