,AVG_DRIB_PER_TOUCH,AVG_SEC_PER_TOUCH,ELBOW_TOUCHES,FRONT_CT_TOUCHES,GP,L,MIN,PAINT_TOUCHES,POINTS,POST_TOUCHES,PTS_PER_ELBOW_TOUCH,PTS_PER_PAINT_TOUCH,PTS_PER_POST_TOUCH,PTS_PER_TOUCH,TEAM_ABBREVIATION,TEAM_ID,TEAM_NAME,TIME_OF_POSS,TOUCHES,W
0,1.92,2.46,57,1339,4,3,960.0,53,407,66,0.316,0.547,0.515,0.235,ATL,1610612737,Atlanta Hawks,71.0,1732,1
1,1.98,2.48,63,1348,4,2,985.0,71,415,94,0.302,0.831,0.734,0.232,BOS,1610612738,Boston Celtics,73.8,1788,2
2,2.42,2.93,57,1127,4,2,985.0,63,434,73,0.579,0.937,0.795,0.275,BKN,1610612751,Brooklyn Nets,77.2,1579,2
3,2.5,2.9,41,1222,4,2,960.0,29,367,49,0.537,0.966,0.776,0.225,CHA,1610612766,Charlotte Hornets,79.0,1634,2
4,2.06,2.69,66,1263,4,0,960.0,67,453,85,0.348,1.224,1.059,0.267,CHI,1610612741,Chicago Bulls,76.0,1695,4
5,2.12,2.68,53,1236,4,1,960.0,75,423,82,0.396,0.747,0.72,0.245,CLE,1610612739,Cleveland Cavaliers,77.0,1728,3
6,2.13,2.57,28,593,2,0,480.0,23,205,31,0.357,0.609,0.742,0.239,DAL,1610612742,Dallas Mavericks,36.7,858,2
7,2.46,2.91,26,587,2,2,505.0,44,209,50,0.538,0.705,0.7,0.26,DEN,1610612743,Denver Nuggets,39.1,805,0
8,2.48,2.84,44,1137,4,2,960.0,46,432,67,0.182,0.826,0.731,0.264,DET,1610612765,Detroit Pistons,77.4,1635,2
9,1.72,2.35,35,650,2,0,480.0,23,239,34,0.229,1.13,1.118,0.269,GSW,1610612744,Golden State Warriors,34.7,887,2
10,2.04,2.53,21,588,2,1,480.0,25,194,33,0.238,0.96,0.758,0.236,HOU,1610612745,Houston Rockets,34.6,822,1
11,2.12,2.62,72,1003,3,3,720.0,50,283,60,0.333,0.78,0.633,0.211,IND,1610612754,Indiana Pacers,58.5,1341,0
12,2.29,2.72,39,582,2,2,480.0,16,205,23,0.436,0.938,0.957,0.254,LAC,1610612746,Los Angeles Clippers,36.5,806,0
13,2.12,2.96,37,620,2,1,505.0,30,212,35,0.216,0.7,0.657,0.251,LAL,1610612747,Los Angeles Lakers,41.6,843,1
14,2.21,2.78,45,626,2,1,480.0,32,184,43,0.222,0.875,0.791,0.22,MEM,1610612763,Memphis Grizzlies,38.8,838,1
15,2.0,2.55,58,945,3,2,720.0,45,303,54,0.155,0.956,0.833,0.229,MIA,1610612748,Miami Heat,56.4,1325,1
16,2.12,2.61,60,889,3,2,720.0,49,253,63,0.317,0.939,0.81,0.209,MIL,1610612749,Milwaukee Bucks,52.6,1209,1
17,2.09,2.6,37,612,2,2,480.0,33,199,38,0.405,0.909,1.0,0.242,MIN,1610612750,Minnesota Timberwolves,35.7,823,0
18,2.64,3.09,28,544,2,0,480.0,42,195,46,0.286,0.857,0.848,0.252,NOP,1610612740,New Orleans Pelicans,39.9,774,2
19,1.68,2.37,126,1516,4,3,985.0,65,390,74,0.262,0.738,0.689,0.194,NYK,1610612752,New York Knicks,79.6,2013,1
20,2.14,2.76,30,602,2,1,480.0,36,196,47,0.533,0.889,0.83,0.235,OKC,1610612760,Oklahoma City Thunder,38.4,835,1
21,2.38,2.7,29,1127,4,4,960.0,48,376,65,0.207,0.833,0.738,0.238,ORL,1610612753,Orlando Magic,71.2,1580,0
22,1.73,2.37,61,1447,4,4,960.0,58,361,73,0.164,0.81,0.795,0.192,PHI,1610612755,Philadelphia 76ers,74.1,1878,0
23,2.32,2.76,25,579,2,1,480.0,19,225,24,0.16,1.158,1.083,0.279,PHX,1610612756,Phoenix Suns,37.2,807,1
24,2.25,2.71,37,635,2,0,505.0,22,215,31,0.378,0.682,0.613,0.242,POR,1610612757,Portland Trail Blazers,40.2,890,2
25,2.02,2.7,40,582,2,2,480.0,21,211,31,0.25,1.238,1.097,0.26,SAC,1610612758,Sacramento Kings,36.6,813,0
26,2.04,2.44,29,705,2,1,480.0,53,199,61,0.276,0.679,0.672,0.211,SAS,1610612759,San Antonio Spurs,38.4,945,1
27,1.68,2.32,57,778,2,2,480.0,25,197,29,0.246,0.88,1.0,0.199,UTA,1610612762,Utah Jazz,38.2,988,0
28,1.87,2.46,64,978,3,3,745.0,57,293,70,0.234,0.649,0.7,0.22,WAS,1610612764,Washington Wizards,54.6,1333,0
