,AVG_DRIB_PER_TOUCH,AVG_SEC_PER_TOUCH,ELBOW_TOUCHES,FRONT_CT_TOUCHES,GP,L,MIN,PAINT_TOUCHES,POINTS,POST_TOUCHES,PTS_PER_ELBOW_TOUCH,PTS_PER_PAINT_TOUCH,PTS_PER_POST_TOUCH,PTS_PER_TOUCH,TEAM_ABBREVIATION,TEAM_ID,TEAM_NAME,TIME_OF_POSS,TOUCHES,W
0,2.16,2.7,39,600,2,0,480.0,27,192,29,0.436,0.815,0.621,0.24,ATL,1610612737,Atlanta Hawks,36.0,801,2
1,2.19,2.63,23,630,2,1,480.0,33,229,41,0.217,0.909,0.805,0.257,BOS,1610612738,Boston Celtics,39.1,891,1
2,2.53,2.99,35,581,2,2,505.0,30,204,35,0.143,1.033,0.943,0.24,BKN,1610612751,Brooklyn Nets,42.4,850,0
3,2.32,2.86,23,629,2,1,480.0,23,209,31,0.217,1.043,0.968,0.241,CHA,1610612766,Charlotte Hornets,41.4,869,1
4,2.09,2.71,39,666,2,1,480.0,19,205,29,0.154,0.632,0.414,0.229,CHI,1610612741,Chicago Bulls,40.5,895,1
5,2.05,2.97,18,570,2,1,480.0,30,189,33,0.278,0.967,0.727,0.235,CLE,1610612739,Cleveland Cavaliers,39.7,803,1
6,2.03,2.56,64,1192,4,3,960.0,36,420,53,0.359,1.056,0.868,0.243,DAL,1610612742,Dallas Mavericks,73.8,1731,1
7,2.37,2.86,60,897,3,2,720.0,49,330,66,0.167,0.694,0.682,0.269,DEN,1610612743,Denver Nuggets,58.5,1225,1
8,2.63,3.05,22,556,2,1,480.0,35,191,38,0.5,0.771,0.632,0.243,DET,1610612765,Detroit Pistons,40.0,785,1
9,1.94,2.48,71,1325,4,1,960.0,50,406,70,0.282,0.72,0.614,0.235,GSW,1610612744,Golden State Warriors,71.3,1724,3
10,2.17,2.71,36,1232,4,1,960.0,71,442,89,0.361,0.817,0.753,0.255,HOU,1610612745,Houston Rockets,78.0,1730,3
11,2.18,2.7,38,679,2,2,480.0,35,182,51,0.158,0.657,0.608,0.203,IND,1610612754,Indiana Pacers,40.4,896,0
12,2.13,2.68,101,1291,4,0,985.0,61,473,75,0.267,0.918,0.787,0.262,LAC,1610612746,Los Angeles Clippers,80.7,1804,4
13,2.35,3.07,92,1101,4,4,960.0,69,412,82,0.304,0.58,0.561,0.263,LAL,1610612747,Los Angeles Lakers,80.0,1564,0
14,2.23,2.73,98,1106,3,0,770.0,70,326,82,0.255,0.814,0.768,0.219,MEM,1610612763,Memphis Grizzlies,67.8,1489,3
15,2.48,3.05,41,583,2,0,480.0,29,218,34,0.463,1.034,0.941,0.267,MIA,1610612748,Miami Heat,41.5,815,2
16,2.17,2.64,51,590,2,1,480.0,29,192,36,0.176,1.0,0.75,0.235,MIL,1610612749,Milwaukee Bucks,35.9,818,1
17,2.39,2.94,80,1129,4,3,960.0,72,418,83,0.35,0.833,0.843,0.262,MIN,1610612750,Minnesota Timberwolves,78.4,1598,1
18,2.65,3.21,49,823,3,1,720.0,41,272,50,0.51,1.146,0.84,0.235,NOP,1610612740,New Orleans Pelicans,62.1,1159,2
19,1.89,2.72,55,703,2,2,480.0,38,179,41,0.309,0.816,0.78,0.196,NYK,1610612752,New York Knicks,41.5,915,0
20,2.24,2.82,67,1257,4,1,1010.0,56,471,71,0.149,0.911,0.901,0.271,OKC,1610612760,Oklahoma City Thunder,81.8,1740,3
21,2.76,3.09,23,570,2,1,480.0,28,193,32,0.174,0.964,0.969,0.246,ORL,1610612753,Orlando Magic,40.3,784,1
22,1.87,2.55,25,622,2,2,480.0,23,192,26,0.4,0.739,0.615,0.222,PHI,1610612755,Philadelphia 76ers,36.8,864,0
23,2.35,2.87,74,1157,4,1,960.0,29,417,40,0.243,1.138,0.925,0.251,POR,1610612757,Portland Trail Blazers,79.3,1661,3
24,2.32,2.97,105,1228,4,1,1010.0,60,413,85,0.257,1.0,0.882,0.242,SAC,1610612758,Sacramento Kings,84.4,1706,3
25,2.23,2.55,79,1389,4,1,960.0,69,397,79,0.038,1.101,1.038,0.215,SAS,1610612759,San Antonio Spurs,78.7,1850,3
26,2.47,2.97,20,563,2,1,480.0,32,213,40,0.6,1.0,0.95,0.264,TOR,1610612761,Toronto Raptors,39.9,806,1
27,1.77,2.44,63,1132,3,2,720.0,51,296,58,0.19,1.157,0.983,0.205,UTA,1610612762,Utah Jazz,58.7,1442,1
28,2.06,2.69,34,622,2,2,480.0,35,190,43,0.206,0.514,0.512,0.224,WAS,1610612764,Washington Wizards,37.9,847,0
