,AVG_DRIB_PER_TOUCH,AVG_SEC_PER_TOUCH,ELBOW_TOUCHES,FRONT_CT_TOUCHES,GP,L,MIN,PAINT_TOUCHES,POINTS,POST_TOUCHES,PTS_PER_ELBOW_TOUCH,PTS_PER_PAINT_TOUCH,PTS_PER_POST_TOUCH,PTS_PER_TOUCH,TEAM_ABBREVIATION,TEAM_ID,TEAM_NAME,TIME_OF_POSS,TOUCHES,W
0,2.03,2.62,38,644,2,1,480.0,17,200,20,0.474,1.294,1.3,0.238,ATL,1610612737,Atlanta Hawks,36.6,840,1
1,2.23,2.72,27,601,2,0,480.0,31,212,37,0.444,0.839,0.595,0.254,BOS,1610612738,Boston Celtics,37.9,834,2
2,2.7,3.19,33,500,2,2,480.0,25,187,37,0.242,0.88,0.649,0.259,BKN,1610612751,Brooklyn Nets,38.4,722,0
3,2.19,2.73,25,662,2,1,480.0,17,189,24,0.28,0.706,0.833,0.215,CHA,1610612766,Charlotte Hornets,40.1,881,1
4,2.13,2.72,27,608,2,0,480.0,23,214,36,0.296,0.391,0.417,0.259,CHI,1610612741,Chicago Bulls,37.5,827,2
5,2.12,2.79,23,577,2,1,480.0,29,232,36,0.522,1.103,1.056,0.285,CLE,1610612739,Cleveland Cavaliers,38.0,815,1
6,2.2,2.66,64,1188,4,1,960.0,45,429,50,0.438,1.089,0.86,0.255,DAL,1610612742,Dallas Mavericks,74.6,1682,3
7,2.63,3.05,58,1134,4,1,1010.0,70,420,80,0.31,0.9,0.788,0.272,DEN,1610612743,Denver Nuggets,78.7,1546,3
8,2.32,2.72,36,553,2,2,480.0,21,179,33,0.417,1.143,0.909,0.226,DET,1610612765,Detroit Pistons,35.9,791,0
9,1.87,2.43,70,1346,4,1,985.0,55,452,70,0.357,0.982,0.914,0.251,GSW,1610612744,Golden State Warriors,73.1,1803,3
10,2.0,2.61,38,1118,4,2,960.0,58,389,88,0.368,1.052,0.943,0.241,HOU,1610612745,Houston Rockets,70.2,1616,2
11,2.29,2.86,37,611,2,0,480.0,38,202,46,0.459,1.105,1.043,0.243,IND,1610612754,Indiana Pacers,39.6,830,2
12,2.13,2.69,64,918,3,1,720.0,43,330,53,0.234,0.744,0.774,0.268,LAC,1610612746,Los Angeles Clippers,55.2,1230,2
13,2.19,2.99,91,1096,4,4,960.0,49,361,62,0.308,0.878,0.871,0.234,LAL,1610612747,Los Angeles Lakers,76.7,1540,0
14,2.24,2.75,125,1258,4,2,960.0,82,387,86,0.2,0.72,0.733,0.234,MEM,1610612763,Memphis Grizzlies,75.9,1657,2
15,2.38,2.83,40,583,2,2,480.0,29,193,38,0.15,0.966,0.895,0.235,MIA,1610612748,Miami Heat,38.7,822,0
16,2.37,2.77,42,574,2,2,480.0,22,187,25,0.31,0.864,0.88,0.237,MIL,1610612749,Milwaukee Bucks,36.4,788,0
17,2.24,2.79,71,1233,4,4,960.0,54,351,76,0.282,0.889,0.882,0.204,MIN,1610612750,Minnesota Timberwolves,79.7,1717,0
18,1.57,2.42,80,771,2,1,480.0,25,192,24,0.113,0.88,0.792,0.198,NYK,1610612752,New York Knicks,39.2,971,1
19,2.27,2.79,61,1057,4,3,960.0,42,418,50,0.197,1.024,1.02,0.277,OKC,1610612760,Oklahoma City Thunder,70.2,1508,1
20,2.4,2.82,30,635,2,1,480.0,29,179,36,0.167,0.897,0.861,0.214,ORL,1610612753,Orlando Magic,39.3,836,1
21,1.8,2.51,36,670,2,1,480.0,23,170,29,0.194,0.783,0.862,0.194,PHI,1610612755,Philadelphia 76ers,36.6,877,1
22,2.24,2.84,44,870,3,2,720.0,24,255,29,0.205,1.333,0.966,0.218,PHX,1610612756,Phoenix Suns,55.2,1168,1
23,2.64,3.1,58,807,3,0,720.0,40,315,48,0.483,1.15,1.042,0.276,POR,1610612757,Portland Trail Blazers,59.0,1141,3
24,2.23,2.87,71,1196,4,3,960.0,44,382,60,0.113,0.864,0.783,0.237,SAC,1610612758,Sacramento Kings,76.9,1610,1
25,2.12,2.48,83,1435,4,3,985.0,75,387,95,0.265,0.827,0.737,0.207,SAS,1610612759,San Antonio Spurs,77.3,1869,1
26,2.56,3.1,24,551,2,2,480.0,16,190,16,0.625,0.563,0.5,0.252,TOR,1610612761,Toronto Raptors,39.0,753,0
27,1.84,2.39,66,1145,3,2,720.0,29,305,39,0.212,1.034,1.128,0.207,UTA,1610612762,Utah Jazz,58.6,1471,1
28,2.33,2.94,46,576,2,0,480.0,37,175,40,0.261,1.081,0.9,0.221,WAS,1610612764,Washington Wizards,38.8,793,2
