,AVG_DRIB_PER_TOUCH,AVG_SEC_PER_TOUCH,ELBOW_TOUCHES,FRONT_CT_TOUCHES,GP,L,MIN,PAINT_TOUCHES,POINTS,POST_TOUCHES,PTS_PER_ELBOW_TOUCH,PTS_PER_PAINT_TOUCH,PTS_PER_POST_TOUCH,PTS_PER_TOUCH,TEAM_ABBREVIATION,TEAM_ID,TEAM_NAME,TIME_OF_POSS,TOUCHES,W
0,2.16,2.66,31,622,2,1,480.0,24,184,28,0.258,0.417,0.357,0.219,ATL,1610612737,Atlanta Hawks,37.2,840,1
1,2.03,2.46,47,684,2,1,480.0,22,195,20,0.298,0.818,0.9,0.211,BOS,1610612738,Boston Celtics,37.8,923,1
2,2.54,2.98,34,572,2,2,480.0,30,178,43,0.265,0.733,0.698,0.229,BKN,1610612751,Brooklyn Nets,38.6,778,0
3,2.34,2.8,33,678,2,2,530.0,15,176,29,0.303,1.067,0.69,0.195,CHA,1610612766,Charlotte Hornets,42.1,903,0
4,2.55,3.01,24,592,2,1,480.0,19,194,20,0.167,0.789,0.7,0.243,CHI,1610612741,Chicago Bulls,40.2,800,1
5,2.49,3.04,24,582,2,0,480.0,32,216,35,0.333,1.188,1.171,0.271,CLE,1610612739,Cleveland Cavaliers,40.4,797,2
6,2.1,2.52,70,1200,4,3,960.0,35,399,51,0.257,1.0,0.961,0.235,DAL,1610612742,Dallas Mavericks,71.3,1697,1
7,2.67,3.12,43,790,3,2,720.0,40,264,49,0.209,0.875,0.857,0.241,DEN,1610612743,Denver Nuggets,56.9,1096,1
8,2.5,2.99,32,584,2,1,480.0,21,193,28,0.25,1.143,1.0,0.24,DET,1610612765,Detroit Pistons,40.1,803,1
9,1.92,2.45,60,992,3,1,720.0,39,316,47,0.167,1.077,0.957,0.24,GSW,1610612744,Golden State Warriors,53.8,1315,2
10,2.22,2.76,39,1204,4,2,985.0,66,415,78,0.385,0.848,0.833,0.249,HOU,1610612745,Houston Rockets,76.8,1666,2
11,2.49,2.96,34,591,2,2,480.0,23,172,29,0.235,0.826,0.931,0.217,IND,1610612754,Indiana Pacers,39.2,793,0
12,2.32,2.81,60,1095,4,2,960.0,41,369,46,0.3,0.732,0.696,0.242,LAC,1610612746,Los Angeles Clippers,71.3,1524,2
13,2.32,3.1,87,1107,4,4,960.0,59,391,69,0.299,0.932,0.855,0.255,LAL,1610612747,Los Angeles Lakers,79.1,1533,0
14,2.24,2.76,44,625,2,2,480.0,32,182,41,0.159,1.063,0.951,0.216,MIA,1610612748,Miami Heat,38.8,843,0
15,2.45,2.84,38,559,2,1,480.0,29,176,30,0.105,0.793,0.8,0.229,MIL,1610612749,Milwaukee Bucks,36.3,767,1
16,2.65,3.03,46,819,3,2,720.0,43,288,52,0.304,0.93,0.904,0.248,MIN,1610612750,Minnesota Timberwolves,58.6,1161,1
17,2.7,3.15,74,1077,4,2,960.0,55,356,64,0.324,0.745,0.734,0.233,NOP,1610612740,New Orleans Pelicans,80.3,1531,2
18,1.96,2.55,59,721,2,2,480.0,23,165,21,0.441,0.783,0.905,0.172,NYK,1610612752,New York Knicks,40.8,958,0
19,2.28,2.86,71,1126,4,3,960.0,49,360,57,0.155,0.694,0.719,0.231,OKC,1610612760,Oklahoma City Thunder,74.5,1561,1
20,2.72,2.89,26,555,2,2,480.0,27,190,30,0.192,0.963,0.9,0.249,ORL,1610612753,Orlando Magic,36.8,764,0
21,2.02,2.57,17,708,2,2,505.0,27,198,44,0.118,0.556,0.432,0.21,PHI,1610612755,Philadelphia 76ers,40.5,945,0
22,2.34,2.74,40,848,3,3,770.0,24,302,31,0.275,0.75,0.839,0.25,PHX,1610612756,Phoenix Suns,55.3,1210,0
23,2.58,2.96,67,1133,4,4,960.0,35,375,45,0.179,0.8,0.711,0.239,POR,1610612757,Portland Trail Blazers,77.3,1568,0
24,2.37,2.89,91,1207,4,3,960.0,55,380,71,0.286,0.582,0.493,0.231,SAC,1610612758,Sacramento Kings,79.2,1645,1
25,2.13,2.55,92,1492,4,2,1035.0,72,413,89,0.185,0.861,0.865,0.212,SAS,1610612759,San Antonio Spurs,82.8,1948,2
26,2.66,3.0,11,559,2,1,480.0,22,182,28,0.364,1.045,0.893,0.238,TOR,1610612761,Toronto Raptors,38.3,766,1
27,2.0,2.56,103,1440,4,2,960.0,53,368,71,0.214,1.019,0.901,0.199,UTA,1610612762,Utah Jazz,78.7,1846,2
28,2.33,2.87,40,591,2,0,480.0,22,199,25,0.05,1.045,1.16,0.245,WAS,1610612764,Washington Wizards,38.8,812,2
