,AVG_DRIB_PER_TOUCH,AVG_SEC_PER_TOUCH,ELBOW_TOUCHES,FRONT_CT_TOUCHES,GP,L,MIN,PAINT_TOUCHES,POINTS,POST_TOUCHES,PTS_PER_ELBOW_TOUCH,PTS_PER_PAINT_TOUCH,PTS_PER_POST_TOUCH,PTS_PER_TOUCH,TEAM_ABBREVIATION,TEAM_ID,TEAM_NAME,TIME_OF_POSS,TOUCHES,W
0,2.04,2.61,30,649,2,1,480.0,24,200,27,0.367,0.958,0.778,0.236,ATL,1610612737,Atlanta Hawks,36.8,846,1
1,1.97,2.49,33,653,2,1,505.0,35,224,45,0.242,1.286,1.067,0.248,BOS,1610612738,Boston Celtics,37.5,904,1
2,2.27,3.04,25,532,2,0,480.0,39,221,46,0.16,1.128,0.935,0.296,BKN,1610612751,Brooklyn Nets,37.8,746,2
3,2.11,2.73,15,638,2,1,480.0,25,196,42,0.133,0.88,0.81,0.228,CHA,1610612766,Charlotte Hornets,39.2,861,1
4,2.24,2.84,39,690,2,1,530.0,41,231,59,0.231,0.829,0.763,0.259,CHI,1610612741,Chicago Bulls,42.2,892,1
5,2.32,2.96,25,527,2,0,480.0,42,229,46,0.28,0.714,0.696,0.303,CLE,1610612739,Cleveland Cavaliers,37.3,755,2
6,1.96,2.54,76,1173,4,0,960.0,55,462,60,0.526,1.109,1.1,0.275,DAL,1610612742,Dallas Mavericks,71.1,1679,4
7,2.44,3.01,65,1077,4,1,985.0,78,429,85,0.369,0.846,0.8,0.292,DEN,1610612743,Denver Nuggets,73.6,1467,3
8,2.15,2.74,33,579,2,2,480.0,16,181,24,0.212,0.625,0.667,0.218,DET,1610612765,Detroit Pistons,37.9,830,0
9,1.56,2.36,69,1319,4,1,960.0,68,476,77,0.348,1.0,0.857,0.272,GSW,1610612744,Golden State Warriors,68.8,1750,3
10,2.08,2.66,26,927,3,1,720.0,40,299,46,0.308,0.6,0.609,0.239,HOU,1610612745,Houston Rockets,55.6,1252,2
11,2.31,2.87,59,654,2,1,480.0,34,197,39,0.288,0.529,0.615,0.229,IND,1610612754,Indiana Pacers,41.2,861,1
12,1.91,2.6,83,1207,4,0,960.0,52,443,65,0.289,1.038,0.954,0.268,LAC,1610612746,Los Angeles Clippers,71.5,1650,4
13,2.15,2.75,100,1239,4,0,960.0,85,412,105,0.28,0.706,0.676,0.251,MEM,1610612763,Memphis Grizzlies,75.2,1639,4
14,2.45,3.09,27,545,2,0,480.0,44,178,49,0.185,0.977,0.918,0.226,MIA,1610612748,Miami Heat,40.6,788,2
15,2.12,2.59,49,609,2,1,505.0,28,206,31,0.184,0.5,0.581,0.246,MIL,1610612749,Milwaukee Bucks,36.2,838,1
16,2.23,2.86,89,1136,4,3,985.0,49,411,72,0.27,0.98,0.875,0.261,MIN,1610612750,Minnesota Timberwolves,75.1,1576,1
17,2.57,3.16,87,1102,4,0,960.0,56,422,64,0.414,1.179,1.078,0.275,NOP,1610612740,New Orleans Pelicans,80.9,1534,4
18,1.57,2.43,43,710,2,0,480.0,34,193,34,0.349,0.559,0.5,0.203,NYK,1610612752,New York Knicks,38.4,949,2
19,2.15,2.95,45,876,3,0,720.0,38,339,41,0.311,1.237,1.146,0.286,OKC,1610612760,Oklahoma City Thunder,58.3,1185,3
20,2.38,2.84,23,573,2,1,505.0,18,187,28,0.478,0.778,0.929,0.239,ORL,1610612753,Orlando Magic,36.9,781,1
21,1.92,2.58,37,754,2,2,505.0,32,198,39,0.27,0.813,0.718,0.206,PHI,1610612755,Philadelphia 76ers,41.2,960,0
22,2.26,2.82,53,1128,4,0,960.0,55,462,75,0.302,0.964,0.907,0.294,PHX,1610612756,Phoenix Suns,73.9,1571,4
23,2.16,2.81,91,1238,4,0,960.0,34,413,44,0.275,0.588,0.659,0.249,POR,1610612757,Portland Trail Blazers,77.7,1659,4
24,2.27,2.9,81,1139,4,1,960.0,44,427,60,0.198,0.818,0.917,0.272,SAC,1610612758,Sacramento Kings,75.7,1568,3
25,2.03,2.51,53,1053,3,1,745.0,50,302,63,0.17,0.84,0.762,0.219,SAS,1610612759,San Antonio Spurs,57.7,1381,2
26,2.37,2.92,15,599,2,1,505.0,31,216,37,0.4,0.968,0.973,0.262,TOR,1610612761,Toronto Raptors,40.2,824,1
27,1.85,2.54,87,1085,3,1,720.0,38,271,58,0.241,0.868,0.759,0.197,UTA,1610612762,Utah Jazz,58.3,1379,2
28,2.26,2.78,52,549,2,0,480.0,27,209,35,0.327,1.148,0.943,0.269,WAS,1610612764,Washington Wizards,36.0,777,2
