,AVG_DRIB_PER_TOUCH,AVG_SEC_PER_TOUCH,ELBOW_TOUCHES,FRONT_CT_TOUCHES,GP,L,MIN,PAINT_TOUCHES,POINTS,POST_TOUCHES,PTS_PER_ELBOW_TOUCH,PTS_PER_PAINT_TOUCH,PTS_PER_POST_TOUCH,PTS_PER_TOUCH,TEAM_ABBREVIATION,TEAM_ID,TEAM_NAME,TIME_OF_POSS,TOUCHES,W
0,2.26,2.68,50,1299,4,1,960.0,56,430,71,0.32,0.893,0.803,0.249,ATL,1610612737,Atlanta Hawks,77.2,1728,3
1,2.25,2.76,49,921,3,2,770.0,46,321,52,0.388,1.109,0.846,0.25,BOS,1610612738,Boston Celtics,58.9,1282,1
2,2.69,3.15,77,1131,4,2,960.0,68,386,83,0.377,1.0,0.964,0.252,BKN,1610612751,Brooklyn Nets,80.4,1532,2
3,2.4,2.84,52,1323,4,2,1010.0,39,362,64,0.212,0.769,0.813,0.199,CHA,1610612766,Charlotte Hornets,86.1,1818,2
4,2.6,3.07,53,1169,4,2,960.0,61,381,70,0.302,0.639,0.586,0.239,CHI,1610612741,Chicago Bulls,81.3,1591,2
5,2.49,2.95,63,1142,4,1,985.0,54,431,67,0.365,0.981,0.881,0.269,CLE,1610612739,Cleveland Cavaliers,79.0,1605,3
6,2.56,2.97,35,520,2,0,480.0,16,219,18,0.171,1.5,1.389,0.283,DAL,1610612742,Dallas Mavericks,38.3,773,2
7,2.57,2.95,36,545,2,2,505.0,31,204,36,0.361,0.742,0.778,0.264,DEN,1610612743,Denver Nuggets,38.0,773,0
8,2.82,3.26,54,806,3,2,720.0,24,304,34,0.241,0.708,0.647,0.263,DET,1610612765,Detroit Pistons,62.9,1158,1
9,2.04,2.47,36,658,2,0,480.0,21,221,23,0.361,0.857,0.826,0.254,GSW,1610612744,Golden State Warriors,35.9,870,2
10,2.25,2.87,22,597,2,1,480.0,27,202,29,0.318,0.852,0.862,0.24,HOU,1610612745,Houston Rockets,40.2,841,1
11,2.66,3.11,90,1269,4,2,1035.0,54,386,62,0.289,1.019,0.823,0.222,IND,1610612754,Indiana Pacers,90.1,1736,2
12,2.35,2.78,44,570,2,1,480.0,25,209,29,0.295,1.28,1.103,0.263,LAC,1610612746,Los Angeles Clippers,36.9,795,1
13,2.62,3.32,39,515,2,2,480.0,23,187,29,0.103,0.913,0.724,0.254,LAL,1610612747,Los Angeles Lakers,40.7,737,0
14,2.31,2.68,44,633,2,2,480.0,37,170,45,0.273,1.108,1.022,0.199,MEM,1610612763,Memphis Grizzlies,38.3,856,0
15,2.36,2.91,91,1161,4,3,960.0,37,393,44,0.374,0.865,0.909,0.247,MIA,1610612748,Miami Heat,77.0,1588,1
16,2.53,2.82,61,845,3,2,720.0,36,288,44,0.18,0.806,0.864,0.247,MIL,1610612749,Milwaukee Bucks,54.9,1168,1
17,2.62,3.22,40,527,2,1,480.0,29,192,39,0.525,1.0,0.923,0.259,MIN,1610612750,Minnesota Timberwolves,39.8,741,1
18,2.59,3.14,41,542,2,2,480.0,27,165,29,0.244,0.778,0.724,0.22,NOP,1610612740,New Orleans Pelicans,39.4,751,0
19,2.16,2.79,89,1194,4,4,960.0,48,352,55,0.315,0.625,0.655,0.212,NYK,1610612752,New York Knicks,77.0,1657,0
20,2.65,3.19,29,525,2,0,505.0,23,214,26,0.138,0.913,0.885,0.288,OKC,1610612760,Oklahoma City Thunder,39.6,744,2
21,2.91,3.14,37,1035,4,4,960.0,39,360,42,0.486,0.897,0.643,0.251,ORL,1610612753,Orlando Magic,75.1,1433,0
22,2.11,2.61,60,1273,4,3,960.0,33,348,46,0.133,0.727,0.63,0.201,PHI,1610612755,Philadelphia 76ers,75.3,1728,1
23,2.46,2.95,35,560,2,0,480.0,26,210,34,0.314,0.846,0.618,0.272,PHX,1610612756,Phoenix Suns,37.9,772,2
24,2.45,2.94,26,610,2,1,480.0,20,200,24,0.423,0.6,0.5,0.244,POR,1610612757,Portland Trail Blazers,40.1,819,1
25,2.73,3.04,25,555,2,1,480.0,22,206,31,0.16,1.227,1.065,0.264,SAC,1610612758,Sacramento Kings,39.6,781,1
26,2.16,2.48,49,720,2,1,480.0,41,194,56,0.122,1.024,0.839,0.206,SAS,1610612759,San Antonio Spurs,39.0,943,1
27,2.76,3.13,19,881,3,0,745.0,37,318,42,0.789,0.865,0.833,0.258,TOR,1610612761,Toronto Raptors,64.4,1233,3
28,2.21,2.71,39,684,2,2,480.0,28,168,36,0.308,0.679,0.694,0.188,UTA,1610612762,Utah Jazz,40.5,896,0
