,AVG_DRIB_PER_TOUCH,AVG_SEC_PER_TOUCH,ELBOW_TOUCHES,FRONT_CT_TOUCHES,GP,L,MIN,PAINT_TOUCHES,POINTS,POST_TOUCHES,PTS_PER_ELBOW_TOUCH,PTS_PER_PAINT_TOUCH,PTS_PER_POST_TOUCH,PTS_PER_TOUCH,TEAM_ABBREVIATION,TEAM_ID,TEAM_NAME,TIME_OF_POSS,TOUCHES,W
0,1.98,2.56,31,714,2,0,480.0,42,214,42,0.258,0.952,0.905,0.227,ATL,1610612737,Atlanta Hawks,40.1,941,2
1,1.84,2.5,40,664,2,2,480.0,39,199,38,0.225,0.795,0.789,0.226,BOS,1610612738,Boston Celtics,36.7,881,0
2,2.47,2.99,30,577,2,1,480.0,34,186,45,0.267,0.794,0.667,0.239,BKN,1610612751,Brooklyn Nets,38.8,778,1
3,2.15,2.72,24,649,2,2,480.0,18,184,41,0.167,0.722,0.61,0.21,CHA,1610612766,Charlotte Hornets,39.8,876,0
4,2.26,2.79,35,702,2,1,480.0,39,191,53,0.2,0.667,0.585,0.212,CHI,1610612741,Chicago Bulls,41.8,900,1
5,2.46,3.05,25,580,2,0,480.0,36,231,41,0.2,1.167,1.073,0.287,CLE,1610612739,Cleveland Cavaliers,41.0,806,2
6,2.12,2.68,46,884,3,2,720.0,17,327,19,0.217,1.059,1.263,0.265,DAL,1610612742,Dallas Mavericks,55.2,1236,1
7,2.53,3.06,52,1169,4,3,960.0,57,402,68,0.346,0.737,0.662,0.251,DEN,1610612743,Denver Nuggets,81.5,1600,1
8,2.23,2.88,28,608,2,2,480.0,33,189,35,0.357,0.636,0.571,0.226,DET,1610612765,Detroit Pistons,40.1,836,0
9,1.79,2.47,60,1352,4,1,960.0,70,423,91,0.4,0.7,0.725,0.237,GSW,1610612744,Golden State Warriors,73.4,1784,3
10,1.85,2.47,29,1320,4,2,960.0,79,390,77,0.138,0.722,0.714,0.217,HOU,1610612745,Houston Rockets,74.0,1794,2
11,1.89,2.53,51,726,2,2,480.0,42,196,55,0.294,0.548,0.564,0.205,IND,1610612754,Indiana Pacers,40.3,954,0
12,2.42,3.19,81,1172,4,4,960.0,57,378,75,0.247,0.877,0.88,0.237,LAL,1610612747,Los Angeles Lakers,84.7,1593,0
13,2.23,2.81,89,1344,4,2,960.0,80,362,105,0.27,0.8,0.667,0.205,MEM,1610612763,Memphis Grizzlies,82.8,1770,2
14,2.23,2.91,43,628,2,1,480.0,28,197,28,0.372,1.071,1.25,0.236,MIA,1610612748,Miami Heat,40.3,833,1
15,2.39,2.86,35,602,2,1,480.0,39,213,41,0.343,0.897,0.902,0.258,MIL,1610612749,Milwaukee Bucks,39.4,825,1
16,2.39,2.91,63,865,3,3,720.0,54,282,69,0.333,0.907,0.899,0.233,MIN,1610612750,Minnesota Timberwolves,58.7,1209,0
17,2.64,3.18,70,858,3,2,720.0,44,308,51,0.257,0.773,0.784,0.261,NOP,1610612740,New Orleans Pelicans,62.4,1179,1
18,1.9,2.64,49,709,2,2,480.0,42,158,42,0.265,0.548,0.548,0.17,NYK,1610612752,New York Knicks,40.9,932,0
19,1.95,2.77,52,914,3,2,720.0,35,329,43,0.173,0.914,0.814,0.261,OKC,1610612760,Oklahoma City Thunder,58.2,1260,1
20,2.46,2.97,15,604,2,2,480.0,26,176,35,0.533,0.885,0.943,0.217,ORL,1610612753,Orlando Magic,40.0,810,0
21,1.99,2.55,26,672,2,2,480.0,27,189,33,0.077,0.778,0.697,0.207,PHI,1610612755,Philadelphia 76ers,38.7,911,0
22,2.18,2.69,60,1240,4,4,985.0,50,428,61,0.25,1.04,0.902,0.254,PHX,1610612756,Phoenix Suns,75.4,1684,0
23,2.31,2.9,90,1254,4,3,985.0,63,416,72,0.267,0.952,0.944,0.245,POR,1610612757,Portland Trail Blazers,82.3,1701,1
24,2.44,2.96,75,1139,4,3,960.0,59,410,78,0.267,0.746,0.718,0.256,SAC,1610612758,Sacramento Kings,79.0,1604,1
25,2.31,2.64,73,1344,4,2,960.0,95,414,117,0.247,0.916,0.821,0.232,SAS,1610612759,San Antonio Spurs,78.5,1781,2
26,2.63,3.18,19,581,2,0,480.0,23,233,29,0.211,1.13,1.138,0.297,TOR,1610612761,Toronto Raptors,41.6,784,2
27,1.76,2.43,83,1580,4,4,960.0,57,383,80,0.169,0.877,0.888,0.197,UTA,1610612762,Utah Jazz,79.1,1949,0
28,2.1,2.79,38,620,2,1,480.0,33,203,44,0.289,0.667,0.682,0.241,WAS,1610612764,Washington Wizards,39.2,842,1
