,AVG_DRIB_PER_TOUCH,AVG_SEC_PER_TOUCH,ELBOW_TOUCHES,FRONT_CT_TOUCHES,GP,L,MIN,PAINT_TOUCHES,POINTS,POST_TOUCHES,PTS_PER_ELBOW_TOUCH,PTS_PER_PAINT_TOUCH,PTS_PER_POST_TOUCH,PTS_PER_TOUCH,TEAM_ABBREVIATION,TEAM_ID,TEAM_NAME,TIME_OF_POSS,TOUCHES,W
0,1.92,2.5,64,1389,4,1,960.0,61,436,81,0.188,0.934,0.877,0.245,ATL,1610612737,Atlanta Hawks,74.4,1783,3
1,2.07,2.46,67,1259,4,2,960.0,42,416,47,0.463,0.881,0.957,0.246,BOS,1610612738,Boston Celtics,69.2,1691,2
2,2.55,3.03,72,1048,4,3,960.0,66,377,77,0.222,0.985,0.896,0.255,BKN,1610612751,Brooklyn Nets,74.7,1481,1
3,2.11,2.58,47,997,3,3,720.0,39,265,42,0.319,0.846,0.81,0.199,CHA,1610612766,Charlotte Hornets,57.3,1332,0
4,2.37,2.84,68,1166,4,3,985.0,60,409,73,0.324,0.933,0.822,0.255,CHI,1610612741,Chicago Bulls,75.8,1604,1
5,2.01,2.45,50,625,2,1,480.0,27,203,32,0.26,1.185,1.063,0.232,DAL,1610612742,Dallas Mavericks,35.7,875,1
6,2.39,2.92,28,556,2,1,480.0,33,207,37,0.357,0.758,0.649,0.272,DEN,1610612743,Denver Nuggets,37.1,761,1
7,2.57,2.99,46,1094,4,3,960.0,49,388,65,0.261,0.776,0.585,0.253,DET,1610612765,Detroit Pistons,76.4,1531,1
8,1.8,2.31,37,620,2,1,480.0,36,211,46,0.27,0.972,0.87,0.256,GSW,1610612744,Golden State Warriors,31.7,824,1
9,2.19,2.84,13,563,2,0,505.0,25,210,38,0.308,0.72,0.553,0.263,HOU,1610612745,Houston Rockets,37.8,797,2
10,2.27,2.89,81,1207,4,2,960.0,61,385,76,0.346,0.836,0.803,0.238,IND,1610612754,Indiana Pacers,78.1,1621,2
11,2.07,2.52,35,609,2,2,480.0,26,215,28,0.286,0.846,0.964,0.261,LAC,1610612746,Los Angeles Clippers,34.6,824,0
12,2.5,3.23,46,539,2,2,480.0,41,207,41,0.348,1.049,0.951,0.279,LAL,1610612747,Los Angeles Lakers,39.9,742,0
13,2.22,2.69,40,604,2,2,480.0,51,180,57,0.275,0.627,0.632,0.219,MEM,1610612763,Memphis Grizzlies,36.8,822,0
14,2.5,2.91,43,837,3,2,720.0,42,287,48,0.326,0.952,0.917,0.238,MIA,1610612748,Miami Heat,58.6,1206,1
15,2.32,2.71,91,1197,4,3,960.0,85,393,91,0.33,0.788,0.802,0.24,MIL,1610612749,Milwaukee Bucks,73.8,1635,1
16,2.27,2.93,39,574,2,2,480.0,34,194,45,0.308,1.088,0.911,0.246,MIN,1610612750,Minnesota Timberwolves,38.6,789,0
17,2.55,3.02,28,544,2,1,480.0,26,230,34,0.5,1.038,0.853,0.29,NOP,1610612740,New Orleans Pelicans,40.0,794,1
18,1.73,2.51,64,1074,3,2,720.0,38,265,52,0.188,1.105,0.962,0.187,NYK,1610612752,New York Knicks,59.2,1414,1
19,2.09,2.66,18,564,2,1,480.0,23,201,27,0.333,1.217,0.963,0.257,OKC,1610612760,Oklahoma City Thunder,34.6,781,1
20,2.61,2.89,41,860,3,3,720.0,34,271,38,0.341,0.912,0.658,0.228,ORL,1610612753,Orlando Magic,57.3,1188,0
21,1.87,2.44,44,986,3,2,720.0,33,265,47,0.295,0.667,0.617,0.201,PHI,1610612755,Philadelphia 76ers,53.6,1317,1
22,1.93,2.81,33,585,2,1,480.0,21,186,29,0.242,1.095,1.034,0.235,PHX,1610612756,Phoenix Suns,37.1,793,1
23,2.12,2.8,25,596,2,1,480.0,20,195,35,0.24,0.8,0.686,0.25,POR,1610612757,Portland Trail Blazers,36.3,779,1
24,2.29,2.99,28,585,2,1,480.0,26,193,35,0.107,0.885,0.829,0.246,SAC,1610612758,Sacramento Kings,39.2,786,1
25,2.18,2.55,37,683,2,1,505.0,45,217,57,0.216,0.889,0.842,0.235,SAS,1610612759,San Antonio Spurs,39.2,923,1
26,2.52,2.97,36,1089,4,3,960.0,63,414,65,0.417,0.921,0.892,0.268,TOR,1610612761,Toronto Raptors,76.5,1545,1
27,1.62,2.27,58,823,2,1,480.0,26,194,36,0.086,0.692,0.694,0.188,UTA,1610612762,Utah Jazz,39.0,1032,1
28,2.13,2.7,95,1268,4,3,985.0,64,375,70,0.221,0.75,0.743,0.217,WAS,1610612764,Washington Wizards,77.9,1732,1
