,AVG_DRIB_PER_TOUCH,AVG_SEC_PER_TOUCH,ELBOW_TOUCHES,FRONT_CT_TOUCHES,GP,L,MIN,PAINT_TOUCHES,POINTS,POST_TOUCHES,PTS_PER_ELBOW_TOUCH,PTS_PER_PAINT_TOUCH,PTS_PER_POST_TOUCH,PTS_PER_TOUCH,TEAM_ABBREVIATION,TEAM_ID,TEAM_NAME,TIME_OF_POSS,TOUCHES,W
0,2.15,2.62,65,1376,4,0,960.0,63,456,68,0.354,0.857,0.882,0.258,ATL,1610612737,Atlanta Hawks,77.1,1765,4
1,2.22,2.67,58,1282,4,1,960.0,81,427,101,0.328,1.062,0.95,0.249,BOS,1610612738,Boston Celtics,76.4,1716,3
2,2.46,2.84,32,866,3,2,720.0,25,290,47,0.375,0.92,0.66,0.24,CHA,1610612766,Charlotte Hornets,57.1,1208,1
3,2.12,2.76,55,1215,4,1,960.0,63,402,92,0.273,0.714,0.641,0.245,CHI,1610612741,Chicago Bulls,75.4,1641,3
4,2.29,2.95,33,1167,4,1,960.0,61,420,80,0.182,0.754,0.788,0.256,CLE,1610612739,Cleveland Cavaliers,80.4,1638,3
5,2.25,2.73,45,627,2,1,505.0,21,190,34,0.267,1.095,0.824,0.218,DAL,1610612742,Dallas Mavericks,39.8,873,1
6,2.18,2.77,30,579,2,2,480.0,25,178,31,0.167,0.4,0.419,0.223,DEN,1610612743,Denver Nuggets,36.9,797,0
7,2.29,2.81,33,884,3,2,720.0,46,293,51,0.545,0.935,0.725,0.236,DET,1610612765,Detroit Pistons,58.1,1240,1
8,1.76,2.37,37,710,2,1,480.0,42,215,46,0.189,1.071,1.022,0.232,GSW,1610612744,Golden State Warriors,36.6,927,1
9,2.28,2.75,20,570,2,0,480.0,28,215,36,0.35,0.536,0.528,0.269,HOU,1610612745,Houston Rockets,36.6,799,2
10,2.49,2.89,64,891,3,2,720.0,55,327,80,0.438,0.891,0.738,0.261,IND,1610612754,Indiana Pacers,60.5,1254,1
11,2.2,2.72,54,614,2,1,480.0,36,223,44,0.222,0.861,0.886,0.269,LAC,1610612746,Los Angeles Clippers,37.6,829,1
12,2.02,2.95,34,600,2,2,480.0,28,204,37,0.235,1.0,0.811,0.249,LAL,1610612747,Los Angeles Lakers,40.2,819,0
13,2.14,2.71,44,682,2,0,480.0,37,198,42,0.227,1.027,1.048,0.228,MEM,1610612763,Memphis Grizzlies,39.3,868,2
14,2.32,2.87,85,1278,4,0,960.0,56,382,62,0.247,1.107,0.984,0.221,MIA,1610612748,Miami Heat,82.5,1728,4
15,2.36,2.8,105,1431,4,1,1110.0,73,448,89,0.276,0.699,0.629,0.238,MIL,1610612749,Milwaukee Bucks,87.8,1880,3
16,2.31,2.8,40,593,2,1,480.0,24,204,39,0.375,0.958,0.897,0.244,MIN,1610612750,Minnesota Timberwolves,39.0,835,1
17,2.58,3.07,39,562,2,0,480.0,30,213,37,0.231,1.1,1.27,0.27,NOP,1610612740,New Orleans Pelicans,40.3,789,2
18,1.83,2.47,130,1497,4,4,960.0,52,378,59,0.262,0.462,0.475,0.196,NYK,1610612752,New York Knicks,79.4,1927,0
19,2.19,2.76,52,637,2,2,480.0,30,177,41,0.192,0.9,0.707,0.205,OKC,1610612760,Oklahoma City Thunder,39.8,864,0
20,2.49,2.93,41,880,3,3,720.0,34,282,52,0.22,1.059,0.865,0.235,ORL,1610612753,Orlando Magic,58.6,1199,0
21,2.0,2.53,64,1347,4,3,960.0,48,338,71,0.344,0.75,0.62,0.188,PHI,1610612755,Philadelphia 76ers,75.5,1794,1
22,2.43,2.85,32,618,2,0,505.0,21,220,28,0.219,1.238,1.071,0.259,PHX,1610612756,Phoenix Suns,40.4,849,2
23,2.61,3.05,40,575,2,1,480.0,19,193,22,0.175,1.316,1.182,0.243,POR,1610612757,Portland Trail Blazers,40.5,795,1
24,2.33,2.98,32,559,2,2,480.0,17,199,30,0.25,0.882,0.767,0.261,SAC,1610612758,Sacramento Kings,37.9,763,0
25,2.11,2.56,38,692,2,1,505.0,28,192,39,0.211,0.857,0.872,0.213,SAS,1610612759,San Antonio Spurs,38.5,902,1
26,2.7,3.17,44,1138,4,2,985.0,44,434,52,0.409,1.068,1.019,0.279,TOR,1610612761,Toronto Raptors,82.4,1557,2
27,1.78,2.46,58,818,2,0,480.0,30,203,35,0.103,0.6,0.657,0.199,UTA,1610612762,Utah Jazz,41.8,1021,2
28,1.99,2.55,88,1298,4,2,960.0,76,373,101,0.33,0.776,0.693,0.214,WAS,1610612764,Washington Wizards,74.0,1743,2
