,AVG_DRIB_PER_TOUCH,AVG_SEC_PER_TOUCH,ELBOW_TOUCHES,FRONT_CT_TOUCHES,GP,L,MIN,PAINT_TOUCHES,POINTS,POST_TOUCHES,PTS_PER_ELBOW_TOUCH,PTS_PER_PAINT_TOUCH,PTS_PER_POST_TOUCH,PTS_PER_TOUCH,TEAM_ABBREVIATION,TEAM_ID,TEAM_NAME,TIME_OF_POSS,TOUCHES,W
0,1.99,2.49,33,680,2,2,480.0,33,187,42,0.242,0.788,0.619,0.209,ATL,1610612737,Atlanta Hawks,37.1,894,0
1,2.01,2.51,39,648,2,2,480.0,17,178,22,0.282,0.353,0.364,0.202,BOS,1610612738,Boston Celtics,36.8,882,0
2,2.62,3.07,37,605,2,1,505.0,26,182,33,0.162,0.808,0.788,0.22,BKN,1610612751,Brooklyn Nets,42.3,828,1
3,2.17,2.62,34,646,2,2,480.0,19,179,24,0.235,0.895,0.875,0.206,CHA,1610612766,Charlotte Hornets,37.9,867,0
4,2.41,2.97,28,599,2,1,480.0,37,209,37,0.321,1.189,1.081,0.259,CHI,1610612741,Chicago Bulls,40.0,807,1
5,2.61,3.03,29,573,2,1,505.0,23,218,29,0.31,1.043,1.069,0.264,CLE,1610612739,Cleveland Cavaliers,41.8,827,1
6,1.96,2.45,53,1167,4,2,960.0,40,376,46,0.264,1.05,0.913,0.221,DAL,1610612742,Dallas Mavericks,69.5,1702,2
7,2.54,2.94,51,1091,4,4,960.0,54,394,64,0.392,0.87,0.781,0.259,DEN,1610612743,Denver Nuggets,74.4,1519,0
8,2.92,3.15,21,500,2,1,480.0,13,192,22,0.333,1.231,0.682,0.259,DET,1610612765,Detroit Pistons,38.9,741,1
9,1.73,2.42,61,959,3,2,720.0,32,302,39,0.344,0.938,0.795,0.237,GSW,1610612744,Golden State Warriors,51.2,1272,1
10,2.07,2.61,31,1157,4,3,960.0,53,405,77,0.194,1.0,0.961,0.246,HOU,1610612745,Houston Rockets,71.6,1647,1
11,2.45,2.88,32,610,2,2,480.0,20,193,32,0.375,1.25,1.063,0.235,IND,1610612754,Indiana Pacers,39.5,823,0
12,2.39,2.75,68,1176,4,2,960.0,57,427,63,0.309,1.333,1.111,0.26,LAC,1610612746,Los Angeles Clippers,75.4,1645,2
13,2.37,3.06,65,872,3,2,745.0,42,277,47,0.277,0.786,0.872,0.226,LAL,1610612747,Los Angeles Lakers,62.5,1226,1
14,2.27,2.83,130,1357,4,2,1035.0,73,402,76,0.292,0.863,0.868,0.225,MEM,1610612763,Memphis Grizzlies,84.2,1789,2
15,2.33,2.8,49,594,2,2,480.0,30,166,35,0.286,0.733,0.743,0.199,MIA,1610612748,Miami Heat,39.0,835,0
16,2.5,2.78,40,590,2,2,480.0,40,198,40,0.3,0.65,0.625,0.243,MIL,1610612749,Milwaukee Bucks,37.7,814,0
17,2.24,2.83,89,1136,4,4,960.0,72,383,82,0.315,0.736,0.561,0.238,MIN,1610612750,Minnesota Timberwolves,75.9,1610,0
18,2.79,3.23,55,1050,4,1,985.0,36,398,44,0.236,1.194,1.0,0.26,NOP,1610612740,New Orleans Pelicans,82.2,1528,3
19,2.0,2.68,61,727,2,1,505.0,24,199,26,0.393,0.875,0.731,0.211,NYK,1610612752,New York Knicks,42.0,942,1
20,2.4,2.99,47,770,3,2,720.0,36,293,35,0.234,0.722,0.629,0.261,OKC,1610612760,Oklahoma City Thunder,55.9,1122,1
21,2.49,2.89,56,559,2,2,480.0,28,194,28,0.179,0.75,0.929,0.248,ORL,1610612753,Orlando Magic,37.7,783,0
22,2.13,2.59,33,628,2,2,480.0,23,178,28,0.152,0.826,0.821,0.209,PHI,1610612755,Philadelphia 76ers,36.7,850,0
23,2.34,2.74,85,1142,4,3,960.0,31,354,49,0.388,0.903,0.633,0.219,PHX,1610612756,Phoenix Suns,73.7,1616,1
24,2.69,3.08,69,1176,4,1,1035.0,31,444,39,0.391,0.71,0.538,0.274,POR,1610612757,Portland Trail Blazers,83.3,1622,3
25,2.5,3.04,97,1088,4,3,960.0,55,379,86,0.237,0.782,0.721,0.245,SAC,1610612758,Sacramento Kings,78.2,1545,1
26,2.44,2.89,22,553,2,1,480.0,20,194,22,0.455,0.8,0.727,0.25,TOR,1610612761,Toronto Raptors,37.4,776,1
27,1.95,2.5,67,1095,3,1,720.0,34,259,42,0.269,0.735,0.81,0.182,UTA,1610612762,Utah Jazz,59.3,1423,2
28,2.37,2.89,44,570,2,1,480.0,29,193,38,0.455,0.793,0.711,0.246,WAS,1610612764,Washington Wizards,37.9,786,1
