,AVG_DRIB_PER_TOUCH,AVG_SEC_PER_TOUCH,ELBOW_TOUCHES,FRONT_CT_TOUCHES,GP,L,MIN,PAINT_TOUCHES,POINTS,POST_TOUCHES,PTS_PER_ELBOW_TOUCH,PTS_PER_PAINT_TOUCH,PTS_PER_POST_TOUCH,PTS_PER_TOUCH,TEAM_ABBREVIATION,TEAM_ID,TEAM_NAME,TIME_OF_POSS,TOUCHES,W
0,2.02,2.57,63,1013,3,1,720.0,49,285,54,0.365,0.633,0.574,0.218,ATL,1610612737,Atlanta Hawks,56.1,1308,2
1,2.1,2.61,84,1258,4,3,985.0,65,415,79,0.262,0.908,0.772,0.241,BOS,1610612738,Boston Celtics,75.0,1723,1
2,2.56,3.06,116,1157,4,3,960.0,56,346,81,0.345,0.714,0.605,0.223,BKN,1610612751,Brooklyn Nets,79.2,1555,1
3,2.51,2.93,50,1170,4,2,960.0,38,380,52,0.46,0.737,0.538,0.241,CHA,1610612766,Charlotte Hornets,77.0,1577,2
4,2.44,3.03,40,1139,4,1,985.0,52,419,66,0.25,0.904,0.803,0.261,CLE,1610612739,Cleveland Cavaliers,81.1,1606,3
5,2.15,2.57,43,638,2,1,530.0,16,230,15,0.326,0.625,0.4,0.252,DAL,1610612742,Dallas Mavericks,39.0,912,1
6,2.52,2.95,36,538,2,1,480.0,35,215,39,0.528,0.743,0.615,0.291,DEN,1610612743,Denver Nuggets,36.2,738,1
7,2.63,3.1,74,1041,4,2,960.0,45,380,53,0.284,0.644,0.585,0.255,DET,1610612765,Detroit Pistons,76.9,1489,2
8,1.77,2.29,26,656,2,1,505.0,26,223,26,0.462,0.577,0.654,0.251,GSW,1610612744,Golden State Warriors,33.9,888,1
9,2.13,2.7,36,585,2,1,480.0,38,206,47,0.056,0.684,0.723,0.251,HOU,1610612745,Houston Rockets,37.0,821,1
10,2.33,2.92,73,1200,4,2,960.0,62,373,71,0.137,1.0,0.958,0.229,IND,1610612754,Indiana Pacers,79.3,1631,2
11,2.19,2.66,47,570,2,1,480.0,13,185,22,0.234,0.692,0.864,0.232,LAC,1610612746,Los Angeles Clippers,35.4,799,1
12,2.64,3.31,50,551,2,1,530.0,21,216,24,0.3,0.857,1.0,0.273,LAL,1610612747,Los Angeles Lakers,43.7,792,1
13,2.39,2.89,54,570,2,1,480.0,32,198,35,0.333,0.563,0.714,0.254,MEM,1610612763,Memphis Grizzlies,37.7,781,1
14,2.39,2.97,67,854,3,2,720.0,37,249,49,0.269,0.514,0.612,0.206,MIA,1610612748,Miami Heat,59.8,1207,1
15,2.45,2.81,87,1111,4,3,960.0,60,339,63,0.057,0.55,0.635,0.228,MIL,1610612749,Milwaukee Bucks,69.8,1490,1
16,2.63,3.04,32,525,2,2,480.0,32,194,41,0.406,0.906,0.707,0.264,MIN,1610612750,Minnesota Timberwolves,37.2,734,0
17,2.66,3.13,39,555,2,2,480.0,21,172,30,0.333,1.095,0.833,0.224,NOP,1610612740,New Orleans Pelicans,40.1,769,0
18,1.96,2.65,108,1038,3,3,720.0,38,257,42,0.278,0.737,0.667,0.188,NYK,1610612752,New York Knicks,60.3,1366,0
19,2.3,3.05,29,534,2,1,480.0,17,214,22,0.276,0.471,0.409,0.285,OKC,1610612760,Oklahoma City Thunder,38.2,751,1
20,2.56,2.89,60,1139,4,2,960.0,59,413,64,0.383,0.898,0.797,0.262,ORL,1610612753,Orlando Magic,75.9,1574,2
21,1.92,2.5,45,1009,3,3,745.0,20,317,32,0.444,0.55,0.5,0.234,PHI,1610612755,Philadelphia 76ers,56.3,1352,0
22,2.11,2.57,43,591,2,1,480.0,24,206,30,0.256,0.833,0.633,0.249,PHX,1610612756,Phoenix Suns,35.4,827,1
23,2.62,3.06,51,561,2,1,480.0,22,211,28,0.392,0.909,0.929,0.271,POR,1610612757,Portland Trail Blazers,39.7,778,1
24,2.18,2.88,55,625,2,1,480.0,31,189,39,0.164,1.226,1.026,0.227,SAC,1610612758,Sacramento Kings,40.1,834,1
25,2.07,2.54,37,645,2,1,480.0,30,197,38,0.189,0.467,0.605,0.225,SAS,1610612759,San Antonio Spurs,37.0,874,1
26,2.45,3.0,55,1151,4,4,960.0,57,408,64,0.509,0.737,0.703,0.259,TOR,1610612761,Toronto Raptors,78.8,1578,0
27,1.85,2.54,51,731,2,1,480.0,27,192,31,0.275,1.0,1.065,0.206,UTA,1610612762,Utah Jazz,39.5,934,1
28,2.16,2.76,85,1150,4,2,960.0,66,390,73,0.318,0.848,0.836,0.243,WAS,1610612764,Washington Wizards,73.9,1603,2
