,AVG_DRIB_PER_TOUCH,AVG_SEC_PER_TOUCH,ELBOW_TOUCHES,FRONT_CT_TOUCHES,GP,L,MIN,PAINT_TOUCHES,POINTS,POST_TOUCHES,PTS_PER_ELBOW_TOUCH,PTS_PER_PAINT_TOUCH,PTS_PER_POST_TOUCH,PTS_PER_TOUCH,TEAM_ABBREVIATION,TEAM_ID,TEAM_NAME,TIME_OF_POSS,TOUCHES,W
0,2.03,2.51,72,1385,4,1,960.0,64,375,79,0.222,0.547,0.57,0.207,ATL,1610612737,Atlanta Hawks,75.7,1808,3
1,2.1,2.54,57,1298,4,0,960.0,67,421,82,0.246,0.97,0.89,0.239,BOS,1610612738,Boston Celtics,74.6,1763,4
2,2.41,2.9,69,1150,4,1,960.0,64,369,79,0.348,0.859,0.759,0.23,BKN,1610612751,Brooklyn Nets,77.4,1603,3
3,2.4,2.75,33,929,3,1,720.0,30,282,51,0.333,0.767,0.745,0.218,CHA,1610612766,Charlotte Hornets,59.5,1296,2
4,2.19,2.77,58,988,3,0,745.0,51,336,65,0.069,0.882,0.785,0.251,CHI,1610612741,Chicago Bulls,61.7,1338,3
5,2.15,2.73,32,961,3,1,720.0,43,276,53,0.313,0.837,0.925,0.208,CLE,1610612739,Cleveland Cavaliers,60.2,1324,2
6,2.0,2.41,34,698,2,0,480.0,28,233,31,0.529,1.286,0.903,0.243,DAL,1610612742,Dallas Mavericks,38.5,957,2
7,2.44,2.83,20,563,2,2,480.0,20,183,29,0.4,0.6,0.379,0.233,DEN,1610612743,Denver Nuggets,37.0,784,0
8,2.36,2.75,50,1226,4,3,985.0,45,360,67,0.16,0.778,0.687,0.212,DET,1610612765,Detroit Pistons,77.8,1698,1
9,1.69,2.28,38,672,2,0,480.0,28,215,45,0.632,0.857,0.667,0.239,GSW,1610612744,Golden State Warriors,34.2,898,2
10,1.85,2.47,13,663,2,0,480.0,28,192,36,0.0,0.75,0.667,0.217,HOU,1610612745,Houston Rockets,36.5,885,2
11,2.29,2.83,73,1307,4,1,960.0,56,395,79,0.356,0.804,0.722,0.226,IND,1610612754,Indiana Pacers,82.6,1749,3
12,2.16,2.68,42,587,2,0,480.0,23,246,27,0.429,1.174,1.037,0.301,LAC,1610612746,Los Angeles Clippers,36.6,817,2
13,2.46,3.1,32,540,2,0,505.0,27,214,31,0.25,0.815,0.935,0.276,LAL,1610612747,Los Angeles Lakers,40.1,775,2
14,2.09,2.56,44,684,2,0,505.0,45,221,49,0.25,1.067,1.041,0.238,MEM,1610612763,Memphis Grizzlies,39.8,930,2
15,2.08,2.51,90,1311,4,1,960.0,55,425,69,0.2,0.818,0.71,0.233,MIA,1610612748,Miami Heat,76.3,1823,3
16,2.13,2.61,98,1206,4,0,960.0,71,401,88,0.235,0.775,0.807,0.239,MIL,1610612749,Milwaukee Bucks,73.0,1678,4
17,2.32,2.81,38,584,2,2,480.0,39,171,49,0.158,1.026,0.918,0.21,MIN,1610612750,Minnesota Timberwolves,38.2,816,0
18,2.6,3.03,29,573,2,1,480.0,34,180,43,0.103,0.765,0.674,0.227,NOP,1610612740,New Orleans Pelicans,40.1,794,1
19,1.92,2.58,101,1338,4,1,960.0,56,371,69,0.238,1.054,0.986,0.205,NYK,1610612752,New York Knicks,77.7,1810,3
20,2.37,2.94,32,580,2,0,505.0,27,226,24,0.313,0.704,0.75,0.284,OKC,1610612760,Oklahoma City Thunder,39.0,796,2
21,2.36,2.65,33,949,3,1,720.0,41,282,53,0.121,0.756,0.717,0.223,ORL,1610612753,Orlando Magic,55.8,1264,2
22,2.35,2.82,29,618,2,0,480.0,26,234,37,0.379,0.846,0.757,0.286,PHX,1610612756,Phoenix Suns,38.4,818,2
23,2.29,2.75,40,636,2,0,480.0,17,228,25,0.375,0.647,0.8,0.259,POR,1610612757,Portland Trail Blazers,40.4,880,2
24,2.32,2.78,37,569,2,1,480.0,38,214,49,0.405,0.816,0.612,0.265,SAC,1610612758,Sacramento Kings,37.5,809,1
25,2.06,2.38,30,751,2,0,480.0,36,209,47,0.167,0.75,0.681,0.215,SAS,1610612759,San Antonio Spurs,38.4,971,2
26,2.32,2.85,38,1212,4,0,960.0,58,425,75,0.447,0.845,0.813,0.258,TOR,1610612761,Toronto Raptors,78.3,1650,4
27,1.98,2.51,41,689,2,0,480.0,41,177,48,0.22,0.927,0.792,0.195,UTA,1610612762,Utah Jazz,37.9,907,2
28,2.2,2.75,69,1234,4,1,960.0,73,417,94,0.232,0.986,0.862,0.247,WAS,1610612764,Washington Wizards,77.3,1688,3
