,AVG_DRIB_PER_TOUCH,AVG_SEC_PER_TOUCH,ELBOW_TOUCHES,FRONT_CT_TOUCHES,GP,L,MIN,PAINT_TOUCHES,POINTS,POST_TOUCHES,PTS_PER_ELBOW_TOUCH,PTS_PER_PAINT_TOUCH,PTS_PER_POST_TOUCH,PTS_PER_TOUCH,TEAM_ABBREVIATION,TEAM_ID,TEAM_NAME,TIME_OF_POSS,TOUCHES,W
0,1.9,2.46,30,726,2,0,480.0,36,209,50,0.467,0.889,0.66,0.224,ATL,1610612737,Atlanta Hawks,38.2,934,2
1,1.9,2.38,43,616,2,2,480.0,20,214,35,0.233,1.15,0.914,0.244,BOS,1610612738,Boston Celtics,34.8,878,0
2,2.71,3.18,29,581,2,1,505.0,36,192,46,0.345,0.889,0.783,0.24,BKN,1610612751,Brooklyn Nets,42.5,801,1
3,2.1,2.6,20,662,2,2,480.0,28,161,39,0.0,0.464,0.487,0.179,CHA,1610612766,Charlotte Hornets,38.8,897,0
4,2.03,2.67,46,765,2,1,530.0,43,231,62,0.348,0.721,0.661,0.228,CHI,1610612741,Chicago Bulls,45.1,1011,1
5,2.33,2.87,29,620,2,1,480.0,39,217,49,0.207,0.795,0.796,0.256,CLE,1610612739,Cleveland Cavaliers,40.5,847,1
6,2.58,2.97,41,899,3,2,770.0,58,346,63,0.293,0.914,0.952,0.28,DEN,1610612743,Denver Nuggets,61.1,1234,1
7,2.65,2.96,29,577,2,1,480.0,28,214,29,0.379,0.893,0.862,0.257,DET,1610612765,Detroit Pistons,41.1,833,1
8,1.82,2.37,63,1358,4,0,960.0,59,460,68,0.254,1.0,0.956,0.251,GSW,1610612744,Golden State Warriors,72.7,1836,4
9,1.93,2.53,32,1209,4,1,960.0,46,402,69,0.25,0.696,0.667,0.238,HOU,1610612745,Houston Rockets,71.2,1688,3
10,2.34,2.9,43,618,2,0,480.0,38,215,40,0.186,0.895,0.75,0.255,IND,1610612754,Indiana Pacers,40.6,842,2
11,2.28,2.78,55,903,3,1,720.0,51,334,53,0.109,0.882,0.83,0.264,LAC,1610612746,Los Angeles Clippers,58.6,1265,2
12,2.3,3.07,89,1176,4,4,960.0,56,403,58,0.382,0.857,0.845,0.25,LAL,1610612747,Los Angeles Lakers,82.7,1615,0
13,2.2,2.83,92,1288,4,1,960.0,72,430,104,0.196,0.819,0.702,0.249,MEM,1610612763,Memphis Grizzlies,81.2,1725,3
14,2.09,2.65,37,664,2,1,480.0,34,177,37,0.054,0.853,0.838,0.193,MIA,1610612748,Miami Heat,40.7,919,1
15,2.45,2.76,40,580,2,2,480.0,34,207,41,0.35,0.912,0.854,0.26,MIL,1610612749,Milwaukee Bucks,36.6,797,0
16,2.42,2.88,68,857,3,3,720.0,51,286,71,0.412,0.745,0.704,0.232,MIN,1610612750,Minnesota Timberwolves,59.2,1234,0
17,2.54,3.06,73,1159,4,3,960.0,73,413,77,0.233,0.822,0.922,0.26,NOP,1610612740,New Orleans Pelicans,81.0,1587,1
18,1.7,2.41,71,806,2,2,505.0,32,189,44,0.07,0.781,0.659,0.182,NYK,1610612752,New York Knicks,41.8,1039,0
19,2.28,2.9,71,1163,4,3,960.0,58,457,71,0.423,0.879,0.789,0.28,OKC,1610612760,Oklahoma City Thunder,78.9,1630,1
20,2.37,2.76,28,595,2,2,480.0,24,195,33,0.214,0.958,0.758,0.245,ORL,1610612753,Orlando Magic,36.6,795,0
21,1.8,2.36,33,704,2,2,480.0,28,173,38,0.182,0.25,0.289,0.186,PHI,1610612755,Philadelphia 76ers,36.6,931,0
22,2.2,2.73,68,1251,4,1,960.0,55,444,77,0.265,1.0,0.961,0.259,PHX,1610612756,Phoenix Suns,77.9,1713,3
23,2.3,2.82,82,1247,4,2,985.0,52,401,55,0.476,0.673,0.745,0.235,POR,1610612757,Portland Trail Blazers,80.2,1710,2
24,2.41,3.0,70,915,3,3,745.0,38,280,52,0.3,0.974,0.692,0.224,SAC,1610612758,Sacramento Kings,62.4,1250,0
25,2.05,2.53,91,1528,4,2,960.0,69,382,85,0.242,0.638,0.576,0.197,SAS,1610612759,San Antonio Spurs,82.0,1940,2
26,2.43,2.95,23,581,2,2,480.0,19,194,23,0.174,1.053,0.957,0.24,TOR,1610612761,Toronto Raptors,39.9,810,0
27,1.58,2.16,115,1643,4,3,960.0,69,375,81,0.13,0.652,0.63,0.181,UTA,1610612762,Utah Jazz,74.8,2077,1
28,2.05,2.66,53,606,2,2,480.0,26,189,38,0.094,0.769,0.711,0.222,WAS,1610612764,Washington Wizards,37.7,851,0
