,AVG_DRIB_PER_TOUCH,AVG_SEC_PER_TOUCH,ELBOW_TOUCHES,FRONT_CT_TOUCHES,GP,L,MIN,PAINT_TOUCHES,POINTS,POST_TOUCHES,PTS_PER_ELBOW_TOUCH,PTS_PER_PAINT_TOUCH,PTS_PER_POST_TOUCH,PTS_PER_TOUCH,TEAM_ABBREVIATION,TEAM_ID,TEAM_NAME,TIME_OF_POSS,TOUCHES,W
0,2.11,2.64,34,712,2,1,480.0,22,218,28,0.294,0.818,0.643,0.239,ATL,1610612737,Atlanta Hawks,40.3,914,1
1,1.65,2.26,37,682,2,2,480.0,24,212,31,0.27,0.958,1.129,0.232,BOS,1610612738,Boston Celtics,34.4,912,0
2,2.12,2.71,34,598,2,0,480.0,30,210,44,0.441,0.767,0.773,0.258,BKN,1610612751,Brooklyn Nets,36.7,814,2
3,2.28,2.67,22,633,2,2,480.0,20,178,25,0.364,0.8,0.72,0.205,CHA,1610612766,Charlotte Hornets,38.7,869,0
4,2.22,3.24,41,627,2,1,480.0,23,208,28,0.317,0.87,1.0,0.248,CHI,1610612741,Chicago Bulls,45.2,838,1
5,2.3,2.83,25,651,2,1,480.0,32,202,28,0.32,0.469,0.464,0.228,CLE,1610612739,Cleveland Cavaliers,41.8,887,1
6,2.02,2.53,56,1199,4,1,960.0,40,455,45,0.357,0.925,0.867,0.255,DAL,1610612742,Dallas Mavericks,75.4,1787,3
7,2.27,2.72,64,1193,4,3,960.0,65,406,76,0.125,0.831,0.868,0.254,DEN,1610612743,Denver Nuggets,72.5,1597,1
8,2.43,2.88,30,617,2,1,505.0,28,190,34,0.433,0.786,0.706,0.224,DET,1610612765,Detroit Pistons,40.6,848,1
9,1.85,2.45,68,1327,4,1,960.0,62,437,78,0.485,0.839,0.885,0.25,GSW,1610612744,Golden State Warriors,71.6,1750,3
10,2.1,2.76,34,964,3,0,720.0,36,296,52,0.265,0.583,0.558,0.221,HOU,1610612745,Houston Rockets,61.5,1337,3
11,2.24,2.91,41,619,2,1,480.0,29,208,36,0.293,0.897,0.889,0.242,IND,1610612754,Indiana Pacers,41.7,860,1
12,2.33,2.73,39,912,3,1,720.0,36,321,47,0.103,0.667,0.702,0.258,LAC,1610612746,Los Angeles Clippers,56.5,1244,2
13,2.02,2.88,53,864,3,3,720.0,38,321,51,0.358,1.184,0.941,0.27,LAL,1610612747,Los Angeles Lakers,57.1,1189,0
14,2.14,2.7,100,1347,4,1,960.0,82,365,97,0.2,0.817,0.691,0.207,MEM,1610612763,Memphis Grizzlies,79.3,1766,3
15,2.45,3.07,30,547,2,2,480.0,24,161,31,0.067,1.042,1.0,0.209,MIA,1610612748,Miami Heat,39.5,772,0
16,2.18,2.54,53,646,2,1,480.0,31,186,36,0.113,0.516,0.583,0.213,MIL,1610612749,Milwaukee Bucks,36.9,872,1
17,2.21,2.91,75,1178,4,4,960.0,65,388,83,0.453,0.954,0.807,0.237,MIN,1610612750,Minnesota Timberwolves,79.3,1637,0
18,2.7,3.18,59,1154,4,1,960.0,61,420,63,0.475,0.918,1.063,0.264,NOP,1610612740,New Orleans Pelicans,84.5,1593,3
19,1.62,2.35,77,770,2,1,480.0,28,178,32,0.299,0.821,0.906,0.175,NYK,1610612752,New York Knicks,39.7,1015,1
20,2.27,2.61,39,664,2,2,480.0,43,196,47,0.462,0.744,0.723,0.22,ORL,1610612753,Orlando Magic,38.8,892,0
21,2.12,2.56,37,754,2,2,505.0,31,209,40,0.081,0.71,0.6,0.207,PHI,1610612755,Philadelphia 76ers,42.9,1008,0
22,2.25,2.66,51,1290,4,3,1010.0,45,436,61,0.392,0.867,0.82,0.244,PHX,1610612756,Phoenix Suns,79.3,1785,1
23,2.39,2.98,75,1197,4,1,985.0,46,426,56,0.347,0.63,0.5,0.262,POR,1610612757,Portland Trail Blazers,80.8,1625,3
24,2.25,2.88,78,1194,4,3,960.0,58,392,81,0.282,0.638,0.642,0.241,SAC,1610612758,Sacramento Kings,78.1,1625,1
25,2.18,2.58,50,1047,3,1,720.0,47,349,63,0.2,1.277,1.238,0.254,SAS,1610612759,San Antonio Spurs,59.2,1375,2
26,1.96,2.51,15,684,2,1,480.0,24,204,27,0.133,1.0,0.815,0.226,TOR,1610612761,Toronto Raptors,37.8,904,1
27,1.85,2.47,75,1485,4,2,960.0,44,368,50,0.187,0.773,0.78,0.193,UTA,1610612762,Utah Jazz,78.2,1904,2
28,2.11,2.75,51,686,2,2,505.0,37,205,53,0.157,0.784,0.755,0.224,WAS,1610612764,Washington Wizards,42.1,917,0
