,AVG_DRIB_PER_TOUCH,AVG_SEC_PER_TOUCH,ELBOW_TOUCHES,FRONT_CT_TOUCHES,GP,L,MIN,PAINT_TOUCHES,POINTS,POST_TOUCHES,PTS_PER_ELBOW_TOUCH,PTS_PER_PAINT_TOUCH,PTS_PER_POST_TOUCH,PTS_PER_TOUCH,TEAM_ABBREVIATION,TEAM_ID,TEAM_NAME,TIME_OF_POSS,TOUCHES,W
0,2.25,2.78,24,585,2,0,480.0,20,220,22,0.333,0.75,0.682,0.275,ATL,1610612737,Atlanta Hawks,37.0,800,2
1,1.98,2.59,47,616,2,1,480.0,28,178,32,0.426,0.643,0.563,0.217,BOS,1610612738,Boston Celtics,35.4,821,1
2,2.44,2.95,50,543,2,1,480.0,32,193,38,0.48,1.031,0.789,0.253,BKN,1610612751,Brooklyn Nets,37.6,764,1
3,2.12,2.63,27,644,2,2,480.0,10,197,21,0.556,1.2,1.048,0.227,CHA,1610612766,Charlotte Hornets,38.1,867,0
4,2.21,2.82,33,599,2,1,480.0,18,202,25,0.212,1.056,0.64,0.249,CHI,1610612741,Chicago Bulls,38.1,811,1
5,2.13,2.89,28,612,2,1,480.0,24,181,33,0.179,0.708,0.697,0.219,CLE,1610612739,Cleveland Cavaliers,39.9,828,1
6,2.17,2.61,86,1237,4,2,985.0,34,387,41,0.372,0.941,0.927,0.222,DAL,1610612742,Dallas Mavericks,75.7,1740,2
7,2.42,2.93,59,1040,4,4,960.0,55,430,65,0.203,0.818,0.846,0.295,DEN,1610612743,Denver Nuggets,71.0,1456,0
8,2.11,2.72,46,598,2,2,480.0,24,185,29,0.304,0.917,0.828,0.226,DET,1610612765,Detroit Pistons,37.1,818,0
9,1.89,2.57,47,899,3,0,720.0,42,333,50,0.277,1.286,1.16,0.274,GSW,1610612744,Golden State Warriors,52.1,1217,3
10,1.99,2.74,23,808,3,2,720.0,38,308,53,0.261,0.658,0.472,0.27,HOU,1610612745,Houston Rockets,52.1,1139,1
11,2.08,2.67,67,662,2,2,480.0,11,167,24,0.284,1.091,0.75,0.194,IND,1610612754,Indiana Pacers,38.4,863,0
12,2.33,2.86,98,1135,4,1,985.0,25,425,30,0.265,0.88,0.667,0.264,LAC,1610612746,Los Angeles Clippers,76.8,1609,3
13,2.37,3.12,105,1068,4,4,960.0,44,351,49,0.343,0.818,0.816,0.236,LAL,1610612747,Los Angeles Lakers,77.3,1486,0
14,2.34,2.92,119,1204,4,0,960.0,52,409,72,0.294,0.962,0.819,0.255,MEM,1610612763,Memphis Grizzlies,78.0,1606,4
15,2.51,3.09,47,535,2,1,480.0,23,191,26,0.34,1.261,0.962,0.254,MIA,1610612748,Miami Heat,38.6,751,1
16,2.68,2.96,42,539,2,1,480.0,20,192,21,0.238,0.85,1.0,0.252,MIL,1610612749,Milwaukee Bucks,37.6,763,1
17,2.38,2.89,88,1106,4,2,960.0,57,395,86,0.205,0.877,0.814,0.252,MIN,1610612750,Minnesota Timberwolves,75.5,1567,2
18,2.79,3.19,53,764,3,3,720.0,32,271,31,0.264,0.75,0.839,0.247,NOP,1610612740,New Orleans Pelicans,58.2,1096,0
19,1.68,2.36,85,744,2,2,480.0,34,178,34,0.294,0.765,0.706,0.184,NYK,1610612752,New York Knicks,38.0,966,0
20,2.2,2.89,74,1129,4,3,985.0,43,413,57,0.23,0.93,1.018,0.258,OKC,1610612760,Oklahoma City Thunder,77.0,1599,1
21,2.46,2.78,37,569,2,1,480.0,29,203,28,0.514,0.862,0.893,0.255,ORL,1610612753,Orlando Magic,36.9,797,1
22,2.14,2.67,31,601,2,2,480.0,20,197,25,0.065,0.9,0.92,0.24,PHI,1610612755,Philadelphia 76ers,36.5,820,0
23,2.11,2.68,102,1188,4,3,960.0,50,372,54,0.314,0.54,0.5,0.226,PHX,1610612756,Phoenix Suns,73.3,1643,1
24,2.4,2.98,69,817,3,2,720.0,31,296,48,0.203,1.0,0.896,0.258,SAC,1610612758,Sacramento Kings,56.9,1146,1
25,2.07,2.53,84,1511,4,3,1035.0,60,419,91,0.298,1.067,0.923,0.215,SAS,1610612759,San Antonio Spurs,82.3,1951,1
26,2.55,3.12,20,559,2,2,505.0,18,194,29,0.2,1.222,1.103,0.249,TOR,1610612761,Toronto Raptors,40.5,778,0
27,2.08,2.7,110,1415,4,2,960.0,49,394,57,0.227,0.878,0.842,0.219,UTA,1610612762,Utah Jazz,81.1,1803,2
28,2.33,2.89,42,561,2,1,480.0,16,201,21,0.357,0.875,0.857,0.26,WAS,1610612764,Washington Wizards,37.3,773,1
