,AVG_DRIB_PER_TOUCH,AVG_SEC_PER_TOUCH,ELBOW_TOUCHES,FRONT_CT_TOUCHES,GP,L,MIN,PAINT_TOUCHES,POINTS,POST_TOUCHES,PTS_PER_ELBOW_TOUCH,PTS_PER_PAINT_TOUCH,PTS_PER_POST_TOUCH,PTS_PER_TOUCH,TEAM_ABBREVIATION,TEAM_ID,TEAM_NAME,TIME_OF_POSS,TOUCHES,W
0,1.87,2.45,54,1014,3,1,720.0,39,302,44,0.463,0.513,0.455,0.225,ATL,1610612737,Atlanta Hawks,54.7,1342,2
1,2.06,2.57,84,1188,4,1,960.0,55,414,65,0.405,1.055,0.831,0.247,BOS,1610612738,Boston Celtics,71.6,1673,3
2,2.41,2.92,87,1103,4,0,960.0,77,400,88,0.218,0.701,0.75,0.259,BKN,1610612751,Brooklyn Nets,75.1,1545,4
3,2.1,2.7,62,1314,4,1,960.0,31,382,56,0.21,0.806,0.804,0.22,CHA,1610612766,Charlotte Hornets,77.9,1733,3
4,2.17,2.67,63,918,3,0,720.0,54,318,71,0.222,0.87,0.789,0.259,CHI,1610612741,Chicago Bulls,54.6,1227,3
5,2.11,2.81,34,842,3,1,720.0,46,281,56,0.118,0.739,0.786,0.243,CLE,1610612739,Cleveland Cavaliers,54.1,1156,2
6,1.98,2.43,38,652,2,0,505.0,29,216,32,0.132,0.897,0.688,0.237,DAL,1610612742,Dallas Mavericks,37.0,912,2
7,2.49,2.94,23,543,2,1,480.0,35,199,42,0.174,0.886,0.905,0.268,DEN,1610612743,Denver Nuggets,36.4,742,1
8,2.53,2.97,55,1153,4,1,1010.0,44,422,63,0.291,0.659,0.635,0.258,DET,1610612765,Detroit Pistons,80.9,1636,3
9,1.74,2.35,39,635,2,0,480.0,18,231,25,0.436,1.222,0.96,0.276,GSW,1610612744,Golden State Warriors,32.8,838,2
10,2.08,2.71,26,622,2,0,480.0,36,211,46,0.346,0.972,0.717,0.251,HOU,1610612745,Houston Rockets,38.0,842,2
11,2.26,2.86,82,1204,4,0,960.0,63,402,78,0.317,0.889,0.808,0.245,IND,1610612754,Indiana Pacers,78.1,1638,4
12,2.17,2.69,40,588,2,0,480.0,35,210,39,0.15,0.829,0.692,0.264,LAC,1610612746,Los Angeles Clippers,35.6,795,2
13,2.14,3.07,45,549,2,2,480.0,36,174,43,0.244,0.667,0.535,0.228,LAL,1610612747,Los Angeles Lakers,39.1,763,0
14,2.17,2.71,42,621,2,0,480.0,38,208,46,0.524,0.842,0.652,0.259,MEM,1610612763,Memphis Grizzlies,36.2,803,2
15,1.99,2.61,75,978,3,0,720.0,55,306,58,0.28,0.818,0.828,0.231,MIA,1610612748,Miami Heat,57.6,1323,3
16,2.27,2.77,76,891,3,0,720.0,43,311,57,0.237,0.767,0.561,0.254,MIL,1610612749,Milwaukee Bucks,56.5,1224,3
17,2.4,2.95,34,565,2,0,505.0,14,210,21,0.647,0.929,0.857,0.263,MIN,1610612750,Minnesota Timberwolves,39.3,798,2
18,2.5,3.02,37,560,2,1,480.0,30,196,32,0.135,0.933,0.75,0.257,NOP,1610612740,New Orleans Pelicans,38.3,762,1
19,2.06,2.73,30,578,2,1,480.0,24,197,36,0.0,0.542,0.417,0.251,OKC,1610612760,Oklahoma City Thunder,35.7,785,1
20,2.38,2.75,53,1150,4,2,960.0,51,371,75,0.415,0.843,0.693,0.233,ORL,1610612753,Orlando Magic,73.0,1592,2
21,1.93,2.48,61,1406,4,3,960.0,62,362,76,0.131,0.694,0.671,0.196,PHI,1610612755,Philadelphia 76ers,76.5,1847,1
22,2.19,2.75,38,547,2,0,480.0,14,201,23,0.368,0.429,0.522,0.266,PHX,1610612756,Phoenix Suns,34.8,757,2
23,2.28,2.83,38,592,2,0,480.0,28,204,35,0.395,0.643,0.571,0.254,POR,1610612757,Portland Trail Blazers,37.8,803,2
24,2.22,2.86,46,596,2,0,505.0,27,259,34,0.261,0.741,0.647,0.303,SAC,1610612758,Sacramento Kings,40.8,854,2
25,1.99,2.45,47,744,2,1,505.0,39,209,56,0.213,0.744,0.661,0.22,SAS,1610612759,San Antonio Spurs,38.9,951,1
26,2.36,2.88,38,1147,4,1,985.0,52,417,74,0.289,0.865,0.797,0.259,TOR,1610612761,Toronto Raptors,77.2,1608,3
27,1.78,2.45,47,730,2,0,480.0,28,189,32,0.277,0.786,0.813,0.198,UTA,1610612762,Utah Jazz,39.1,955,2
28,2.1,2.72,102,1259,4,0,960.0,82,402,95,0.284,1.049,0.926,0.236,WAS,1610612764,Washington Wizards,77.1,1701,4
