,AVG_DRIB_PER_TOUCH,AVG_SEC_PER_TOUCH,ELBOW_TOUCHES,FRONT_CT_TOUCHES,GP,L,MIN,PAINT_TOUCHES,POINTS,POST_TOUCHES,PTS_PER_ELBOW_TOUCH,PTS_PER_PAINT_TOUCH,PTS_PER_POST_TOUCH,PTS_PER_TOUCH,TEAM_ABBREVIATION,TEAM_ID,TEAM_NAME,TIME_OF_POSS,TOUCHES,W
0,2.06,2.34,70,1351,4,1,960.0,60,376,73,0.214,0.583,0.548,0.218,ATL,1610612737,Atlanta Hawks,67.2,1727,3
1,2.14,2.6,68,1232,4,2,960.0,69,397,77,0.206,0.957,0.974,0.237,BOS,1610612738,Boston Celtics,72.4,1672,2
2,2.39,2.92,77,892,3,0,720.0,54,305,69,0.351,0.889,0.754,0.251,BKN,1610612751,Brooklyn Nets,59.1,1216,3
3,2.4,2.79,62,1255,4,2,960.0,41,390,54,0.258,0.707,0.833,0.227,CHA,1610612766,Charlotte Hornets,79.7,1715,2
4,2.08,2.68,72,1352,4,2,960.0,84,413,109,0.306,0.833,0.789,0.23,CHI,1610612741,Chicago Bulls,80.0,1795,2
5,2.35,2.9,26,901,3,0,720.0,46,327,61,0.385,0.783,0.656,0.268,CLE,1610612739,Cleveland Cavaliers,59.1,1221,3
6,2.24,2.72,37,615,2,0,480.0,30,215,39,0.162,0.833,0.795,0.245,DAL,1610612742,Dallas Mavericks,39.8,877,2
7,2.46,2.91,31,561,2,0,480.0,42,212,49,0.258,0.952,0.837,0.27,DEN,1610612743,Denver Nuggets,38.0,784,2
8,2.89,3.14,44,1063,4,1,960.0,55,441,71,0.227,1.127,0.93,0.285,DET,1610612765,Detroit Pistons,80.9,1545,3
9,1.92,2.49,32,652,2,0,480.0,31,209,43,0.313,0.742,0.744,0.243,GSW,1610612744,Golden State Warriors,35.7,860,2
10,2.09,2.62,21,633,2,1,480.0,43,220,53,0.286,1.093,1.019,0.253,HOU,1610612745,Houston Rockets,37.9,870,1
11,2.19,2.74,59,1008,3,0,720.0,42,322,54,0.169,1.071,0.907,0.237,IND,1610612754,Indiana Pacers,61.9,1356,3
12,2.06,2.67,65,620,2,0,480.0,26,228,30,0.262,1.192,1.2,0.27,LAC,1610612746,Los Angeles Clippers,37.6,846,2
13,2.4,3.23,56,615,2,1,505.0,34,198,40,0.214,0.824,0.75,0.232,LAL,1610612747,Los Angeles Lakers,46.0,854,1
14,2.28,2.82,58,653,2,0,480.0,36,209,44,0.138,0.944,0.795,0.238,MEM,1610612763,Memphis Grizzlies,41.3,877,2
15,2.55,3.09,68,1233,4,1,985.0,55,393,72,0.25,1.036,1.0,0.231,MIA,1610612748,Miami Heat,87.7,1704,3
16,2.21,2.68,108,1221,4,2,960.0,77,387,95,0.065,0.623,0.684,0.233,MIL,1610612749,Milwaukee Bucks,74.0,1658,2
17,2.12,2.72,47,613,2,2,505.0,30,187,41,0.17,1.1,1.049,0.218,MIN,1610612750,Minnesota Timberwolves,39.0,859,0
18,2.5,3.03,38,556,2,1,480.0,36,185,41,0.342,1.028,0.951,0.238,NOP,1610612740,New Orleans Pelicans,39.2,777,1
19,1.86,2.51,139,1465,4,2,960.0,53,371,59,0.338,0.491,0.746,0.189,NYK,1610612752,New York Knicks,81.9,1960,2
20,2.25,2.83,28,584,2,0,480.0,29,231,38,0.357,1.034,0.763,0.288,OKC,1610612760,Oklahoma City Thunder,37.8,803,2
21,1.98,2.54,35,997,3,2,720.0,42,283,47,0.6,0.786,0.702,0.21,PHI,1610612755,Philadelphia 76ers,57.0,1346,1
22,2.29,2.71,30,607,2,1,480.0,22,195,29,0.267,0.636,0.621,0.236,PHX,1610612756,Phoenix Suns,37.3,826,1
23,2.52,3.04,31,570,2,1,480.0,13,207,19,0.419,0.769,0.947,0.262,POR,1610612757,Portland Trail Blazers,40.0,790,1
24,2.3,2.9,33,581,2,2,480.0,35,210,42,0.303,0.771,0.857,0.265,SAC,1610612758,Sacramento Kings,38.3,793,0
25,1.86,2.39,28,732,2,0,480.0,53,213,74,0.25,0.679,0.662,0.224,SAS,1610612759,San Antonio Spurs,37.9,950,2
26,2.59,3.12,44,1174,4,0,960.0,51,408,58,0.341,0.667,0.655,0.258,TOR,1610612761,Toronto Raptors,82.4,1584,4
27,1.86,2.48,50,775,2,1,480.0,29,194,39,0.14,1.241,1.333,0.196,UTA,1610612762,Utah Jazz,41.0,992,1
28,2.17,2.86,76,1234,4,0,960.0,67,390,80,0.211,0.836,0.8,0.235,WAS,1610612764,Washington Wizards,79.4,1663,4
