,AVG_DRIB_PER_TOUCH,AVG_SEC_PER_TOUCH,ELBOW_TOUCHES,FRONT_CT_TOUCHES,GP,L,MIN,PAINT_TOUCHES,POINTS,POST_TOUCHES,PTS_PER_ELBOW_TOUCH,PTS_PER_PAINT_TOUCH,PTS_PER_POST_TOUCH,PTS_PER_TOUCH,TEAM_ABBREVIATION,TEAM_ID,TEAM_NAME,TIME_OF_POSS,TOUCHES,W
0,1.92,2.45,44,1063,3,2,720.0,40,285,55,0.091,0.875,0.673,0.201,BOS,1610612738,Boston Celtics,57.8,1417,1
1,2.38,2.86,91,1221,4,4,960.0,63,387,71,0.22,1.063,0.901,0.238,BKN,1610612751,Brooklyn Nets,77.7,1627,0
2,2.29,2.77,65,1373,4,2,1010.0,53,392,66,0.246,0.906,0.955,0.214,CHA,1610612766,Charlotte Hornets,84.7,1833,2
3,2.24,2.83,53,920,3,2,720.0,42,276,54,0.377,0.714,0.63,0.223,CHI,1610612741,Chicago Bulls,58.4,1238,1
4,2.0,2.65,50,1265,4,3,960.0,54,423,72,0.22,0.87,0.847,0.242,CLE,1610612739,Cleveland Cavaliers,77.1,1747,1
5,2.19,2.58,32,609,2,2,480.0,23,189,26,0.219,1.043,1.077,0.217,DAL,1610612742,Dallas Mavericks,37.4,870,0
6,2.44,2.88,24,613,2,1,480.0,22,199,29,0.083,1.409,1.138,0.247,DEN,1610612743,Denver Nuggets,38.7,807,1
7,2.5,2.91,54,1168,4,3,960.0,47,379,56,0.315,0.894,0.732,0.236,DET,1610612765,Detroit Pistons,77.9,1607,1
8,1.56,2.24,32,707,2,1,480.0,23,230,38,0.313,0.696,0.579,0.246,GSW,1610612744,Golden State Warriors,34.9,936,1
9,2.03,2.55,28,686,2,2,480.0,27,193,40,0.143,1.111,0.9,0.214,HOU,1610612745,Houston Rockets,38.3,901,0
10,2.04,2.65,74,1067,3,3,720.0,39,275,58,0.284,0.897,0.741,0.194,IND,1610612754,Indiana Pacers,62.5,1415,0
11,2.14,2.65,41,571,2,2,480.0,20,202,23,0.317,0.95,0.826,0.25,LAC,1610612746,Los Angeles Clippers,35.8,809,0
12,2.38,3.07,36,558,2,1,480.0,38,200,43,0.583,0.579,0.488,0.252,LAL,1610612747,Los Angeles Lakers,40.6,795,1
13,2.13,2.72,38,661,2,1,480.0,47,180,57,0.105,0.574,0.509,0.207,MEM,1610612763,Memphis Grizzlies,39.3,868,1
14,2.0,2.58,94,1375,4,4,960.0,42,382,62,0.255,1.024,0.887,0.207,MIA,1610612748,Miami Heat,79.3,1841,0
15,2.18,2.67,88,1206,4,3,960.0,57,366,74,0.193,0.737,0.635,0.223,MIL,1610612749,Milwaukee Bucks,73.2,1643,1
16,2.29,2.9,51,629,2,2,480.0,48,205,70,0.333,0.938,0.743,0.245,MIN,1610612750,Minnesota Timberwolves,40.4,837,0
17,2.53,3.01,44,592,2,1,480.0,30,206,42,0.227,1.0,1.048,0.256,NOP,1610612740,New Orleans Pelicans,40.4,804,1
18,1.66,2.42,112,1124,3,2,720.0,32,293,30,0.357,0.563,0.933,0.201,NYK,1610612752,New York Knicks,58.9,1461,1
19,2.36,2.86,32,554,2,1,480.0,41,216,45,0.5,0.976,0.889,0.283,OKC,1610612760,Oklahoma City Thunder,36.5,764,1
20,2.35,3.01,54,1206,4,3,960.0,57,352,79,0.389,0.877,0.734,0.215,ORL,1610612753,Orlando Magic,82.2,1641,1
21,2.1,2.66,57,1290,4,3,960.0,42,343,48,0.14,0.571,0.5,0.202,PHI,1610612755,Philadelphia 76ers,75.4,1697,1
22,2.05,2.66,51,662,2,2,480.0,27,156,33,0.118,0.593,0.545,0.175,PHX,1610612756,Phoenix Suns,39.4,890,0
23,2.34,2.86,23,592,2,2,480.0,22,206,29,0.348,0.727,0.621,0.25,POR,1610612757,Portland Trail Blazers,39.2,824,0
24,2.21,2.64,25,601,2,2,480.0,33,208,53,0.24,0.758,0.736,0.25,SAC,1610612758,Sacramento Kings,36.6,831,0
25,2.02,2.48,31,712,2,0,480.0,30,208,40,0.161,1.133,0.925,0.223,SAS,1610612759,San Antonio Spurs,38.7,934,2
26,2.46,2.92,41,1203,4,1,960.0,49,429,58,0.293,0.816,0.724,0.258,TOR,1610612761,Toronto Raptors,81.0,1664,3
27,1.75,2.4,47,762,2,2,480.0,31,189,37,0.17,1.032,0.919,0.198,UTA,1610612762,Utah Jazz,38.1,954,0
28,2.12,2.69,69,1232,4,3,960.0,66,395,88,0.101,0.864,0.795,0.232,WAS,1610612764,Washington Wizards,76.4,1705,1
