,AVG_DRIB_PER_TOUCH,AVG_SEC_PER_TOUCH,ELBOW_TOUCHES,FRONT_CT_TOUCHES,GP,L,MIN,PAINT_TOUCHES,POINTS,POST_TOUCHES,PTS_PER_ELBOW_TOUCH,PTS_PER_PAINT_TOUCH,PTS_PER_POST_TOUCH,PTS_PER_TOUCH,TEAM_ABBREVIATION,TEAM_ID,TEAM_NAME,TIME_OF_POSS,TOUCHES,W
0,2.01,2.54,1378,27843,82,22,19730.0,1167,8409,1413,0.304,0.817,0.753,0.232,ATL,1610612737,Atlanta Hawks,1533.0,36284,60
1,2.08,2.58,1406,26262,82,42,19880.0,1203,8312,1471,0.301,0.899,0.812,0.234,BOS,1610612738,Boston Celtics,1529.4,35595,40
2,2.5,2.99,1599,23406,82,44,19930.0,1348,8038,1682,0.306,0.872,0.784,0.249,BKN,1610612751,Brooklyn Nets,1612.5,32305,38
3,2.27,2.74,1070,26421,82,49,19905.0,817,7721,1239,0.323,0.857,0.771,0.216,CHA,1610612766,Charlotte Hornets,1632.8,35763,33
4,2.21,2.79,1455,26163,82,32,19880.0,1318,8265,1713,0.274,0.787,0.701,0.236,CHI,1610612741,Chicago Bulls,1629.0,35028,50
5,2.29,2.87,937,24071,81,28,19540.0,1235,8366,1521,0.238,0.882,0.832,0.25,CLE,1610612739,Cleveland Cavaliers,1598.7,33421,53
6,2.11,2.6,1464,24956,82,32,19880.0,937,8628,1117,0.303,1.002,0.915,0.243,DAL,1610612742,Dallas Mavericks,1538.1,35561,50
7,2.45,2.92,1177,23080,82,52,19880.0,1315,8320,1582,0.28,0.834,0.759,0.262,DEN,1610612743,Denver Nuggets,1543.4,31704,30
8,2.51,2.93,1228,23532,82,50,19830.0,1011,8077,1320,0.274,0.864,0.75,0.243,DET,1610612765,Detroit Pistons,1617.5,33176,32
9,1.81,2.41,1425,26952,82,15,19730.0,1147,9016,1437,0.347,0.956,0.874,0.251,GSW,1610612744,Golden State Warriors,1441.8,35956,67
10,2.07,2.66,794,24647,81,26,19565.0,1198,8409,1573,0.238,0.85,0.779,0.245,HOU,1610612745,Houston Rockets,1518.5,34272,55
11,2.21,2.79,1764,26603,82,44,19855.0,1268,7981,1650,0.281,0.838,0.739,0.223,IND,1610612754,Indiana Pacers,1662.2,35775,38
12,2.19,2.7,1752,24712,82,26,19730.0,1050,8751,1214,0.261,0.936,0.867,0.257,LAC,1610612746,Los Angeles Clippers,1531.6,33990,56
13,2.32,3.08,1770,23371,82,61,19930.0,1224,8073,1451,0.282,0.859,0.817,0.249,LAL,1610612747,Los Angeles Lakers,1668.5,32453,21
14,2.22,2.77,2159,26385,82,27,19905.0,1604,8062,1961,0.256,0.814,0.76,0.229,MEM,1610612763,Memphis Grizzlies,1623.3,35142,55
15,2.28,2.82,1750,24874,81,45,19490.0,1094,7663,1329,0.281,0.899,0.827,0.223,MIA,1610612748,Miami Heat,1613.6,34354,36
16,2.31,2.73,1877,24270,81,41,19690.0,1296,7928,1557,0.222,0.78,0.752,0.239,MIL,1610612749,Milwaukee Bucks,1505.0,33138,40
17,2.32,2.89,1665,23411,81,65,19565.0,1262,7915,1668,0.323,0.886,0.797,0.242,MIN,1610612750,Minnesota Timberwolves,1573.9,32676,16
18,2.63,3.14,1526,22756,82,37,19780.0,1149,8147,1347,0.32,0.926,0.893,0.255,NOP,1610612740,New Orleans Pelicans,1668.2,31924,45
19,1.75,2.48,2554,29431,81,64,19615.0,1133,7456,1283,0.287,0.7,0.67,0.191,NYK,1610612752,New York Knicks,1608.1,38979,17
20,2.22,2.84,1380,23816,82,37,19830.0,1093,8524,1283,0.269,0.84,0.776,0.258,OKC,1610612760,Oklahoma City Thunder,1562.1,32993,45
21,2.48,2.85,1080,24163,82,57,19755.0,1041,7847,1323,0.361,0.908,0.79,0.237,ORL,1610612753,Orlando Magic,1567.9,33047,25
22,1.96,2.53,1243,27823,82,64,19805.0,1008,7542,1310,0.219,0.719,0.645,0.203,PHI,1610612755,Philadelphia 76ers,1561.4,37089,18
23,2.22,2.73,1363,24513,82,43,19880.0,942,8397,1209,0.282,0.845,0.768,0.248,PHX,1610612756,Phoenix Suns,1541.0,33864,39
24,2.39,2.9,1561,24447,82,31,19855.0,894,8429,1107,0.322,0.824,0.79,0.251,POR,1610612757,Portland Trail Blazers,1623.9,33592,51
25,2.3,2.89,1625,24249,82,53,19855.0,1123,8310,1511,0.255,0.834,0.764,0.247,SAC,1610612758,Sacramento Kings,1617.8,33579,29
26,2.11,2.52,1575,29039,82,27,19955.0,1522,8461,1976,0.246,0.909,0.817,0.221,SAS,1610612759,San Antonio Spurs,1608.3,38243,55
27,2.5,3.0,829,23782,82,33,19855.0,1039,8527,1236,0.358,0.927,0.883,0.26,TOR,1610612761,Toronto Raptors,1642.0,32840,49
28,1.85,2.46,2036,31077,82,44,19705.0,1185,7801,1434,0.194,0.857,0.832,0.197,UTA,1610612762,Utah Jazz,1622.7,39524,38
29,2.13,2.73,1673,25249,82,36,19955.0,1351,8080,1684,0.255,0.852,0.809,0.233,WAS,1610612764,Washington Wizards,1574.4,34624,46
