,AVG_DRIB_PER_TOUCH,AVG_SEC_PER_TOUCH,ELBOW_TOUCHES,FRONT_CT_TOUCHES,GP,L,MIN,PAINT_TOUCHES,POINTS,POST_TOUCHES,PTS_PER_ELBOW_TOUCH,PTS_PER_PAINT_TOUCH,PTS_PER_POST_TOUCH,PTS_PER_TOUCH,TEAM_ABBREVIATION,TEAM_ID,TEAM_NAME,TIME_OF_POSS,TOUCHES,W
0,2.1,2.56,58,1304,4,0,960.0,51,418,66,0.448,1.098,1.061,0.24,ATL,1610612737,Atlanta Hawks,74.4,1742,4
1,2.04,2.55,56,1231,4,3,960.0,66,345,74,0.304,0.697,0.73,0.208,BOS,1610612738,Boston Celtics,70.6,1660,1
2,2.31,2.87,71,1160,4,4,960.0,82,356,103,0.169,0.805,0.709,0.228,BKN,1610612751,Brooklyn Nets,74.5,1560,0
3,2.07,2.6,38,1327,4,2,960.0,61,367,86,0.211,0.984,0.791,0.204,CHA,1610612766,Charlotte Hornets,77.9,1801,2
4,2.17,2.77,53,897,3,1,720.0,49,266,70,0.321,0.592,0.514,0.217,CHI,1610612741,Chicago Bulls,56.6,1226,2
5,2.42,2.93,20,829,3,1,720.0,48,319,60,0.4,1.042,0.933,0.273,CLE,1610612739,Cleveland Cavaliers,57.0,1169,2
6,1.92,2.49,32,592,2,1,480.0,32,189,34,0.125,0.844,0.882,0.223,DAL,1610612742,Dallas Mavericks,35.3,849,1
7,2.46,3.02,21,540,2,1,480.0,32,193,40,0.19,1.094,0.925,0.269,DEN,1610612743,Denver Nuggets,36.1,717,1
8,2.46,2.84,45,830,3,1,720.0,41,309,49,0.244,1.024,0.98,0.264,DET,1610612765,Detroit Pistons,55.4,1172,2
9,1.78,2.42,31,626,2,0,480.0,22,218,32,0.419,1.045,0.844,0.256,GSW,1610612744,Golden State Warriors,34.3,853,2
10,1.98,2.67,18,624,2,0,480.0,38,223,53,0.0,0.816,0.792,0.266,HOU,1610612745,Houston Rockets,37.3,839,2
11,2.09,2.71,89,1353,4,1,960.0,75,386,101,0.247,0.8,0.653,0.216,IND,1610612754,Indiana Pacers,80.8,1790,3
12,1.87,2.4,61,695,2,1,480.0,37,200,39,0.213,0.838,0.821,0.22,LAC,1610612746,Los Angeles Clippers,36.4,909,1
13,2.2,2.96,39,546,2,2,480.0,48,169,53,0.333,0.542,0.642,0.219,LAL,1610612747,Los Angeles Lakers,38.1,771,0
14,2.05,2.71,53,647,2,0,480.0,38,206,49,0.208,0.842,0.837,0.239,MEM,1610612763,Memphis Grizzlies,39.0,863,2
15,2.35,2.75,97,1197,4,0,960.0,61,398,85,0.206,0.967,0.953,0.249,MIL,1610612749,Milwaukee Bucks,73.3,1598,4
16,2.37,2.86,44,538,2,1,480.0,32,194,42,0.568,0.969,0.833,0.252,MIN,1610612750,Minnesota Timberwolves,36.8,771,1
17,2.7,3.15,36,556,2,0,480.0,36,209,45,0.333,0.861,0.911,0.27,NOP,1610612740,New Orleans Pelicans,40.7,775,2
18,1.69,2.45,90,1097,3,3,720.0,32,261,53,0.2,1.063,0.679,0.183,NYK,1610612752,New York Knicks,58.3,1430,0
19,2.24,2.8,40,586,2,0,480.0,33,187,38,0.25,0.788,0.737,0.235,OKC,1610612760,Oklahoma City Thunder,37.1,795,2
20,2.43,2.77,52,1190,4,3,985.0,42,377,61,0.231,0.929,0.82,0.237,ORL,1610612753,Orlando Magic,73.5,1593,1
21,1.81,2.46,50,1386,4,3,960.0,70,396,88,0.3,0.843,0.773,0.215,PHI,1610612755,Philadelphia 76ers,75.7,1845,1
22,1.96,2.48,30,652,2,2,480.0,29,195,40,0.133,0.483,0.7,0.224,PHX,1610612756,Phoenix Suns,35.9,869,0
23,2.35,2.86,25,567,2,1,480.0,23,203,32,0.32,0.696,0.563,0.257,POR,1610612757,Portland Trail Blazers,37.7,791,1
24,2.25,2.79,32,654,2,2,505.0,50,192,61,0.438,0.7,0.656,0.219,SAC,1610612758,Sacramento Kings,40.8,878,0
25,2.2,2.47,38,718,2,0,480.0,55,193,65,0.211,0.582,0.462,0.207,SAS,1610612759,San Antonio Spurs,38.3,933,2
26,2.35,2.86,30,916,3,1,720.0,47,311,53,0.2,0.447,0.491,0.248,TOR,1610612761,Toronto Raptors,59.9,1256,2
27,1.77,2.32,50,838,2,1,480.0,30,200,42,0.18,0.767,0.738,0.19,UTA,1610612762,Utah Jazz,40.7,1055,1
28,1.98,2.67,93,1267,4,1,960.0,78,406,91,0.301,0.936,0.956,0.237,WAS,1610612764,Washington Wizards,76.3,1716,3
