,AVG_DRIB_PER_TOUCH,AVG_SEC_PER_TOUCH,ELBOW_TOUCHES,FRONT_CT_TOUCHES,GP,L,MIN,PAINT_TOUCHES,POINTS,POST_TOUCHES,PTS_PER_ELBOW_TOUCH,PTS_PER_PAINT_TOUCH,PTS_PER_POST_TOUCH,PTS_PER_TOUCH,TEAM_ABBREVIATION,TEAM_ID,TEAM_NAME,TIME_OF_POSS,TOUCHES,W
0,2.02,2.54,68,1423,4,2,985.0,72,405,86,0.265,0.667,0.674,0.222,ATL,1610612737,Atlanta Hawks,77.3,1827,2
1,1.93,2.55,49,1303,4,2,960.0,38,425,46,0.143,1.263,1.043,0.242,BOS,1610612738,Boston Celtics,74.6,1755,2
2,2.41,2.82,85,1222,4,4,960.0,62,357,72,0.353,1.032,0.833,0.217,BKN,1610612751,Brooklyn Nets,77.3,1642,0
3,2.14,2.64,61,1394,4,1,985.0,58,442,77,0.361,0.81,0.805,0.236,CHA,1610612766,Charlotte Hornets,82.4,1870,3
4,1.75,2.46,42,1062,3,2,720.0,50,270,69,0.143,0.84,0.725,0.193,CHI,1610612741,Chicago Bulls,57.5,1402,1
5,2.02,2.71,53,1285,4,0,960.0,66,441,72,0.151,0.985,0.806,0.249,CLE,1610612739,Cleveland Cavaliers,80.0,1772,4
6,2.02,2.61,45,710,2,1,505.0,33,225,41,0.244,0.636,0.732,0.23,DAL,1610612742,Dallas Mavericks,42.5,978,1
7,2.36,2.85,23,605,2,2,480.0,28,184,39,0.261,0.929,0.769,0.225,DEN,1610612743,Denver Nuggets,38.8,818,0
8,2.43,3.06,40,807,3,0,720.0,48,341,64,0.25,1.167,1.063,0.288,DET,1610612765,Detroit Pistons,60.3,1182,3
9,1.79,2.38,28,666,2,0,480.0,35,249,42,0.143,0.886,0.905,0.272,GSW,1610612744,Golden State Warriors,36.4,915,2
10,2.09,2.79,17,598,2,1,505.0,28,220,32,0.0,1.357,1.125,0.262,HOU,1610612745,Houston Rockets,39.1,840,1
11,2.07,2.8,83,1218,4,1,960.0,58,391,72,0.301,1.0,0.847,0.231,IND,1610612754,Indiana Pacers,79.1,1695,3
12,2.11,2.77,39,609,2,0,480.0,17,210,18,0.59,1.0,0.944,0.24,LAC,1610612746,Los Angeles Clippers,40.4,875,2
13,2.14,3.03,19,591,2,1,480.0,34,206,48,0.842,0.824,0.583,0.248,LAL,1610612747,Los Angeles Lakers,42.0,832,1
14,2.26,2.88,40,625,2,1,505.0,30,215,36,0.35,1.0,0.944,0.251,MEM,1610612763,Memphis Grizzlies,41.1,856,1
15,2.41,2.93,80,1236,4,1,960.0,62,443,86,0.463,1.032,0.767,0.26,MIA,1610612748,Miami Heat,83.3,1707,3
16,2.04,2.82,95,1156,4,2,960.0,64,408,81,0.316,1.219,1.148,0.252,MIL,1610612749,Milwaukee Bucks,76.1,1621,2
17,2.43,3.07,37,578,2,2,505.0,21,194,23,0.432,0.857,0.826,0.244,MIN,1610612750,Minnesota Timberwolves,40.7,795,0
18,1.95,2.52,25,615,2,2,480.0,21,183,30,0.2,1.0,0.7,0.215,NOP,1610612740,New Orleans Pelicans,35.7,850,0
19,1.9,2.64,62,1000,3,2,720.0,40,298,50,0.177,1.25,1.22,0.224,NYK,1610612752,New York Knicks,58.5,1332,1
20,2.64,3.09,29,576,2,0,530.0,31,256,32,0.379,1.032,1.125,0.305,OKC,1610612760,Oklahoma City Thunder,43.2,839,2
21,2.28,2.77,49,1311,4,3,960.0,55,424,65,0.551,1.2,1.092,0.237,PHI,1610612755,Philadelphia 76ers,82.5,1787,1
22,2.45,3.0,26,547,2,0,480.0,32,209,39,0.231,1.25,1.205,0.265,PHX,1610612756,Phoenix Suns,39.3,788,2
23,2.12,2.73,32,625,2,1,480.0,22,215,27,0.125,0.591,0.741,0.251,POR,1610612757,Portland Trail Blazers,38.9,857,1
24,2.16,2.68,23,619,2,1,480.0,35,197,43,0.087,1.057,1.047,0.227,SAC,1610612758,Sacramento Kings,38.8,867,1
25,2.15,2.69,43,643,2,0,480.0,33,205,40,0.465,0.848,0.725,0.244,SAS,1610612759,San Antonio Spurs,37.6,839,2
26,2.39,2.92,44,667,2,1,480.0,26,192,32,0.364,0.885,0.656,0.215,TOR,1610612761,Toronto Raptors,43.6,894,1
27,1.98,2.47,46,712,2,2,480.0,26,187,35,0.13,0.654,0.6,0.2,UTA,1610612762,Utah Jazz,38.5,936,0
28,1.83,2.55,33,1244,4,0,960.0,55,404,66,0.182,0.836,0.803,0.236,WAS,1610612764,Washington Wizards,72.6,1709,4
