,AVG_DRIB_PER_TOUCH,AVG_SEC_PER_TOUCH,ELBOW_TOUCHES,FRONT_CT_TOUCHES,GP,L,MIN,PAINT_TOUCHES,POINTS,POST_TOUCHES,PTS_PER_ELBOW_TOUCH,PTS_PER_PAINT_TOUCH,PTS_PER_POST_TOUCH,PTS_PER_TOUCH,TEAM_ABBREVIATION,TEAM_ID,TEAM_NAME,TIME_OF_POSS,TOUCHES,W
0,1.97,2.49,77,1404,4,1,960.0,71,441,92,0.26,0.873,0.837,0.238,ATL,1610612737,Atlanta Hawks,76.8,1855,3
1,2.34,2.82,91,1330,4,2,960.0,60,400,70,0.33,0.733,0.629,0.223,BKN,1610612751,Brooklyn Nets,84.4,1794,2
2,2.24,2.71,42,978,3,2,720.0,27,296,40,0.381,1.037,0.6,0.22,CHA,1610612766,Charlotte Hornets,60.7,1345,1
3,2.1,2.74,71,964,3,2,720.0,44,302,60,0.282,0.705,0.683,0.231,CHI,1610612741,Chicago Bulls,59.6,1307,1
4,2.41,2.99,61,896,3,1,720.0,36,312,43,0.23,0.917,0.93,0.247,CLE,1610612739,Cleveland Cavaliers,62.8,1261,2
5,2.02,2.56,59,741,2,0,505.0,22,224,32,0.271,0.955,0.719,0.219,DAL,1610612742,Dallas Mavericks,43.8,1024,2
6,2.24,2.85,30,587,2,2,480.0,27,204,36,0.3,0.741,0.722,0.243,DEN,1610612743,Denver Nuggets,39.8,838,0
7,2.54,2.97,64,1077,4,2,960.0,43,406,59,0.156,0.953,0.797,0.259,DET,1610612765,Detroit Pistons,77.4,1566,2
8,1.85,2.45,44,727,2,1,530.0,39,230,45,0.182,0.846,0.733,0.231,GSW,1610612744,Golden State Warriors,40.7,996,1
9,1.91,2.62,38,610,2,1,480.0,32,197,28,0.211,0.438,0.5,0.232,HOU,1610612745,Houston Rockets,37.1,849,1
10,2.04,2.8,85,1305,4,1,960.0,49,399,63,0.247,0.837,0.81,0.225,IND,1610612754,Indiana Pacers,82.8,1777,3
11,2.43,3.03,41,584,2,1,505.0,22,248,18,0.293,1.318,1.056,0.298,LAC,1610612746,Los Angeles Clippers,42.1,833,1
12,2.19,3.05,35,571,2,1,480.0,29,212,34,0.229,1.069,1.029,0.259,LAL,1610612747,Los Angeles Lakers,41.5,817,1
13,1.94,2.7,55,651,2,1,480.0,24,197,34,0.164,0.917,0.735,0.224,MEM,1610612763,Memphis Grizzlies,39.5,878,1
14,2.39,2.82,74,942,3,3,720.0,44,272,52,0.378,0.795,0.769,0.205,MIA,1610612748,Miami Heat,62.5,1328,0
15,2.04,2.77,110,1220,4,3,960.0,67,411,80,0.236,0.866,0.738,0.242,MIL,1610612749,Milwaukee Bucks,78.5,1698,1
16,2.44,3.07,49,570,2,1,480.0,25,223,38,0.469,1.12,0.763,0.273,MIN,1610612750,Minnesota Timberwolves,41.8,816,1
17,2.21,2.65,39,621,2,2,480.0,24,190,27,0.256,0.917,1.0,0.219,NOP,1610612740,New Orleans Pelicans,38.3,867,0
18,1.7,2.58,102,1455,4,3,960.0,47,404,66,0.382,0.617,0.742,0.209,NYK,1610612752,New York Knicks,83.3,1937,1
19,2.53,2.98,43,597,2,1,480.0,18,215,21,0.279,1.0,0.952,0.257,OKC,1610612760,Oklahoma City Thunder,41.5,836,1
20,2.19,2.72,71,1325,4,2,960.0,51,419,77,0.197,0.98,0.818,0.236,ORL,1610612753,Orlando Magic,80.3,1772,2
21,2.03,2.57,75,1436,4,4,960.0,56,372,66,0.28,0.589,0.667,0.193,PHI,1610612755,Philadelphia 76ers,82.6,1928,0
22,2.21,2.64,31,600,2,2,480.0,26,202,32,0.194,1.077,0.813,0.239,PHX,1610612756,Phoenix Suns,37.2,845,0
23,2.43,2.9,26,569,2,1,480.0,23,209,28,0.115,0.783,0.679,0.256,POR,1610612757,Portland Trail Blazers,39.5,815,1
24,1.89,2.45,18,322,1,1,240.0,19,119,19,0.667,0.737,0.737,0.262,SAC,1610612758,Sacramento Kings,18.6,455,0
25,2.03,2.61,51,730,2,0,480.0,31,203,39,0.176,0.742,0.846,0.209,SAS,1610612759,San Antonio Spurs,42.2,970,2
26,2.51,2.97,63,1341,4,1,960.0,43,412,44,0.127,0.884,1.0,0.23,TOR,1610612761,Toronto Raptors,88.7,1789,3
27,2.1,2.81,48,735,2,1,480.0,25,206,31,0.188,0.72,0.581,0.215,UTA,1610612762,Utah Jazz,44.7,956,1
28,1.78,2.35,58,1263,4,4,960.0,59,384,62,0.241,0.729,0.71,0.214,WAS,1610612764,Washington Wizards,70.2,1792,0
