,AVG_DRIB_PER_TOUCH,AVG_SEC_PER_TOUCH,ELBOW_TOUCHES,FRONT_CT_TOUCHES,GP,L,MIN,PAINT_TOUCHES,POINTS,POST_TOUCHES,PTS_PER_ELBOW_TOUCH,PTS_PER_PAINT_TOUCH,PTS_PER_POST_TOUCH,PTS_PER_TOUCH,TEAM_ABBREVIATION,TEAM_ID,TEAM_NAME,TIME_OF_POSS,TOUCHES,W
0,1.89,2.47,51,1358,4,3,960.0,60,411,77,0.255,0.8,0.818,0.224,BOS,1610612738,Boston Celtics,75.3,1832,1
1,2.33,2.86,67,959,3,2,720.0,56,263,62,0.254,0.625,0.629,0.211,BKN,1610612751,Brooklyn Nets,59.5,1249,1
2,2.17,2.69,43,1372,4,3,960.0,44,369,58,0.093,0.75,0.586,0.203,CHA,1610612766,Charlotte Hornets,81.5,1820,1
3,2.04,2.7,49,1255,4,4,960.0,46,383,67,0.388,0.891,0.806,0.224,CHI,1610612741,Chicago Bulls,76.9,1711,0
4,2.39,2.99,41,923,3,0,745.0,47,328,55,0.22,0.851,0.873,0.253,CLE,1610612739,Cleveland Cavaliers,64.6,1298,3
5,2.25,2.63,21,652,2,2,480.0,20,192,30,0.333,1.2,1.133,0.21,DAL,1610612742,Dallas Mavericks,40.1,915,0
6,2.5,2.98,31,555,2,2,480.0,21,203,26,0.452,1.429,1.154,0.259,DEN,1610612743,Denver Nuggets,39.0,783,0
7,2.44,2.96,45,1088,4,3,960.0,47,415,62,0.111,1.0,0.79,0.259,DET,1610612765,Detroit Pistons,79.1,1605,1
8,1.79,2.4,39,751,2,0,505.0,40,211,52,0.154,0.8,0.615,0.214,GSW,1610612744,Golden State Warriors,39.5,986,2
9,2.09,2.83,22,533,2,2,480.0,33,212,35,0.409,1.061,0.971,0.272,HOU,1610612745,Houston Rockets,36.8,778,0
10,2.15,2.86,78,1254,4,2,960.0,61,375,83,0.282,0.869,0.723,0.224,IND,1610612754,Indiana Pacers,79.9,1675,2
11,2.31,2.89,25,563,2,1,480.0,25,182,25,0.24,0.84,0.92,0.225,LAC,1610612746,Los Angeles Clippers,39.0,809,1
12,2.14,2.94,35,648,2,2,480.0,31,164,35,0.057,1.032,0.971,0.188,LAL,1610612747,Los Angeles Lakers,42.7,871,0
13,2.19,2.79,57,663,2,2,480.0,27,184,32,0.298,0.556,0.594,0.208,MEM,1610612763,Memphis Grizzlies,41.1,884,0
14,2.31,2.79,95,1329,4,1,960.0,61,412,72,0.263,0.885,0.917,0.226,MIA,1610612748,Miami Heat,84.8,1825,3
15,2.21,3.05,73,971,3,1,795.0,82,315,106,0.288,0.756,0.679,0.237,MIL,1610612749,Milwaukee Bucks,67.4,1328,2
16,2.46,3.18,48,553,2,0,480.0,25,216,26,0.5,0.92,0.808,0.28,MIN,1610612750,Minnesota Timberwolves,40.9,772,2
17,2.1,2.65,34,666,2,2,480.0,18,213,25,0.235,1.167,1.12,0.24,NOP,1610612740,New Orleans Pelicans,39.3,888,0
18,1.7,2.54,90,1409,4,2,960.0,58,417,80,0.322,1.069,0.825,0.223,NYK,1610612752,New York Knicks,79.2,1868,2
19,2.48,3.12,38,529,2,1,480.0,35,207,31,0.211,0.6,0.677,0.283,OKC,1610612760,Oklahoma City Thunder,38.0,731,1
20,2.1,2.7,75,1382,4,2,985.0,46,394,66,0.36,0.565,0.576,0.219,ORL,1610612753,Orlando Magic,81.2,1802,2
21,2.15,2.58,56,980,3,3,720.0,51,290,50,0.393,0.824,0.64,0.209,PHI,1610612755,Philadelphia 76ers,59.9,1390,0
22,2.0,2.78,39,648,2,1,480.0,37,188,41,0.205,0.811,0.78,0.211,PHX,1610612756,Phoenix Suns,41.2,890,1
23,2.34,2.84,38,618,2,2,480.0,22,195,24,0.184,0.636,0.75,0.23,POR,1610612757,Portland Trail Blazers,40.1,848,0
24,2.14,2.77,19,638,2,1,480.0,43,188,65,0.105,0.814,0.646,0.222,SAC,1610612758,Sacramento Kings,39.1,846,1
25,2.1,2.68,53,712,2,0,480.0,37,211,40,0.264,0.514,0.575,0.23,SAS,1610612759,San Antonio Spurs,40.9,916,2
26,2.6,3.06,38,1232,4,1,960.0,46,392,61,0.158,1.043,0.885,0.232,TOR,1610612761,Toronto Raptors,86.2,1687,3
27,1.97,2.69,49,744,2,1,480.0,27,181,35,0.163,0.741,0.571,0.19,UTA,1610612762,Utah Jazz,42.8,954,1
28,2.06,2.69,56,1188,4,2,960.0,72,426,79,0.393,0.931,0.924,0.255,WAS,1610612764,Washington Wizards,75.0,1673,2
