,AVG_DRIB_PER_TOUCH,AVG_SEC_PER_TOUCH,ELBOW_TOUCHES,FRONT_CT_TOUCHES,GP,L,MIN,PAINT_TOUCHES,POINTS,POST_TOUCHES,PTS_PER_ELBOW_TOUCH,PTS_PER_PAINT_TOUCH,PTS_PER_POST_TOUCH,PTS_PER_TOUCH,TEAM_ABBREVIATION,TEAM_ID,TEAM_NAME,TIME_OF_POSS,TOUCHES,W
0,2.03,2.55,60,1378,4,0,960.0,82,438,93,0.383,0.72,0.624,0.245,ATL,1610612737,Atlanta Hawks,75.9,1788,4
1,1.82,2.38,40,1039,3,1,720.0,50,307,61,0.375,0.94,0.869,0.223,BOS,1610612738,Boston Celtics,54.4,1375,2
2,2.29,2.82,47,910,3,2,720.0,39,307,51,0.447,0.872,0.725,0.25,BKN,1610612751,Brooklyn Nets,57.7,1228,1
3,2.44,2.9,46,1255,4,1,960.0,33,437,47,0.304,0.939,0.745,0.261,CHA,1610612766,Charlotte Hornets,80.9,1675,3
4,2.19,2.69,62,1196,4,3,960.0,53,386,72,0.145,0.642,0.583,0.234,CLE,1610612739,Cleveland Cavaliers,74.2,1652,1
5,2.06,2.57,44,682,2,0,480.0,26,201,37,0.136,0.654,0.703,0.216,DAL,1610612742,Dallas Mavericks,40.0,932,2
6,2.22,2.83,27,602,2,1,480.0,34,205,33,0.333,0.765,0.606,0.244,DEN,1610612743,Denver Nuggets,39.5,839,1
7,2.58,3.09,63,1164,4,1,1085.0,62,440,84,0.175,0.935,0.774,0.254,DET,1610612765,Detroit Pistons,89.1,1733,3
8,2.04,2.63,23,635,2,0,480.0,30,231,37,0.522,0.767,0.676,0.277,GSW,1610612744,Golden State Warriors,36.6,835,2
9,2.09,2.7,23,563,2,2,480.0,21,200,27,0.261,0.857,0.778,0.246,HOU,1610612745,Houston Rockets,36.5,812,0
10,2.0,2.58,61,1262,4,3,985.0,63,395,70,0.246,0.81,0.786,0.229,IND,1610612754,Indiana Pacers,74.1,1723,1
11,2.14,2.79,40,597,2,1,480.0,14,200,14,0.325,1.143,1.143,0.242,LAC,1610612746,Los Angeles Clippers,38.4,826,1
12,2.29,3.1,34,559,2,2,480.0,22,206,32,0.265,0.636,0.75,0.264,LAL,1610612747,Los Angeles Lakers,40.3,780,0
13,1.99,2.71,48,664,2,1,480.0,35,193,40,0.333,0.829,0.825,0.216,MEM,1610612763,Memphis Grizzlies,40.3,892,1
14,2.45,2.95,84,1167,4,0,960.0,67,442,84,0.369,1.03,0.905,0.275,MIA,1610612748,Miami Heat,79.0,1609,4
15,2.15,2.81,77,1183,4,3,960.0,63,400,71,0.351,0.794,0.845,0.245,MIL,1610612749,Milwaukee Bucks,76.3,1632,1
16,2.53,3.04,39,612,2,0,505.0,33,214,42,0.41,0.909,0.714,0.257,MIN,1610612750,Minnesota Timberwolves,42.2,832,2
17,2.38,2.83,36,568,2,2,480.0,23,210,26,0.528,1.13,1.077,0.26,NOP,1610612740,New Orleans Pelicans,38.0,807,0
18,1.78,2.59,100,1386,4,1,960.0,63,409,75,0.31,0.857,0.747,0.22,NYK,1610612752,New York Knicks,80.3,1862,3
19,2.68,3.14,41,527,2,2,480.0,27,194,30,0.463,1.148,0.967,0.265,OKC,1610612760,Oklahoma City Thunder,38.3,732,0
20,2.22,2.69,47,945,3,1,720.0,45,300,57,0.383,1.133,1.018,0.235,ORL,1610612753,Orlando Magic,57.3,1276,2
21,2.36,2.72,62,1350,4,4,985.0,56,400,70,0.371,0.696,0.629,0.218,PHI,1610612755,Philadelphia 76ers,83.1,1835,0
22,2.32,2.72,30,568,2,1,480.0,33,200,35,0.467,0.727,0.629,0.252,PHX,1610612756,Phoenix Suns,36.1,795,1
23,2.48,2.98,37,554,2,1,480.0,15,191,20,0.351,0.333,0.55,0.241,POR,1610612757,Portland Trail Blazers,39.4,794,1
24,2.28,2.74,23,565,2,2,480.0,24,204,36,0.435,0.667,0.75,0.255,SAC,1610612758,Sacramento Kings,36.5,801,0
25,2.19,2.62,42,676,2,1,480.0,36,198,45,0.286,0.722,0.667,0.215,SAS,1610612759,San Antonio Spurs,40.1,920,1
26,2.46,2.92,62,1252,4,4,960.0,36,423,48,0.177,0.861,0.771,0.254,TOR,1610612761,Toronto Raptors,81.0,1663,0
27,1.85,2.45,54,771,2,1,505.0,31,190,40,0.259,0.903,0.875,0.193,UTA,1610612762,Utah Jazz,40.3,985,1
28,2.16,2.79,40,889,3,1,720.0,49,335,44,0.275,0.959,1.091,0.272,WAS,1610612764,Washington Wizards,57.2,1230,2
