,AVG_DRIB_PER_TOUCH,AVG_SEC_PER_TOUCH,ELBOW_TOUCHES,FRONT_CT_TOUCHES,GP,L,MIN,PAINT_TOUCHES,POINTS,POST_TOUCHES,PTS_PER_ELBOW_TOUCH,PTS_PER_PAINT_TOUCH,PTS_PER_POST_TOUCH,PTS_PER_TOUCH,TEAM_ABBREVIATION,TEAM_ID,TEAM_NAME,TIME_OF_POSS,TOUCHES,W
0,1.96,2.5,1206,28123,82,34,19830.0,1351,8433,1623,0.268,0.803,0.73,0.231,ATL,1610612737,Atlanta Hawks,1519.4,36537,48
1,1.91,2.46,1154,26685,81,34,19540.0,1088,8555,1279,0.324,0.928,0.852,0.238,BOS,1610612738,Boston Celtics,1476.2,35943,47
2,2.33,2.84,1632,25053,82,61,19755.0,1123,8089,1392,0.385,0.907,0.811,0.239,BKN,1610612751,Brooklyn Nets,1603.7,33840,21
3,2.31,2.76,1063,25824,82,34,19855.0,914,8479,1154,0.32,0.908,0.81,0.242,CHA,1610612766,Charlotte Hornets,1612.8,35045,48
4,2.01,2.67,1294,26442,82,40,19905.0,1129,8335,1488,0.308,0.866,0.749,0.234,CHI,1610612741,Chicago Bulls,1581.3,35595,42
5,2.25,2.85,1231,24882,82,25,19855.0,1182,8555,1411,0.267,0.887,0.827,0.248,CLE,1610612739,Cleveland Cavaliers,1641.0,34559,57
6,2.14,2.63,1596,27049,82,40,20005.0,1025,8388,1241,0.252,0.981,0.908,0.225,DAL,1610612742,Dallas Mavericks,1631.7,37285,42
7,2.27,2.83,1170,25056,82,49,19830.0,1372,8355,1640,0.318,0.903,0.832,0.245,DEN,1610612743,Denver Nuggets,1610.0,34108,33
8,2.47,2.95,1107,22554,82,38,19880.0,1105,8361,1338,0.19,0.932,0.868,0.256,DET,1610612765,Detroit Pistons,1606.8,32668,44
9,1.79,2.39,1270,27233,82,9,19880.0,1351,9421,1631,0.343,0.915,0.839,0.257,GSW,1610612744,Golden State Warriors,1463.1,36718,73
10,2.03,2.68,921,23821,82,41,19830.0,1230,8737,1511,0.291,0.901,0.825,0.259,HOU,1610612745,Houston Rockets,1507.3,33792,41
11,2.05,2.7,1446,25907,82,37,19880.0,1254,8377,1535,0.269,0.848,0.799,0.238,IND,1610612754,Indiana Pacers,1585.5,35224,45
12,2.32,2.85,1235,23872,82,29,19830.0,1028,8569,1113,0.327,1.015,0.936,0.255,LAC,1610612746,Los Angeles Clippers,1596.4,33620,53
13,2.16,2.98,1306,23488,82,65,19730.0,1041,7982,1257,0.286,0.8,0.736,0.242,LAL,1610612747,Los Angeles Lakers,1641.4,33047,17
14,2.18,2.8,1917,25877,82,40,19830.0,1207,8126,1570,0.251,0.829,0.752,0.231,MEM,1610612763,Memphis Grizzlies,1637.9,35129,42
15,2.36,2.87,1751,25111,82,34,19830.0,1232,8204,1484,0.311,0.949,0.869,0.237,MIA,1610612748,Miami Heat,1654.0,34625,48
16,2.07,2.79,1961,24683,82,49,19830.0,1438,8122,1736,0.238,0.907,0.85,0.24,MIL,1610612749,Milwaukee Bucks,1570.2,33790,33
17,2.32,2.89,1826,24032,82,53,19880.0,1218,8398,1470,0.338,0.957,0.869,0.253,MIN,1610612750,Minnesota Timberwolves,1603.3,33255,29
18,2.25,2.73,1284,24625,82,52,19780.0,920,8423,1070,0.396,0.937,0.907,0.247,NOP,1610612740,New Orleans Pelicans,1552.3,34069,30
19,1.78,2.54,1936,28700,82,50,19805.0,1194,8065,1501,0.308,0.878,0.788,0.212,NYK,1610612752,New York Knicks,1610.0,37958,32
20,2.42,2.96,1153,22745,82,27,19830.0,1234,9038,1346,0.404,0.935,0.932,0.283,OKC,1610612760,Oklahoma City Thunder,1578.7,31964,55
21,2.19,2.71,1186,25963,81,46,19640.0,1002,8266,1338,0.341,0.899,0.806,0.238,ORL,1610612753,Orlando Magic,1570.8,34754,35
22,2.19,2.59,1215,27658,82,72,19805.0,1056,7988,1346,0.309,0.877,0.815,0.213,PHI,1610612755,Philadelphia 76ers,1617.2,37464,10
23,2.04,2.57,1426,25968,82,59,19705.0,1180,8271,1543,0.262,0.819,0.743,0.23,PHX,1610612756,Phoenix Suns,1543.3,36018,23
24,2.44,2.95,1305,24154,82,38,19805.0,938,8622,1074,0.245,0.823,0.795,0.258,POR,1610612757,Portland Trail Blazers,1641.9,33410,44
25,2.24,2.77,985,23351,81,48,19565.0,1242,8643,1581,0.427,0.925,0.835,0.262,SAC,1610612758,Sacramento Kings,1523.0,33027,33
26,2.14,2.64,1806,27912,82,15,19705.0,1399,8490,1813,0.254,0.88,0.805,0.23,SAS,1610612759,San Antonio Spurs,1626.3,36905,67
27,2.47,2.91,1010,25814,81,26,19515.0,867,8316,1111,0.292,0.956,0.845,0.241,TOR,1610612761,Toronto Raptors,1670.7,34449,55
28,2.0,2.61,1961,30266,82,42,19955.0,1063,8010,1296,0.191,0.784,0.755,0.206,UTA,1610612762,Utah Jazz,1688.1,38808,40
29,2.03,2.6,1163,24748,82,41,19755.0,1300,8534,1447,0.334,0.894,0.853,0.248,WAS,1610612764,Washington Wizards,1495.2,34446,41
