,AVG_DRIB_PER_TOUCH,AVG_SEC_PER_TOUCH,ELBOW_TOUCHES,FRONT_CT_TOUCHES,GP,L,MIN,PAINT_TOUCHES,POINTS,POST_TOUCHES,PTS_PER_ELBOW_TOUCH,PTS_PER_PAINT_TOUCH,PTS_PER_POST_TOUCH,PTS_PER_TOUCH,TEAM_ABBREVIATION,TEAM_ID,TEAM_NAME,TIME_OF_POSS,TOUCHES,W
0,1.97,2.46,77,1393,4,1,960.0,55,431,66,0.273,0.927,0.894,0.238,ATL,1610612737,Atlanta Hawks,74.5,1814,3
1,1.94,2.53,94,1342,4,2,960.0,54,411,73,0.362,1.056,0.932,0.227,BOS,1610612738,Boston Celtics,76.4,1809,2
2,2.52,2.93,83,1189,4,3,960.0,53,379,60,0.398,0.774,0.717,0.237,BKN,1610612751,Brooklyn Nets,78.1,1597,1
3,2.31,2.68,42,957,3,1,720.0,22,327,33,0.667,0.955,0.879,0.255,CHA,1610612766,Charlotte Hornets,57.1,1281,2
4,2.24,2.91,64,1305,4,3,1085.0,48,439,62,0.5,1.021,0.855,0.244,CHI,1610612741,Chicago Bulls,87.3,1799,1
5,2.37,2.99,72,1128,4,3,985.0,38,411,52,0.361,1.026,0.942,0.256,CLE,1610612739,Cleveland Cavaliers,80.2,1607,1
6,2.28,2.75,43,639,2,1,480.0,25,194,32,0.279,1.28,1.188,0.222,DAL,1610612742,Dallas Mavericks,39.9,872,1
7,2.45,3.12,36,548,2,0,480.0,30,207,36,0.111,1.067,0.944,0.27,DEN,1610612743,Denver Nuggets,39.8,766,2
8,1.85,2.4,26,634,2,1,480.0,28,204,38,0.231,0.821,0.658,0.236,GSW,1610612744,Golden State Warriors,34.5,863,1
9,1.95,2.7,33,578,2,2,480.0,28,219,31,0.303,0.821,0.613,0.259,HOU,1610612745,Houston Rockets,38.2,847,0
10,2.41,3.01,73,1160,4,1,960.0,43,396,54,0.315,0.651,0.648,0.253,IND,1610612754,Indiana Pacers,78.6,1568,3
11,2.32,2.77,40,632,2,0,505.0,20,206,22,0.4,1.0,0.955,0.234,LAC,1610612746,Los Angeles Clippers,40.5,879,2
12,2.2,3.01,37,571,2,1,480.0,26,188,31,0.378,0.692,0.645,0.242,LAL,1610612747,Los Angeles Lakers,39.0,777,1
13,2.29,2.97,49,591,2,0,480.0,24,196,34,0.367,0.583,0.676,0.241,MEM,1610612763,Memphis Grizzlies,40.2,813,2
14,2.45,2.95,95,1155,4,2,960.0,40,379,49,0.211,1.05,1.041,0.237,MIA,1610612748,Miami Heat,78.5,1597,2
15,2.12,2.84,128,1207,4,3,960.0,53,386,59,0.305,1.132,1.017,0.238,MIL,1610612749,Milwaukee Bucks,76.7,1621,1
16,2.52,3.08,47,550,2,2,480.0,25,176,36,0.362,0.92,0.806,0.229,MIN,1610612750,Minnesota Timberwolves,39.4,769,0
17,2.46,2.94,37,535,2,0,480.0,24,226,25,0.703,0.917,0.84,0.298,NOP,1610612740,New Orleans Pelicans,37.2,759,2
18,1.79,2.64,89,1005,3,1,720.0,51,315,59,0.371,1.118,1.034,0.236,NYK,1610612752,New York Knicks,58.9,1335,2
19,2.63,3.15,29,527,2,1,480.0,24,185,21,0.586,0.875,0.619,0.251,OKC,1610612760,Oklahoma City Thunder,38.6,736,1
20,2.38,2.84,53,896,3,3,720.0,23,295,29,0.34,0.957,0.966,0.246,ORL,1610612753,Orlando Magic,56.8,1198,0
21,2.23,2.62,81,1332,4,4,960.0,53,394,69,0.259,0.925,0.957,0.22,PHI,1610612755,Philadelphia 76ers,78.4,1794,0
22,2.0,2.48,32,705,2,2,505.0,20,214,33,0.188,0.9,0.636,0.22,PHX,1610612756,Phoenix Suns,40.2,971,0
23,2.59,2.98,37,566,2,2,480.0,11,206,15,0.405,0.818,0.467,0.264,POR,1610612757,Portland Trail Blazers,38.8,781,0
24,2.48,3.02,34,559,2,1,480.0,30,209,34,0.176,1.233,1.118,0.271,SAC,1610612758,Sacramento Kings,38.8,771,1
25,2.26,2.79,50,656,2,0,480.0,28,206,35,0.34,0.857,0.943,0.235,SAS,1610612759,San Antonio Spurs,40.8,878,2
26,2.47,2.91,33,933,3,1,720.0,31,315,32,0.182,1.0,0.906,0.252,TOR,1610612761,Toronto Raptors,60.8,1251,2
27,2.11,2.8,57,669,2,2,480.0,22,179,24,0.193,1.045,1.375,0.208,UTA,1610612762,Utah Jazz,40.1,859,0
28,2.14,2.77,71,1174,4,1,960.0,72,418,84,0.296,0.944,0.929,0.262,WAS,1610612764,Washington Wizards,73.5,1593,3
