,AVG_DRIB_PER_TOUCH,AVG_SEC_PER_TOUCH,ELBOW_TOUCHES,FRONT_CT_TOUCHES,GP,L,MIN,PAINT_TOUCHES,POINTS,POST_TOUCHES,PTS_PER_ELBOW_TOUCH,PTS_PER_PAINT_TOUCH,PTS_PER_POST_TOUCH,PTS_PER_TOUCH,TEAM_ABBREVIATION,TEAM_ID,TEAM_NAME,TIME_OF_POSS,TOUCHES,W
0,1.95,2.48,73,1396,4,2,960.0,58,385,66,0.205,0.81,0.818,0.216,ATL,1610612737,Atlanta Hawks,73.6,1785,2
1,1.86,2.35,36,1316,4,3,960.0,47,390,57,0.278,1.213,1.07,0.218,BOS,1610612738,Boston Celtics,69.9,1786,1
2,2.26,2.77,86,1216,4,3,960.0,56,422,66,0.36,0.964,0.848,0.254,BKN,1610612751,Brooklyn Nets,76.9,1664,1
3,2.44,2.86,32,934,3,0,720.0,32,321,40,0.344,0.844,0.8,0.251,CHA,1610612766,Charlotte Hornets,60.8,1278,3
4,2.21,2.8,71,1321,4,1,985.0,64,388,75,0.169,0.938,0.827,0.22,CHI,1610612741,Chicago Bulls,82.4,1764,3
5,2.38,2.91,67,1162,4,1,985.0,61,421,69,0.299,0.967,0.884,0.26,CLE,1610612739,Cleveland Cavaliers,78.6,1619,3
6,2.18,2.59,41,657,2,2,480.0,31,186,40,0.293,0.806,0.775,0.203,DAL,1610612742,Dallas Mavericks,39.5,915,0
7,2.22,2.74,25,632,2,1,505.0,37,234,42,0.2,1.027,0.905,0.271,DEN,1610612743,Denver Nuggets,39.5,863,1
8,2.4,2.82,60,1148,4,3,960.0,49,386,57,0.25,0.898,0.825,0.237,DET,1610612765,Detroit Pistons,76.6,1628,1
9,1.77,2.3,28,680,2,0,480.0,37,253,44,0.393,0.892,0.864,0.273,GSW,1610612744,Golden State Warriors,35.5,926,2
10,2.04,2.79,14,587,2,1,505.0,29,208,46,0.0,1.0,0.826,0.25,HOU,1610612745,Houston Rockets,38.7,833,1
11,2.25,2.74,25,623,2,1,480.0,15,182,22,0.44,0.933,0.636,0.211,LAC,1610612746,Los Angeles Clippers,39.4,864,1
12,2.11,2.92,35,610,2,2,480.0,24,190,25,0.429,0.708,0.32,0.228,LAL,1610612747,Los Angeles Lakers,40.5,832,0
13,2.22,2.85,68,635,2,0,480.0,36,208,37,0.206,0.667,0.649,0.242,MEM,1610612763,Memphis Grizzlies,40.8,860,2
14,2.33,2.85,80,1271,4,2,1010.0,66,374,76,0.388,0.833,0.697,0.213,MIA,1610612748,Miami Heat,83.4,1756,2
15,1.99,2.74,85,1176,4,3,960.0,65,397,76,0.2,0.892,0.868,0.24,MIL,1610612749,Milwaukee Bucks,75.5,1652,1
16,2.35,2.9,31,534,2,2,480.0,23,191,28,0.065,1.0,0.821,0.253,MIN,1610612750,Minnesota Timberwolves,36.4,754,0
17,2.39,2.92,39,563,2,2,480.0,17,170,20,0.256,0.824,0.9,0.22,NOP,1610612740,New Orleans Pelicans,37.7,773,0
18,1.84,2.47,69,1054,3,3,720.0,42,282,47,0.261,0.905,0.745,0.199,NYK,1610612752,New York Knicks,58.5,1420,0
19,2.55,3.08,24,543,2,1,480.0,29,213,33,0.458,1.172,1.212,0.274,OKC,1610612760,Oklahoma City Thunder,39.9,777,1
20,2.24,2.69,54,1273,4,3,960.0,41,386,67,0.204,0.976,0.806,0.225,ORL,1610612753,Orlando Magic,76.8,1715,1
21,2.12,2.46,43,1079,3,3,720.0,30,262,42,0.302,1.067,0.881,0.183,PHI,1610612755,Philadelphia 76ers,58.9,1433,0
22,1.87,2.46,43,685,2,2,480.0,10,191,20,0.395,0.6,0.45,0.2,PHX,1610612756,Phoenix Suns,39.1,954,0
23,2.62,3.07,28,607,2,0,480.0,19,234,24,0.214,0.842,0.75,0.283,POR,1610612757,Portland Trail Blazers,42.3,826,2
24,2.23,2.75,31,568,2,0,480.0,42,216,54,0.323,0.952,0.833,0.262,SAC,1610612758,Sacramento Kings,37.7,824,2
25,2.33,2.71,39,642,2,1,480.0,28,197,39,0.256,1.036,1.0,0.227,SAS,1610612759,San Antonio Spurs,39.1,866,1
26,2.59,2.95,43,1300,4,1,985.0,36,408,52,0.465,1.167,1.038,0.235,TOR,1610612761,Toronto Raptors,85.3,1733,3
27,2.06,2.7,44,776,2,0,505.0,25,219,35,0.227,0.72,0.743,0.222,UTA,1610612762,Utah Jazz,44.4,988,2
28,2.06,2.59,44,972,3,2,720.0,48,323,56,0.273,0.813,0.661,0.247,WAS,1610612764,Washington Wizards,56.4,1309,1
