,AVG_DRIB_PER_TOUCH,AVG_SEC_PER_TOUCH,ELBOW_TOUCHES,FRONT_CT_TOUCHES,GP,L,MIN,PAINT_TOUCHES,POINTS,POST_TOUCHES,PTS_PER_ELBOW_TOUCH,PTS_PER_PAINT_TOUCH,PTS_PER_POST_TOUCH,PTS_PER_TOUCH,TEAM_ABBREVIATION,TEAM_ID,TEAM_NAME,TIME_OF_POSS,TOUCHES,W
0,2.06,2.5,21,654,2,0,480.0,36,211,42,0.238,1.222,1.048,0.247,ATL,1610612737,Atlanta Hawks,35.6,854,2
1,1.89,2.34,30,717,2,1,480.0,38,214,43,0.5,0.763,0.535,0.229,BOS,1610612738,Boston Celtics,36.5,935,1
2,2.35,2.87,36,588,2,2,480.0,29,181,42,0.583,1.103,0.929,0.227,BKN,1610612751,Brooklyn Nets,38.0,796,0
3,2.36,2.66,16,621,2,0,480.0,25,221,36,0.563,0.92,0.694,0.26,CHA,1610612766,Charlotte Hornets,37.8,851,2
4,1.82,2.61,20,602,2,1,480.0,27,190,35,0.0,0.741,0.629,0.225,CHI,1610612741,Chicago Bulls,36.7,845,1
5,2.18,2.7,26,606,2,1,480.0,33,209,38,0.5,0.879,0.816,0.249,CLE,1610612739,Cleveland Cavaliers,37.9,841,1
6,2.3,2.7,67,1271,4,1,985.0,37,410,51,0.239,1.189,1.118,0.229,DAL,1610612742,Dallas Mavericks,80.5,1789,3
7,2.33,2.83,50,1221,4,3,960.0,67,390,76,0.44,0.925,0.882,0.238,DEN,1610612743,Denver Nuggets,77.3,1637,1
8,2.62,2.99,34,533,2,2,480.0,24,193,28,0.118,1.083,1.071,0.256,DET,1610612765,Detroit Pistons,37.6,753,0
9,1.86,2.4,62,1261,4,0,960.0,61,444,71,0.452,0.934,0.901,0.259,GSW,1610612744,Golden State Warriors,68.4,1712,4
10,2.08,2.71,38,1144,4,2,960.0,44,414,56,0.316,1.091,0.964,0.255,HOU,1610612745,Houston Rockets,73.4,1624,2
11,2.04,2.64,37,609,2,2,480.0,14,187,21,0.324,1.071,0.81,0.226,IND,1610612754,Indiana Pacers,36.4,829,0
12,2.18,2.78,47,850,3,1,720.0,43,306,44,0.319,0.698,0.727,0.255,LAC,1610612746,Los Angeles Clippers,55.7,1202,2
13,2.12,2.93,41,1152,4,3,960.0,38,417,48,0.366,0.947,0.917,0.253,LAL,1610612747,Los Angeles Lakers,80.5,1646,1
14,2.49,2.94,43,626,2,1,505.0,18,190,18,0.326,0.722,0.833,0.227,MIA,1610612748,Miami Heat,41.1,838,1
15,2.41,3.05,35,533,2,1,480.0,30,179,43,0.2,0.833,0.698,0.243,MIL,1610612749,Milwaukee Bucks,37.5,738,1
16,2.32,2.87,90,1177,4,2,960.0,53,430,70,0.389,1.113,1.114,0.266,MIN,1610612750,Minnesota Timberwolves,77.4,1619,2
17,2.25,2.7,46,1210,4,4,985.0,48,412,56,0.609,1.042,0.982,0.243,NOP,1610612740,New Orleans Pelicans,76.2,1693,0
18,2.03,2.56,49,698,2,2,480.0,30,180,38,0.204,0.867,0.842,0.2,NYK,1610612752,New York Knicks,38.5,900,0
19,2.4,2.81,46,913,3,1,720.0,65,351,62,0.283,0.923,0.871,0.285,OKC,1610612760,Oklahoma City Thunder,57.7,1231,2
20,2.17,2.66,30,671,2,1,505.0,29,221,30,0.467,1.034,0.9,0.24,ORL,1610612753,Orlando Magic,40.7,919,1
21,2.29,2.62,21,659,2,2,480.0,16,174,28,0.19,1.063,0.75,0.194,PHI,1610612755,Philadelphia 76ers,39.1,896,0
22,2.26,2.73,59,1180,4,2,960.0,51,410,73,0.186,0.843,0.795,0.25,PHX,1610612756,Phoenix Suns,74.7,1643,2
23,2.49,2.86,45,1146,4,2,985.0,47,405,45,0.178,0.809,0.711,0.255,POR,1610612757,Portland Trail Blazers,75.6,1587,2
24,2.13,2.53,41,872,3,3,720.0,48,304,60,0.366,0.813,0.633,0.245,SAC,1610612758,Sacramento Kings,52.2,1240,0
25,2.25,2.72,92,1345,4,0,960.0,67,406,78,0.293,0.836,0.795,0.227,SAS,1610612759,San Antonio Spurs,81.1,1787,4
26,2.33,2.73,18,651,2,0,480.0,17,197,21,0.333,0.647,0.524,0.226,TOR,1610612761,Toronto Raptors,39.8,873,2
27,2.04,2.55,62,1070,3,1,745.0,41,269,60,0.161,0.756,0.65,0.193,UTA,1610612762,Utah Jazz,59.1,1393,2
28,2.13,2.57,27,589,2,1,480.0,32,195,34,0.296,0.813,0.765,0.234,WAS,1610612764,Washington Wizards,35.8,835,1
