,AVG_DRIB_PER_TOUCH,AVG_SEC_PER_TOUCH,ELBOW_TOUCHES,FRONT_CT_TOUCHES,GP,L,MIN,PAINT_TOUCHES,POINTS,POST_TOUCHES,PTS_PER_ELBOW_TOUCH,PTS_PER_PAINT_TOUCH,PTS_PER_POST_TOUCH,PTS_PER_TOUCH,TEAM_ABBREVIATION,TEAM_ID,TEAM_NAME,TIME_OF_POSS,TOUCHES,W
0,1.97,2.63,31,710,2,1,480.0,31,200,29,0.258,0.871,0.931,0.221,ATL,1610612737,Atlanta Hawks,39.7,906,1
1,1.93,2.47,25,647,2,1,480.0,30,209,35,0.48,0.867,0.857,0.236,BOS,1610612738,Boston Celtics,36.5,886,1
2,2.36,2.97,31,641,2,1,480.0,27,215,33,0.452,1.0,1.0,0.255,BKN,1610612751,Brooklyn Nets,41.7,842,1
3,2.4,2.77,32,607,2,2,480.0,16,185,17,0.313,0.563,0.529,0.22,CHA,1610612766,Charlotte Hornets,38.8,841,0
4,2.19,2.87,37,621,2,0,480.0,24,209,29,0.162,1.042,1.069,0.254,CHI,1610612741,Chicago Bulls,39.4,824,2
5,2.36,2.95,42,589,2,0,480.0,46,219,48,0.238,0.978,0.958,0.265,CLE,1610612739,Cleveland Cavaliers,40.6,826,2
6,2.03,2.49,101,1338,4,4,960.0,45,412,51,0.188,1.422,1.333,0.223,DAL,1610612742,Dallas Mavericks,76.7,1847,0
7,2.18,2.8,64,1246,4,4,960.0,56,411,70,0.406,0.964,0.9,0.244,DEN,1610612743,Denver Nuggets,78.5,1682,0
8,2.54,3.05,24,563,2,1,480.0,26,175,30,0.167,1.0,0.933,0.22,DET,1610612765,Detroit Pistons,40.5,796,1
9,1.87,2.46,33,1044,3,0,745.0,57,358,68,0.485,0.789,0.721,0.257,GSW,1610612744,Golden State Warriors,57.0,1391,3
10,2.13,2.7,55,1204,4,2,960.0,53,443,70,0.255,1.019,1.0,0.261,HOU,1610612745,Houston Rockets,76.5,1699,2
11,1.77,2.51,32,684,2,1,480.0,42,212,52,0.313,0.762,0.788,0.233,IND,1610612754,Indiana Pacers,38.1,909,1
12,2.34,2.83,53,1211,4,3,960.0,53,427,57,0.358,1.17,1.053,0.257,LAC,1610612746,Los Angeles Clippers,78.6,1664,1
13,2.02,2.83,70,1216,4,4,960.0,42,355,49,0.143,0.929,0.796,0.205,LAL,1610612747,Los Angeles Lakers,81.5,1730,0
14,2.21,2.73,75,935,3,2,720.0,43,304,62,0.307,0.977,0.903,0.236,MEM,1610612763,Memphis Grizzlies,58.6,1288,1
15,2.27,2.81,69,637,2,1,480.0,24,171,24,0.435,0.917,0.917,0.197,MIA,1610612748,Miami Heat,40.7,868,1
16,1.85,2.54,38,673,2,2,480.0,25,219,30,0.0,0.72,0.867,0.244,MIL,1610612749,Milwaukee Bucks,38.0,896,0
17,2.16,2.77,102,1262,4,3,960.0,67,411,80,0.333,0.881,0.825,0.24,MIN,1610612750,Minnesota Timberwolves,79.3,1715,1
18,2.28,2.75,54,896,3,2,720.0,25,321,35,0.352,0.84,0.771,0.255,NOP,1610612740,New Orleans Pelicans,57.7,1257,1
19,1.97,2.71,49,726,2,1,505.0,26,215,28,0.143,1.038,0.929,0.226,NYK,1610612752,New York Knicks,42.9,950,1
20,2.12,2.57,35,746,2,2,530.0,28,250,34,0.371,1.107,0.971,0.25,ORL,1610612753,Orlando Magic,42.8,999,0
21,1.99,2.4,43,734,2,2,480.0,34,182,35,0.186,0.824,0.914,0.188,PHI,1610612755,Philadelphia 76ers,38.7,969,0
22,2.15,2.7,49,926,3,3,720.0,42,315,43,0.327,1.262,1.209,0.245,PHX,1610612756,Phoenix Suns,58.0,1288,0
23,2.19,2.76,74,1268,4,2,960.0,43,419,58,0.338,0.837,0.845,0.242,POR,1610612757,Portland Trail Blazers,79.7,1731,2
24,2.37,2.92,45,1116,4,2,960.0,52,441,74,0.556,0.846,0.784,0.279,SAC,1610612758,Sacramento Kings,77.0,1580,2
25,2.21,2.73,106,1324,4,2,985.0,63,393,81,0.321,0.683,0.728,0.222,SAS,1610612759,San Antonio Spurs,80.7,1771,2
26,2.4,2.85,24,680,2,1,480.0,20,203,34,0.25,0.9,0.676,0.226,TOR,1610612761,Toronto Raptors,42.7,899,1
27,1.81,2.52,91,1545,4,4,985.0,37,368,51,0.275,0.541,0.627,0.186,UTA,1610612762,Utah Jazz,82.9,1976,0
28,1.89,2.49,28,624,2,2,480.0,28,199,37,0.143,0.857,0.703,0.23,WAS,1610612764,Washington Wizards,35.8,864,0
