,AVG_DRIB_PER_TOUCH,AVG_SEC_PER_TOUCH,ELBOW_TOUCHES,FRONT_CT_TOUCHES,GP,L,MIN,PAINT_TOUCHES,POINTS,POST_TOUCHES,PTS_PER_ELBOW_TOUCH,PTS_PER_PAINT_TOUCH,PTS_PER_POST_TOUCH,PTS_PER_TOUCH,TEAM_ABBREVIATION,TEAM_ID,TEAM_NAME,TIME_OF_POSS,TOUCHES,W
0,2.16,2.75,52,1302,4,2,960.0,51,436,63,0.115,1.157,1.032,0.253,ATL,1610612737,Atlanta Hawks,79.1,1725,2
1,2.06,2.61,49,1353,4,0,960.0,50,464,58,0.327,0.94,0.862,0.254,BOS,1610612738,Boston Celtics,79.4,1824,4
2,2.46,2.84,43,865,3,3,720.0,29,310,35,0.581,0.724,0.771,0.257,BKN,1610612751,Brooklyn Nets,57.0,1205,0
3,2.21,2.69,58,1292,4,2,960.0,55,408,63,0.241,0.764,0.762,0.229,CHA,1610612766,Charlotte Hornets,79.8,1779,2
4,2.22,2.85,41,864,3,2,720.0,50,305,62,0.195,0.7,0.71,0.252,CHI,1610612741,Chicago Bulls,57.6,1212,1
5,2.54,3.02,64,1174,4,2,960.0,70,413,75,0.297,0.643,0.6,0.25,CLE,1610612739,Cleveland Cavaliers,83.3,1654,2
6,2.4,2.92,29,617,2,1,480.0,23,227,28,0.172,1.087,1.036,0.266,DAL,1610612742,Dallas Mavericks,41.5,852,1
7,2.46,3.0,38,610,2,0,480.0,32,233,37,0.211,0.844,0.73,0.277,DEN,1610612743,Denver Nuggets,42.1,841,2
8,2.61,3.14,52,1078,4,3,960.0,37,374,44,0.212,1.243,0.977,0.237,DET,1610612765,Detroit Pistons,82.4,1577,1
9,1.83,2.53,33,672,2,0,480.0,32,236,39,0.333,0.563,0.59,0.26,GSW,1610612744,Golden State Warriors,38.3,908,2
10,2.16,2.86,32,591,2,1,480.0,36,231,40,0.5,0.611,0.6,0.273,HOU,1610612745,Houston Rockets,40.3,845,1
11,2.32,2.9,37,871,3,1,720.0,35,327,46,0.432,1.086,0.848,0.27,IND,1610612754,Indiana Pacers,58.5,1209,2
12,2.56,3.02,31,591,2,0,480.0,38,222,41,0.355,1.158,1.195,0.266,LAC,1610612746,Los Angeles Clippers,42.0,834,2
13,2.18,3.09,32,571,2,1,480.0,27,196,30,0.313,0.815,0.6,0.241,LAL,1610612747,Los Angeles Lakers,41.8,813,1
14,2.39,3.07,61,598,2,1,480.0,19,203,30,0.262,0.789,0.933,0.25,MEM,1610612763,Memphis Grizzlies,41.5,812,1
15,2.48,3.02,75,1192,4,2,960.0,65,401,65,0.213,1.031,0.892,0.243,MIA,1610612748,Miami Heat,83.1,1651,2
16,2.11,2.75,102,1268,4,3,960.0,74,399,99,0.314,0.838,0.697,0.228,MIL,1610612749,Milwaukee Bucks,80.2,1749,1
17,2.45,3.02,44,624,2,1,530.0,33,230,37,0.364,0.939,0.73,0.268,MIN,1610612750,Minnesota Timberwolves,43.1,858,1
18,2.31,2.77,24,589,2,1,480.0,34,196,34,0.5,0.706,0.765,0.239,NOP,1610612740,New Orleans Pelicans,37.9,820,1
19,2.07,2.76,55,997,3,2,720.0,49,314,54,0.182,0.878,0.833,0.233,NYK,1610612752,New York Knicks,62.1,1349,1
20,2.44,3.04,35,594,2,0,480.0,31,239,36,0.314,0.742,0.778,0.294,OKC,1610612760,Oklahoma City Thunder,41.2,812,2
21,2.24,2.86,63,1286,4,4,960.0,48,376,71,0.349,0.917,0.789,0.22,ORL,1610612753,Orlando Magic,81.5,1712,0
22,2.34,2.68,55,1307,4,4,960.0,45,390,65,0.273,0.756,0.769,0.22,PHI,1610612755,Philadelphia 76ers,79.1,1769,0
23,1.97,2.56,36,659,2,2,480.0,27,205,45,0.333,0.704,0.511,0.224,PHX,1610612756,Phoenix Suns,38.9,914,0
24,2.59,3.01,44,630,2,0,505.0,22,224,27,0.318,0.318,0.259,0.255,POR,1610612757,Portland Trail Blazers,44.0,878,2
25,2.44,3.04,15,541,2,1,480.0,33,219,37,0.6,1.152,1.162,0.286,SAC,1610612758,Sacramento Kings,38.8,767,1
26,2.14,2.61,43,724,2,1,480.0,33,213,39,0.186,0.788,0.667,0.225,SAS,1610612759,San Antonio Spurs,41.1,947,1
27,2.71,3.1,50,1255,4,0,960.0,45,381,56,0.44,0.956,0.714,0.228,TOR,1610612761,Toronto Raptors,86.3,1672,4
28,2.44,2.97,45,636,2,1,480.0,27,203,31,0.267,0.741,0.71,0.234,UTA,1610612762,Utah Jazz,43.1,869,1
