,AVG_DRIB_PER_TOUCH,AVG_SEC_PER_TOUCH,ELBOW_TOUCHES,FRONT_CT_TOUCHES,GP,L,MIN,PAINT_TOUCHES,POINTS,POST_TOUCHES,PTS_PER_ELBOW_TOUCH,PTS_PER_PAINT_TOUCH,PTS_PER_POST_TOUCH,PTS_PER_TOUCH,TEAM_ABBREVIATION,TEAM_ID,TEAM_NAME,TIME_OF_POSS,TOUCHES,W
0,1.94,2.45,26,743,2,0,480.0,42,235,48,0.308,1.0,1.104,0.245,ATL,1610612737,Atlanta Hawks,39.3,960,2
1,1.81,2.37,27,697,2,0,480.0,29,232,41,0.222,1.034,0.878,0.244,BOS,1610612738,Boston Celtics,37.4,949,2
2,2.2,2.82,49,702,2,0,505.0,26,226,25,0.449,0.962,0.76,0.248,BKN,1610612751,Brooklyn Nets,42.9,911,2
3,2.14,2.57,42,681,2,2,480.0,30,185,35,0.262,0.833,0.714,0.207,CHA,1610612766,Charlotte Hornets,38.3,892,0
4,2.19,2.68,28,639,2,1,480.0,25,209,34,0.286,0.76,0.647,0.242,CHI,1610612741,Chicago Bulls,38.6,864,1
5,2.12,2.72,28,589,2,0,480.0,25,217,32,0.25,1.08,0.875,0.259,CLE,1610612739,Cleveland Cavaliers,37.9,837,2
6,2.03,2.54,82,1395,4,1,1010.0,44,425,55,0.171,1.136,1.018,0.224,DAL,1610612742,Dallas Mavericks,80.3,1899,3
7,2.44,2.95,26,562,2,2,480.0,26,193,32,0.077,1.077,1.0,0.241,DET,1610612765,Detroit Pistons,39.5,802,0
8,1.7,2.29,89,1454,4,1,985.0,69,458,85,0.326,0.928,0.788,0.238,GSW,1610612744,Golden State Warriors,73.6,1928,3
9,1.99,2.56,29,910,3,3,720.0,35,291,50,0.621,0.971,0.86,0.23,HOU,1610612745,Houston Rockets,54.0,1266,0
10,2.08,2.67,40,706,2,1,505.0,38,235,43,0.4,1.053,0.93,0.247,IND,1610612754,Indiana Pacers,42.3,951,1
11,1.86,2.52,55,963,3,1,720.0,30,297,33,0.236,1.2,1.091,0.226,LAC,1610612746,Los Angeles Clippers,55.3,1316,2
12,2.12,2.92,65,1160,4,3,960.0,56,432,62,0.385,0.929,0.79,0.269,LAL,1610612747,Los Angeles Lakers,78.0,1604,1
13,2.15,2.8,95,1261,4,1,960.0,52,401,67,0.221,1.038,0.955,0.237,MEM,1610612763,Memphis Grizzlies,78.9,1691,3
14,2.43,2.87,43,633,2,0,480.0,41,222,54,0.233,0.927,0.815,0.252,MIA,1610612748,Miami Heat,42.1,880,2
15,1.96,2.72,44,650,2,1,480.0,36,194,38,0.205,1.0,0.947,0.227,MIL,1610612749,Milwaukee Bucks,38.8,855,1
16,2.45,3.04,111,1163,4,3,985.0,59,377,68,0.315,0.966,0.926,0.237,MIN,1610612750,Minnesota Timberwolves,80.7,1594,1
17,2.3,2.8,47,901,3,1,720.0,30,329,36,0.468,1.0,0.861,0.27,NOP,1610612740,New Orleans Pelicans,57.0,1220,2
18,1.75,2.5,59,673,2,2,480.0,39,190,38,0.203,1.0,0.921,0.211,NYK,1610612752,New York Knicks,37.5,900,0
19,2.23,2.81,63,1167,4,0,960.0,55,473,66,0.397,1.091,1.091,0.295,OKC,1610612760,Oklahoma City Thunder,75.1,1605,4
20,2.26,2.76,32,631,2,0,480.0,19,201,25,0.219,0.789,0.8,0.237,ORL,1610612753,Orlando Magic,39.1,849,2
21,1.99,2.41,29,707,2,2,480.0,21,208,29,0.276,1.0,1.069,0.219,PHI,1610612755,Philadelphia 76ers,38.1,951,0
22,2.07,2.49,55,1249,4,2,960.0,40,413,59,0.345,0.625,0.525,0.242,PHX,1610612756,Phoenix Suns,70.7,1705,2
23,2.49,2.95,65,1241,4,1,960.0,49,433,56,0.246,0.959,0.821,0.258,POR,1610612757,Portland Trail Blazers,82.6,1681,3
24,2.34,2.88,41,821,3,0,720.0,45,345,54,0.439,0.911,0.722,0.287,SAC,1610612758,Sacramento Kings,57.8,1203,3
25,2.23,2.78,76,1373,4,1,960.0,71,399,100,0.276,0.986,0.78,0.225,SAS,1610612759,San Antonio Spurs,81.9,1770,3
26,2.31,2.69,21,620,2,2,480.0,17,198,25,0.095,0.941,0.88,0.239,TOR,1610612761,Toronto Raptors,37.1,827,0
27,1.9,2.56,102,1533,4,0,960.0,57,378,64,0.137,0.649,0.625,0.196,UTA,1610612762,Utah Jazz,82.2,1931,4
28,1.96,2.48,37,617,2,2,480.0,26,213,34,0.27,0.692,0.588,0.248,WAS,1610612764,Washington Wizards,35.5,859,0
