,AVG_DRIB_PER_TOUCH,AVG_SEC_PER_TOUCH,ELBOW_TOUCHES,FRONT_CT_TOUCHES,GP,L,MIN,PAINT_TOUCHES,POINTS,POST_TOUCHES,PTS_PER_ELBOW_TOUCH,PTS_PER_PAINT_TOUCH,PTS_PER_POST_TOUCH,PTS_PER_TOUCH,TEAM_ABBREVIATION,TEAM_ID,TEAM_NAME,TIME_OF_POSS,TOUCHES,W
0,1.9,2.44,30,657,2,2,480.0,30,166,33,0.2,0.533,0.545,0.195,ATL,1610612737,Atlanta Hawks,34.6,850,0
1,1.79,2.29,37,647,2,2,480.0,18,192,24,0.324,0.333,0.25,0.221,BOS,1610612738,Boston Celtics,33.2,869,0
2,2.39,2.88,50,617,2,2,480.0,29,154,33,0.36,0.966,0.727,0.186,BKN,1610612751,Brooklyn Nets,39.7,826,0
3,2.53,3.02,24,511,2,1,480.0,14,185,17,0.375,0.929,0.471,0.259,CHA,1610612766,Charlotte Hornets,36.0,714,1
4,1.82,2.45,27,641,2,1,480.0,22,193,30,0.222,0.636,0.533,0.223,CHI,1610612741,Chicago Bulls,35.3,866,1
5,2.49,2.94,26,565,2,1,480.0,28,212,29,0.231,0.893,1.0,0.263,CLE,1610612739,Cleveland Cavaliers,39.4,805,1
6,2.17,2.62,70,1237,4,4,960.0,53,347,57,0.3,0.811,0.789,0.204,DAL,1610612742,Dallas Mavericks,74.2,1697,0
7,2.2,2.79,71,1173,4,3,960.0,76,366,76,0.352,0.816,0.763,0.231,DEN,1610612743,Denver Nuggets,73.9,1586,1
8,2.35,2.81,32,530,2,2,480.0,35,180,38,0.219,0.914,0.974,0.23,DET,1610612765,Detroit Pistons,36.6,783,0
9,1.93,2.51,48,1264,4,1,960.0,49,403,59,0.458,1.041,0.966,0.239,GSW,1610612744,Golden State Warriors,70.5,1687,3
10,2.05,2.64,44,1108,4,3,960.0,54,384,72,0.25,0.926,0.917,0.239,HOU,1610612745,Houston Rockets,70.5,1604,1
11,2.36,2.89,39,560,2,1,480.0,27,191,32,0.205,0.63,0.656,0.245,IND,1610612754,Indiana Pacers,37.6,780,1
12,2.39,3.0,41,807,3,2,720.0,33,299,36,0.61,1.061,0.889,0.257,LAC,1610612746,Los Angeles Clippers,58.2,1163,1
13,2.45,3.13,84,1086,4,4,960.0,50,397,56,0.25,0.88,0.768,0.264,LAL,1610612747,Los Angeles Lakers,78.5,1506,0
14,2.24,2.78,80,1139,4,4,960.0,36,356,45,0.15,0.611,0.578,0.226,MEM,1610612763,Memphis Grizzlies,73.0,1573,0
15,2.31,2.78,54,574,2,2,480.0,25,189,32,0.407,0.88,0.719,0.233,MIA,1610612748,Miami Heat,37.6,812,0
16,2.22,2.83,39,540,2,2,480.0,27,168,39,0.538,1.222,0.949,0.221,MIL,1610612749,Milwaukee Bucks,35.9,759,0
17,2.44,2.96,63,801,3,3,720.0,42,269,45,0.222,0.81,0.756,0.24,MIN,1610612750,Minnesota Timberwolves,55.3,1119,0
18,2.32,2.75,78,1193,4,3,960.0,46,379,54,0.385,1.087,0.944,0.232,NOP,1610612740,New Orleans Pelicans,75.0,1637,1
19,2.04,2.71,34,623,2,2,480.0,24,183,26,0.265,0.833,0.846,0.216,NYK,1610612752,New York Knicks,38.2,846,0
20,2.41,2.96,48,1112,4,2,985.0,39,406,52,0.396,1.205,1.038,0.258,OKC,1610612760,Oklahoma City Thunder,77.8,1575,2
21,2.09,2.76,32,656,2,2,480.0,20,188,31,0.313,0.9,0.645,0.217,ORL,1610612753,Orlando Magic,39.9,868,0
22,2.28,2.67,29,602,2,2,480.0,30,151,30,0.138,0.5,0.467,0.184,PHI,1610612755,Philadelphia 76ers,36.6,822,0
23,2.21,2.69,91,1209,4,4,960.0,43,363,71,0.33,0.651,0.718,0.218,PHX,1610612756,Phoenix Suns,74.6,1666,0
24,2.54,2.97,58,836,3,3,720.0,39,291,42,0.138,0.821,0.857,0.252,POR,1610612757,Portland Trail Blazers,57.1,1153,0
25,2.19,2.75,47,836,3,3,720.0,44,274,59,0.383,0.705,0.729,0.231,SAC,1610612758,Sacramento Kings,54.4,1188,0
26,2.49,2.92,19,621,2,1,480.0,13,192,19,0.105,1.231,1.158,0.236,TOR,1610612761,Toronto Raptors,39.6,815,1
27,2.02,2.6,109,1372,4,4,960.0,45,343,55,0.165,0.844,0.909,0.192,UTA,1610612762,Utah Jazz,77.3,1782,0
28,2.06,2.51,33,592,2,1,480.0,31,197,32,0.424,1.097,1.125,0.235,WAS,1610612764,Washington Wizards,35.0,837,1
