,AVG_DRIB_PER_TOUCH,AVG_SEC_PER_TOUCH,ELBOW_TOUCHES,FRONT_CT_TOUCHES,GP,L,MIN,PAINT_TOUCHES,POINTS,POST_TOUCHES,PTS_PER_ELBOW_TOUCH,PTS_PER_PAINT_TOUCH,PTS_PER_POST_TOUCH,PTS_PER_TOUCH,TEAM_ABBREVIATION,TEAM_ID,TEAM_NAME,TIME_OF_POSS,TOUCHES,W
0,1.99,2.44,41,1041,3,0,720.0,69,377,86,0.268,1.058,0.942,0.276,ATL,1610612737,Atlanta Hawks,55.5,1366,3
1,1.91,2.43,53,1260,4,0,960.0,60,428,77,0.491,0.883,0.662,0.25,BOS,1610612738,Boston Celtics,69.2,1710,4
2,2.35,2.88,65,1141,4,2,960.0,58,418,72,0.508,0.776,0.847,0.265,BKN,1610612751,Brooklyn Nets,75.6,1575,2
3,2.36,2.92,43,1134,4,0,960.0,56,432,57,0.535,1.339,1.123,0.274,CHA,1610612766,Charlotte Hornets,76.6,1574,4
4,2.04,2.7,55,1212,4,0,985.0,60,456,82,0.509,0.75,0.646,0.274,CHI,1610612741,Chicago Bulls,75.1,1666,4
5,2.19,2.79,40,1179,4,0,960.0,69,418,82,0.225,0.899,0.841,0.252,CLE,1610612739,Cleveland Cavaliers,77.1,1658,4
6,2.09,2.49,35,617,2,0,480.0,32,221,37,0.114,0.938,0.811,0.244,DAL,1610612742,Dallas Mavericks,37.5,904,2
7,2.17,2.81,23,597,2,0,480.0,37,212,43,0.609,0.838,0.814,0.255,DEN,1610612743,Denver Nuggets,39.1,833,2
8,2.55,3.03,57,1040,4,0,960.0,62,453,75,0.246,1.242,1.12,0.299,DET,1610612765,Detroit Pistons,76.6,1517,4
9,1.73,2.4,24,649,2,0,480.0,27,225,32,0.5,0.926,0.719,0.249,GSW,1610612744,Golden State Warriors,36.1,902,2
10,2.04,2.79,19,543,2,0,480.0,40,234,42,0.263,0.8,0.881,0.295,HOU,1610612745,Houston Rockets,37.0,794,2
11,1.99,2.65,46,909,3,0,720.0,41,318,61,0.261,0.756,0.77,0.253,IND,1610612754,Indiana Pacers,55.6,1259,3
12,2.45,3.0,30,555,2,0,505.0,29,228,34,0.4,1.379,1.147,0.286,LAC,1610612746,Los Angeles Clippers,39.9,796,2
13,2.46,3.17,21,497,2,1,480.0,25,184,28,0.381,0.8,0.714,0.25,LAL,1610612747,Los Angeles Lakers,38.9,737,1
14,2.13,2.68,48,629,2,0,480.0,37,196,46,0.313,0.514,0.5,0.227,MEM,1610612763,Memphis Grizzlies,38.5,862,2
15,2.4,2.79,46,874,3,0,720.0,47,311,67,0.391,0.894,0.791,0.252,MIA,1610612748,Miami Heat,57.3,1232,3
16,1.87,2.69,73,930,3,0,745.0,51,313,63,0.247,1.118,0.968,0.243,MIL,1610612749,Milwaukee Bucks,57.7,1289,3
17,2.42,2.9,46,524,2,1,480.0,27,199,32,0.217,1.407,1.188,0.261,MIN,1610612750,Minnesota Timberwolves,36.8,761,1
18,2.28,2.84,25,548,2,1,480.0,23,214,31,0.64,1.304,1.065,0.275,NOP,1610612740,New Orleans Pelicans,36.7,777,1
19,1.92,2.68,90,1412,4,0,1010.0,74,434,97,0.478,0.838,0.742,0.23,NYK,1610612752,New York Knicks,84.4,1891,4
20,2.34,2.79,45,571,2,0,480.0,40,213,43,0.222,0.85,0.93,0.266,OKC,1610612760,Oklahoma City Thunder,37.2,800,2
21,2.28,2.78,61,1146,4,1,960.0,51,446,60,0.377,0.745,0.7,0.278,ORL,1610612753,Orlando Magic,74.3,1603,3
22,1.96,2.45,43,619,2,2,480.0,37,207,41,0.302,0.811,0.707,0.238,PHX,1610612756,Phoenix Suns,35.5,869,0
23,2.5,2.98,42,554,2,1,480.0,21,197,25,0.31,0.571,0.72,0.249,POR,1610612757,Portland Trail Blazers,39.3,791,1
24,2.3,2.8,28,532,2,1,480.0,32,219,39,0.929,0.969,0.974,0.281,SAC,1610612758,Sacramento Kings,36.4,780,1
25,2.07,2.6,49,712,2,0,480.0,41,211,50,0.449,1.171,1.0,0.226,SAS,1610612759,San Antonio Spurs,40.5,932,2
26,2.42,2.94,55,1246,4,0,960.0,64,445,79,0.418,0.828,0.797,0.27,TOR,1610612761,Toronto Raptors,80.6,1647,4
27,2.06,2.58,40,685,2,0,480.0,25,194,28,0.3,0.76,0.607,0.214,UTA,1610612762,Utah Jazz,39.0,906,2
28,2.15,2.7,67,1178,4,0,960.0,66,424,79,0.493,1.076,0.924,0.256,WAS,1610612764,Washington Wizards,74.5,1658,4
