,AVG_DRIB_PER_TOUCH,AVG_SEC_PER_TOUCH,ELBOW_TOUCHES,FRONT_CT_TOUCHES,GP,L,MIN,PAINT_TOUCHES,POINTS,POST_TOUCHES,PTS_PER_ELBOW_TOUCH,PTS_PER_PAINT_TOUCH,PTS_PER_POST_TOUCH,PTS_PER_TOUCH,TEAM_ABBREVIATION,TEAM_ID,TEAM_NAME,TIME_OF_POSS,TOUCHES,W
0,1.92,2.57,32,630,2,0,480.0,29,206,36,0.281,1.0,0.806,0.252,ATL,1610612737,Atlanta Hawks,34.9,816,2
1,1.76,2.41,26,640,2,1,480.0,28,211,29,0.231,0.857,1.0,0.239,BOS,1610612738,Boston Celtics,35.5,884,1
2,2.1,2.68,35,597,2,2,480.0,40,199,46,0.343,1.15,0.848,0.248,BKN,1610612751,Brooklyn Nets,35.9,804,0
3,2.22,2.82,36,606,2,0,480.0,17,209,25,0.444,1.235,1.16,0.253,CHA,1610612766,Charlotte Hornets,38.9,827,2
4,1.92,2.63,38,626,2,0,480.0,32,240,41,0.316,1.125,0.927,0.287,CHI,1610612741,Chicago Bulls,36.7,837,2
5,2.25,3.03,32,538,2,0,480.0,26,240,31,0.5,1.0,0.839,0.309,CLE,1610612739,Cleveland Cavaliers,39.2,776,2
6,1.98,2.51,56,1036,3,0,720.0,50,285,68,0.089,0.94,0.779,0.201,DAL,1610612742,Dallas Mavericks,59.2,1416,3
7,2.09,2.79,85,1223,4,1,960.0,60,460,72,0.4,1.017,1.069,0.277,DEN,1610612743,Denver Nuggets,77.1,1658,3
8,2.3,2.87,31,578,2,1,480.0,28,196,35,0.0,0.714,0.8,0.245,DET,1610612765,Detroit Pistons,38.2,800,1
9,1.68,2.33,62,1323,4,1,960.0,62,431,78,0.387,1.145,1.077,0.244,GSW,1610612744,Golden State Warriors,68.5,1766,3
10,1.91,2.63,64,1156,4,0,960.0,74,475,83,0.141,0.865,0.867,0.293,HOU,1610612745,Houston Rockets,71.0,1622,4
11,1.84,2.52,45,611,2,0,480.0,28,196,25,0.156,0.929,0.96,0.228,IND,1610612754,Indiana Pacers,36.1,859,2
12,2.29,2.85,69,1159,4,0,960.0,48,393,52,0.319,1.021,0.808,0.247,LAC,1610612746,Los Angeles Clippers,75.6,1590,4
13,2.14,2.82,78,1166,4,1,960.0,47,452,52,0.462,0.936,0.923,0.281,MEM,1610612763,Memphis Grizzlies,75.7,1608,3
14,2.09,2.63,48,645,2,1,505.0,38,201,45,0.25,1.053,1.156,0.224,MIA,1610612748,Miami Heat,39.4,898,1
15,1.88,2.6,52,583,2,1,480.0,52,203,60,0.173,0.712,0.683,0.25,MIL,1610612749,Milwaukee Bucks,35.2,811,1
16,2.3,2.89,68,882,3,1,745.0,54,350,54,0.5,1.093,0.981,0.28,MIN,1610612750,Minnesota Timberwolves,60.2,1249,2
17,2.46,2.86,44,853,3,2,720.0,34,297,44,0.364,0.647,0.727,0.25,NOP,1610612740,New Orleans Pelicans,56.7,1189,1
18,1.63,2.52,52,706,2,0,480.0,27,189,38,0.269,0.889,0.763,0.206,NYK,1610612752,New York Knicks,38.5,919,2
19,2.33,3.02,43,1056,4,0,960.0,58,467,68,0.488,1.086,1.147,0.316,OKC,1610612760,Oklahoma City Thunder,74.4,1479,4
20,2.12,2.68,20,614,2,1,480.0,21,199,31,0.0,0.952,0.806,0.247,ORL,1610612753,Orlando Magic,36.0,806,1
21,2.2,2.63,23,644,2,1,480.0,22,187,33,0.087,1.227,0.97,0.211,PHI,1610612755,Philadelphia 76ers,38.9,887,1
22,2.18,2.68,54,1188,4,1,960.0,54,411,73,0.204,0.796,0.822,0.253,PHX,1610612756,Phoenix Suns,72.4,1624,3
23,2.31,2.93,52,880,3,0,720.0,35,336,47,0.327,1.0,0.915,0.28,POR,1610612757,Portland Trail Blazers,58.8,1202,3
24,2.02,2.68,58,1157,4,0,960.0,82,468,104,0.241,0.829,0.76,0.284,SAC,1610612758,Sacramento Kings,73.8,1650,4
25,2.03,2.61,86,1328,4,0,960.0,78,442,99,0.116,0.833,0.768,0.253,SAS,1610612759,San Antonio Spurs,75.9,1747,4
26,2.46,2.9,29,666,2,0,480.0,15,204,17,0.207,1.2,1.118,0.238,TOR,1610612761,Toronto Raptors,41.5,858,2
27,1.9,2.58,102,1437,4,1,960.0,63,414,73,0.127,0.873,0.74,0.225,UTA,1610612762,Utah Jazz,79.2,1840,3
28,2.0,2.73,28,543,2,1,480.0,30,205,33,0.321,1.067,1.091,0.266,WAS,1610612764,Washington Wizards,35.1,772,1
