,AVG_DRIB_PER_TOUCH,AVG_SEC_PER_TOUCH,ELBOW_TOUCHES,FRONT_CT_TOUCHES,GP,L,MIN,PAINT_TOUCHES,POINTS,POST_TOUCHES,PTS_PER_ELBOW_TOUCH,PTS_PER_PAINT_TOUCH,PTS_PER_POST_TOUCH,PTS_PER_TOUCH,TEAM_ABBREVIATION,TEAM_ID,TEAM_NAME,TIME_OF_POSS,TOUCHES,W
0,1.76,2.33,42,1199,3,2,795.0,55,311,76,0.238,0.727,0.632,0.202,ATL,1610612737,Atlanta Hawks,59.7,1538,1
1,1.96,2.52,65,1363,4,1,960.0,62,446,67,0.508,1.129,0.97,0.245,BOS,1610612738,Boston Celtics,76.2,1817,3
2,2.09,2.62,56,968,3,3,720.0,45,282,55,0.411,0.711,0.6,0.218,BKN,1610612751,Brooklyn Nets,56.4,1291,0
3,2.21,2.69,58,1320,4,1,960.0,44,392,57,0.241,0.841,0.719,0.224,CHA,1610612766,Charlotte Hornets,78.4,1747,3
4,1.83,2.51,59,1369,4,1,960.0,74,420,101,0.237,0.892,0.842,0.23,CHI,1610612741,Chicago Bulls,76.4,1827,3
5,2.02,2.62,58,1408,4,1,1010.0,75,442,84,0.241,0.92,0.821,0.233,CLE,1610612739,Cleveland Cavaliers,82.8,1894,3
6,1.8,2.35,63,747,2,1,480.0,29,198,32,0.063,0.966,0.906,0.201,DAL,1610612742,Dallas Mavericks,38.5,983,1
7,1.9,2.6,46,679,2,1,480.0,33,177,42,0.13,0.879,0.833,0.203,DEN,1610612743,Denver Nuggets,37.7,871,1
8,2.33,2.81,60,1214,4,1,960.0,61,384,68,0.133,0.574,0.603,0.228,DET,1610612765,Detroit Pistons,78.7,1682,3
9,1.71,2.27,30,652,2,1,480.0,40,216,42,0.367,0.975,0.952,0.243,GSW,1610612744,Golden State Warriors,33.6,890,1
10,1.9,2.47,24,675,2,1,480.0,41,223,49,0.25,0.878,0.735,0.245,HOU,1610612745,Houston Rockets,37.5,910,1
11,1.96,2.58,62,1364,4,1,960.0,81,440,108,0.258,0.778,0.731,0.24,IND,1610612754,Indiana Pacers,78.5,1830,3
12,2.22,2.72,38,648,2,0,480.0,20,212,25,0.237,1.05,0.76,0.243,LAC,1610612746,Los Angeles Clippers,39.5,871,2
13,2.25,2.97,17,612,2,1,480.0,33,214,40,0.294,0.818,0.7,0.253,LAL,1610612747,Los Angeles Lakers,41.9,846,1
14,2.24,2.77,45,682,2,1,480.0,28,189,34,0.156,0.857,0.824,0.215,MEM,1610612763,Memphis Grizzlies,40.7,881,1
15,2.25,2.7,48,955,3,2,720.0,44,294,58,0.208,1.136,1.052,0.217,MIA,1610612748,Miami Heat,61.0,1353,1
16,2.17,2.71,49,625,2,2,480.0,31,186,38,0.224,0.935,0.868,0.218,MIN,1610612750,Minnesota Timberwolves,38.7,855,0
17,2.4,2.81,18,623,2,1,480.0,33,208,32,0.389,0.909,0.938,0.246,NOP,1610612740,New Orleans Pelicans,39.5,844,1
18,1.55,2.27,99,1542,4,2,960.0,66,405,84,0.263,0.955,0.762,0.205,NYK,1610612752,New York Knicks,74.8,1977,2
19,2.35,2.81,21,576,2,0,480.0,41,235,50,0.381,0.878,0.68,0.293,OKC,1610612760,Oklahoma City Thunder,37.6,803,2
20,2.13,2.65,37,1330,4,2,960.0,57,431,76,0.378,0.86,0.789,0.241,ORL,1610612753,Orlando Magic,78.8,1785,2
21,1.96,2.45,45,1146,3,3,745.0,54,295,69,0.178,0.926,0.826,0.198,PHI,1610612755,Philadelphia 76ers,60.8,1487,0
22,1.7,2.3,40,713,2,2,480.0,35,189,37,0.25,0.971,0.865,0.196,PHX,1610612756,Phoenix Suns,37.0,965,0
23,2.3,2.77,35,647,2,1,480.0,29,195,40,0.057,0.931,0.875,0.226,POR,1610612757,Portland Trail Blazers,39.9,864,1
24,2.23,2.81,29,664,2,0,480.0,22,240,31,0.414,0.955,0.677,0.272,SAC,1610612758,Sacramento Kings,41.4,883,2
25,1.8,2.33,38,783,2,0,480.0,45,218,56,0.105,0.956,0.804,0.217,SAS,1610612759,San Antonio Spurs,39.0,1004,2
26,2.39,2.74,49,1348,4,0,960.0,38,414,48,0.245,1.026,0.896,0.234,TOR,1610612761,Toronto Raptors,80.5,1766,4
27,1.73,2.41,42,868,2,0,480.0,37,178,42,0.286,0.649,0.524,0.168,UTA,1610612762,Utah Jazz,42.5,1060,2
28,1.88,2.41,73,1356,4,1,960.0,51,431,62,0.329,0.961,0.887,0.235,WAS,1610612764,Washington Wizards,73.6,1834,3
