,AVG_DRIB_PER_TOUCH,AVG_SEC_PER_TOUCH,ELBOW_TOUCHES,FRONT_CT_TOUCHES,GP,L,MIN,PAINT_TOUCHES,POINTS,POST_TOUCHES,PTS_PER_ELBOW_TOUCH,PTS_PER_PAINT_TOUCH,PTS_PER_POST_TOUCH,PTS_PER_TOUCH,TEAM_ABBREVIATION,TEAM_ID,TEAM_NAME,TIME_OF_POSS,TOUCHES,W
0,2.09,2.62,32,686,2,0,480.0,34,227,42,0.219,0.853,0.929,0.257,ATL,1610612737,Atlanta Hawks,38.5,884,2
1,1.83,2.41,31,737,2,0,480.0,30,215,32,0.258,0.733,0.719,0.224,BOS,1610612738,Boston Celtics,38.5,960,2
2,2.34,2.92,42,629,2,2,480.0,29,190,32,0.238,0.966,1.0,0.222,BKN,1610612751,Brooklyn Nets,41.5,854,0
3,2.36,2.8,18,606,2,1,480.0,16,229,22,0.222,0.563,0.773,0.273,CHA,1610612766,Charlotte Hornets,39.2,839,1
4,2.22,2.84,27,651,2,0,480.0,25,219,28,0.519,1.16,0.964,0.256,CHI,1610612741,Chicago Bulls,40.6,856,2
5,2.22,2.84,31,666,2,1,505.0,23,207,30,0.065,1.217,1.0,0.222,CLE,1610612739,Cleveland Cavaliers,44.3,934,1
6,2.04,2.56,67,1407,4,2,960.0,40,410,49,0.239,1.45,1.163,0.215,DAL,1610612742,Dallas Mavericks,81.5,1910,2
7,2.46,2.94,32,901,3,2,720.0,38,335,44,0.438,0.974,0.75,0.271,DEN,1610612743,Denver Nuggets,60.6,1237,1
8,2.46,2.92,21,586,2,2,480.0,24,205,35,0.143,0.917,0.743,0.247,DET,1610612765,Detroit Pistons,40.4,831,0
9,1.82,2.46,39,982,3,0,720.0,56,370,72,0.256,0.929,0.778,0.282,GSW,1610612744,Golden State Warriors,53.9,1312,3
10,2.09,2.66,40,1229,4,1,960.0,48,428,65,0.15,0.917,0.8,0.25,HOU,1610612745,Houston Rockets,75.9,1710,3
11,1.95,2.7,43,676,2,0,480.0,20,183,33,0.419,0.85,0.788,0.203,IND,1610612754,Indiana Pacers,40.5,901,2
12,2.36,2.87,49,1246,4,1,985.0,51,425,54,0.204,1.0,0.944,0.247,LAC,1610612746,Los Angeles Clippers,82.4,1723,3
13,2.18,2.99,52,867,3,1,720.0,35,296,45,0.135,0.571,0.556,0.241,LAL,1610612747,Los Angeles Lakers,61.3,1229,2
14,2.16,2.82,85,1311,4,0,985.0,63,445,96,0.353,0.841,0.667,0.25,MEM,1610612763,Memphis Grizzlies,83.6,1780,4
15,2.38,2.83,38,660,2,0,505.0,20,207,25,0.368,1.05,1.0,0.229,MIA,1610612748,Miami Heat,42.6,903,2
16,2.34,3.02,38,546,2,1,480.0,27,202,33,0.263,1.111,0.97,0.264,MIL,1610612749,Milwaukee Bucks,38.6,766,1
17,2.24,2.77,88,1229,4,2,960.0,68,457,73,0.33,1.294,1.233,0.272,MIN,1610612750,Minnesota Timberwolves,77.6,1678,2
18,1.76,2.52,46,764,2,1,480.0,30,186,43,0.283,0.7,0.581,0.188,NYK,1610612752,New York Knicks,41.7,990,1
19,2.67,3.14,53,809,3,1,720.0,49,350,46,0.528,0.98,0.891,0.304,OKC,1610612760,Oklahoma City Thunder,60.3,1151,2
20,2.18,2.77,20,679,2,0,480.0,21,207,32,0.65,1.095,0.969,0.231,ORL,1610612753,Orlando Magic,41.3,895,2
21,2.21,2.69,37,676,2,1,480.0,16,221,20,0.162,1.375,1.1,0.239,PHI,1610612755,Philadelphia 76ers,41.6,926,1
22,1.99,2.46,65,1317,4,2,960.0,55,455,67,0.169,0.764,0.657,0.246,PHX,1610612756,Phoenix Suns,75.9,1850,2
23,2.5,2.97,56,1222,4,1,960.0,45,423,45,0.143,0.756,0.8,0.252,POR,1610612757,Portland Trail Blazers,83.0,1680,3
24,2.23,2.73,43,1159,4,4,960.0,50,422,65,0.581,1.02,0.862,0.256,SAC,1610612758,Sacramento Kings,75.2,1650,0
25,2.06,2.59,94,1394,4,1,960.0,50,394,63,0.319,0.56,0.492,0.215,SAS,1610612759,San Antonio Spurs,79.0,1831,3
26,2.38,2.85,28,646,2,0,480.0,22,215,27,0.286,0.909,0.926,0.254,TOR,1610612761,Toronto Raptors,40.3,848,2
27,2.05,2.73,115,1501,4,2,960.0,62,397,77,0.243,0.855,0.883,0.208,UTA,1610612762,Utah Jazz,86.9,1912,2
28,2.26,2.73,27,628,2,1,480.0,33,214,43,0.296,0.879,0.814,0.253,WAS,1610612764,Washington Wizards,38.5,845,1
