,AVG_DRIB_PER_TOUCH,AVG_SEC_PER_TOUCH,ELBOW_TOUCHES,FRONT_CT_TOUCHES,GP,L,MIN,PAINT_TOUCHES,POINTS,POST_TOUCHES,PTS_PER_ELBOW_TOUCH,PTS_PER_PAINT_TOUCH,PTS_PER_POST_TOUCH,PTS_PER_TOUCH,TEAM_ABBREVIATION,TEAM_ID,TEAM_NAME,TIME_OF_POSS,TOUCHES,W
0,2.08,2.61,34,623,2,2,480.0,27,202,33,0.118,0.667,0.667,0.239,ATL,1610612737,Atlanta Hawks,36.7,844,0
1,1.88,2.38,28,643,2,1,480.0,29,235,32,0.429,0.828,0.813,0.269,BOS,1610612738,Boston Celtics,34.7,874,1
2,2.4,2.9,44,637,2,2,480.0,29,203,42,0.386,1.172,0.81,0.232,BKN,1610612751,Brooklyn Nets,42.2,874,0
3,2.5,2.87,27,582,2,0,480.0,22,212,26,0.556,0.864,0.538,0.26,CHA,1610612766,Charlotte Hornets,39.0,815,2
4,1.93,2.57,30,686,2,2,505.0,29,198,40,0.2,0.828,0.775,0.215,CHI,1610612741,Chicago Bulls,39.4,921,0
5,2.15,3.02,28,590,2,0,480.0,25,239,31,0.643,0.96,0.935,0.288,CLE,1610612739,Cleveland Cavaliers,41.7,830,2
6,2.23,2.72,79,1293,4,0,985.0,44,415,49,0.342,0.955,1.02,0.234,DAL,1610612742,Dallas Mavericks,80.3,1772,4
7,2.45,2.92,45,1215,4,1,985.0,83,379,107,0.289,0.795,0.766,0.227,DEN,1610612743,Denver Nuggets,81.2,1670,3
8,2.48,2.96,26,521,2,0,480.0,23,211,27,0.077,1.13,1.037,0.275,DET,1610612765,Detroit Pistons,37.8,767,2
9,1.95,2.47,44,1007,3,1,745.0,49,355,62,0.295,1.306,1.194,0.259,GSW,1610612744,Golden State Warriors,56.4,1369,2
10,2.01,2.75,28,898,3,0,720.0,51,352,65,0.214,1.02,0.938,0.28,HOU,1610612745,Houston Rockets,57.8,1259,3
11,2.02,2.74,33,664,2,0,480.0,32,209,41,0.182,0.875,0.78,0.236,IND,1610612754,Indiana Pacers,40.4,885,2
12,2.57,2.98,53,1118,4,1,960.0,45,418,55,0.245,1.067,0.982,0.267,LAC,1610612746,Los Angeles Clippers,77.8,1567,3
13,2.36,3.12,41,830,3,2,745.0,26,352,30,0.244,0.846,0.8,0.298,LAL,1610612747,Los Angeles Lakers,61.3,1181,1
14,2.3,2.82,71,1218,4,2,960.0,64,432,77,0.268,0.672,0.636,0.259,MEM,1610612763,Memphis Grizzlies,78.4,1670,2
15,2.33,2.77,30,592,2,1,480.0,34,187,35,0.2,1.059,1.086,0.224,MIA,1610612748,Miami Heat,38.5,835,1
16,2.12,2.8,42,578,2,0,480.0,26,211,28,0.357,1.231,1.286,0.26,MIL,1610612749,Milwaukee Bucks,37.8,810,2
17,2.45,2.92,43,1166,4,2,960.0,40,449,53,0.395,1.075,1.075,0.274,NOP,1610612740,New Orleans Pelicans,80.0,1641,2
18,1.66,2.47,45,761,2,0,480.0,31,210,44,0.356,0.968,0.864,0.215,NYK,1610612752,New York Knicks,40.2,979,2
19,2.45,2.96,49,1129,4,1,960.0,59,436,80,0.469,0.915,0.888,0.28,OKC,1610612760,Oklahoma City Thunder,76.9,1559,3
20,2.15,2.76,31,662,2,0,505.0,27,200,32,0.194,0.889,0.875,0.225,ORL,1610612753,Orlando Magic,40.8,888,2
21,2.39,2.8,32,635,2,1,480.0,23,204,30,0.438,0.826,0.6,0.231,PHI,1610612755,Philadelphia 76ers,41.2,884,1
22,2.26,2.68,51,1262,4,2,960.0,63,418,77,0.333,0.952,0.766,0.236,PHX,1610612756,Phoenix Suns,79.3,1773,2
23,2.65,3.13,59,1106,4,1,960.0,35,416,40,0.424,0.943,0.725,0.266,POR,1610612757,Portland Trail Blazers,81.4,1561,3
24,2.64,3.02,47,1080,4,4,960.0,56,387,72,0.468,0.839,0.792,0.253,SAC,1610612758,Sacramento Kings,77.0,1528,0
25,2.27,2.75,66,1027,3,0,720.0,62,325,79,0.273,1.081,0.886,0.241,SAS,1610612759,San Antonio Spurs,61.8,1350,3
26,2.54,2.84,15,644,2,1,480.0,22,226,26,0.267,1.273,1.154,0.259,TOR,1610612761,Toronto Raptors,41.3,873,1
27,2.03,2.61,81,1472,4,1,960.0,37,374,54,0.136,0.865,0.667,0.201,UTA,1610612762,Utah Jazz,80.8,1860,3
28,2.19,2.72,33,673,2,1,530.0,36,233,48,0.242,0.806,0.729,0.248,WAS,1610612764,Washington Wizards,42.6,940,1
