,AVG_DRIB_PER_TOUCH,AVG_SEC_PER_TOUCH,ELBOW_TOUCHES,FRONT_CT_TOUCHES,GP,L,MIN,PAINT_TOUCHES,POINTS,POST_TOUCHES,PTS_PER_ELBOW_TOUCH,PTS_PER_PAINT_TOUCH,PTS_PER_POST_TOUCH,PTS_PER_TOUCH,TEAM_ABBREVIATION,TEAM_ID,TEAM_NAME,TIME_OF_POSS,TOUCHES,W
0,1.89,2.47,32,686,2,1,480.0,33,191,40,0.531,0.667,0.45,0.214,ATL,1610612737,Atlanta Hawks,36.7,893,1
1,1.93,2.55,14,316,1,0,240.0,15,128,15,1.071,1.267,1.133,0.281,BOS,1610612738,Boston Celtics,19.3,455,1
2,2.2,2.79,35,653,2,1,480.0,38,237,43,0.286,0.895,0.837,0.264,BKN,1610612751,Brooklyn Nets,41.8,897,1
3,2.33,2.72,32,746,2,0,555.0,23,256,26,0.344,0.565,0.654,0.253,CHA,1610612766,Charlotte Hornets,45.9,1013,2
4,1.91,2.6,35,658,2,0,480.0,21,216,36,0.2,1.0,0.694,0.241,CHI,1610612741,Chicago Bulls,38.8,895,2
5,2.06,2.67,32,638,2,0,480.0,18,240,22,0.156,1.0,0.955,0.264,CLE,1610612739,Cleveland Cavaliers,40.4,910,2
6,2.06,2.58,78,1382,4,3,1010.0,59,427,70,0.333,0.949,0.829,0.226,DAL,1610612742,Dallas Mavericks,81.4,1890,1
7,2.18,2.76,41,902,3,3,720.0,56,326,76,0.244,0.911,0.803,0.258,DEN,1610612743,Denver Nuggets,58.1,1263,0
8,2.47,2.95,25,530,2,1,480.0,24,207,28,0.52,1.0,0.929,0.262,DET,1610612765,Detroit Pistons,38.8,790,1
9,1.68,2.31,75,1429,4,0,960.0,94,473,106,0.32,1.032,0.925,0.247,GSW,1610612744,Golden State Warriors,73.6,1912,4
10,1.98,2.63,37,1151,4,1,960.0,66,449,78,0.324,0.909,0.808,0.271,HOU,1610612745,Houston Rockets,72.5,1654,3
11,2.03,2.7,36,632,2,2,480.0,29,203,34,0.194,0.793,0.824,0.231,IND,1610612754,Indiana Pacers,39.5,877,0
12,2.34,2.91,61,1151,4,1,960.0,49,445,58,0.344,0.959,0.828,0.271,LAC,1610612746,Los Angeles Clippers,79.8,1642,3
13,2.13,2.9,55,1135,4,4,960.0,63,420,78,0.327,0.841,0.808,0.252,LAL,1610612747,Los Angeles Lakers,80.5,1668,0
14,2.24,2.89,68,959,3,0,720.0,58,328,70,0.25,1.086,0.886,0.245,MEM,1610612763,Memphis Grizzlies,64.5,1339,3
15,2.47,2.99,38,632,2,0,480.0,32,228,44,0.211,1.063,1.068,0.259,MIA,1610612748,Miami Heat,43.8,879,2
16,1.88,2.55,45,609,2,2,480.0,31,222,42,0.244,1.129,0.857,0.267,MIL,1610612749,Milwaukee Bucks,35.3,831,0
17,2.35,2.95,67,1152,4,0,960.0,64,418,80,0.448,0.656,0.65,0.258,MIN,1610612750,Minnesota Timberwolves,79.7,1622,4
18,2.31,2.86,61,1171,4,0,960.0,55,461,61,0.393,0.891,0.869,0.276,NOP,1610612740,New Orleans Pelicans,79.8,1673,4
19,1.66,2.48,40,715,2,2,480.0,32,177,49,0.375,0.875,0.694,0.186,NYK,1610612752,New York Knicks,39.3,952,0
20,2.37,3.03,41,1073,4,2,960.0,60,445,64,0.39,0.717,0.688,0.291,OKC,1610612760,Oklahoma City Thunder,77.3,1530,2
21,2.07,2.54,22,657,2,1,480.0,28,198,39,0.455,1.143,0.897,0.221,ORL,1610612753,Orlando Magic,37.9,894,1
22,2.09,2.52,33,712,2,1,480.0,31,220,38,0.303,1.065,0.868,0.226,PHI,1610612755,Philadelphia 76ers,40.9,972,1
23,1.84,2.44,75,1320,4,3,960.0,71,432,90,0.293,0.901,0.778,0.231,PHX,1610612756,Phoenix Suns,76.0,1867,1
24,2.54,3.04,53,1206,4,0,960.0,62,430,63,0.226,0.823,0.746,0.259,POR,1610612757,Portland Trail Blazers,84.0,1658,4
25,2.06,2.52,67,1056,3,0,720.0,59,318,70,0.134,1.085,1.029,0.225,SAS,1610612759,San Antonio Spurs,59.5,1413,3
26,2.46,2.82,17,655,2,2,480.0,18,195,27,0.471,0.278,0.333,0.223,TOR,1610612761,Toronto Raptors,41.1,876,0
27,1.95,2.53,70,1149,3,2,720.0,30,315,39,0.229,0.733,0.641,0.213,UTA,1610612762,Utah Jazz,62.4,1481,1
28,2.04,2.7,36,610,2,1,480.0,38,224,46,0.556,0.763,0.717,0.26,WAS,1610612764,Washington Wizards,38.8,863,1
