,AVG_DRIB_PER_TOUCH,AVG_SEC_PER_TOUCH,ELBOW_TOUCHES,FRONT_CT_TOUCHES,GP,L,MIN,PAINT_TOUCHES,POINTS,POST_TOUCHES,PTS_PER_ELBOW_TOUCH,PTS_PER_PAINT_TOUCH,PTS_PER_POST_TOUCH,PTS_PER_TOUCH,TEAM_ABBREVIATION,TEAM_ID,TEAM_NAME,TIME_OF_POSS,TOUCHES,W
0,2.0,2.49,60,1361,4,1,960.0,58,362,68,0.317,0.724,0.676,0.208,ATL,1610612737,Atlanta Hawks,72.0,1739,3
1,1.97,2.44,45,1004,3,1,720.0,45,300,47,0.289,0.911,0.851,0.224,BOS,1610612738,Boston Celtics,54.4,1338,2
2,2.22,2.72,90,1232,4,4,960.0,45,406,61,0.411,1.044,0.902,0.244,BKN,1610612751,Brooklyn Nets,75.3,1663,0
3,1.82,2.38,83,1401,4,3,960.0,58,394,70,0.386,0.914,0.6,0.218,CHI,1610612741,Chicago Bulls,71.5,1804,1
4,2.3,2.88,83,1224,4,1,960.0,57,418,69,0.145,0.772,0.667,0.251,CLE,1610612739,Cleveland Cavaliers,79.8,1664,3
5,1.94,2.4,39,683,2,1,480.0,25,201,34,0.256,1.04,0.941,0.214,DAL,1610612742,Dallas Mavericks,37.6,941,1
6,2.41,2.88,31,601,2,0,480.0,28,196,33,0.226,0.821,0.818,0.24,DEN,1610612743,Denver Nuggets,39.3,818,2
7,2.42,2.84,49,864,3,2,720.0,41,299,43,0.286,0.878,0.791,0.241,DET,1610612765,Detroit Pistons,58.6,1239,1
8,1.7,2.34,45,699,2,0,480.0,21,227,33,0.311,1.0,0.788,0.249,GSW,1610612744,Golden State Warriors,35.6,912,2
9,1.83,2.54,29,568,2,1,480.0,30,211,33,0.276,0.733,0.788,0.259,HOU,1610612745,Houston Rockets,34.6,815,1
10,1.98,2.58,52,938,3,3,720.0,53,291,61,0.231,1.094,1.066,0.229,IND,1610612754,Indiana Pacers,54.8,1273,0
11,2.8,3.11,21,542,2,0,480.0,25,219,25,0.238,1.04,0.96,0.284,LAC,1610612746,Los Angeles Clippers,40.1,772,2
12,2.06,2.9,32,551,2,2,480.0,19,180,25,0.25,0.947,0.88,0.234,LAL,1610612747,Los Angeles Lakers,37.2,769,0
13,2.02,2.59,50,677,2,2,480.0,36,191,47,0.04,0.75,0.745,0.212,MEM,1610612763,Memphis Grizzlies,38.9,900,0
14,2.32,2.8,105,1224,4,2,960.0,63,389,75,0.248,1.079,0.933,0.235,MIA,1610612748,Miami Heat,77.3,1658,2
15,2.05,2.76,94,1220,4,3,960.0,70,373,89,0.191,0.871,0.921,0.228,MIL,1610612749,Milwaukee Bucks,75.2,1636,1
16,2.24,2.87,62,615,2,2,480.0,20,198,27,0.387,0.55,0.333,0.242,MIN,1610612750,Minnesota Timberwolves,39.1,819,0
17,2.07,2.59,43,653,2,1,480.0,18,222,18,0.465,0.944,1.056,0.255,NOP,1610612740,New Orleans Pelicans,37.5,871,1
18,1.61,2.37,117,1518,4,3,960.0,57,376,78,0.291,1.053,0.846,0.191,NYK,1610612752,New York Knicks,77.8,1970,1
19,2.42,2.91,24,590,2,0,480.0,34,218,38,0.417,0.971,1.026,0.274,OKC,1610612760,Oklahoma City Thunder,38.7,796,2
20,2.17,2.65,69,1311,4,3,985.0,45,431,50,0.348,0.644,0.74,0.25,ORL,1610612753,Orlando Magic,76.4,1727,1
21,1.89,2.32,63,1509,4,4,960.0,56,363,63,0.19,0.75,0.81,0.184,PHI,1610612755,Philadelphia 76ers,76.4,1977,0
22,2.02,2.56,32,679,2,1,480.0,25,203,36,0.094,0.88,0.778,0.222,PHX,1610612756,Phoenix Suns,39.0,914,1
23,2.35,2.82,36,609,2,1,480.0,27,203,35,0.222,1.037,0.857,0.25,POR,1610612757,Portland Trail Blazers,38.3,813,1
24,2.02,2.58,21,696,2,2,555.0,43,250,60,0.429,1.233,1.15,0.256,SAC,1610612758,Sacramento Kings,42.0,978,0
25,2.11,2.55,58,746,2,1,480.0,50,202,61,0.155,0.94,0.82,0.211,SAS,1610612759,San Antonio Spurs,40.7,957,1
26,2.09,2.62,58,1060,3,1,745.0,36,299,43,0.31,0.917,0.814,0.214,TOR,1610612761,Toronto Raptors,60.9,1395,2
27,1.86,2.44,61,832,2,1,530.0,26,221,25,0.164,0.923,1.04,0.211,UTA,1610612762,Utah Jazz,42.6,1049,1
28,2.07,2.64,64,1215,4,2,960.0,63,413,68,0.266,0.762,0.706,0.247,WAS,1610612764,Washington Wizards,73.5,1673,2
