,AVG_DRIB_PER_TOUCH,AVG_SEC_PER_TOUCH,ELBOW_TOUCHES,FRONT_CT_TOUCHES,GP,L,MIN,PAINT_TOUCHES,POINTS,POST_TOUCHES,PTS_PER_ELBOW_TOUCH,PTS_PER_PAINT_TOUCH,PTS_PER_POST_TOUCH,PTS_PER_TOUCH,TEAM_ABBREVIATION,TEAM_ID,TEAM_NAME,TIME_OF_POSS,TOUCHES,W
0,1.91,2.46,39,1000,3,3,745.0,41,299,55,0.41,0.756,0.6,0.225,ATL,1610612737,Atlanta Hawks,54.4,1326,0
1,2.06,2.61,39,888,3,2,720.0,32,284,37,0.256,0.656,0.676,0.239,BOS,1610612738,Boston Celtics,51.6,1187,1
2,2.68,3.04,58,1127,4,3,960.0,37,357,55,0.483,0.811,0.727,0.232,BKN,1610612751,Brooklyn Nets,78.0,1539,1
3,2.43,2.86,44,1146,4,3,960.0,36,402,47,0.386,1.0,0.936,0.258,CHA,1610612766,Charlotte Hornets,74.4,1561,1
4,2.23,2.91,55,1208,4,1,960.0,43,393,52,0.4,0.535,0.577,0.242,CHI,1610612741,Chicago Bulls,78.5,1621,3
5,2.13,2.57,30,654,2,2,505.0,33,205,36,0.467,1.152,1.111,0.229,DAL,1610612742,Dallas Mavericks,38.2,894,0
6,2.2,2.73,20,632,2,2,480.0,31,178,46,0.1,0.806,0.848,0.209,DEN,1610612743,Denver Nuggets,38.7,851,0
7,2.62,3.04,39,1043,4,1,985.0,51,418,53,0.41,0.863,0.906,0.271,DET,1610612765,Detroit Pistons,78.2,1541,3
8,1.9,2.49,23,601,2,0,480.0,21,221,33,0.565,1.286,1.212,0.273,GSW,1610612744,Golden State Warriors,33.7,811,2
9,1.9,2.7,29,533,2,1,480.0,31,183,38,0.345,0.677,0.658,0.237,HOU,1610612745,Houston Rockets,34.7,772,1
10,2.17,2.8,78,1261,4,3,985.0,60,422,71,0.154,0.883,0.859,0.246,IND,1610612754,Indiana Pacers,80.2,1717,1
11,2.52,2.99,22,498,2,2,480.0,36,192,29,0.591,0.861,0.931,0.263,LAC,1610612746,Los Angeles Clippers,36.4,731,0
12,2.03,3.03,24,525,2,2,480.0,30,219,37,0.417,1.0,0.919,0.289,LAL,1610612747,Los Angeles Lakers,38.3,758,0
13,2.23,2.8,57,577,2,1,480.0,21,182,27,0.211,0.81,0.704,0.216,MEM,1610612763,Memphis Grizzlies,39.3,841,1
14,2.43,2.99,56,809,3,1,720.0,51,313,57,0.321,0.882,0.912,0.276,MIA,1610612748,Miami Heat,56.5,1135,2
15,2.28,2.93,99,1204,4,3,1010.0,65,392,78,0.253,0.723,0.654,0.238,MIL,1610612749,Milwaukee Bucks,80.7,1650,1
16,2.11,3.05,52,539,2,2,480.0,31,206,38,0.365,1.129,1.105,0.271,MIN,1610612750,Minnesota Timberwolves,38.7,761,0
17,2.46,2.92,27,538,2,1,505.0,20,198,25,0.667,0.95,0.84,0.261,NOP,1610612740,New Orleans Pelicans,36.9,758,1
18,1.89,2.56,68,1302,4,4,960.0,48,347,48,0.397,0.833,0.833,0.201,NYK,1610612752,New York Knicks,73.6,1724,0
19,2.29,2.89,33,555,2,2,480.0,23,192,22,0.424,1.174,1.227,0.251,OKC,1610612760,Oklahoma City Thunder,36.9,765,0
20,2.3,2.83,54,1164,4,4,960.0,45,361,57,0.333,0.978,0.877,0.228,ORL,1610612753,Orlando Magic,74.8,1585,0
21,2.26,2.66,52,1278,4,4,960.0,63,373,78,0.308,0.841,0.808,0.217,PHI,1610612755,Philadelphia 76ers,76.2,1721,0
22,2.1,2.71,51,634,2,2,480.0,31,190,32,0.235,0.677,0.781,0.228,PHX,1610612756,Phoenix Suns,37.8,835,0
23,2.59,3.03,28,589,2,1,480.0,33,205,28,0.536,0.818,0.786,0.258,POR,1610612757,Portland Trail Blazers,40.1,794,1
24,2.34,2.82,20,517,2,2,480.0,25,211,32,0.55,0.92,0.875,0.28,SAC,1610612758,Sacramento Kings,35.4,754,0
25,2.3,2.77,19,613,2,1,480.0,27,202,34,0.316,0.63,0.706,0.246,SAS,1610612759,San Antonio Spurs,37.9,820,1
26,2.69,3.05,36,862,3,1,720.0,30,302,35,0.333,1.033,0.971,0.258,TOR,1610612761,Toronto Raptors,59.5,1170,2
27,1.93,2.63,46,682,2,1,480.0,25,208,23,0.326,1.44,1.348,0.236,UTA,1610612762,Utah Jazz,38.6,880,1
28,2.23,2.81,44,1105,4,2,960.0,51,408,51,0.341,0.765,0.804,0.264,WAS,1610612764,Washington Wizards,72.5,1548,2
