,AVG_DRIB_PER_TOUCH,AVG_SEC_PER_TOUCH,ELBOW_TOUCHES,FRONT_CT_TOUCHES,GP,L,MIN,PAINT_TOUCHES,POINTS,POST_TOUCHES,PTS_PER_ELBOW_TOUCH,PTS_PER_PAINT_TOUCH,PTS_PER_POST_TOUCH,PTS_PER_TOUCH,TEAM_ABBREVIATION,TEAM_ID,TEAM_NAME,TIME_OF_POSS,TOUCHES,W
0,1.89,2.4,25,680,2,1,480.0,28,198,34,0.36,0.571,0.471,0.228,ATL,1610612737,Atlanta Hawks,34.9,870,1
1,1.83,2.44,28,704,2,0,480.0,25,219,28,0.321,0.76,0.679,0.233,BOS,1610612738,Boston Celtics,38.2,941,2
2,2.53,2.93,48,592,2,0,480.0,29,210,31,0.292,0.724,0.839,0.253,BKN,1610612751,Brooklyn Nets,40.5,829,2
3,2.47,2.78,25,589,2,1,480.0,25,228,30,0.2,1.08,1.067,0.284,CHA,1610612766,Charlotte Hornets,37.3,804,1
4,1.89,2.57,32,687,2,1,480.0,21,204,35,0.125,0.762,0.771,0.223,CHI,1610612741,Chicago Bulls,39.1,915,1
5,2.27,2.75,21,618,2,0,480.0,25,216,31,0.476,0.96,1.0,0.256,CLE,1610612739,Cleveland Cavaliers,38.7,843,2
6,2.22,2.7,58,977,3,0,720.0,35,306,39,0.276,0.829,0.821,0.225,DAL,1610612742,Dallas Mavericks,61.2,1357,3
7,2.33,2.81,57,1288,4,2,960.0,55,408,75,0.263,0.891,0.733,0.234,DEN,1610612743,Denver Nuggets,81.6,1741,2
8,2.47,2.96,27,537,2,0,505.0,33,227,42,0.148,0.909,0.833,0.281,DET,1610612765,Detroit Pistons,39.9,808,2
9,1.8,2.31,47,1293,4,0,960.0,64,498,75,0.681,0.844,0.8,0.274,GSW,1610612744,Golden State Warriors,70.1,1816,4
10,1.94,2.45,35,849,3,1,720.0,47,342,53,0.314,0.851,0.792,0.27,HOU,1610612745,Houston Rockets,51.7,1267,2
11,1.92,2.56,32,641,2,0,480.0,30,213,38,0.438,0.833,0.737,0.249,IND,1610612754,Indiana Pacers,36.6,857,2
12,2.22,2.69,50,1167,4,2,960.0,56,435,68,0.36,0.946,0.779,0.257,LAC,1610612746,Los Angeles Clippers,75.8,1690,2
13,2.03,2.83,84,1181,4,3,960.0,62,395,75,0.262,0.726,0.68,0.235,LAL,1610612747,Los Angeles Lakers,79.5,1684,1
14,2.17,2.7,68,1241,4,2,960.0,53,404,75,0.147,1.094,0.813,0.231,MEM,1610612763,Memphis Grizzlies,78.6,1747,2
15,2.54,3.04,33,608,2,0,480.0,38,211,45,0.303,0.895,0.844,0.257,MIA,1610612748,Miami Heat,41.6,821,2
16,1.9,2.56,63,652,2,0,480.0,40,206,45,0.286,0.65,0.711,0.232,MIL,1610612749,Milwaukee Bucks,37.9,888,2
17,2.36,2.8,83,1116,4,2,960.0,71,443,81,0.325,1.127,1.136,0.274,MIN,1610612750,Minnesota Timberwolves,75.4,1614,2
18,2.15,2.52,62,1294,4,2,960.0,52,430,53,0.516,0.692,0.566,0.24,NOP,1610612740,New Orleans Pelicans,75.4,1793,2
19,1.74,2.52,61,744,2,0,480.0,34,230,36,0.23,0.912,0.917,0.241,NYK,1610612752,New York Knicks,40.1,954,2
20,2.42,2.92,39,826,3,0,720.0,38,356,48,0.564,0.684,0.771,0.3,OKC,1610612760,Oklahoma City Thunder,57.8,1187,3
21,2.08,2.56,26,672,2,2,480.0,24,188,33,0.231,0.458,0.515,0.215,ORL,1610612753,Orlando Magic,37.3,874,0
22,2.5,2.75,19,632,2,0,480.0,23,224,32,0.368,1.043,0.844,0.252,PHI,1610612755,Philadelphia 76ers,40.8,890,2
23,2.24,2.96,37,825,3,2,720.0,24,288,28,0.162,0.833,1.0,0.25,POR,1610612757,Portland Trail Blazers,56.9,1153,1
24,2.27,2.79,36,1128,4,1,960.0,69,460,80,0.528,1.072,0.95,0.279,SAC,1610612758,Sacramento Kings,76.5,1646,3
25,2.26,2.66,74,1299,4,0,960.0,65,445,91,0.324,0.723,0.582,0.252,SAS,1610612759,San Antonio Spurs,78.5,1767,4
26,2.64,2.91,16,583,2,1,480.0,15,206,16,0.25,1.133,1.0,0.26,TOR,1610612761,Toronto Raptors,38.4,791,1
27,1.94,2.56,83,1495,4,0,960.0,46,412,62,0.229,0.957,0.774,0.213,UTA,1610612762,Utah Jazz,82.4,1933,4
28,2.03,2.55,17,582,2,0,480.0,24,215,28,0.176,0.75,0.75,0.259,WAS,1610612764,Washington Wizards,35.3,831,2
