,AVG_DRIB_PER_TOUCH,AVG_SEC_PER_TOUCH,ELBOW_TOUCHES,FRONT_CT_TOUCHES,GP,L,MIN,PAINT_TOUCHES,POINTS,POST_TOUCHES,PTS_PER_ELBOW_TOUCH,PTS_PER_PAINT_TOUCH,PTS_PER_POST_TOUCH,PTS_PER_TOUCH,TEAM_ABBREVIATION,TEAM_ID,TEAM_NAME,TIME_OF_POSS,TOUCHES,W
0,2.02,2.6,24,603,2,1,480.0,31,187,33,0.333,0.742,0.636,0.237,ATL,1610612737,Atlanta Hawks,34.2,789,1
1,1.84,2.44,22,599,2,1,480.0,19,193,21,0.091,0.737,0.762,0.237,BOS,1610612738,Boston Celtics,33.2,814,1
2,2.14,2.65,48,632,2,1,480.0,29,184,37,0.354,0.897,0.892,0.218,BKN,1610612751,Brooklyn Nets,37.2,843,1
3,2.54,2.91,28,665,2,1,530.0,21,197,32,0.25,0.857,0.875,0.223,CHA,1610612766,Charlotte Hornets,42.7,882,1
4,2.18,2.79,43,681,2,1,505.0,27,188,34,0.163,0.963,0.765,0.209,CHI,1610612741,Chicago Bulls,41.7,898,1
5,1.87,2.65,35,618,2,1,480.0,19,203,25,0.114,0.947,1.08,0.237,CLE,1610612739,Cleveland Cavaliers,37.8,855,1
6,2.25,2.78,72,920,3,1,745.0,50,322,52,0.306,0.96,1.0,0.249,DAL,1610612742,Dallas Mavericks,60.0,1294,2
7,2.35,2.88,44,1152,4,4,960.0,83,337,94,0.136,0.542,0.543,0.219,DEN,1610612743,Denver Nuggets,73.8,1540,0
8,2.6,3.05,25,510,2,0,480.0,27,187,37,0.16,1.0,0.757,0.25,DET,1610612765,Detroit Pistons,38.1,748,2
9,1.82,2.44,58,1243,4,0,985.0,50,427,66,0.362,1.0,0.848,0.255,GSW,1610612744,Golden State Warriors,68.2,1676,4
10,1.98,2.71,42,1089,4,2,985.0,56,397,71,0.238,0.875,0.69,0.254,HOU,1610612745,Houston Rockets,70.5,1562,2
11,1.99,2.62,22,602,2,2,505.0,19,195,18,0.091,0.842,0.889,0.231,IND,1610612754,Indiana Pacers,36.9,844,0
12,2.41,2.94,51,906,3,1,745.0,39,302,35,0.137,0.744,1.057,0.241,LAC,1610612746,Los Angeles Clippers,61.4,1251,2
13,2.13,2.95,69,1065,4,3,960.0,42,332,52,0.188,0.714,0.673,0.221,LAL,1610612747,Los Angeles Lakers,73.9,1504,1
14,2.3,2.88,72,942,3,2,745.0,49,260,67,0.125,0.816,0.716,0.208,MEM,1610612763,Memphis Grizzlies,60.1,1252,1
15,2.31,2.75,44,602,2,1,480.0,30,175,35,0.25,0.633,0.543,0.206,MIA,1610612748,Miami Heat,38.9,850,1
16,2.46,3.03,35,512,2,2,480.0,24,166,24,0.343,1.083,1.167,0.241,MIL,1610612749,Milwaukee Bucks,34.8,690,0
17,2.31,2.85,82,1171,4,3,960.0,62,353,67,0.244,0.758,0.687,0.224,MIN,1610612750,Minnesota Timberwolves,74.8,1574,1
18,2.05,2.49,72,1213,4,2,960.0,47,385,50,0.417,0.83,0.96,0.234,NOP,1610612740,New Orleans Pelicans,68.3,1646,2
19,1.69,2.4,37,698,2,1,505.0,26,203,33,0.324,1.192,0.879,0.214,NYK,1610612752,New York Knicks,37.9,948,1
20,2.44,2.96,62,1093,4,0,985.0,46,422,54,0.452,0.913,0.87,0.277,OKC,1610612760,Oklahoma City Thunder,75.2,1526,4
21,2.08,2.65,26,650,2,0,480.0,15,205,30,0.538,0.533,0.4,0.238,ORL,1610612753,Orlando Magic,38.2,863,2
22,2.46,2.69,24,636,2,2,480.0,21,162,27,0.625,1.238,1.111,0.188,PHI,1610612755,Philadelphia 76ers,38.6,862,0
23,1.95,2.48,56,1205,4,4,960.0,55,333,82,0.107,0.727,0.695,0.198,PHX,1610612756,Phoenix Suns,69.6,1683,0
24,2.37,2.82,55,1127,4,1,960.0,41,418,51,0.164,0.878,0.765,0.27,POR,1610612757,Portland Trail Blazers,72.9,1548,3
25,2.28,2.8,37,777,3,1,720.0,42,316,52,0.297,1.167,1.038,0.282,SAC,1610612758,Sacramento Kings,52.3,1121,2
26,2.07,2.64,90,1329,4,0,960.0,71,425,85,0.211,0.944,0.871,0.245,SAS,1610612759,San Antonio Spurs,76.1,1732,4
27,2.57,3.05,18,614,2,1,480.0,17,193,25,0.222,0.706,0.72,0.243,TOR,1610612761,Toronto Raptors,40.5,795,1
28,2.0,2.62,26,571,2,1,480.0,34,196,39,0.154,0.971,1.026,0.245,WAS,1610612764,Washington Wizards,34.9,799,1
