,AVG_DRIB_PER_TOUCH,AVG_SEC_PER_TOUCH,ELBOW_TOUCHES,FRONT_CT_TOUCHES,GP,L,MIN,PAINT_TOUCHES,POINTS,POST_TOUCHES,PTS_PER_ELBOW_TOUCH,PTS_PER_PAINT_TOUCH,PTS_PER_POST_TOUCH,PTS_PER_TOUCH,TEAM_ABBREVIATION,TEAM_ID,TEAM_NAME,TIME_OF_POSS,TOUCHES,W
0,1.99,2.57,28,662,2,0,480.0,39,210,47,0.286,0.59,0.489,0.246,ATL,1610612737,Atlanta Hawks,36.5,854,2
1,1.97,2.5,27,673,2,1,480.0,28,225,33,0.148,1.25,1.061,0.25,BOS,1610612738,Boston Celtics,37.5,901,1
2,2.32,2.93,43,591,2,2,480.0,13,208,22,0.372,1.231,1.045,0.262,BKN,1610612751,Brooklyn Nets,38.8,793,0
3,2.25,2.67,32,656,2,1,480.0,20,197,23,0.156,1.0,0.957,0.224,CHA,1610612766,Charlotte Hornets,39.2,880,1
4,1.81,2.44,45,696,2,1,480.0,27,188,36,0.222,1.148,1.083,0.203,CHI,1610612741,Chicago Bulls,37.6,925,1
5,2.27,2.8,35,566,2,1,480.0,27,181,29,0.286,0.741,0.828,0.226,CLE,1610612739,Cleveland Cavaliers,37.5,802,1
6,2.26,2.72,47,885,3,1,770.0,29,350,36,0.426,0.759,0.778,0.273,DAL,1610612742,Dallas Mavericks,58.1,1280,2
7,2.08,2.59,74,1239,4,3,960.0,71,416,84,0.324,0.944,0.881,0.247,DEN,1610612743,Denver Nuggets,72.7,1682,1
8,2.39,2.81,31,566,2,0,480.0,17,243,28,0.258,1.235,1.107,0.295,DET,1610612765,Detroit Pistons,38.6,824,2
9,1.74,2.32,70,1330,4,1,960.0,66,497,79,0.243,0.788,0.785,0.271,GSW,1610612744,Golden State Warriors,70.9,1834,3
10,1.95,2.56,40,1209,4,2,985.0,58,409,82,0.325,1.0,0.78,0.238,HOU,1610612745,Houston Rockets,73.5,1721,2
11,2.0,2.66,30,590,2,2,480.0,29,213,35,0.233,0.966,0.886,0.263,IND,1610612754,Indiana Pacers,35.9,810,0
12,2.12,2.73,68,1134,4,1,960.0,38,398,42,0.382,1.237,1.238,0.252,LAC,1610612746,Los Angeles Clippers,71.9,1579,3
13,2.09,3.02,52,833,3,3,720.0,29,292,42,0.442,0.966,0.643,0.245,LAL,1610612747,Los Angeles Lakers,59.9,1190,0
14,2.21,2.84,135,1351,4,2,985.0,61,394,87,0.267,0.852,0.736,0.22,MEM,1610612763,Memphis Grizzlies,84.8,1791,2
15,2.2,2.79,34,601,2,1,480.0,26,209,34,0.235,1.192,0.882,0.252,MIA,1610612748,Miami Heat,38.6,830,1
16,2.02,2.73,48,584,2,1,480.0,30,185,42,0.25,1.233,1.071,0.228,MIL,1610612749,Milwaukee Bucks,37.0,811,1
17,2.39,2.9,86,1181,4,3,960.0,68,403,81,0.372,1.029,0.963,0.252,MIN,1610612750,Minnesota Timberwolves,77.3,1600,1
18,2.14,2.59,62,1201,4,3,960.0,38,422,36,0.516,1.289,1.194,0.253,NOP,1610612740,New Orleans Pelicans,72.2,1670,1
19,1.61,2.41,42,682,2,1,480.0,24,197,33,0.238,0.667,0.636,0.209,NYK,1610612752,New York Knicks,37.8,942,1
20,2.51,2.98,59,1058,4,2,960.0,58,459,63,0.508,1.052,1.206,0.302,OKC,1610612760,Oklahoma City Thunder,75.6,1522,2
21,2.19,2.75,23,621,2,1,480.0,21,186,34,0.435,0.81,0.676,0.222,ORL,1610612753,Orlando Magic,38.4,837,1
22,2.16,2.58,22,654,2,1,480.0,19,219,28,0.682,1.053,1.0,0.249,PHI,1610612755,Philadelphia 76ers,37.8,880,1
23,1.99,2.59,58,927,3,1,720.0,39,307,57,0.19,0.897,0.772,0.238,PHX,1610612756,Phoenix Suns,55.6,1289,2
24,2.24,2.69,59,1110,4,4,960.0,67,391,78,0.475,0.851,0.769,0.248,SAC,1610612758,Sacramento Kings,70.8,1579,0
25,2.02,2.48,78,1050,3,0,720.0,42,324,59,0.385,0.929,0.864,0.231,SAS,1610612759,San Antonio Spurs,57.9,1402,3
26,2.85,3.14,23,582,2,0,480.0,16,227,22,0.435,1.0,0.636,0.278,TOR,1610612761,Toronto Raptors,42.7,816,2
27,2.01,2.6,105,1463,4,3,960.0,48,397,47,0.162,0.521,0.681,0.214,UTA,1610612762,Utah Jazz,80.6,1859,1
28,2.11,2.58,25,601,2,2,505.0,41,207,44,0.24,0.902,0.932,0.245,WAS,1610612764,Washington Wizards,36.4,846,0
