,AVG_DRIB_PER_TOUCH,AVG_SEC_PER_TOUCH,ELBOW_TOUCHES,FRONT_CT_TOUCHES,GP,L,MIN,PAINT_TOUCHES,POINTS,POST_TOUCHES,PTS_PER_ELBOW_TOUCH,PTS_PER_PAINT_TOUCH,PTS_PER_POST_TOUCH,PTS_PER_TOUCH,TEAM_ABBREVIATION,TEAM_ID,TEAM_NAME,TIME_OF_POSS,TOUCHES,W
0,2.0,2.51,28,741,2,2,505.0,28,197,39,0.357,0.607,0.462,0.206,ATL,1610612737,Atlanta Hawks,39.9,955,0
1,1.99,2.58,29,762,2,1,530.0,24,228,31,0.483,1.042,0.774,0.226,BOS,1610612738,Boston Celtics,43.5,1010,1
2,2.43,3.04,49,641,2,2,505.0,36,197,45,0.408,1.083,0.867,0.229,BKN,1610612751,Brooklyn Nets,43.7,862,0
3,2.51,2.88,25,628,2,2,480.0,23,200,30,0.16,0.696,0.667,0.237,CHA,1610612766,Charlotte Hornets,40.5,844,0
4,2.18,2.85,37,590,2,2,480.0,25,188,36,0.216,0.96,0.667,0.228,CHI,1610612741,Chicago Bulls,39.2,825,0
5,2.44,3.16,29,606,2,2,480.0,34,181,35,0.414,0.706,0.686,0.219,CLE,1610612739,Cleveland Cavaliers,43.6,827,0
6,2.23,2.7,78,1350,4,3,960.0,49,453,55,0.128,1.102,0.964,0.248,DAL,1610612742,Dallas Mavericks,82.1,1825,1
7,2.32,2.93,52,1256,4,3,985.0,77,429,85,0.346,0.987,0.906,0.251,DEN,1610612743,Denver Nuggets,83.4,1709,1
8,2.63,3.1,31,547,2,1,480.0,34,208,35,0.355,0.5,0.6,0.265,DET,1610612765,Detroit Pistons,40.6,785,1
9,2.11,2.79,30,887,3,3,720.0,51,312,70,0.5,0.922,0.786,0.253,HOU,1610612745,Houston Rockets,57.3,1235,0
10,2.18,2.76,30,647,2,2,480.0,37,233,44,0.3,0.784,0.818,0.266,IND,1610612754,Indiana Pacers,40.3,876,0
11,2.33,2.91,57,1186,4,4,960.0,56,435,63,0.263,1.054,0.984,0.26,LAC,1610612746,Los Angeles Clippers,81.0,1671,0
12,2.21,3.07,77,1162,4,3,960.0,57,375,63,0.351,1.0,0.937,0.229,LAL,1610612747,Los Angeles Lakers,83.6,1635,1
13,2.19,2.83,92,1346,4,4,960.0,73,356,94,0.283,0.74,0.574,0.2,MEM,1610612763,Memphis Grizzlies,83.7,1777,0
14,2.26,2.86,57,664,2,2,480.0,35,215,39,0.351,0.771,0.872,0.241,MIA,1610612748,Miami Heat,42.6,892,0
15,2.07,2.9,50,643,2,1,480.0,41,220,50,0.22,1.024,0.84,0.249,MIL,1610612749,Milwaukee Bucks,42.7,883,1
16,2.44,3.0,51,903,3,2,745.0,37,344,50,0.392,0.811,0.78,0.272,MIN,1610612750,Minnesota Timberwolves,63.4,1267,1
17,2.26,2.88,57,935,3,3,720.0,27,322,39,0.316,0.852,0.872,0.253,NOP,1610612740,New Orleans Pelicans,61.3,1274,0
18,1.5,2.37,62,795,2,2,480.0,39,180,43,0.274,0.667,0.698,0.175,NYK,1610612752,New York Knicks,40.6,1027,0
19,2.58,3.26,36,806,3,3,745.0,52,332,52,0.556,0.904,0.981,0.284,OKC,1610612760,Oklahoma City Thunder,63.6,1170,0
20,2.34,2.77,25,637,2,2,480.0,30,227,36,0.48,0.733,0.722,0.264,ORL,1610612753,Orlando Magic,39.7,860,0
21,2.16,2.53,23,673,2,2,480.0,25,210,26,0.435,0.64,0.692,0.225,PHI,1610612755,Philadelphia 76ers,39.4,934,0
22,2.02,2.6,71,1279,4,4,960.0,72,439,86,0.282,0.764,0.733,0.239,PHX,1610612756,Phoenix Suns,79.7,1839,0
23,2.5,3.09,64,1127,4,3,960.0,51,468,49,0.266,0.863,0.939,0.291,POR,1610612757,Portland Trail Blazers,82.8,1610,1
24,2.05,2.6,58,1263,4,4,960.0,70,414,88,0.31,0.8,0.761,0.234,SAC,1610612758,Sacramento Kings,76.6,1767,0
25,2.2,2.78,89,1373,4,3,960.0,60,364,88,0.258,0.917,0.807,0.204,SAS,1610612759,San Antonio Spurs,82.5,1780,1
26,2.77,3.14,26,623,2,2,480.0,30,219,32,0.385,0.567,0.594,0.258,TOR,1610612761,Toronto Raptors,44.4,848,0
27,1.97,2.55,103,1637,4,4,985.0,61,378,78,0.165,0.705,0.667,0.183,UTA,1610612762,Utah Jazz,87.8,2067,0
28,2.28,2.8,26,567,2,2,480.0,34,215,38,0.385,0.912,0.947,0.264,WAS,1610612764,Washington Wizards,38.0,815,0
