,AVG_DRIB_PER_TOUCH,AVG_SEC_PER_TOUCH,ELBOW_TOUCHES,FRONT_CT_TOUCHES,GP,L,MIN,PAINT_TOUCHES,POINTS,POST_TOUCHES,PTS_PER_ELBOW_TOUCH,PTS_PER_PAINT_TOUCH,PTS_PER_POST_TOUCH,PTS_PER_TOUCH,TEAM_ABBREVIATION,TEAM_ID,TEAM_NAME,TIME_OF_POSS,TOUCHES,W
0,2.1,2.63,22,672,2,1,480.0,30,190,42,0.273,0.4,0.357,0.216,ATL,1610612737,Atlanta Hawks,38.6,878,1
1,1.78,2.4,32,709,2,1,505.0,34,229,38,0.313,0.588,0.526,0.237,BOS,1610612738,Boston Celtics,38.7,968,1
2,2.38,2.88,34,614,2,2,480.0,24,195,32,0.324,0.958,0.844,0.235,BKN,1610612751,Brooklyn Nets,39.8,829,0
3,2.42,2.73,24,606,2,2,480.0,27,200,28,0.375,0.407,0.571,0.242,CHA,1610612766,Charlotte Hornets,37.6,826,0
4,1.97,2.69,40,653,2,1,480.0,37,176,41,0.25,0.622,0.537,0.203,CHI,1610612741,Chicago Bulls,38.8,867,1
5,2.1,2.78,24,656,2,0,480.0,31,229,42,0.333,0.903,0.81,0.254,CLE,1610612739,Cleveland Cavaliers,41.8,902,2
6,2.05,2.65,82,1281,4,3,960.0,40,387,52,0.183,0.775,0.712,0.214,DAL,1610612742,Dallas Mavericks,79.9,1807,1
7,2.15,2.84,40,960,3,2,720.0,59,271,76,0.25,1.034,0.934,0.214,DEN,1610612743,Denver Nuggets,59.8,1266,1
8,2.66,3.1,22,541,2,2,505.0,36,199,45,0.182,0.861,0.822,0.253,DET,1610612765,Detroit Pistons,40.6,787,0
9,1.92,2.52,59,1237,4,0,960.0,70,465,76,0.322,0.829,0.789,0.277,GSW,1610612744,Golden State Warriors,70.3,1677,4
10,2.02,2.66,50,1199,4,2,985.0,61,454,84,0.3,0.934,0.81,0.264,HOU,1610612745,Houston Rockets,76.4,1719,2
11,2.03,2.66,35,605,2,1,480.0,25,192,36,0.143,0.96,0.667,0.227,IND,1610612754,Indiana Pacers,37.5,845,1
12,2.27,3.14,71,1125,4,4,960.0,43,339,50,0.282,0.605,0.72,0.219,LAL,1610612747,Los Angeles Lakers,80.8,1545,0
13,2.09,2.77,75,981,3,2,720.0,48,289,53,0.307,0.75,0.792,0.221,MEM,1610612763,Memphis Grizzlies,60.3,1308,1
14,2.24,2.96,50,580,2,2,480.0,32,183,37,0.36,1.0,0.811,0.225,MIA,1610612748,Miami Heat,40.2,815,0
15,2.11,2.72,55,600,2,2,480.0,47,185,54,0.091,0.553,0.556,0.227,MIL,1610612749,Milwaukee Bucks,37.0,815,0
16,2.31,2.83,79,1195,4,3,960.0,59,392,68,0.253,0.814,0.779,0.238,MIN,1610612750,Minnesota Timberwolves,77.8,1648,1
17,2.24,2.75,69,1229,4,3,985.0,55,399,58,0.232,1.0,1.0,0.236,NOP,1610612740,New Orleans Pelicans,77.3,1688,1
18,1.84,2.62,39,647,2,2,480.0,31,182,40,0.231,0.516,0.575,0.207,NYK,1610612752,New York Knicks,38.5,880,0
19,2.42,3.04,57,1062,4,1,960.0,74,437,78,0.351,1.054,1.0,0.29,OKC,1610612760,Oklahoma City Thunder,76.4,1506,3
20,2.06,2.65,42,639,2,2,480.0,22,194,36,0.214,0.727,0.611,0.228,ORL,1610612753,Orlando Magic,37.5,851,0
21,2.24,2.71,34,668,2,2,505.0,24,191,27,0.324,1.208,1.148,0.207,PHI,1610612755,Philadelphia 76ers,41.7,923,0
22,1.99,2.54,60,1303,4,2,960.0,63,412,84,0.333,0.873,0.81,0.23,PHX,1610612756,Phoenix Suns,75.9,1793,2
23,2.29,3.03,78,1170,4,3,960.0,50,381,56,0.231,0.7,0.768,0.232,POR,1610612757,Portland Trail Blazers,82.9,1643,1
24,2.17,2.75,31,1148,4,3,960.0,62,430,76,0.387,0.79,0.697,0.266,SAC,1610612758,Sacramento Kings,74.2,1616,1
25,2.22,2.7,74,959,3,1,720.0,44,309,60,0.122,0.636,0.733,0.24,SAS,1610612759,San Antonio Spurs,58.0,1287,2
26,2.42,2.97,37,658,2,0,480.0,24,203,30,0.27,0.708,0.567,0.231,TOR,1610612761,Toronto Raptors,43.5,878,2
27,2.18,2.78,60,1018,3,2,745.0,29,305,44,0.217,0.621,0.614,0.23,UTA,1610612762,Utah Jazz,61.5,1327,1
28,1.89,2.48,23,590,2,2,480.0,38,200,34,0.609,1.0,0.941,0.241,WAS,1610612764,Washington Wizards,34.3,831,0
