,AVG_DRIB_PER_TOUCH,AVG_SEC_PER_TOUCH,ELBOW_TOUCHES,FRONT_CT_TOUCHES,GP,L,MIN,PAINT_TOUCHES,POINTS,POST_TOUCHES,PTS_PER_ELBOW_TOUCH,PTS_PER_PAINT_TOUCH,PTS_PER_POST_TOUCH,PTS_PER_TOUCH,TEAM_ABBREVIATION,TEAM_ID,TEAM_NAME,TIME_OF_POSS,TOUCHES,W
0,1.77,2.36,60,1369,4,2,960.0,63,427,83,0.1,0.841,0.675,0.234,ATL,1610612737,Atlanta Hawks,71.5,1821,2
1,1.95,2.61,57,1133,4,1,960.0,46,416,47,0.368,0.804,0.83,0.261,BOS,1610612738,Boston Celtics,69.5,1595,3
2,2.26,2.86,77,1170,4,2,960.0,64,401,71,0.221,1.094,1.028,0.252,BKN,1610612751,Brooklyn Nets,76.0,1593,2
3,2.38,2.84,48,1164,4,1,960.0,38,397,52,0.208,1.0,0.923,0.252,CHA,1610612766,Charlotte Hornets,74.7,1577,3
4,1.96,2.68,51,1224,4,3,960.0,41,400,58,0.314,0.829,0.621,0.245,CHI,1610612741,Chicago Bulls,72.8,1630,1
5,2.36,2.96,47,1174,4,0,960.0,63,384,75,0.277,0.905,0.893,0.24,CLE,1610612739,Cleveland Cavaliers,78.9,1600,4
6,2.22,2.85,35,618,2,0,480.0,19,195,23,0.4,0.947,0.87,0.229,DAL,1610612742,Dallas Mavericks,40.4,851,2
7,2.36,2.87,22,602,2,0,480.0,41,211,42,0.182,1.146,1.143,0.257,DEN,1610612743,Denver Nuggets,39.4,822,2
8,2.41,2.91,32,797,3,2,720.0,31,296,37,0.188,1.065,1.0,0.253,DET,1610612765,Detroit Pistons,56.8,1170,1
9,1.71,2.3,35,680,2,0,480.0,27,237,37,0.2,0.889,0.703,0.265,GSW,1610612744,Golden State Warriors,34.3,895,2
10,2.39,3.11,12,538,2,1,505.0,40,218,51,0.0,1.0,0.863,0.288,HOU,1610612745,Houston Rockets,39.3,757,1
11,2.15,2.8,38,887,3,0,720.0,38,302,59,0.237,0.789,0.881,0.253,IND,1610612754,Indiana Pacers,55.8,1194,3
12,2.59,2.97,30,544,2,0,480.0,23,217,19,0.5,1.13,0.842,0.278,LAC,1610612746,Los Angeles Clippers,38.6,780,2
13,2.11,3.05,22,541,2,2,480.0,23,182,29,0.182,0.565,0.517,0.239,LAL,1610612747,Los Angeles Lakers,38.7,761,0
14,2.18,2.95,40,582,2,0,480.0,28,194,34,0.4,0.75,0.676,0.244,MEM,1610612763,Memphis Grizzlies,39.1,794,2
15,2.25,2.83,88,1222,4,1,960.0,51,380,59,0.341,0.804,0.661,0.229,MIA,1610612748,Miami Heat,78.3,1658,3
16,2.04,2.73,104,1240,4,2,960.0,82,390,92,0.135,0.707,0.696,0.233,MIL,1610612749,Milwaukee Bucks,76.2,1674,2
17,2.19,2.71,34,547,2,2,480.0,19,197,25,0.265,0.895,0.84,0.25,MIN,1610612750,Minnesota Timberwolves,35.5,787,0
18,2.08,2.65,34,580,2,1,480.0,19,186,23,0.294,0.632,0.783,0.231,NOP,1610612740,New Orleans Pelicans,35.6,804,1
19,2.21,2.78,21,605,2,1,505.0,26,218,25,0.381,0.615,0.48,0.26,OKC,1610612760,Oklahoma City Thunder,38.8,838,1
20,2.29,2.76,44,916,3,1,720.0,39,302,47,0.545,0.974,0.915,0.244,ORL,1610612753,Orlando Magic,56.9,1238,2
21,2.33,2.66,52,1258,4,4,1010.0,55,399,69,0.231,0.855,0.841,0.229,PHI,1610612755,Philadelphia 76ers,77.2,1739,0
22,1.9,2.53,38,604,2,2,480.0,29,181,41,0.289,0.621,0.585,0.214,PHX,1610612756,Phoenix Suns,35.7,844,0
23,2.51,2.94,33,583,2,1,480.0,13,214,15,0.182,1.0,1.067,0.27,POR,1610612757,Portland Trail Blazers,38.8,792,1
24,2.28,2.82,32,568,2,0,480.0,24,187,26,0.594,0.542,0.5,0.241,SAC,1610612758,Sacramento Kings,36.5,777,2
25,2.05,2.54,38,668,2,0,480.0,35,194,47,0.079,1.057,1.043,0.217,SAS,1610612759,San Antonio Spurs,37.9,895,2
26,2.38,2.98,42,1176,4,1,960.0,53,427,60,0.548,1.245,1.133,0.271,TOR,1610612761,Toronto Raptors,78.1,1573,3
27,2.02,2.64,43,763,2,1,505.0,31,217,34,0.14,1.0,0.853,0.224,UTA,1610612762,Utah Jazz,42.5,968,1
28,2.14,2.71,42,815,3,1,720.0,43,320,45,0.405,0.977,0.956,0.273,WAS,1610612764,Washington Wizards,52.8,1171,2
