,AVG_DRIB_PER_TOUCH,AVG_SEC_PER_TOUCH,ELBOW_TOUCHES,FRONT_CT_TOUCHES,GP,L,MIN,PAINT_TOUCHES,POINTS,POST_TOUCHES,PTS_PER_ELBOW_TOUCH,PTS_PER_PAINT_TOUCH,PTS_PER_POST_TOUCH,PTS_PER_TOUCH,TEAM_ABBREVIATION,TEAM_ID,TEAM_NAME,TIME_OF_POSS,TOUCHES,W
0,1.86,2.37,54,1313,4,3,960.0,78,384,91,0.148,0.833,0.714,0.218,ATL,1610612737,Atlanta Hawks,69.7,1762,1
1,1.94,2.55,64,931,3,0,720.0,45,304,43,0.203,1.044,1.186,0.242,BOS,1610612738,Boston Celtics,53.2,1254,3
2,2.24,2.78,90,1208,4,3,960.0,57,406,74,0.444,0.965,0.892,0.25,BKN,1610612751,Brooklyn Nets,75.3,1622,1
3,2.25,2.73,57,1279,4,2,960.0,51,397,60,0.193,0.824,0.883,0.23,CHA,1610612766,Charlotte Hornets,78.6,1728,2
4,1.88,2.53,47,1302,4,4,960.0,61,389,76,0.277,0.836,0.763,0.218,CHI,1610612741,Chicago Bulls,75.3,1787,0
5,2.16,2.79,59,917,3,2,720.0,54,287,65,0.305,0.852,0.831,0.226,CLE,1610612739,Cleveland Cavaliers,59.1,1269,1
6,2.15,2.6,50,657,2,2,480.0,38,172,38,0.28,0.895,0.789,0.196,DAL,1610612742,Dallas Mavericks,38.0,877,0
7,2.33,2.81,33,567,2,2,480.0,35,214,38,0.636,0.743,0.658,0.27,DEN,1610612743,Denver Nuggets,37.1,792,0
8,2.37,2.9,53,1128,4,2,960.0,52,379,67,0.113,0.615,0.731,0.237,DET,1610612765,Detroit Pistons,77.3,1600,2
9,1.79,2.45,35,605,2,0,480.0,36,229,35,0.571,0.722,0.8,0.276,GSW,1610612744,Golden State Warriors,34.0,831,2
10,2.07,2.52,15,601,2,1,480.0,21,204,24,0.467,0.905,1.0,0.243,HOU,1610612745,Houston Rockets,35.3,838,1
11,1.97,2.67,78,1340,4,2,1010.0,78,379,84,0.436,0.718,0.69,0.21,IND,1610612754,Indiana Pacers,80.1,1801,2
12,2.43,2.91,30,563,2,0,480.0,34,204,32,0.3,0.588,0.656,0.258,LAC,1610612746,Los Angeles Clippers,38.4,791,2
13,2.13,2.93,21,613,2,1,505.0,27,190,37,0.095,0.556,0.622,0.22,LAL,1610612747,Los Angeles Lakers,42.1,864,1
14,2.05,2.8,50,640,2,1,505.0,33,196,44,0.26,1.152,1.0,0.223,MEM,1610612763,Memphis Grizzlies,41.0,877,1
15,2.12,2.84,53,871,3,1,720.0,64,308,68,0.189,1.063,1.074,0.26,MIL,1610612749,Milwaukee Bucks,56.1,1185,2
16,2.17,2.76,47,583,2,1,480.0,31,187,39,0.426,0.548,0.59,0.226,MIN,1610612750,Minnesota Timberwolves,38.2,829,1
17,2.25,2.71,36,657,2,2,505.0,23,187,25,0.472,1.087,1.04,0.21,NOP,1610612740,New Orleans Pelicans,40.3,891,0
18,1.68,2.51,89,1374,4,3,960.0,64,335,77,0.382,0.672,0.701,0.187,NYK,1610612752,New York Knicks,74.9,1793,1
19,2.34,3.05,27,523,2,1,480.0,35,194,33,0.333,0.743,0.788,0.269,OKC,1610612760,Oklahoma City Thunder,36.6,721,1
20,2.16,2.74,59,1159,4,3,960.0,52,406,67,0.458,1.038,0.925,0.256,ORL,1610612753,Orlando Magic,72.3,1584,1
21,2.2,2.58,44,1033,3,3,720.0,32,291,40,0.432,0.656,0.55,0.21,PHI,1610612755,Philadelphia 76ers,59.5,1383,0
22,2.23,2.63,29,578,2,2,480.0,36,187,42,0.0,0.75,0.762,0.231,PHX,1610612756,Phoenix Suns,35.6,811,0
23,2.38,3.03,37,578,2,1,480.0,25,219,27,0.243,1.08,1.111,0.277,POR,1610612757,Portland Trail Blazers,40.0,790,1
24,2.21,2.61,26,568,2,2,480.0,37,215,41,0.538,0.541,0.537,0.271,SAC,1610612758,Sacramento Kings,34.5,793,0
25,2.05,2.62,46,688,2,0,480.0,36,231,54,0.174,1.25,1.037,0.257,SAS,1610612759,San Antonio Spurs,39.3,899,2
26,2.26,2.77,50,1277,4,1,985.0,46,397,64,0.42,0.935,0.828,0.23,TOR,1610612761,Toronto Raptors,79.9,1728,3
27,2.11,2.68,62,665,2,1,480.0,32,189,31,0.226,0.438,0.548,0.216,UTA,1610612762,Utah Jazz,39.1,874,1
28,2.0,2.55,69,1203,4,2,960.0,67,389,60,0.449,0.731,0.683,0.233,WAS,1610612764,Washington Wizards,71.1,1671,2
