,AVG_DRIB_PER_TOUCH,AVG_SEC_PER_TOUCH,ELBOW_TOUCHES,FRONT_CT_TOUCHES,GP,L,MIN,PAINT_TOUCHES,POINTS,POST_TOUCHES,PTS_PER_ELBOW_TOUCH,PTS_PER_PAINT_TOUCH,PTS_PER_POST_TOUCH,PTS_PER_TOUCH,TEAM_ABBREVIATION,TEAM_ID,TEAM_NAME,TIME_OF_POSS,TOUCHES,W
0,1.96,2.49,52,1068,3,1,720.0,61,303,67,0.385,0.721,0.657,0.227,ATL,1610612737,Atlanta Hawks,55.3,1333,2
1,1.95,2.41,59,1272,4,2,960.0,47,421,59,0.237,1.128,0.983,0.246,BOS,1610612738,Boston Celtics,68.7,1710,2
2,2.1,2.65,53,1297,4,0,960.0,62,438,79,0.264,1.21,1.038,0.25,CHA,1610612766,Charlotte Hornets,77.5,1753,4
3,1.93,2.54,40,1008,3,1,720.0,50,335,62,0.35,0.9,0.806,0.249,CHI,1610612741,Chicago Bulls,57.2,1348,2
4,2.26,2.76,57,1215,4,1,960.0,53,383,71,0.281,0.962,0.859,0.228,CLE,1610612739,Cleveland Cavaliers,77.4,1683,3
5,2.44,2.89,41,659,2,0,505.0,18,210,23,0.195,1.0,0.957,0.239,DAL,1610612742,Dallas Mavericks,42.3,880,2
6,2.21,2.82,25,611,2,2,505.0,29,224,40,0.48,1.207,1.075,0.27,DEN,1610612743,Denver Nuggets,38.9,829,0
7,2.41,2.82,68,1176,4,1,960.0,74,406,88,0.029,1.068,0.955,0.247,DET,1610612765,Detroit Pistons,77.4,1647,3
8,1.91,2.48,31,680,2,0,505.0,27,221,36,0.355,0.889,0.722,0.252,GSW,1610612744,Golden State Warriors,36.2,878,2
9,2.09,2.62,23,614,2,2,480.0,41,203,47,0.174,0.829,0.766,0.242,HOU,1610612745,Houston Rockets,36.6,839,0
10,1.97,2.56,83,1332,4,1,960.0,91,457,108,0.205,0.835,0.769,0.253,IND,1610612754,Indiana Pacers,77.2,1808,3
11,2.35,2.75,31,606,2,0,480.0,28,210,36,0.258,1.0,0.722,0.247,LAC,1610612746,Los Angeles Clippers,38.9,849,2
12,2.12,2.95,33,611,2,0,480.0,32,211,36,0.424,0.656,0.583,0.247,LAL,1610612747,Los Angeles Lakers,42.0,853,2
13,2.3,2.83,46,626,2,0,480.0,35,210,47,0.217,0.743,0.66,0.251,MEM,1610612763,Memphis Grizzlies,39.5,837,2
14,2.32,2.86,88,1242,4,1,960.0,67,421,81,0.227,1.0,1.0,0.248,MIA,1610612748,Miami Heat,81.1,1699,3
15,2.21,2.86,85,917,3,0,720.0,48,306,70,0.165,0.771,0.771,0.249,MIL,1610612749,Milwaukee Bucks,58.6,1230,3
16,2.26,2.83,66,567,2,0,480.0,41,232,47,0.439,1.073,1.0,0.293,MIN,1610612750,Minnesota Timberwolves,37.4,793,2
17,2.46,2.89,26,540,2,0,480.0,25,211,28,0.308,0.88,1.0,0.28,NOP,1610612740,New Orleans Pelicans,36.3,754,2
18,1.88,2.62,100,1331,4,2,960.0,55,415,75,0.29,0.8,0.627,0.235,NYK,1610612752,New York Knicks,77.0,1765,2
19,2.44,2.88,24,504,2,1,480.0,20,216,28,0.583,0.8,0.643,0.293,OKC,1610612760,Oklahoma City Thunder,35.3,736,1
20,2.15,2.67,57,1373,4,0,960.0,66,427,91,0.211,1.045,0.912,0.242,ORL,1610612753,Orlando Magic,78.5,1764,4
21,2.26,2.63,68,1343,4,2,960.0,44,403,70,0.265,1.023,0.871,0.225,PHI,1610612755,Philadelphia 76ers,78.7,1795,2
22,1.94,2.37,53,656,2,2,480.0,30,197,42,0.34,0.567,0.762,0.214,PHX,1610612756,Phoenix Suns,36.3,920,0
23,2.74,3.06,26,560,2,0,480.0,23,228,30,0.308,1.0,0.967,0.295,POR,1610612757,Portland Trail Blazers,39.5,774,2
24,2.05,2.56,25,573,2,1,480.0,20,230,28,0.24,1.25,1.107,0.281,SAC,1610612758,Sacramento Kings,34.9,819,1
25,1.96,2.51,40,687,2,0,480.0,44,208,60,0.2,0.977,0.867,0.229,SAS,1610612759,San Antonio Spurs,38.1,910,2
26,2.49,2.93,56,1291,4,0,960.0,42,410,59,0.232,1.071,0.949,0.242,TOR,1610612761,Toronto Raptors,82.7,1697,4
27,2.14,2.68,49,688,2,1,480.0,29,204,29,0.143,0.828,1.069,0.228,UTA,1610612762,Utah Jazz,39.9,893,1
28,2.14,2.66,44,967,3,0,720.0,64,352,68,0.5,1.203,1.162,0.269,WAS,1610612764,Washington Wizards,58.0,1308,3
