,AVG_DRIB_PER_TOUCH,AVG_SEC_PER_TOUCH,ELBOW_TOUCHES,FRONT_CT_TOUCHES,GP,L,MIN,PAINT_TOUCHES,POINTS,POST_TOUCHES,PTS_PER_ELBOW_TOUCH,PTS_PER_PAINT_TOUCH,PTS_PER_POST_TOUCH,PTS_PER_TOUCH,TEAM_ABBREVIATION,TEAM_ID,TEAM_NAME,TIME_OF_POSS,TOUCHES,W
0,1.9,2.53,23,743,2,0,480.0,35,230,45,0.304,0.8,0.689,0.245,ATL,1610612737,Atlanta Hawks,39.5,937,2
1,1.83,2.47,16,716,2,1,480.0,26,209,36,0.125,1.115,1.0,0.226,BOS,1610612738,Boston Celtics,38.1,924,1
2,2.39,2.92,44,609,2,0,480.0,18,216,32,0.341,0.833,0.656,0.267,BKN,1610612751,Brooklyn Nets,39.5,810,2
3,2.19,2.71,26,669,2,1,480.0,22,220,26,0.423,0.727,0.692,0.239,CHA,1610612766,Charlotte Hornets,41.5,920,1
4,1.85,2.65,27,675,2,0,480.0,33,211,44,0.185,0.788,0.818,0.231,CHI,1610612741,Chicago Bulls,40.5,915,2
5,2.28,2.87,26,640,2,1,480.0,22,191,26,0.269,0.864,0.654,0.217,CLE,1610612739,Cleveland Cavaliers,42.0,880,1
6,2.16,2.7,45,1326,4,2,960.0,60,398,63,0.311,0.85,0.841,0.22,DAL,1610612742,Dallas Mavericks,81.4,1811,2
7,2.49,3.1,37,850,3,0,720.0,54,326,53,0.27,0.944,0.887,0.272,DEN,1610612743,Denver Nuggets,61.8,1197,3
8,2.5,3.04,19,496,2,0,480.0,23,239,25,0.316,0.957,0.96,0.31,DET,1610612765,Detroit Pistons,39.0,770,2
9,1.65,2.36,40,1067,3,0,720.0,68,349,83,0.25,0.853,0.807,0.245,GSW,1610612744,Golden State Warriors,55.9,1423,3
10,2.02,2.81,34,666,2,1,505.0,45,207,48,0.294,0.867,0.958,0.229,IND,1610612754,Indiana Pacers,42.2,902,1
11,2.37,2.94,52,1174,4,2,985.0,62,464,65,0.442,1.032,1.077,0.281,LAC,1610612746,Los Angeles Clippers,81.0,1651,2
12,2.17,3.02,68,1146,4,4,960.0,55,389,68,0.265,0.709,0.882,0.24,LAL,1610612747,Los Angeles Lakers,81.5,1620,0
13,2.16,2.77,84,1284,4,2,960.0,53,370,76,0.274,0.887,0.789,0.214,MEM,1610612763,Memphis Grizzlies,79.9,1730,2
14,2.48,3.06,31,615,2,1,480.0,29,211,44,0.161,1.103,0.864,0.253,MIA,1610612748,Miami Heat,42.5,834,1
15,1.97,2.78,48,596,2,1,480.0,40,226,45,0.271,1.05,1.111,0.272,MIL,1610612749,Milwaukee Bucks,38.5,832,1
16,2.06,2.84,63,899,3,3,720.0,47,320,61,0.286,1.021,0.967,0.26,MIN,1610612750,Minnesota Timberwolves,58.2,1231,0
17,2.16,2.72,63,1261,4,3,960.0,46,417,48,0.222,0.696,0.833,0.24,NOP,1610612740,New Orleans Pelicans,78.9,1741,1
18,2.15,2.88,37,650,2,1,505.0,21,218,33,0.486,0.762,0.758,0.244,NYK,1610612752,New York Knicks,42.9,894,1
19,2.39,2.98,46,1076,4,2,960.0,58,442,63,0.326,1.103,1.111,0.284,OKC,1610612760,Oklahoma City Thunder,77.3,1557,2
20,2.29,2.92,24,626,2,1,505.0,31,218,41,0.333,1.226,1.098,0.251,ORL,1610612753,Orlando Magic,42.2,868,1
21,2.03,2.49,20,719,2,2,480.0,27,218,33,0.15,0.63,0.758,0.231,PHI,1610612755,Philadelphia 76ers,39.1,942,0
22,1.8,2.41,63,1124,3,2,720.0,62,329,76,0.286,0.774,0.592,0.216,PHX,1610612756,Phoenix Suns,61.0,1520,1
23,2.39,2.99,54,1192,4,2,985.0,45,420,47,0.148,0.756,0.894,0.246,POR,1610612757,Portland Trail Blazers,85.1,1707,2
24,2.31,2.85,36,1228,4,3,960.0,43,411,63,0.556,0.953,0.873,0.242,SAC,1610612758,Sacramento Kings,80.9,1701,1
25,2.29,2.74,81,1374,4,1,960.0,72,439,101,0.383,0.861,0.743,0.239,SAS,1610612759,San Antonio Spurs,83.7,1834,3
26,2.23,2.76,16,704,2,2,480.0,26,216,36,0.0,1.038,0.889,0.233,TOR,1610612761,Toronto Raptors,42.6,928,0
27,2.03,2.63,85,1579,4,2,985.0,64,391,75,0.118,0.781,0.693,0.194,UTA,1610612762,Utah Jazz,88.3,2014,2
28,1.8,2.54,20,610,2,1,480.0,34,226,43,0.35,0.912,0.814,0.266,WAS,1610612764,Washington Wizards,36.0,850,1
