,AVG_DRIB_PER_TOUCH,AVG_SEC_PER_TOUCH,ELBOW_TOUCHES,FRONT_CT_TOUCHES,GP,L,MIN,PAINT_TOUCHES,POINTS,POST_TOUCHES,PTS_PER_ELBOW_TOUCH,PTS_PER_PAINT_TOUCH,PTS_PER_POST_TOUCH,PTS_PER_TOUCH,TEAM_ABBREVIATION,TEAM_ID,TEAM_NAME,TIME_OF_POSS,TOUCHES,W
0,1.96,2.52,25,676,2,0,480.0,27,210,26,0.24,0.963,1.0,0.242,ATL,1610612737,Atlanta Hawks,36.5,868,2
1,1.9,2.44,20,677,2,2,505.0,27,215,35,0.4,0.741,0.914,0.235,BOS,1610612738,Boston Celtics,37.1,913,0
2,2.03,2.58,40,686,2,2,505.0,28,197,42,0.4,0.929,0.786,0.217,BKN,1610612751,Brooklyn Nets,39.1,907,0
3,2.49,2.93,15,564,2,1,480.0,16,204,29,0.467,1.438,0.966,0.256,CHA,1610612766,Charlotte Hornets,38.9,797,1
4,2.04,2.76,30,617,2,2,480.0,17,188,29,0.333,0.941,0.655,0.233,CHI,1610612741,Chicago Bulls,37.1,808,0
5,2.26,2.86,19,662,2,0,505.0,19,209,26,0.316,1.0,0.962,0.236,CLE,1610612739,Cleveland Cavaliers,42.3,886,2
6,2.23,2.72,35,1361,4,3,1010.0,52,401,73,0.343,0.846,0.767,0.223,DEN,1610612743,Denver Nuggets,81.6,1797,1
7,2.23,2.77,14,533,2,1,480.0,27,191,30,0.286,0.815,0.667,0.245,DET,1610612765,Detroit Pistons,36.1,781,1
8,1.64,2.28,68,1362,4,1,960.0,65,476,70,0.338,0.815,0.8,0.262,GSW,1610612744,Golden State Warriors,68.9,1815,3
9,2.06,2.72,38,1114,4,2,960.0,46,399,52,0.526,0.957,0.923,0.258,HOU,1610612745,Houston Rockets,70.2,1546,2
10,1.86,2.62,36,650,2,0,480.0,31,219,32,0.333,0.871,0.844,0.257,IND,1610612754,Indiana Pacers,37.2,853,2
11,2.31,2.82,61,1089,4,1,960.0,52,419,57,0.18,1.077,1.018,0.265,LAC,1610612746,Los Angeles Clippers,74.4,1584,3
12,1.97,2.79,51,897,3,3,720.0,28,265,34,0.235,0.643,0.588,0.218,LAL,1610612747,Los Angeles Lakers,56.6,1218,0
13,2.12,2.73,87,1271,4,3,985.0,64,401,93,0.161,0.844,0.785,0.231,MEM,1610612763,Memphis Grizzlies,78.9,1735,1
14,2.45,2.96,44,577,2,0,480.0,29,199,36,0.432,1.034,0.778,0.256,MIA,1610612748,Miami Heat,38.4,778,2
15,2.07,2.81,49,591,2,1,480.0,33,189,41,0.224,1.03,0.902,0.24,MIL,1610612749,Milwaukee Bucks,36.9,788,1
16,2.14,2.7,101,1320,4,4,985.0,50,360,77,0.218,0.98,0.662,0.204,MIN,1610612750,Minnesota Timberwolves,79.5,1765,0
17,2.07,2.62,50,1189,4,2,960.0,32,414,47,0.36,1.0,0.83,0.252,NOP,1610612740,New Orleans Pelicans,71.8,1644,2
18,1.85,2.56,42,625,2,2,480.0,20,186,28,0.476,1.05,0.929,0.219,NYK,1610612752,New York Knicks,36.2,849,0
19,2.15,2.7,52,1203,4,0,960.0,63,450,63,0.365,0.921,1.016,0.266,OKC,1610612760,Oklahoma City Thunder,76.2,1690,4
20,2.02,2.47,27,718,2,1,505.0,33,218,34,0.296,0.758,0.676,0.231,ORL,1610612753,Orlando Magic,38.8,942,1
21,2.14,2.51,32,662,2,2,480.0,25,189,38,0.375,0.76,0.632,0.205,PHI,1610612755,Philadelphia 76ers,38.7,924,0
22,1.91,2.44,49,962,3,3,720.0,37,267,55,0.265,0.595,0.709,0.202,PHX,1610612756,Phoenix Suns,53.7,1320,0
23,2.38,2.9,40,964,3,2,770.0,39,341,54,0.25,0.846,0.704,0.259,POR,1610612757,Portland Trail Blazers,63.7,1316,1
24,2.32,2.87,40,1170,4,1,1010.0,53,465,70,0.5,1.245,1.043,0.281,SAC,1610612758,Sacramento Kings,79.1,1655,3
25,2.16,2.62,76,1330,4,0,960.0,54,412,76,0.25,0.981,0.934,0.233,SAS,1610612759,San Antonio Spurs,77.3,1770,4
26,2.42,2.87,24,627,2,0,480.0,23,205,41,0.167,1.087,0.756,0.239,TOR,1610612761,Toronto Raptors,41.1,859,2
27,2.02,2.62,52,1088,3,2,745.0,30,306,44,0.115,0.733,0.864,0.219,UTA,1610612762,Utah Jazz,60.8,1395,1
28,1.97,2.59,12,545,2,1,480.0,22,218,25,0.0,0.955,0.92,0.272,WAS,1610612764,Washington Wizards,34.6,801,1
