,AVG_DRIB_PER_TOUCH,AVG_SEC_PER_TOUCH,ELBOW_TOUCHES,FRONT_CT_TOUCHES,GP,L,MIN,PAINT_TOUCHES,POINTS,POST_TOUCHES,PTS_PER_ELBOW_TOUCH,PTS_PER_PAINT_TOUCH,PTS_PER_POST_TOUCH,PTS_PER_TOUCH,TEAM_ABBREVIATION,TEAM_ID,TEAM_NAME,TIME_OF_POSS,TOUCHES,W
0,1.94,2.4,38,1310,4,3,960.0,57,374,62,0.316,0.684,0.661,0.22,ATL,1610612737,Atlanta Hawks,68.0,1700,1
1,1.86,2.35,61,1239,4,3,960.0,52,394,57,0.23,0.808,0.807,0.236,BOS,1610612738,Boston Celtics,65.4,1668,1
2,2.49,2.97,66,1087,4,4,960.0,38,369,51,0.47,0.684,0.725,0.246,BKN,1610612751,Brooklyn Nets,74.2,1501,0
3,2.26,2.64,34,965,3,2,745.0,39,293,42,0.265,0.897,0.738,0.223,CHA,1610612766,Charlotte Hornets,57.7,1312,1
4,2.01,2.67,70,1224,4,0,960.0,48,444,64,0.714,1.104,0.813,0.268,CHI,1610612741,Chicago Bulls,73.8,1656,4
5,2.32,2.92,33,854,3,2,720.0,39,318,52,0.242,0.769,0.692,0.271,CLE,1610612739,Cleveland Cavaliers,57.1,1174,1
6,2.1,2.4,39,618,2,2,480.0,16,190,31,0.615,0.625,0.452,0.218,DAL,1610612742,Dallas Mavericks,34.9,873,0
7,2.06,2.73,33,641,2,0,480.0,42,218,46,0.364,0.905,0.783,0.248,DEN,1610612743,Denver Nuggets,40.0,879,2
8,2.33,2.9,37,797,3,2,720.0,40,310,42,0.162,0.7,0.833,0.268,DET,1610612765,Detroit Pistons,55.9,1156,1
9,1.75,2.25,32,606,2,0,480.0,31,227,36,0.031,1.0,1.0,0.266,GSW,1610612744,Golden State Warriors,32.0,852,2
10,2.18,2.67,21,542,2,0,480.0,35,225,37,0.333,0.686,0.703,0.29,HOU,1610612745,Houston Rockets,34.5,775,2
11,1.96,2.55,68,1263,4,3,985.0,57,397,63,0.176,0.719,0.683,0.231,IND,1610612754,Indiana Pacers,73.0,1717,1
12,2.04,2.5,25,556,2,2,480.0,27,174,34,0.12,0.889,0.706,0.213,LAC,1610612746,Los Angeles Clippers,34.0,817,0
13,2.16,2.85,29,562,2,2,480.0,33,184,38,0.276,0.545,0.526,0.237,LAL,1610612747,Los Angeles Lakers,36.9,777,0
14,1.98,2.63,38,632,2,2,480.0,30,180,34,0.105,0.567,0.588,0.211,MEM,1610612763,Memphis Grizzlies,37.4,853,0
15,2.39,2.83,81,1247,4,3,985.0,53,375,56,0.346,0.736,0.732,0.223,MIA,1610612748,Miami Heat,79.4,1684,1
16,1.84,2.66,102,1230,4,4,960.0,81,349,90,0.118,0.852,0.822,0.211,MIL,1610612749,Milwaukee Bucks,73.3,1652,0
17,2.4,3.0,41,560,2,1,480.0,32,222,39,0.293,0.906,0.846,0.292,MIN,1610612750,Minnesota Timberwolves,37.9,759,1
18,2.25,2.7,33,617,2,2,480.0,23,172,31,0.182,1.13,0.903,0.205,NOP,1610612740,New Orleans Pelicans,37.9,840,0
19,1.75,2.52,112,1408,4,3,960.0,46,388,61,0.321,0.674,0.639,0.215,NYK,1610612752,New York Knicks,75.9,1805,1
20,2.32,2.81,25,545,2,1,480.0,46,217,44,0.2,0.761,0.795,0.288,OKC,1610612760,Oklahoma City Thunder,35.3,754,1
21,2.25,2.63,27,578,2,1,480.0,24,192,25,0.481,0.708,0.72,0.246,ORL,1610612753,Orlando Magic,34.3,780,1
22,2.09,2.47,49,1283,4,4,960.0,49,372,76,0.388,0.816,0.724,0.211,PHI,1610612755,Philadelphia 76ers,72.7,1764,0
23,2.0,2.67,47,622,2,1,480.0,25,204,34,0.255,0.8,0.706,0.242,PHX,1610612756,Phoenix Suns,37.6,843,1
24,2.43,2.88,36,555,2,2,480.0,28,218,28,0.278,0.893,0.714,0.286,POR,1610612757,Portland Trail Blazers,36.7,763,0
25,2.25,2.74,22,556,2,0,480.0,30,211,41,0.364,1.1,0.878,0.268,SAC,1610612758,Sacramento Kings,35.9,788,2
26,1.93,2.46,48,671,2,1,480.0,37,196,44,0.083,0.865,0.75,0.215,SAS,1610612759,San Antonio Spurs,37.4,911,1
27,2.05,2.63,55,681,2,1,480.0,25,187,30,0.2,1.08,1.267,0.217,UTA,1610612762,Utah Jazz,37.7,861,1
28,1.81,2.41,60,1237,4,4,960.0,59,350,65,0.3,0.797,0.723,0.207,WAS,1610612764,Washington Wizards,67.7,1689,0
