,AGE,CFID,CFPARAMS,GP,L,MIN,PCT_AST,PCT_BLK,PCT_BLKA,PCT_DREB,PCT_FG3A,PCT_FG3M,PCT_FGA,PCT_FGM,PCT_FTA,PCT_FTM,PCT_OREB,PCT_PF,PCT_PFD,PCT_PTS,PCT_REB,PCT_STL,PCT_TOV,PLAYER_ID,PLAYER_NAME,TEAM_ABBREVIATION,TEAM_ID,USG_PCT,W,W_PCT
0,31.0,5,"201166,1610612741",8,4,154.0,0.323,0.083,0.133,0.105,0.374,0.367,0.242,0.225,0.257,0.236,0.102,0.22,0.228,0.239,0.104,0.318,0.319,201166,Aaron Brooks,CHI,1610612741,0.253,4,0.5
1,20.0,5,"203932,1610612753",2,0,31.0,0.071,0.333,0.0,0.318,0.067,0.0,0.25,0.238,0.105,0.143,0.125,0.263,0.176,0.197,0.267,0.6,0.25,203932,Aaron Gordon,ORL,1610612753,0.233,2,1.0
2,21.0,5,"1626151,1610612766",6,1,77.0,0.2,0.0,0.0,0.113,0.256,0.375,0.163,0.143,0.063,0.043,0.0,0.184,0.103,0.153,0.091,0.3,0.121,1626151,Aaron Harrison,CHA,1610612766,0.146,5,0.833
3,23.0,5,"203519,1610612765",1,1,10.0,0.333,0.0,0.25,0.0,0.0,0.0,0.091,0.143,0.0,0.0,0.0,0.0,0.0,0.111,0.0,0.0,0.0,203519,Adonis Thomas,DET,1610612765,0.079,0,0.0
4,25.0,5,"203940,1610612750",6,4,72.0,0.033,0.25,0.182,0.263,0.08,0.0,0.165,0.14,0.128,0.111,0.19,0.459,0.179,0.126,0.237,0.1,0.172,203940,Adreian Payne,MIN,1610612750,0.162,2,0.333
5,30.0,5,"201143,1610612737",6,2,141.0,0.222,0.304,0.167,0.288,0.188,0.222,0.233,0.268,0.149,0.172,0.294,0.192,0.167,0.242,0.289,0.208,0.227,201143,Al Horford,ATL,1610612737,0.223,4,0.667
6,31.0,5,"2744,1610612766",6,0,145.0,0.063,0.7,0.143,0.244,0.013,0.0,0.27,0.255,0.162,0.167,0.2,0.239,0.159,0.211,0.238,0.2,0.179,2744,Al Jefferson,CHA,1610612766,0.244,6,1.0
7,25.0,5,"202329,1610612757",3,1,92.0,0.128,0.4,0.2,0.183,0.207,0.125,0.2,0.206,0.167,0.189,0.217,0.158,0.146,0.193,0.191,0.167,0.294,202329,Al-Farouq Aminu,POR,1610612757,0.211,2,0.667
8,24.0,5,"202692,1610612762",7,4,192.0,0.282,0.056,0.259,0.231,0.083,0.036,0.19,0.188,0.284,0.314,0.128,0.167,0.259,0.204,0.208,0.143,0.213,202692,Alec Burks,UTA,1610612762,0.206,3,0.429
9,23.0,5,"203458,1610612756",5,1,99.0,0.105,0.667,0.2,0.295,0.0,0.0,0.213,0.267,0.255,0.344,0.318,0.295,0.326,0.26,0.3,0.095,0.296,203458,Alex Len,PHX,1610612756,0.227,4,0.8
10,28.0,5,"1627293,1610612763",3,1,28.0,0.333,0.0,0.3,0.3,0.0,0.0,0.26,0.2,0.375,0.3,0.632,0.273,0.4,0.219,0.462,0.0,0.231,1627293,Alex Stepheson,MEM,1610612763,0.266,2,0.667
11,28.0,5,"201582,1610612740",1,0,8.0,0.0,0.0,0.0,0.222,0.0,0.0,0.095,0.143,0.0,0.0,0.4,0.2,0.0,0.118,0.286,0.0,0.0,201582,Alexis Ajinca,NOP,1610612740,0.084,1,1.0
12,24.0,5,"203459,1610612757",7,4,199.0,0.195,0.0,0.1,0.088,0.259,0.333,0.208,0.221,0.146,0.127,0.057,0.191,0.139,0.214,0.082,0.216,0.08,203459,Allen Crabbe,POR,1610612757,0.181,3,0.429
13,29.0,5,"202087,1610612740",6,4,127.0,0.167,0.125,0.25,0.213,0.063,0.05,0.126,0.078,0.108,0.115,0.095,0.236,0.152,0.088,0.188,0.226,0.135,202087,Alonzo Gee,NOP,1610612740,0.124,2,0.333
14,33.0,5,"2405,1610612748",5,2,64.0,0.03,0.75,0.25,0.273,0.0,0.0,0.212,0.156,0.263,0.345,0.333,0.226,0.27,0.185,0.286,0.125,0.115,2405,Amar'e Stoudemire,MIA,1610612748,0.2,3,0.6
15,29.0,5,"101161,1610612738",6,1,109.0,0.083,0.4,0.4,0.273,0.111,0.188,0.211,0.289,0.239,0.214,0.304,0.193,0.256,0.272,0.279,0.208,0.243,101161,Amir Johnson,BOS,1610612738,0.218,5,0.833
16,33.0,5,"2760,1610612744",6,6,94.0,0.317,1.0,0.0,0.344,0.0,0.0,0.195,0.345,0.25,0.265,0.353,0.279,0.222,0.303,0.346,0.222,0.25,2760,Anderson Varejao,GSW,1610612744,0.211,0,0.0
17,22.0,5,"203083,1610612765",8,5,230.0,0.056,0.467,0.368,0.388,0.0,0.0,0.27,0.317,0.221,0.113,0.596,0.202,0.217,0.259,0.442,0.133,0.138,203083,Andre Drummond,DET,1610612765,0.246,3,0.375
18,32.0,5,"2738,1610612744",6,3,92.0,0.2,0.25,0.0,0.133,0.244,0.167,0.148,0.147,0.153,0.125,0.04,0.093,0.114,0.144,0.106,0.308,0.25,2738,Andre Iguodala,GSW,1610612744,0.163,3,0.5
19,40.0,5,"1889,1610612759",3,2,49.0,0.36,0.0,0.0,0.278,0.0,0.0,0.104,0.162,0.154,0.111,0.182,0.1,0.333,0.139,0.241,0.2,0.267,1889,Andre Miller,SAS,1610612759,0.133,1,0.333
20,24.0,5,"203460,1610612760",6,1,121.0,0.091,0.067,0.091,0.191,0.102,0.048,0.072,0.05,0.091,0.097,0.154,0.254,0.13,0.056,0.183,0.348,0.056,203460,Andre Roberson,OKC,1610612760,0.07,5,0.833
21,31.0,5,"101106,1610612744",4,2,71.0,0.205,0.455,0.0,0.283,0.0,0.0,0.096,0.129,0.033,0.022,0.2,0.255,0.103,0.091,0.276,0.214,0.19,101106,Andrew Bogut,GSW,1610612744,0.098,2,0.5
22,26.0,5,"203094,1610612753",6,2,69.0,0.105,0.0,0.333,0.3,0.286,0.333,0.294,0.333,0.28,0.235,0.333,0.194,0.308,0.321,0.308,0.0,0.19,203094,Andrew Nicholson,ORL,1610612753,0.279,4,0.667
23,21.0,5,"203952,1610612750",7,5,166.0,0.176,0.25,0.15,0.121,0.321,0.391,0.278,0.265,0.398,0.403,0.3,0.124,0.345,0.309,0.165,0.063,0.182,203952,Andrew Wiggins,MIN,1610612750,0.275,2,0.286
24,23.0,5,"203461,1610612761",6,2,86.0,0.125,0.0,0.067,0.328,0.545,0.5,0.2,0.138,0.326,0.323,0.286,0.17,0.25,0.193,0.319,0.176,0.133,203461,Anthony Bennett,TOR,1610612761,0.202,4,0.667
25,23.0,5,"1626148,1610612747",7,4,130.0,0.021,0.0,0.0,0.033,0.17,0.316,0.086,0.096,0.013,0.019,0.069,0.164,0.042,0.096,0.042,0.0,0.042,1626148,Anthony Brown,LAL,1610612747,0.071,3,0.429
26,23.0,5,"203076,1610612740",6,3,175.0,0.167,0.609,0.238,0.317,0.155,0.206,0.368,0.372,0.405,0.388,0.467,0.133,0.396,0.362,0.343,0.2,0.19,203076,Anthony Davis,NOP,1610612740,0.347,3,0.5
27,30.0,5,"201627,1610612760",6,1,118.0,0.0,0.0,0.083,0.089,0.427,0.387,0.227,0.173,0.073,0.08,0.033,0.111,0.093,0.189,0.075,0.176,0.119,201627,Anthony Morrow,OKC,1610612760,0.2,5,0.833
28,31.0,5,"201229,1610612765",8,5,143.0,0.147,0.1,0.0,0.198,0.319,0.345,0.147,0.11,0.108,0.113,0.143,0.153,0.078,0.133,0.186,0.185,0.091,201229,Anthony Tolliver,DET,1610612765,0.135,3,0.375
29,21.0,5,"203462,1610612756",6,2,95.0,0.244,0.083,0.364,0.062,0.115,0.133,0.171,0.182,0.12,0.111,0.15,0.098,0.111,0.166,0.082,0.273,0.194,203462,Archie Goodwin,PHX,1610612756,0.169,4,0.667
30,29.0,5,"203382,1610612765",4,2,56.0,0.032,0.4,0.0,0.222,0.0,0.0,0.172,0.186,0.176,0.143,0.5,0.304,0.323,0.159,0.273,0.091,0.133,203382,Aron Baynes,DET,1610612765,0.168,2,0.5
31,30.0,5,"201167,1610612752",3,2,39.0,0.063,0.0,0.333,0.219,0.273,0.333,0.19,0.242,0.143,0.167,0.0,0.211,0.182,0.247,0.171,0.222,0.25,201167,Arron Afflalo,NYK,1610612752,0.194,1,0.333
32,26.0,5,"203529,1610612745",2,1,15.0,0.0,0.0,0.0,0.385,0.0,0.0,0.032,0.0,0.308,0.222,0.333,0.357,0.222,0.077,0.368,0.333,0.0,203529,Arsalan Kazemi,HOU,1610612745,0.066,1,0.5
33,28.0,5,"201948,1610612739",6,5,71.0,0.156,0.5,0.333,0.541,0.455,0.545,0.248,0.192,0.095,0.114,0.091,0.333,0.103,0.2,0.437,0.125,0.179,201948,Austin Daye,CLE,1610612739,0.218,1,0.167
34,23.0,5,"203085,1610612746",5,2,106.0,0.146,0.091,0.0,0.06,0.258,0.263,0.226,0.254,0.219,0.205,0.067,0.246,0.222,0.244,0.061,0.286,0.171,203085,Austin Rivers,LAC,1610612746,0.216,3,0.6
35,25.0,5,"202340,1610612738",6,1,115.0,0.143,0.143,0.056,0.178,0.467,0.55,0.242,0.245,0.033,0.042,0.074,0.235,0.068,0.231,0.154,0.385,0.103,202340,Avery Bradley,BOS,1610612738,0.202,5,0.833
36,23.0,5,"1626253,1610612743",2,1,21.0,0.111,0.0,0.0,0.077,0.0,0.0,0.056,0.0,0.0,0.0,0.25,0.231,0.125,0.0,0.118,0.0,0.0,1626253,Axel Toupane,DEN,1610612743,0.044,1,0.5
37,33.0,5,"2732,1610612744",2,1,17.0,0.333,0.0,0.0,0.091,0.4,0.0,0.16,0.125,0.0,0.0,0.0,0.111,0.0,0.08,0.063,0.0,0.273,2732,Ben Gordon,GSW,1610612744,0.171,1,0.5
38,23.0,5,"203463,1610612758",6,1,126.0,0.122,0.0,0.071,0.075,0.254,0.25,0.167,0.115,0.193,0.2,0.028,0.204,0.182,0.145,0.06,0.24,0.073,203463,Ben McLemore,SAC,1610612758,0.158,5,0.833
39,33.0,5,"2757,1610612748",5,1,76.0,0.355,0.0,0.154,0.136,0.184,0.154,0.211,0.109,0.378,0.5,0.0,0.143,0.324,0.191,0.114,0.214,0.27,2757,Beno Udrih,MIA,1610612748,0.238,4,0.8
40,23.0,5,"202687,1610612761",7,2,144.0,0.111,0.5,0.429,0.34,0.0,0.0,0.133,0.134,0.29,0.227,0.432,0.286,0.261,0.149,0.364,0.043,0.12,202687,Bismack Biyombo,TOR,1610612761,0.152,5,0.714
41,27.0,5,"201933,1610612746",6,3,158.0,0.256,0.188,0.875,0.296,0.043,0.0,0.339,0.336,0.279,0.254,0.269,0.177,0.314,0.297,0.291,0.139,0.25,201933,Blake Griffin,LAC,1610612746,0.317,3,0.5
42,31.0,5,"1627322,1610612740",4,3,55.0,0.474,0.0,0.833,0.063,0.077,0.0,0.202,0.132,0.071,0.043,0.125,0.216,0.107,0.103,0.075,0.083,0.292,1627322,Bo McCalebb,NOP,1610612740,0.206,1,0.25
43,27.0,5,"1626246,1610612759",5,3,58.0,0.118,0.714,0.167,0.275,0.0,0.0,0.202,0.237,0.077,0.105,0.538,0.143,0.13,0.196,0.34,0.154,0.345,1626246,Boban Marjanovic,SAS,1610612759,0.222,2,0.4
44,21.0,5,"1626171,1610612741",7,4,152.0,0.097,0.455,0.077,0.339,0.101,0.135,0.224,0.226,0.286,0.342,0.412,0.259,0.241,0.229,0.36,0.133,0.227,1626171,Bobby Portis,CHI,1610612741,0.229,3,0.429
45,27.0,5,"202711,1610612751",4,3,104.0,0.152,0.091,0.5,0.133,0.321,0.211,0.193,0.147,0.164,0.161,0.087,0.056,0.14,0.156,0.12,0.095,0.211,202711,Bojan Bogdanovic,BKN,1610612751,0.192,1,0.25
46,34.0,5,"2564,1610612759",3,1,34.0,0.176,0.333,0.5,0.2,0.188,0.333,0.13,0.111,0.111,0.143,0.333,0.286,0.111,0.135,0.226,0.167,0.167,2564,Boris Diaw,SAS,1610612759,0.134,2,0.667
47,22.0,5,"203078,1610612764",6,2,138.0,0.141,0.167,0.143,0.138,0.324,0.321,0.267,0.288,0.092,0.093,0.174,0.196,0.129,0.26,0.145,0.138,0.327,203078,Bradley Beal,WAS,1610612764,0.261,4,0.667
48,28.0,5,"201148,1610612763",5,1,98.0,0.067,0.545,0.125,0.311,0.0,0.0,0.191,0.266,0.098,0.087,0.421,0.196,0.121,0.204,0.333,0.158,0.139,201148,Brandan Wright,MEM,1610612763,0.172,4,0.8
49,23.0,5,"1626183,1610612746",2,1,12.0,0.0,0.0,0.0,0.222,0.0,0.0,0.333,0.375,0.0,0.0,0.0,0.0,0.0,0.316,0.167,0.0,0.0,1626183,Branden Dawson,LAC,1610612746,0.251,1,0.5
50,21.0,5,"1626165,1610612742",7,7,85.0,0.25,0.333,0.1,0.316,0.174,0.0,0.136,0.041,0.167,0.154,0.0,0.276,0.167,0.061,0.273,0.105,0.167,1626165,Brandon Ashley,DAL,1610612742,0.144,0,0.0
51,31.0,5,"101138,1610612747",5,4,98.0,0.121,0.364,0.333,0.19,0.021,0.0,0.181,0.18,0.178,0.182,0.35,0.186,0.196,0.168,0.231,0.222,0.2,101138,Brandon Bass,LAL,1610612747,0.184,1,0.2
52,24.0,5,"202688,1610612756",6,2,153.0,0.329,0.0,0.056,0.162,0.375,0.364,0.222,0.197,0.068,0.075,0.057,0.128,0.143,0.199,0.134,0.293,0.317,202688,Brandon Knight,PHX,1610612756,0.227,4,0.667
53,30.0,5,"201575,1610612744",7,4,130.0,0.076,0.053,0.182,0.153,0.258,0.25,0.156,0.138,0.097,0.097,0.037,0.197,0.115,0.136,0.128,0.25,0.148,201575,Brandon Rush,GSW,1610612744,0.146,3,0.429
54,30.0,5,"203148,1610612757",7,1,137.0,0.396,0.0,0.077,0.091,0.167,0.192,0.226,0.232,0.2,0.264,0.13,0.033,0.23,0.234,0.097,0.333,0.234,203148,Brian Roberts,POR,1610612757,0.225,6,0.857
55,28.0,5,"201572,1610612751",5,3,132.0,0.133,0.875,0.111,0.25,0.108,0.125,0.257,0.301,0.44,0.413,0.188,0.143,0.346,0.331,0.234,0.1,0.119,201572,Brook Lopez,BKN,1610612751,0.264,2,0.4
56,20.0,5,"203998,1610612761",6,2,84.0,0.087,0.5,0.167,0.138,0.4,0.25,0.138,0.07,0.132,0.143,0.083,0.245,0.114,0.093,0.13,0.0,0.237,203998,Bruno Caboclo,TOR,1610612761,0.158,4,0.667
57,23.0,5,"203955,1610612763",2,2,34.0,0.111,0.0,0.167,0.105,0.267,0.0,0.292,0.182,0.353,0.455,0.214,0.0,0.455,0.232,0.152,0.25,0.231,203955,Bryce Cotton,MEM,1610612763,0.288,0,0.0
58,23.0,5,"1626214,1610612740",7,4,128.0,0.238,0.25,0.313,0.123,0.164,0.208,0.17,0.238,0.279,0.297,0.077,0.23,0.277,0.25,0.111,0.185,0.132,1626214,Bryce Dejean-Jones,NOP,1610612740,0.179,3,0.429
59,24.0,5,"203927,1610612754",5,1,47.0,0.143,0.154,0.167,0.25,0.042,0.0,0.082,0.077,0.056,0.061,0.214,0.045,0.08,0.068,0.241,0.167,0.111,203927,CJ Fair,IND,1610612754,0.081,4,0.8
60,24.0,5,"203468,1610612757",7,4,217.0,0.307,0.105,0.238,0.086,0.309,0.333,0.302,0.274,0.157,0.186,0.089,0.15,0.176,0.267,0.087,0.118,0.214,203468,CJ McCollum,POR,1610612757,0.277,3,0.429
61,29.0,5,"101139,1610612754",6,2,110.0,0.055,0.0,0.0,0.111,0.481,0.37,0.297,0.22,0.143,0.157,0.045,0.214,0.129,0.223,0.097,0.227,0.125,101139,CJ Miles,IND,1610612754,0.262,4,0.667
62,32.0,5,"201228,1610612753",6,1,155.0,0.392,0.176,0.063,0.147,0.179,0.1,0.136,0.085,0.145,0.113,0.087,0.171,0.195,0.091,0.129,0.414,0.185,201228,CJ Watson,ORL,1610612753,0.144,5,0.833
63,25.0,5,"203912,1610612746",5,3,31.0,0.071,0.333,0.25,0.087,0.357,0.4,0.19,0.182,0.0,0.0,0.0,0.143,0.0,0.175,0.069,0.125,0.364,203912,CJ Wilcox,LAC,1610612746,0.204,2,0.4
64,25.0,5,"203946,1610612741",4,2,75.0,0.034,0.4,0.167,0.278,0.063,0.053,0.169,0.143,0.146,0.167,0.308,0.238,0.114,0.137,0.288,0.091,0.148,203946,Cameron Bairstow,CHI,1610612741,0.164,2,0.5
65,21.0,5,"1626166,1610612760",6,1,78.0,0.462,0.364,0.25,0.192,0.254,0.412,0.256,0.271,0.1,0.077,0.15,0.313,0.063,0.255,0.181,0.267,0.346,1626166,Cameron Payne,OKC,1610612760,0.253,5,0.833
66,32.0,5,"2546,1610612752",5,1,121.0,0.154,0.375,0.5,0.109,0.232,0.15,0.297,0.333,0.128,0.143,0.167,0.14,0.191,0.291,0.125,0.263,0.2,2546,Carmelo Anthony,NYK,1610612752,0.272,4,0.8
67,36.0,5,"2406,1610612758",4,1,54.0,0.1,0.167,0.333,0.186,0.243,0.125,0.174,0.083,0.049,0.038,0.0,0.231,0.049,0.075,0.133,0.167,0.19,2406,Caron Butler,SAC,1610612758,0.159,3,0.75
68,33.0,5,"101112,1610612739",7,1,127.0,0.145,0.444,0.0,0.178,0.282,0.296,0.18,0.182,0.069,0.095,0.156,0.238,0.169,0.18,0.172,0.045,0.225,101112,Channing Frye,CLE,1610612739,0.177,6,0.857
69,33.0,5,"101236,1610612745",4,3,27.0,0.25,0.0,0.25,0.333,0.0,0.0,0.061,0.053,0.0,0.0,0.6,0.231,0.0,0.045,0.385,0.143,0.083,101236,Charles Hayes,HOU,1610612745,0.064,1,0.25
70,31.0,5,"101111,1610612742",6,6,103.0,0.1,0.0,0.111,0.304,0.314,0.444,0.257,0.274,0.13,0.111,0.185,0.256,0.137,0.254,0.274,0.053,0.179,101111,Charlie Villanueva,DAL,1610612742,0.233,0,0.0
71,26.0,5,"203586,1610612749",1,1,9.0,0.25,0.0,0.0,0.5,0.5,0.0,0.231,0.2,0.444,0.333,0.0,0.333,0.571,0.235,0.375,0.5,0.0,203586,Charlie Westbrook,MIL,1610612749,0.238,0,0.0
72,28.0,5,"201978,1610612756",4,1,75.0,0.083,0.1,0.0,0.127,0.438,0.571,0.18,0.196,0.063,0.083,0.056,0.161,0.13,0.195,0.111,0.143,0.111,201978,Chase Budinger,PHX,1610612756,0.163,3,0.75
73,37.0,5,"2365,1610612763",7,4,108.0,0.096,0.6,0.214,0.284,0.056,0.056,0.136,0.127,0.1,0.098,0.44,0.143,0.184,0.115,0.321,0.25,0.0,2365,Chris Andersen,MEM,1610612763,0.115,3,0.429
74,26.0,5,"203569,1610612744",6,4,66.0,0.192,0.063,0.0,0.065,0.286,0.375,0.129,0.116,0.0,0.0,0.0,0.25,0.125,0.107,0.048,0.0,0.091,203569,Chris Babb,GSW,1610612744,0.11,2,0.333
75,32.0,5,"2547,1610612748",7,3,180.0,0.183,0.105,0.211,0.241,0.329,0.316,0.254,0.26,0.289,0.351,0.2,0.091,0.215,0.283,0.234,0.12,0.164,2547,Chris Bosh,MIA,1610612748,0.244,4,0.571
76,32.0,5,"203142,1610612749",3,2,73.0,0.094,0.0,0.222,0.18,0.378,0.462,0.195,0.184,0.203,0.263,0.067,0.103,0.209,0.228,0.158,0.083,0.0,203142,Chris Copeland,MIL,1610612749,0.168,1,0.333
77,32.0,5,"202808,1610612751",5,3,65.0,0.147,0.429,0.091,0.238,0.455,0.368,0.301,0.264,0.12,0.095,0.333,0.385,0.333,0.253,0.259,0.222,0.4,202808,Chris Daniels,BKN,1610612751,0.304,2,0.4
78,29.0,5,"201604,1610612740",5,3,99.0,0.139,0.167,0.278,0.062,0.043,0.059,0.122,0.125,0.3,0.308,0.0,0.051,0.268,0.164,0.051,0.389,0.192,201604,Chris Douglas-Roberts,NOP,1610612740,0.154,2,0.4
79,30.0,5,"202419,1610612739",4,4,37.0,0.167,0.6,0.125,0.316,0.0,0.0,0.09,0.111,0.24,0.158,0.143,0.321,0.176,0.108,0.269,0.167,0.2,202419,Chris Johnson,CLE,1610612739,0.121,0,0.0
80,26.0,5,"203187,1610612762",5,4,55.0,0.0,0.0,0.0,0.179,0.28,0.25,0.172,0.207,0.031,0.0,0.059,0.25,0.074,0.153,0.133,0.25,0.211,203187,Chris Johnson,UTA,1610612762,0.162,1,0.2
81,34.0,5,"2549,1610612757",2,1,22.0,0.375,1.0,0.0,0.294,0.0,0.0,0.349,0.235,0.0,0.0,0.333,0.267,0.0,0.178,0.304,0.0,0.333,2549,Chris Kaman,POR,1610612757,0.329,1,0.5
82,31.0,5,"101108,1610612746",5,2,118.0,0.594,0.0,0.0,0.14,0.3,0.25,0.221,0.184,0.196,0.27,0.158,0.194,0.183,0.202,0.143,0.091,0.28,101108,Chris Paul,LAC,1610612746,0.229,3,0.6
83,21.0,5,"1626217,1610612745",3,1,25.0,0.0,1.0,0.25,0.414,0.111,0.0,0.32,0.444,0.143,0.125,0.308,0.211,0.154,0.362,0.381,0.2,0.308,1626217,Chris Walker,HOU,1610612745,0.302,2,0.667
84,20.0,5,"1626174,1610612755",5,3,63.0,0.043,0.222,0.429,0.339,0.132,0.067,0.252,0.302,0.214,0.148,0.417,0.185,0.206,0.242,0.353,0.071,0.111,1626174,Christian Wood,PHI,1610612755,0.231,2,0.4
85,25.0,5,"203921,1610612752",6,2,121.0,0.113,0.313,0.2,0.161,0.235,0.19,0.178,0.187,0.13,0.148,0.154,0.273,0.238,0.179,0.16,0.111,0.171,203921,Cleanthony Early,NYK,1610612752,0.171,4,0.667
86,22.0,5,"203991,1610612745",6,3,144.0,0.082,0.5,0.286,0.36,0.0,0.0,0.134,0.174,0.186,0.145,0.405,0.258,0.192,0.149,0.373,0.111,0.244,203991,Clint Capela,HOU,1610612745,0.154,3,0.5
87,23.0,5,"203469,1610612766",8,1,177.0,0.154,0.2,0.133,0.266,0.065,0.125,0.11,0.154,0.255,0.205,0.333,0.257,0.23,0.162,0.274,0.212,0.16,203469,Cody Zeller,CHA,1610612766,0.132,7,0.875
88,27.0,5,"202332,1610612746",4,3,24.0,0.111,1.0,0.0,0.333,0.0,0.0,0.083,0.083,0.4,0.429,0.4,0.313,0.364,0.147,0.348,0.0,0.25,202332,Cole Aldrich,LAC,1610612746,0.148,1,0.25
89,30.0,5,"201147,1610612745",6,4,137.0,0.154,0.0,0.167,0.161,0.263,0.214,0.264,0.255,0.32,0.358,0.059,0.164,0.293,0.273,0.132,0.412,0.208,201147,Corey Brewer,HOU,1610612745,0.262,2,0.333
90,24.0,5,"1626186,1610612748",2,0,14.0,0.167,0.0,0.0,0.2,0.286,0.4,0.087,0.25,0.0,0.0,0.0,0.0,0.125,0.2,0.125,0.0,0.286,1626186,Corey Hawkins,MIA,1610612748,0.113,2,1.0
91,23.0,5,"1626258,1610612738",4,1,28.0,0.25,0.0,0.5,0.261,0.214,0.0,0.133,0.056,0.0,0.0,0.0,0.455,0.0,0.038,0.222,0.0,0.3,1626258,Corey Walden,BOS,1610612738,0.146,3,0.75
92,27.0,5,"1626290,1610612740",3,1,21.0,0.545,0.0,0.0,0.067,0.0,0.0,0.184,0.111,0.0,0.0,0.0,0.182,0.0,0.08,0.063,0.25,0.5,1626290,Corey Webster,NOP,1610612740,0.182,2,0.667
93,25.0,5,"203928,1610612756",5,2,25.0,0.083,0.8,0.0,0.368,0.0,0.0,0.205,0.25,0.333,0.25,0.0,0.231,0.375,0.244,0.35,0.333,0.0,203928,Cory Jefferson,PHX,1610612756,0.191,3,0.6
94,24.0,5,"202709,1610612761",7,2,148.0,0.511,0.091,0.375,0.088,0.115,0.167,0.225,0.281,0.224,0.222,0.083,0.141,0.338,0.261,0.087,0.25,0.167,202709,Cory Joseph,TOR,1610612761,0.215,5,0.714
95,23.0,5,"1626262,1610612738",1,0,0.0,0.0,0.0,0.0,0.0,0.0,0.0,0.0,0.0,0.0,0.0,0.0,0.0,0.0,0.0,0.0,0.0,0.0,1626262,Coty Clarke,BOS,1610612738,0.0,1,1.0
96,30.0,5,"201584,1610612766",5,0,117.0,0.163,0.077,0.133,0.114,0.594,0.714,0.243,0.275,0.097,0.119,0.111,0.159,0.034,0.262,0.113,0.211,0.098,201584,Courtney Lee,CHA,1610612766,0.201,5,1.0
97,23.0,5,"1626245,1610612741",5,2,44.0,0.158,1.0,0.0,0.167,0.04,0.1,0.133,0.2,0.133,0.083,0.455,0.2,0.167,0.174,0.276,0.4,0.19,1626245,Cristiano Felicio,CHI,1610612741,0.144,3,0.6
98,20.0,5,"1626156,1610612747",7,4,119.0,0.426,0.071,0.083,0.155,0.262,0.208,0.204,0.187,0.215,0.173,0.118,0.123,0.175,0.186,0.144,0.235,0.225,1626156,D'Angelo Russell,LAL,1610612747,0.208,3,0.429
99,28.0,5,"201571,1610612743",5,1,95.0,0.444,0.0,0.5,0.068,0.25,0.067,0.181,0.114,0.121,0.125,0.1,0.178,0.257,0.112,0.075,0.154,0.263,201571,D.J. Augustin,DEN,1610612743,0.192,4,0.8
100,25.0,5,"203474,1610612739",4,3,29.0,0.053,0.0,0.0,0.1,0.111,0.167,0.208,0.231,0.0,0.0,0.167,0.05,0.105,0.181,0.115,0.0,0.167,203474,DJ Stephens,CLE,1610612739,0.177,1,0.25
101,28.0,5,"201969,1610612752",4,2,23.0,0.111,0.0,0.167,0.133,0.333,0.333,0.364,0.214,0.333,0.3,0.333,0.167,0.182,0.244,0.19,0.0,0.167,201969,DaJuan Summers,NYK,1610612752,0.339,2,0.5
102,35.0,5,"2563,1610612739",4,3,98.0,0.116,0.143,0.077,0.103,0.103,0.091,0.114,0.152,0.2,0.182,0.133,0.217,0.245,0.152,0.11,0.048,0.15,2563,Dahntay Jones,CLE,1610612739,0.13,1,0.25
103,25.0,5,"203081,1610612757",5,3,157.0,0.375,0.0,0.588,0.132,0.415,0.314,0.372,0.331,0.446,0.547,0.081,0.185,0.377,0.368,0.119,0.286,0.311,203081,Damian Lillard,POR,1610612757,0.37,2,0.4
104,21.0,5,"203996,1610612749",3,2,55.0,0.043,0.333,0.0,0.406,0.2,0.167,0.177,0.2,0.333,0.286,0.167,0.243,0.348,0.215,0.341,0.2,0.095,203996,Damien Inglis,MIL,1610612749,0.178,1,0.333
105,36.0,5,"2863,1610612766",3,1,51.0,0.263,0.0,0.125,0.095,0.048,0.0,0.118,0.154,0.19,0.214,0.0,0.211,0.125,0.15,0.078,0.333,0.133,2863,Damien Wilkins,CHA,1610612766,0.126,2,0.667
106,30.0,5,"204014,1610612750",7,5,123.0,0.098,0.0,0.0,0.045,0.281,0.241,0.133,0.114,0.083,0.053,0.0,0.2,0.107,0.115,0.034,0.105,0.093,204014,Damjan Rudez,MIN,1610612750,0.12,2,0.286
107,27.0,5,"201568,1610612743",5,2,127.0,0.196,0.0,0.167,0.216,0.389,0.25,0.218,0.225,0.328,0.4,0.071,0.121,0.303,0.257,0.184,0.24,0.279,201568,Danilo Gallinari,DEN,1610612743,0.237,3,0.6
108,29.0,5,"201980,1610612759",6,4,100.0,0.091,0.125,0.0,0.19,0.455,0.571,0.176,0.187,0.145,0.159,0.15,0.179,0.14,0.207,0.182,0.316,0.148,201980,Danny Green,SAS,1610612759,0.17,2,0.333
109,29.0,5,"201967,1610612740",7,4,200.0,0.108,0.222,0.103,0.219,0.138,0.073,0.104,0.072,0.071,0.06,0.216,0.247,0.099,0.069,0.219,0.114,0.125,201967,Dante Cunningham,NOP,1610612740,0.102,3,0.429
110,23.0,5,"1626276,1610612752",3,2,7.0,0.0,0.5,0.5,0.0,0.0,0.0,0.154,0.0,0.0,0.0,0.0,0.6,0.0,0.0,0.0,0.0,0.0,1626276,Darion Atkins,NYK,1610612752,0.134,1,0.333
111,28.0,5,"201589,1610612743",2,2,35.0,0.083,0.0,0.0,0.286,0.316,0.286,0.224,0.182,0.235,0.3,0.0,0.235,0.167,0.213,0.222,0.25,0.25,201589,Darrell Arthur,DEN,1610612743,0.228,0,0.0
112,28.0,5,"201954,1610612758",6,1,159.0,0.458,0.0,0.182,0.149,0.172,0.259,0.202,0.238,0.274,0.342,0.132,0.161,0.237,0.263,0.145,0.345,0.276,201954,Darren Collison,SAC,1610612758,0.223,5,0.833
113,23.0,5,"1626199,1610612765",3,0,23.0,0.154,0.0,0.0,0.0,0.294,0.333,0.188,0.118,0.4,0.444,0.0,0.333,0.333,0.204,0.0,0.667,0.333,1626199,Darrun Hilliard,DET,1610612765,0.237,3,1.0
114,33.0,5,"101135,1610612742",5,1,100.0,0.197,0.286,0.529,0.337,0.0,0.0,0.239,0.193,0.154,0.171,0.25,0.191,0.125,0.174,0.318,0.15,0.314,101135,David Lee,DAL,1610612742,0.242,4,0.8
115,25.0,5,"204065,1610612758",3,0,16.0,0.667,0.0,0.5,0.4,0.143,0.0,0.304,0.167,0.286,0.333,0.2,0.167,0.375,0.211,0.333,0.0,0.3,204065,David Stockton,SAC,1610612758,0.302,3,1.0
116,35.0,5,"2561,1610612759",6,4,104.0,0.174,0.545,0.333,0.254,0.0,0.0,0.179,0.189,0.115,0.128,0.368,0.309,0.225,0.163,0.279,0.19,0.243,2561,David West,SAS,1610612759,0.183,2,0.333
117,27.0,5,"201599,1610612746",6,3,155.0,0.032,0.625,0.143,0.431,0.0,0.0,0.103,0.139,0.26,0.185,0.28,0.231,0.259,0.135,0.404,0.324,0.111,201599,DeAndre Jordan,LAC,1610612746,0.119,3,0.5
118,27.0,5,"201971,1610612764",3,0,49.0,0.034,0.667,0.0,0.395,0.0,0.0,0.286,0.395,0.206,0.208,0.667,0.323,0.222,0.339,0.472,0.3,0.0,201971,DeJuan Blair,WAS,1610612764,0.245,3,1.0
119,26.0,5,"201942,1610612761",6,2,149.0,0.305,0.0,0.235,0.165,0.15,0.0,0.23,0.156,0.318,0.377,0.147,0.246,0.228,0.189,0.16,0.125,0.278,201942,DeMar DeRozan,TOR,1610612761,0.246,4,0.667
120,25.0,5,"202326,1610612758",5,1,119.0,0.075,0.333,0.455,0.301,0.231,0.083,0.348,0.338,0.5,0.523,0.3,0.388,0.5,0.376,0.301,0.423,0.354,202326,DeMarcus Cousins,SAC,1610612758,0.37,4,0.8
121,29.0,5,"201960,1610612761",7,2,171.0,0.114,0.2,0.316,0.181,0.403,0.379,0.223,0.208,0.182,0.19,0.205,0.213,0.152,0.218,0.187,0.241,0.114,201960,DeMarre Carroll,TOR,1610612761,0.205,5,0.714
122,26.0,5,"203199,1610612737",4,1,18.0,0.0,0.0,1.0,0.0,0.0,0.0,0.292,0.25,0.667,0.714,1.0,0.333,0.5,0.344,0.067,0.25,0.111,203199,DeQuan Jones,ATL,1610612737,0.288,3,0.75
123,24.0,5,"1626153,1610612761",7,2,72.0,0.269,0.0,0.308,0.196,0.161,0.286,0.186,0.191,0.088,0.038,0.105,0.065,0.192,0.165,0.171,0.2,0.32,1626153,Delon Wright,TOR,1610612761,0.198,5,0.714
124,22.0,5,"203471,1610612737",6,2,104.0,0.467,0.067,0.286,0.154,0.218,0.235,0.266,0.273,0.303,0.302,0.143,0.297,0.304,0.278,0.152,0.214,0.286,203471,Dennis Schroder,ATL,1610612737,0.274,4,0.667
125,23.0,5,"1626269,1610612745",4,2,46.0,0.261,0.0,0.286,0.162,0.433,0.444,0.293,0.231,0.333,0.4,0.105,0.067,0.222,0.28,0.143,0.308,0.059,1626269,Denzel Livingston,HOU,1610612745,0.266,2,0.5
126,32.0,5,"101114,1610612742",1,1,16.0,0.571,0.0,0.0,0.083,0.4,0.0,0.154,0.077,0.5,0.5,0.5,0.2,0.333,0.171,0.143,0.0,0.333,101114,Deron Williams,DAL,1610612742,0.208,0,0.0
127,24.0,5,"202324,1610612762",5,3,130.0,0.119,0.786,0.409,0.196,0.0,0.0,0.265,0.25,0.256,0.217,0.556,0.193,0.225,0.231,0.271,0.28,0.125,202324,Derrick Favors,UTA,1610612762,0.245,2,0.4
128,27.0,5,"201565,1610612741",1,0,10.0,0.167,0.0,0.0,0.0,0.333,0.0,0.3,0.364,0.143,0.0,0.0,0.0,0.25,0.296,0.0,0.0,0.0,201565,Derrick Rose,CHI,1610612741,0.279,1,1.0
129,25.0,5,"202682,1610612752",6,2,127.0,0.092,0.118,0.071,0.215,0.365,0.417,0.275,0.347,0.391,0.373,0.125,0.119,0.303,0.358,0.197,0.222,0.319,202682,Derrick Williams,NYK,1610612752,0.294,4,0.667
130,24.0,5,"203472,1610612759",2,2,29.0,0.2,0.5,0.0,0.059,0.4,0.0,0.22,0.182,0.261,0.333,0.5,0.176,0.176,0.231,0.105,0.167,0.188,203472,Deshaun Thomas,SAS,1610612759,0.218,0,0.0
131,19.0,5,"1626164,1610612756",6,2,105.0,0.1,0.0,0.3,0.089,0.259,0.4,0.236,0.24,0.234,0.25,0.167,0.119,0.267,0.254,0.105,0.053,0.279,1626164,Devin Booker,PHX,1610612756,0.243,4,0.667
132,33.0,5,"2734,1610612742",6,6,102.0,0.226,0.091,0.25,0.108,0.281,0.222,0.204,0.2,0.127,0.106,0.111,0.156,0.184,0.181,0.109,0.294,0.233,2734,Devin Harris,DAL,1610612742,0.2,0,0.0
133,28.0,5,"202464,1610612743",4,2,13.0,0.0,0.0,0.0,0.333,0.5,0.0,0.24,0.2,0.222,0.167,0.333,0.2,0.2,0.185,0.333,1.0,0.0,202464,Devin Sweetney,DEN,1610612743,0.222,2,0.5
134,23.0,5,"203906,1610612753",7,2,133.0,0.25,0.133,0.182,0.128,0.333,0.269,0.208,0.186,0.266,0.283,0.204,0.167,0.238,0.21,0.156,0.333,0.229,203906,Devyn Marble,ORL,1610612753,0.216,5,0.714
135,26.0,5,"203473,1610612753",7,2,109.0,0.041,0.667,0.167,0.342,0.0,0.0,0.132,0.117,0.311,0.281,0.56,0.28,0.214,0.13,0.396,0.0,0.2,203473,Dewayne Dedmon,ORL,1610612753,0.159,5,0.714
136,24.0,5,"1626190,1610612760",1,0,5.0,0.0,0.0,0.0,0.5,0.5,0.0,0.2,0.0,0.333,0.333,0.0,0.0,0.333,0.2,0.25,1.0,0.0,1626190,Dez Wells,OKC,1610612760,0.195,1,1.0
137,24.0,5,"203079,1610612760",6,1,125.0,0.262,0.0,0.0,0.195,0.297,0.32,0.276,0.266,0.318,0.245,0.097,0.238,0.268,0.267,0.169,0.4,0.269,203079,Dion Waiters,OKC,1610612760,0.279,5,0.833
138,29.0,5,"202091,1610612739",4,3,80.0,0.172,0.0,0.182,0.143,0.2,0.167,0.179,0.163,0.324,0.333,0.214,0.121,0.154,0.197,0.159,0.4,0.281,202091,Dionte Christmas,CLE,1610612739,0.209,1,0.25
139,38.0,5,"1717,1610612742",3,3,68.0,0.079,0.0,0.0,0.27,0.3,0.417,0.259,0.264,0.172,0.192,0.0,0.207,0.211,0.264,0.25,0.167,0.0,1717,Dirk Nowitzki,DAL,1610612742,0.219,0,0.0
140,28.0,5,"202388,1610612751",3,2,64.0,0.467,0.25,0.4,0.132,0.075,0.067,0.12,0.091,0.333,0.371,0.0,0.069,0.244,0.159,0.1,0.333,0.107,202388,Donald Sloan,BKN,1610612751,0.146,1,0.333
141,24.0,5,"203926,1610612741",8,4,227.0,0.087,0.0,0.2,0.198,0.353,0.353,0.183,0.168,0.14,0.138,0.038,0.142,0.115,0.182,0.148,0.067,0.057,203926,Doug McDermott,CHI,1610612741,0.165,4,0.5
142,26.0,5,"203110,1610612744",7,4,148.0,0.205,0.176,0.25,0.378,0.146,0.083,0.202,0.135,0.229,0.209,0.167,0.264,0.263,0.147,0.349,0.267,0.224,203110,Draymond Green,GSW,1610612744,0.209,3,0.429
143,34.0,5,"2400,1610612764",6,2,106.0,0.0,0.2,0.167,0.298,0.459,0.5,0.207,0.198,0.077,0.059,0.103,0.362,0.044,0.196,0.248,0.0,0.094,2400,Drew Gooden,WAS,1610612764,0.178,4,0.667
144,24.0,5,"1626251,1610612758",1,0,9.0,0.0,0.0,0.0,0.0,0.333,1.0,0.154,0.25,0.0,0.0,1.0,0.4,0.167,0.176,0.167,0.0,0.0,1626251,Duje Dukan,SAC,1610612758,0.102,1,1.0
145,30.0,5,"2730,1610612745",1,1,23.0,0.0,1.0,0.25,0.389,0.0,0.0,0.178,0.1,0.333,0.111,0.667,0.083,0.25,0.096,0.458,0.0,0.0,2730,Dwight Howard,HOU,1610612745,0.173,0,0.0
146,24.0,5,"203939,1610612742",3,3,69.0,0.219,0.2,0.125,0.35,0.103,0.0,0.198,0.152,0.542,0.487,0.438,0.333,0.444,0.239,0.368,0.571,0.071,203939,Dwight Powell,DAL,1610612742,0.221,0,0.0
147,34.0,5,"2548,1610612748",7,3,157.0,0.305,0.059,0.077,0.16,0.109,0.133,0.261,0.233,0.302,0.333,0.167,0.138,0.305,0.25,0.161,0.24,0.264,2548,Dwyane Wade,MIA,1610612748,0.266,4,0.571
148,27.0,5,"202734,1610612741",8,4,200.0,0.239,0.167,0.111,0.092,0.19,0.205,0.21,0.245,0.057,0.048,0.098,0.215,0.128,0.211,0.094,0.192,0.182,202734,E'Twaun Moore,CHI,1610612741,0.194,4,0.5
149,34.0,5,"2853,1610612737",4,1,28.0,0.167,0.0,0.0,0.471,0.214,0.167,0.167,0.2,0.0,0.0,0.0,0.333,0.1,0.164,0.381,0.167,0.222,2853,Earl Barron,ATL,1610612737,0.158,3,0.75
150,27.0,5,"202334,1610612757",7,4,157.0,0.115,0.5,0.4,0.31,0.0,0.0,0.126,0.13,0.203,0.186,0.41,0.206,0.188,0.13,0.335,0.286,0.109,202334,Ed Davis,POR,1610612757,0.131,3,0.429
151,28.0,5,"1626293,1610612737",1,0,2.0,1.0,0.0,0.0,0.0,0.0,0.0,0.0,0.0,0.0,0.0,0.0,0.0,0.0,0.0,0.0,0.0,0.5,1626293,Edgar Sosa,ATL,1610612737,0.205,1,1.0
152,22.0,5,"203901,1610612753",3,2,64.0,0.462,0.0,0.4,0.16,0.063,0.0,0.193,0.167,0.067,0.0,0.143,0.243,0.444,0.134,0.158,0.308,0.316,203901,Elfrid Payton,ORL,1610612753,0.204,1,0.333
153,28.0,5,"202407,1610612762",7,4,115.0,0.116,0.0,0.111,0.165,0.137,0.059,0.109,0.09,0.242,0.302,0.118,0.281,0.284,0.144,0.157,0.304,0.152,202407,Elijah Millsap,UTA,1610612762,0.138,3,0.429
154,27.0,5,"202343,1610612763",2,1,26.0,0.0,0.0,0.286,0.227,0.444,0.5,0.213,0.25,0.133,0.111,0.0,0.2,0.091,0.244,0.172,0.333,0.333,202343,Elliot Williams,MEM,1610612763,0.222,1,0.5
155,20.0,5,"1626144,1610612743",5,2,146.0,0.435,0.25,0.056,0.116,0.271,0.375,0.289,0.231,0.267,0.278,0.061,0.147,0.211,0.247,0.103,0.208,0.414,1626144,Emmanuel Mudiay,DEN,1610612743,0.308,3,0.6
156,24.0,5,"202683,1610612760",4,0,92.0,0.077,0.286,0.5,0.315,0.0,0.0,0.21,0.276,0.34,0.378,0.571,0.244,0.214,0.272,0.372,0.143,0.29,202683,Enes Kanter,OKC,1610612760,0.234,4,1.0
157,26.0,5,"202339,1610612756",3,0,75.0,0.4,0.25,0.375,0.184,0.171,0.231,0.242,0.241,0.455,0.318,0.136,0.2,0.371,0.252,0.169,0.364,0.2,202339,Eric Bledsoe,PHX,1610612756,0.253,3,1.0
158,27.0,5,"201569,1610612740",5,3,123.0,0.195,0.0,0.211,0.095,0.333,0.276,0.216,0.19,0.315,0.31,0.061,0.154,0.239,0.231,0.086,0.238,0.083,201569,Eric Gordon,NOP,1610612740,0.213,2,0.4
159,24.0,5,"203961,1610612758",2,1,31.0,0.071,1.0,0.0,0.391,0.0,0.0,0.164,0.318,0.313,0.091,0.75,0.182,0.235,0.25,0.484,0.0,0.0,203961,Eric Moreland,SAC,1610612758,0.155,1,0.5
160,25.0,5,"203475,1610612762",5,3,92.0,0.294,0.0,0.125,0.088,0.163,0.25,0.211,0.179,0.154,0.154,0.087,0.087,0.149,0.18,0.088,0.2,0.143,203475,Erick Green,UTA,1610612762,0.196,2,0.4
161,29.0,5,"101141,1610612753",6,5,156.0,0.143,0.118,0.133,0.206,0.301,0.28,0.232,0.231,0.209,0.152,0.258,0.188,0.292,0.223,0.217,0.13,0.291,101141,Ersan Ilyasova,ORL,1610612753,0.239,1,0.167
162,23.0,5,"203095,1610612753",7,1,171.0,0.2,0.048,0.227,0.097,0.39,0.393,0.213,0.189,0.225,0.22,0.05,0.193,0.173,0.211,0.085,0.139,0.137,203095,Evan Fournier,ORL,1610612753,0.205,6,0.857
163,27.0,5,"202323,1610612738",5,1,105.0,0.388,0.167,0.188,0.213,0.14,0.067,0.197,0.21,0.143,0.19,0.069,0.059,0.17,0.196,0.174,0.188,0.281,202323,Evan Turner,BOS,1610612738,0.202,4,0.8
164,26.0,5,"203105,1610612744",7,4,113.0,0.182,0.588,0.429,0.296,0.0,0.0,0.145,0.135,0.297,0.27,0.478,0.308,0.274,0.16,0.337,0.105,0.239,203105,Festus Ezeli,GSW,1610612744,0.183,3,0.429
165,23.0,5,"1626163,1610612766",8,1,157.0,0.176,0.333,0.222,0.264,0.224,0.241,0.223,0.194,0.175,0.169,0.333,0.13,0.132,0.192,0.276,0.158,0.213,1626163,Frank Kaminsky,CHA,1610612766,0.215,7,0.875
166,24.0,5,"203128,1610612755",6,4,110.0,0.238,0.25,0.0,0.284,0.023,0.0,0.093,0.103,0.225,0.241,0.552,0.254,0.194,0.123,0.365,0.24,0.17,203128,Furkan Aldemir,PHI,1610612755,0.127,2,0.333
167,30.0,5,"202066,1610612764",3,2,55.0,0.265,0.125,0.375,0.214,0.212,0.182,0.167,0.089,0.087,0.125,0.231,0.179,0.118,0.103,0.218,0.091,0.1,202066,Garrett Temple,WAS,1610612764,0.155,1,0.333
168,21.0,5,"203914,1610612743",6,2,168.0,0.081,0.0,0.25,0.074,0.235,0.235,0.187,0.183,0.11,0.138,0.137,0.189,0.082,0.18,0.091,0.294,0.1,203914,Gary Harris,DEN,1610612743,0.167,4,0.667
169,31.0,5,"202390,1610612764",7,3,153.0,0.088,0.0,0.333,0.074,0.221,0.333,0.243,0.263,0.041,0.026,0.032,0.091,0.07,0.214,0.066,0.143,0.163,202390,Gary Neal,WAS,1610612764,0.208,4,0.571
170,30.0,5,"201588,1610612754",6,2,138.0,0.373,0.19,0.0,0.196,0.157,0.172,0.169,0.168,0.232,0.262,0.118,0.196,0.194,0.188,0.176,0.37,0.195,201588,George Hill,IND,1610612754,0.18,4,0.667
171,30.0,5,"101123,1610612748",8,4,174.0,0.099,0.095,0.35,0.223,0.429,0.517,0.343,0.38,0.319,0.349,0.154,0.219,0.301,0.384,0.207,0.3,0.186,101123,Gerald Green,MIA,1610612748,0.318,4,0.5
172,21.0,5,"203507,1610612749",5,4,126.0,0.093,0.5,0.625,0.233,0.152,0.214,0.205,0.192,0.316,0.298,0.258,0.203,0.29,0.216,0.239,0.208,0.208,203507,Giannis Antetokounmpo,MIL,1610612749,0.218,1,0.2
173,22.0,5,"203922,1610612754",6,1,141.0,0.145,0.0,0.3,0.122,0.214,0.318,0.165,0.193,0.167,0.188,0.303,0.161,0.121,0.201,0.162,0.053,0.19,203922,Glenn Robinson,IND,1610612754,0.168,5,0.833
174,30.0,5,"201609,1610612748",6,2,142.0,0.373,0.091,0.231,0.149,0.212,0.133,0.184,0.163,0.105,0.107,0.056,0.23,0.132,0.15,0.134,0.227,0.289,201609,Goran Dragic,MIA,1610612748,0.191,4,0.667
175,26.0,5,"202330,1610612762",6,3,155.0,0.179,0.063,0.192,0.161,0.386,0.556,0.23,0.225,0.243,0.247,0.1,0.203,0.244,0.249,0.148,0.265,0.2,202330,Gordon Hayward,UTA,1610612762,0.228,3,0.5
176,26.0,5,"203476,1610612750",7,5,177.0,0.106,0.625,0.263,0.242,0.037,0.065,0.206,0.268,0.233,0.216,0.289,0.169,0.267,0.238,0.256,0.231,0.138,203476,Gorgui Dieng,MIN,1610612750,0.199,2,0.286
177,26.0,5,"202328,1610612749",6,4,142.0,0.185,0.154,0.4,0.337,0.018,0.0,0.258,0.272,0.41,0.357,0.457,0.157,0.382,0.274,0.368,0.417,0.203,202328,Greg Monroe,MIL,1610612749,0.264,2,0.333
178,30.0,5,"201880,1610612753",2,0,17.0,0.167,0.0,0.0,0.2,0.0,0.0,0.077,0.0,0.0,0.0,0.0,0.333,0.222,0.0,0.167,0.0,0.0,201880,Greg Stiemsma,ORL,1610612753,0.052,2,1.0
179,23.0,5,"204222,1610612748",4,3,64.0,0.118,0.222,0.125,0.259,0.278,0.2,0.189,0.135,0.0,0.0,0.313,0.304,0.032,0.103,0.271,0.25,0.429,204222,Greg Whittington,MIA,1610612748,0.202,1,0.25
180,29.0,5,"202349,1610612749",6,4,114.0,0.419,0.067,0.0,0.193,0.396,0.429,0.198,0.179,0.03,0.02,0.087,0.155,0.073,0.158,0.17,0.211,0.237,202349,Greivis Vasquez,MIL,1610612749,0.185,2,0.333
181,24.0,5,"203084,1610612744",5,3,101.0,0.158,0.143,0.333,0.147,0.211,0.292,0.169,0.169,0.149,0.163,0.4,0.123,0.151,0.179,0.189,0.238,0.111,203084,Harrison Barnes,GSW,1610612744,0.158,2,0.4
182,27.0,5,"202355,1610612748",3,1,75.0,0.042,0.765,0.444,0.309,0.0,0.0,0.221,0.292,0.34,0.129,0.75,0.387,0.25,0.241,0.408,0.0,0.214,202355,Hassan Whiteside,MIA,1610612748,0.236,2,0.667
183,26.0,5,"203156,1610612751",6,2,28.0,0.077,0.0,0.333,0.273,0.0,0.0,0.196,0.174,0.15,0.143,0.125,0.389,0.105,0.161,0.233,0.143,0.273,203156,Henry Sims,BKN,1610612751,0.202,4,0.667
184,25.0,5,"203138,1610612755",6,4,163.0,0.046,0.217,0.143,0.207,0.261,0.375,0.187,0.206,0.08,0.099,0.028,0.178,0.082,0.196,0.164,0.156,0.143,203138,Hollis Thompson,PHI,1610612755,0.164,2,0.333
185,25.0,5,"203546,1610612744",7,4,92.0,0.25,0.067,0.25,0.087,0.261,0.294,0.236,0.242,0.127,0.162,0.077,0.24,0.111,0.23,0.084,0.0,0.22,203546,Ian Clark,GSW,1610612744,0.222,3,0.429
186,29.0,5,"101133,1610612754",6,2,124.0,0.14,0.684,0.444,0.277,0.0,0.0,0.146,0.198,0.176,0.113,0.423,0.333,0.246,0.161,0.308,0.087,0.152,101133,Ian Mahinmi,IND,1610612754,0.15,4,0.667
187,25.0,5,"203477,1610612755",5,3,140.0,0.375,0.059,0.176,0.126,0.379,0.357,0.225,0.229,0.153,0.19,0.0,0.111,0.145,0.234,0.093,0.212,0.143,203477,Isaiah Canaan,PHI,1610612755,0.202,2,0.4
188,27.0,5,"202738,1610612738",5,1,117.0,0.429,0.077,0.143,0.085,0.313,0.304,0.264,0.26,0.327,0.371,0.097,0.083,0.326,0.28,0.088,0.172,0.308,202738,Isaiah Thomas,BOS,1610612738,0.275,4,0.8
189,27.0,5,"202397,1610612755",5,2,57.0,0.625,0.091,0.5,0.128,0.061,0.0,0.215,0.093,0.2,0.13,0.0,0.167,0.355,0.094,0.096,0.333,0.333,202397,Ish Smith,PHI,1610612755,0.226,3,0.6
190,24.0,5,"1626266,1610612762",1,1,2.0,0.0,0.0,0.0,0.0,0.0,0.0,0.0,0.0,0.0,0.0,0.0,1.0,0.0,0.0,0.0,0.0,0.0,1626266,J.J. O'Brien,UTA,1610612762,0.0,0,0.0
191,30.0,5,"2747,1610612739",4,3,87.0,0.289,0.333,0.0,0.09,0.311,0.375,0.247,0.303,0.071,0.105,0.091,0.2,0.075,0.291,0.09,0.25,0.24,2747,J.R. Smith,CLE,1610612739,0.235,1,0.25
192,27.0,5,"201581,1610612764",4,2,42.0,0.067,0.0,0.571,0.29,0.0,0.0,0.19,0.074,0.5,0.455,0.25,0.25,0.313,0.118,0.286,0.0,0.182,201581,JJ Hickson,WAS,1610612764,0.212,2,0.5
193,32.0,5,"200755,1610612746",6,3,131.0,0.037,0.0,0.0,0.081,0.452,0.56,0.226,0.235,0.241,0.308,0.0,0.147,0.159,0.272,0.067,0.1,0.214,200755,JJ Redick,LAC,1610612746,0.226,3,0.5
194,22.0,5,"1626160,1610612755",5,4,52.0,0.0,0.0,0.0,0.0,0.091,0.0,0.143,0.154,0.146,0.148,0.111,0.208,0.188,0.137,0.033,0.091,0.167,1626160,JP Tokoto,PHI,1610612755,0.147,1,0.2
195,23.0,5,"203960,1610612743",6,4,113.0,0.128,0.0,0.286,0.129,0.14,0.067,0.163,0.157,0.356,0.327,0.276,0.254,0.286,0.193,0.167,0.111,0.186,203960,JaKarr Sampson,DEN,1610612743,0.191,2,0.333
196,26.0,5,"203210,1610612763",6,1,84.0,0.116,0.143,0.3,0.313,0.051,0.067,0.199,0.224,0.128,0.129,0.533,0.14,0.2,0.194,0.354,0.071,0.229,203210,JaMychal Green,MEM,1610612763,0.198,5,0.833
197,23.0,5,"203913,1610612747",6,3,86.0,0.156,0.0,0.25,0.109,0.214,0.167,0.179,0.161,0.278,0.286,0.154,0.239,0.246,0.2,0.117,0.222,0.267,203913,Jabari Brown,LAL,1610612747,0.209,3,0.5
198,25.0,5,"204022,1610612739",4,2,31.0,0.111,0.333,0.0,0.44,0.045,0.0,0.125,0.214,0.242,0.192,0.667,0.278,0.2,0.193,0.514,0.333,0.375,204022,Jack Cooley,CLE,1610612739,0.172,2,0.5
199,25.0,5,"203109,1610612738",6,1,118.0,0.184,0.0,0.105,0.219,0.184,0.227,0.119,0.137,0.324,0.321,0.111,0.2,0.263,0.179,0.195,0.207,0.081,203109,Jae Crowder,BOS,1610612738,0.136,5,0.833
200,20.0,5,"1626143,1610612755",5,3,105.0,0.118,0.357,0.5,0.181,0.0,0.0,0.328,0.349,0.167,0.195,0.318,0.32,0.286,0.291,0.21,0.042,0.367,1626143,Jahlil Okafor,PHI,1610612755,0.32,2,0.4
201,29.0,5,"202815,1610612741",1,0,1.0,0.0,0.0,0.0,0.0,0.0,0.0,0.0,0.0,0.0,0.0,0.0,0.0,0.0,0.0,0.0,0.0,0.0,202815,Jake Anderson,CHI,1610612741,0.0,1,1.0
202,23.0,5,"1626294,1610612764",3,1,21.0,0.0,0.4,0.0,0.267,0.0,0.0,0.154,0.286,0.357,0.25,0.25,0.333,0.231,0.27,0.263,0.0,0.0,1626294,Jaleel Roberts,WAS,1610612764,0.17,2,0.667
203,36.0,5,"2037,1610612746",5,3,102.0,0.194,0.2,0.125,0.031,0.2,0.167,0.213,0.25,0.211,0.265,0.083,0.115,0.233,0.249,0.039,0.313,0.261,2037,Jamal Crawford,LAC,1610612746,0.222,2,0.4
204,34.0,5,"2749,1610612743",5,1,99.0,0.604,0.0,0.0,0.125,0.271,0.304,0.212,0.21,0.118,0.122,0.133,0.311,0.17,0.201,0.127,0.04,0.324,2749,Jameer Nelson,DEN,1610612743,0.218,4,0.8
205,27.0,5,"202341,1610612758",5,1,96.0,0.167,0.0,0.0,0.106,0.185,0.182,0.13,0.083,0.031,0.023,0.05,0.143,0.038,0.082,0.093,0.15,0.148,202341,James Anderson,SAC,1610612758,0.119,4,0.8
206,25.0,5,"203516,1610612740",6,3,91.0,0.048,0.0,0.071,0.176,0.229,0.176,0.214,0.23,0.183,0.174,0.158,0.162,0.175,0.213,0.17,0.071,0.12,203516,James Ennis,NOP,1610612740,0.199,3,0.5
207,26.0,5,"201935,1610612745",6,4,142.0,0.386,0.154,0.2,0.213,0.36,0.324,0.316,0.28,0.38,0.415,0.073,0.221,0.283,0.307,0.169,0.111,0.35,201935,James Harden,HOU,1610612745,0.326,2,0.333
208,29.0,5,"201949,1610612761",3,1,30.0,0.154,0.5,0.0,0.267,0.105,0.167,0.173,0.207,0.0,0.0,0.25,0.5,0.077,0.183,0.263,0.0,0.333,201949,James Johnson,TOR,1610612761,0.175,2,0.667
209,35.0,5,"2592,1610612739",7,6,139.0,0.111,0.273,0.0,0.11,0.357,0.333,0.186,0.149,0.13,0.173,0.053,0.153,0.143,0.176,0.102,0.19,0.111,2592,James Jones,CLE,1610612739,0.17,1,0.143
210,23.0,5,"203949,1610612744",7,4,93.0,0.067,0.467,0.111,0.266,0.0,0.0,0.143,0.206,0.355,0.22,0.333,0.212,0.316,0.2,0.282,0.294,0.162,203949,James Michael McAdoo,GSW,1610612744,0.178,3,0.429
211,20.0,5,"203923,1610612738",7,1,96.0,0.07,0.111,0.0,0.122,0.4,0.467,0.184,0.123,0.16,0.188,0.042,0.161,0.25,0.161,0.102,0.105,0.114,203923,James Young,BOS,1610612738,0.171,6,0.857
212,25.0,5,"203966,1610612742",7,7,123.0,0.282,0.0,0.188,0.138,0.171,0.125,0.123,0.072,0.097,0.116,0.0,0.143,0.107,0.086,0.111,0.25,0.087,203966,Jamil Wilson,DAL,1610612742,0.114,0,0.0
213,25.0,5,"203099,1610612749",7,6,177.0,0.316,0.1,0.364,0.103,0.17,0.129,0.206,0.181,0.427,0.456,0.129,0.222,0.463,0.246,0.109,0.292,0.143,203099,Jared Cunningham,MIL,1610612749,0.222,1,0.143
214,30.0,5,"201162,1610612764",2,2,27.0,0.182,0.0,0.0,0.176,0.333,0.333,0.178,0.111,0.286,0.25,0.333,0.389,0.286,0.14,0.2,0.167,0.25,201162,Jared Dudley,WAS,1610612764,0.194,0,0.0
215,24.0,5,"203096,1610612738",7,1,110.0,0.28,0.429,0.438,0.371,0.086,0.063,0.267,0.247,0.314,0.234,0.378,0.34,0.268,0.232,0.373,0.182,0.286,203096,Jared Sullinger,BOS,1610612738,0.275,6,0.857
216,24.0,5,"204067,1610612764",3,1,32.0,0.273,0.0,0.0,0.043,0.455,0.25,0.255,0.188,0.25,0.353,0.125,0.105,0.15,0.245,0.065,0.0,0.0,204067,Jarell Eddie,WAS,1610612764,0.204,2,0.667
217,22.0,5,"203950,1610612748",6,1,92.0,0.115,0.0,0.333,0.344,0.0,0.0,0.212,0.269,0.226,0.25,0.216,0.422,0.163,0.254,0.297,0.133,0.154,203950,Jarnell Stokes,MIA,1610612748,0.203,5,0.833
218,24.0,5,"204189,1610612764",6,2,28.0,0.0,0.167,0.5,0.048,0.333,0.0,0.183,0.148,0.227,0.286,0.25,0.0,0.19,0.174,0.103,0.0,0.125,204189,Jaron Johnson,WAS,1610612764,0.183,4,0.667
219,32.0,5,"101127,1610612751",4,3,80.0,0.36,0.0,0.25,0.119,0.207,0.5,0.231,0.25,0.28,0.333,0.053,0.226,0.233,0.288,0.103,0.0,0.423,101127,Jarrett Jack,BKN,1610612751,0.266,1,0.25
220,27.0,5,"202820,1610612742",5,5,48.0,0.125,0.2,0.143,0.222,0.0,0.0,0.171,0.2,0.1,0.0,0.6,0.158,0.136,0.141,0.281,0.125,0.158,202820,Jarrid Famous,DAL,1610612742,0.163,0,0.0
221,30.0,5,"201160,1610612753",7,1,121.0,0.2,0.0,0.125,0.197,0.034,0.0,0.175,0.163,0.143,0.143,0.222,0.13,0.129,0.146,0.206,0.0,0.111,201160,Jason Smith,ORL,1610612753,0.163,6,0.857
222,38.0,5,"1891,1610612745",4,1,58.0,0.286,0.0,0.0,0.114,0.325,0.214,0.162,0.091,0.037,0.067,0.154,0.108,0.0,0.101,0.123,0.077,0.208,1891,Jason Terry,HOU,1610612745,0.159,3,0.75
223,29.0,5,"201574,1610612761",6,4,78.0,0.094,0.375,0.2,0.351,0.047,0.0,0.2,0.18,0.275,0.172,0.667,0.359,0.222,0.162,0.436,0.308,0.212,201574,Jason Thompson,TOR,1610612761,0.209,2,0.333
224,26.0,5,"1626279,1610612766",4,1,18.0,0.0,0.75,0.0,0.308,0.0,0.0,0.036,0.0,0.0,0.0,0.333,0.167,0.0,0.0,0.313,0.0,0.375,1626279,Jason Washburn,CHA,1610612766,0.102,3,0.75
225,30.0,5,"202399,1610612740",4,3,71.0,0.04,0.25,0.091,0.42,0.0,0.0,0.068,0.119,0.298,0.293,0.429,0.361,0.256,0.163,0.421,0.154,0.185,202399,Jeff Adrien,NOP,1610612740,0.121,1,0.25
226,29.0,5,"201145,1610612746",6,1,145.0,0.219,0.0,0.083,0.204,0.333,0.375,0.176,0.154,0.318,0.303,0.04,0.164,0.243,0.2,0.174,0.296,0.143,201145,Jeff Green,LAC,1610612746,0.187,5,0.833
227,28.0,5,"201952,1610612737",5,2,123.0,0.351,0.105,0.25,0.1,0.219,0.217,0.218,0.202,0.259,0.289,0.0,0.157,0.269,0.22,0.089,0.15,0.238,201952,Jeff Teague,ATL,1610612737,0.225,3,0.6
228,26.0,5,"203481,1610612762",7,4,80.0,0.129,0.75,0.0,0.278,0.0,0.0,0.089,0.15,0.197,0.222,0.429,0.27,0.14,0.16,0.309,0.267,0.059,203481,Jeff Withey,UTA,1610612762,0.105,3,0.429
229,22.0,5,"203924,1610612755",6,4,147.0,0.083,0.462,0.176,0.255,0.189,0.2,0.193,0.192,0.316,0.292,0.143,0.178,0.288,0.215,0.226,0.107,0.094,203924,Jerami Grant,PHI,1610612755,0.189,2,0.333
230,28.0,5,"202379,1610612742",7,7,136.0,0.079,0.462,0.3,0.225,0.205,0.105,0.142,0.124,0.043,0.039,0.125,0.164,0.093,0.1,0.203,0.059,0.085,202379,Jeremy Evans,DAL,1610612742,0.121,0,0.0
231,24.0,5,"203087,1610612766",6,0,121.0,0.204,0.167,0.0,0.196,0.209,0.2,0.228,0.198,0.132,0.171,0.25,0.205,0.136,0.191,0.205,0.111,0.206,203087,Jeremy Lamb,CHA,1610612766,0.211,6,1.0
232,27.0,5,"202391,1610612766",6,0,151.0,0.324,0.0,0.4,0.176,0.218,0.242,0.213,0.263,0.333,0.32,0.143,0.279,0.391,0.274,0.171,0.19,0.256,202391,Jeremy Lin,CHA,1610612766,0.234,6,1.0
233,25.0,5,"202719,1610612745",2,1,29.0,0.0,0.0,0.0,0.318,0.056,0.0,0.148,0.2,0.167,0.0,0.091,0.391,0.188,0.16,0.242,0.333,0.182,202719,Jeremy Tyler,HOU,1610612745,0.155,1,0.5
234,23.0,5,"1626170,1610612752",6,2,139.0,0.328,0.048,0.286,0.147,0.071,0.0,0.175,0.136,0.227,0.214,0.042,0.141,0.184,0.142,0.128,0.05,0.182,1626170,Jerian Grant,NYK,1610612752,0.182,4,0.667
235,27.0,5,"201573,1610612749",5,3,98.0,0.327,0.125,0.091,0.134,0.173,0.25,0.174,0.167,0.246,0.283,0.087,0.213,0.229,0.197,0.122,0.231,0.229,201573,Jerryd Bayless,MIL,1610612749,0.191,2,0.4
236,27.0,5,"202690,1610612752",2,2,26.0,0.286,0.0,0.5,0.211,0.333,0.0,0.27,0.154,0.0,0.0,0.4,0.056,0.0,0.098,0.25,0.0,0.167,202690,Jimmer Fredette,NYK,1610612752,0.207,0,0.0
237,26.0,5,"202710,1610612741",8,4,220.0,0.354,0.143,0.429,0.147,0.114,0.042,0.231,0.188,0.25,0.279,0.189,0.127,0.263,0.189,0.157,0.256,0.138,202710,Jimmy Butler,CHI,1610612741,0.223,4,0.5
238,31.0,5,"201149,1610612741",6,3,126.0,0.304,0.111,0.444,0.28,0.0,0.0,0.153,0.133,0.319,0.264,0.511,0.317,0.281,0.153,0.357,0.2,0.295,201149,Joakim Noah,CHI,1610612741,0.191,3,0.5
239,28.0,5,"201975,1610612765",7,5,154.0,0.171,0.053,0.071,0.052,0.258,0.242,0.193,0.192,0.267,0.26,0.0,0.097,0.19,0.207,0.04,0.24,0.057,201975,Jodie Meeks,DET,1610612765,0.178,2,0.286
240,24.0,5,"203925,1610612739",7,6,133.0,0.097,0.091,0.214,0.089,0.325,0.261,0.21,0.16,0.105,0.083,0.13,0.145,0.113,0.151,0.097,0.1,0.176,203925,Joe Harris,CLE,1610612739,0.193,1,0.143
241,28.0,5,"204060,1610612762",6,3,107.0,0.179,0.0,0.0,0.175,0.414,0.409,0.204,0.214,0.026,0.017,0.077,0.163,0.067,0.182,0.161,0.231,0.2,204060,Joe Ingles,UTA,1610612762,0.177,3,0.5
242,34.0,5,"2207,1610612748",4,3,106.0,0.351,0.0,0.0,0.118,0.235,0.167,0.145,0.132,0.198,0.213,0.037,0.07,0.197,0.161,0.097,0.071,0.206,2207,Joe Johnson,MIA,1610612748,0.162,1,0.25
243,24.0,5,"1626202,1610612754",6,2,120.0,0.444,0.0,0.0,0.099,0.296,0.214,0.215,0.202,0.179,0.228,0.061,0.212,0.164,0.209,0.089,0.227,0.387,1626202,Joe Young,IND,1610612754,0.23,4,0.667
244,33.0,5,"201202,1610612765",5,3,91.0,0.071,0.692,0.167,0.145,0.0,0.0,0.061,0.056,0.128,0.081,0.4,0.19,0.167,0.054,0.213,0.111,0.037,201202,Joel Anthony,DET,1610612765,0.065,2,0.4
245,24.0,5,"203530,1610612743",6,2,151.0,0.048,0.0,0.2,0.319,0.088,0.13,0.206,0.283,0.198,0.224,0.421,0.232,0.155,0.261,0.344,0.172,0.145,203530,Joffrey Lauvergne,DEN,1610612743,0.195,4,0.667
246,25.0,5,"203089,1610612749",6,4,86.0,0.078,0.571,0.25,0.338,0.0,0.0,0.197,0.272,0.298,0.286,0.684,0.244,0.262,0.257,0.414,0.154,0.333,203089,John Henson,MIL,1610612749,0.226,2,0.333
247,25.0,5,"203098,1610612756",7,7,200.0,0.151,0.143,0.208,0.17,0.391,0.52,0.297,0.384,0.352,0.397,0.086,0.066,0.259,0.397,0.153,0.103,0.253,203098,John Jenkins,PHX,1610612756,0.294,0,0.0
248,33.0,5,"101249,1610612748",1,1,16.0,0.25,0.0,0.0,0.2,0.222,0.0,0.154,0.0,0.0,0.0,0.0,0.0,0.5,0.0,0.154,0.0,0.333,101249,John Lucas III,MIA,1610612748,0.175,0,0.0
249,25.0,5,"202322,1610612764",6,3,136.0,0.63,0.0,0.2,0.144,0.178,0.148,0.2,0.163,0.197,0.193,0.115,0.157,0.258,0.167,0.138,0.28,0.423,202322,John Wall,WAS,1610612764,0.235,3,0.5
250,23.0,5,"203948,1610612749",6,4,96.0,0.065,0.0,0.2,0.206,0.0,0.0,0.168,0.157,0.146,0.147,0.421,0.396,0.128,0.143,0.253,0.154,0.242,203948,Johnny O'Bryant,MIL,1610612749,0.177,2,0.333
251,24.0,5,"1626281,1610612749",1,1,6.0,0.0,0.0,0.0,0.0,0.0,0.0,0.0,0.0,0.0,0.0,0.0,0.0,0.0,0.0,0.0,0.0,0.0,1626281,Jon Horford,MIL,1610612749,0.0,0,0.0
252,27.0,5,"202720,1610612756",6,2,102.0,0.176,0.222,0.167,0.37,0.188,0.25,0.177,0.232,0.413,0.382,0.36,0.269,0.26,0.257,0.368,0.19,0.143,202720,Jon Leuer,PHX,1610612756,0.192,4,0.667
253,29.0,5,"201973,1610612738",7,1,113.0,0.018,0.167,0.0,0.17,0.127,0.087,0.157,0.149,0.283,0.324,0.37,0.262,0.277,0.171,0.217,0.148,0.208,201973,Jonas Jerebko,BOS,1610612738,0.179,6,0.857
254,24.0,5,"202685,1610612761",7,2,141.0,0.019,0.429,0.235,0.366,0.0,0.0,0.207,0.262,0.253,0.246,0.355,0.25,0.263,0.238,0.363,0.192,0.342,202685,Jonas Valanciunas,TOR,1610612761,0.228,5,0.714
255,23.0,5,"1626182,1610612747",2,1,15.0,0.0,0.5,1.0,0.5,0.125,0.0,0.182,0.125,0.167,0.25,0.4,0.2,0.1,0.16,0.462,0.5,0.0,1626182,Jonathan Holmes,LAL,1610612747,0.156,1,0.5
256,26.0,5,"203613,1610612759",6,4,85.0,0.269,0.0,0.0,0.146,0.133,0.0,0.155,0.074,0.238,0.25,0.154,0.214,0.222,0.106,0.148,0.182,0.275,203613,Jonathon Simmons,SAS,1610612759,0.189,2,0.333
257,21.0,5,"203919,1610612763",1,1,17.0,0.167,0.0,0.0,0.2,0.5,0.0,0.32,0.444,0.143,0.1,0.286,0.375,0.3,0.321,0.235,0.0,0.0,203919,Jordan Adams,MEM,1610612763,0.221,0,0.0
258,26.0,5,"203947,1610612765",2,0,6.0,0.0,0.0,0.0,0.125,0.0,0.0,0.143,0.25,0.667,0.667,0.0,0.0,0.667,0.4,0.125,0.0,0.5,203947,Jordan Bachynski,DET,1610612765,0.323,2,1.0
259,24.0,5,"203903,1610612747",8,5,178.0,0.239,0.071,0.294,0.162,0.256,0.25,0.261,0.27,0.192,0.224,0.169,0.167,0.209,0.261,0.165,0.28,0.241,203903,Jordan Clarkson,LAL,1610612747,0.252,3,0.375
260,27.0,5,"202348,1610612741",5,3,36.0,0.5,0.0,0.0,0.259,0.35,0.429,0.247,0.185,0.25,0.273,0.1,0.182,0.125,0.222,0.191,0.0,0.118,202348,Jordan Crawford,CHI,1610612741,0.224,2,0.4
261,28.0,5,"201941,1610612754",5,1,71.0,0.103,0.556,0.5,0.296,0.0,0.0,0.205,0.22,0.211,0.185,0.357,0.258,0.2,0.199,0.309,0.133,0.211,201941,Jordan Hill,IND,1610612754,0.206,4,0.8
262,25.0,5,"203895,1610612739",7,5,140.0,0.186,0.118,0.333,0.14,0.231,0.077,0.227,0.165,0.247,0.276,0.115,0.211,0.229,0.18,0.135,0.192,0.241,203895,Jordan McRae,CLE,1610612739,0.232,2,0.286
263,21.0,5,"1626175,1610612738",7,1,68.0,0.057,0.571,0.333,0.196,0.0,0.0,0.254,0.333,0.32,0.25,0.579,0.118,0.269,0.284,0.3,0.188,0.115,1626175,Jordan Mickey,BOS,1610612738,0.236,6,0.857
264,23.0,5,"1626296,1610612753",5,2,30.0,0.067,0.0,0.333,0.045,0.313,0.125,0.182,0.043,0.0,0.0,0.0,0.2,0.0,0.048,0.037,0.5,0.0,1626296,Jordan Sibert,ORL,1610612753,0.149,3,0.6
265,27.0,5,"203268,1610612766",4,3,47.0,0.579,0.0,0.333,0.083,0.0,0.0,0.192,0.161,0.056,0.087,0.0,0.2,0.143,0.133,0.068,0.5,0.2,203268,Jorge Gutierrez,CHA,1610612766,0.172,1,0.25
266,34.0,5,"101181,1610612752",5,1,112.0,0.432,0.0,0.0,0.195,0.26,0.353,0.136,0.151,0.184,0.212,0.059,0.204,0.14,0.176,0.157,0.238,0.209,101181,Jose Calderon,NYK,1610612752,0.151,4,0.8
267,32.0,5,"200826,1610612742",6,6,108.0,0.527,0.0,0.385,0.086,0.175,0.105,0.201,0.143,0.273,0.294,0.038,0.22,0.288,0.172,0.075,0.222,0.206,200826,Jose Juan Barea,DAL,1610612742,0.21,0,0.0
268,27.0,5,"202725,1610612764",7,3,51.0,0.143,0.75,0.0,0.257,0.438,0.75,0.219,0.233,0.071,0.053,0.5,0.31,0.037,0.239,0.293,0.133,0.286,202725,Josh Harrellson,WAS,1610612764,0.212,4,0.571
269,24.0,5,"203962,1610612760",4,1,36.0,0.1,0.25,0.0,0.136,0.3,0.25,0.15,0.045,0.0,0.0,0.1,0.071,0.0,0.047,0.125,0.0,0.0,203962,Josh Huestis,OKC,1610612760,0.113,3,0.75
270,29.0,5,"201177,1610612748",5,3,74.0,0.359,0.125,0.0,0.118,0.267,0.2,0.108,0.094,0.136,0.147,0.071,0.171,0.091,0.116,0.108,0.0,0.2,201177,Josh McRoberts,MIA,1610612748,0.126,2,0.4
271,33.0,5,"2694,1610612749",4,3,23.0,0.4,0.0,0.333,0.13,0.0,0.0,0.081,0.0,0.0,0.0,0.0,0.412,0.0,0.0,0.111,0.0,0.231,2694,Josh Powell,MIL,1610612749,0.111,1,0.25
272,22.0,5,"1626196,1610612748",6,4,97.0,0.121,0.25,0.188,0.149,0.222,0.167,0.173,0.145,0.182,0.205,0.121,0.189,0.188,0.16,0.14,0.5,0.115,1626196,Josh Richardson,MIA,1610612748,0.168,2,0.333
273,30.0,5,"2746,1610612745",6,3,115.0,0.17,0.273,0.333,0.319,0.246,0.286,0.274,0.289,0.354,0.283,0.308,0.254,0.297,0.288,0.317,0.313,0.256,2746,Josh Smith,HOU,1610612745,0.28,3,0.5
274,24.0,5,"1626288,1610612745",7,4,111.0,0.135,0.222,0.4,0.25,0.0,0.0,0.171,0.242,0.078,0.03,0.463,0.392,0.071,0.19,0.318,0.095,0.271,1626288,Joshua Smith,HOU,1610612745,0.181,3,0.429
275,26.0,5,"201950,1610612740",7,4,90.0,0.471,0.188,0.231,0.19,0.262,0.304,0.24,0.24,0.271,0.261,0.174,0.227,0.308,0.251,0.186,0.467,0.4,201950,Jrue Holiday,NOP,1610612740,0.262,3,0.429
276,21.0,5,"203944,1610612747",8,5,171.0,0.271,0.167,0.375,0.303,0.013,0.0,0.245,0.282,0.286,0.274,0.226,0.234,0.261,0.259,0.278,0.25,0.368,203944,Julius Randle,LAL,1610612747,0.266,3,0.375
277,27.0,5,"202933,1610612760",1,0,4.0,0.0,0.0,0.0,0.5,0.0,0.0,0.0,0.0,0.0,0.0,0.0,1.0,0.0,0.0,0.25,0.0,0.0,202933,Julyan Stone,OKC,1610612760,0.0,1,1.0
278,22.0,5,"1626147,1610612742",7,7,171.0,0.108,0.273,0.3,0.145,0.225,0.182,0.216,0.205,0.217,0.184,0.133,0.186,0.156,0.2,0.143,0.138,0.258,1626147,Justin Anderson,DAL,1610612742,0.223,0,0.0
279,26.0,5,"202712,1610612765",6,4,114.0,0.097,0.143,0.154,0.329,0.292,0.333,0.219,0.221,0.078,0.075,0.25,0.333,0.127,0.21,0.315,0.111,0.087,202712,Justin Harper,DET,1610612765,0.184,2,0.333
280,27.0,5,"203200,1610612741",5,1,91.0,0.25,0.333,0.0,0.15,0.245,0.188,0.161,0.111,0.2,0.208,0.111,0.086,0.208,0.145,0.141,0.211,0.212,203200,Justin Holiday,CHI,1610612741,0.174,4,0.8
281,20.0,5,"1626159,1610612748",6,4,171.0,0.29,0.15,0.136,0.191,0.133,0.08,0.131,0.086,0.205,0.195,0.163,0.224,0.163,0.112,0.184,0.261,0.192,1626159,Justise Winslow,MIA,1610612748,0.149,2,0.333
282,24.0,5,"1626219,1610612744",1,0,10.0,0.333,0.0,0.0,0.111,0.0,0.0,0.0,0.0,0.4,0.4,0.0,0.333,0.286,0.133,0.091,1.0,0.25,1626219,Juwan Staten,GSW,1610612744,0.123,1,1.0
283,23.0,5,"203909,1610612745",8,5,147.0,0.193,0.533,0.25,0.233,0.183,0.161,0.202,0.179,0.38,0.453,0.208,0.212,0.338,0.235,0.225,0.24,0.193,203909,KJ McDaniels,HOU,1610612745,0.22,3,0.375
284,23.0,5,"1627292,1610612754",1,0,4.0,0.0,1.0,0.0,0.0,1.0,0.0,0.4,0.0,0.0,0.0,0.0,1.0,0.0,0.0,0.0,0.0,0.0,1627292,Kadeem Jack,IND,1610612754,0.262,1,1.0
285,20.0,5,"1626157,1610612750",7,5,161.0,0.078,0.389,0.278,0.432,0.039,0.0,0.227,0.3,0.258,0.319,0.452,0.257,0.238,0.288,0.437,0.194,0.208,1626157,Karl-Anthony Towns,MIN,1610612750,0.228,2,0.286
286,24.0,5,"202695,1610612759",6,4,140.0,0.19,0.154,0.182,0.211,0.403,0.455,0.296,0.286,0.316,0.333,0.167,0.161,0.299,0.309,0.201,0.214,0.333,202695,Kawhi Leonard,SAS,1610612759,0.303,2,0.333
287,22.0,5,"1626208,1610612759",3,2,19.0,0.0,0.0,0.0,0.133,0.167,0.0,0.154,0.0,0.0,0.0,0.0,0.111,0.0,0.0,0.111,0.0,0.0,1626208,Keifer Sykes,SAS,1610612759,0.092,1,0.333
288,24.0,5,"203951,1610612753",5,2,43.0,0.071,0.143,0.286,0.097,0.034,0.0,0.098,0.033,0.182,0.235,0.0,0.214,0.125,0.071,0.062,0.125,0.375,203951,Keith Appling,ORL,1610612753,0.146,3,0.6
289,27.0,5,"202728,1610612748",5,2,59.0,0.136,0.5,0.5,0.313,0.0,0.0,0.2,0.244,0.319,0.273,0.5,0.154,0.303,0.234,0.378,0.0,0.214,202728,Keith Benson,MIA,1610612748,0.218,3,0.6
290,25.0,5,"203482,1610612738",6,1,106.0,0.138,0.111,0.0,0.268,0.237,0.12,0.198,0.189,0.127,0.095,0.286,0.304,0.148,0.167,0.273,0.12,0.146,203482,Kelly Olynyk,BOS,1610612738,0.183,5,0.833
291,20.0,5,"1626162,1610612764",6,3,125.0,0.066,0.2,0.111,0.131,0.246,0.059,0.179,0.11,0.326,0.323,0.182,0.224,0.217,0.156,0.142,0.435,0.111,1626162,Kelly Oubre,WAS,1610612764,0.19,3,0.5
292,26.0,5,"202689,1610612766",7,1,158.0,0.359,0.0,0.455,0.067,0.245,0.267,0.254,0.277,0.306,0.304,0.045,0.16,0.301,0.282,0.064,0.207,0.342,202689,Kemba Walker,CHA,1610612766,0.27,6,0.857
293,31.0,5,"2570,1610612740",7,4,115.0,0.075,0.444,0.111,0.24,0.015,0.0,0.113,0.103,0.066,0.082,0.455,0.291,0.036,0.089,0.28,0.158,0.273,2570,Kendrick Perkins,NOP,1610612740,0.128,3,0.429
294,26.0,5,"202702,1610612743",6,2,121.0,0.059,0.7,0.273,0.301,0.0,0.0,0.205,0.231,0.343,0.277,0.333,0.304,0.388,0.224,0.309,0.25,0.163,202702,Kenneth Faried,DEN,1610612743,0.212,4,0.667
295,26.0,5,"203145,1610612737",5,2,111.0,0.104,0.111,0.214,0.182,0.196,0.333,0.175,0.213,0.288,0.271,0.0,0.232,0.236,0.233,0.159,0.25,0.178,203145,Kent Bazemore,ATL,1610612737,0.187,3,0.6
296,23.0,5,"203484,1610612765",7,5,167.0,0.143,0.0,0.067,0.171,0.313,0.375,0.182,0.185,0.139,0.137,0.025,0.088,0.145,0.195,0.135,0.214,0.172,203484,Kentavious Caldwell-Pope,DET,1610612765,0.177,2,0.286
297,27.0,5,"201142,1610612760",5,0,124.0,0.2,0.227,0.273,0.236,0.28,0.348,0.281,0.292,0.262,0.273,0.0,0.164,0.213,0.293,0.186,0.263,0.286,201142,Kevin Durant,OKC,1610612760,0.28,5,1.0
298,40.0,5,"708,1610612750",6,4,77.0,0.333,0.25,0.0,0.333,0.0,0.0,0.144,0.13,0.0,0.0,0.0,0.293,0.1,0.098,0.3,0.375,0.094,708,Kevin Garnett,MIN,1610612750,0.12,2,0.333
299,27.0,5,"201567,1610612739",2,1,35.0,0.167,0.333,0.0,0.286,0.32,0.182,0.281,0.222,0.25,0.286,0.4,0.231,0.5,0.222,0.308,0.375,0.286,201567,Kevin Love,CLE,1610612739,0.28,1,0.5
300,33.0,5,"2755,1610612759",5,4,80.0,0.297,0.0,0.167,0.105,0.324,0.154,0.293,0.246,0.292,0.306,0.043,0.171,0.267,0.259,0.082,0.2,0.2,2755,Kevin Martin,SAS,1610612759,0.283,1,0.2
301,26.0,5,"202338,1610612752",4,2,56.0,0.111,0.0,0.25,0.116,0.0,0.0,0.291,0.227,0.0,0.0,0.5,0.381,0.105,0.19,0.2,0.083,0.267,202338,Kevin Seraphin,NYK,1610612752,0.274,2,0.5
302,24.0,5,"203114,1610612749",6,4,144.0,0.097,0.111,0.0,0.15,0.242,0.211,0.218,0.25,0.15,0.175,0.0,0.237,0.135,0.232,0.119,0.074,0.145,203114,Khris Middleton,MIL,1610612749,0.199,2,0.333
303,35.0,5,"2550,1610612737",6,3,106.0,0.2,0.0,0.0,0.062,0.188,0.179,0.148,0.159,0.032,0.02,0.111,0.245,0.077,0.13,0.074,0.421,0.188,2550,Kirk Hinrich,ATL,1610612737,0.14,3,0.5
304,26.0,5,"202691,1610612744",6,3,145.0,0.157,0.118,0.6,0.133,0.288,0.265,0.259,0.248,0.277,0.313,0.0,0.112,0.241,0.264,0.116,0.125,0.208,202691,Klay Thompson,GSW,1610612744,0.254,3,0.5
305,29.0,5,"1626285,1610612750",3,3,8.0,0.0,0.0,0.0,0.25,0.0,0.0,0.167,0.0,0.0,0.0,0.0,0.75,0.0,0.0,0.25,0.0,1.0,1626285,Kleon Penn,MIN,1610612750,0.197,0,0.0
306,37.0,5,"977,1610612747",5,4,90.0,0.156,0.0,0.167,0.054,0.558,0.563,0.309,0.288,0.5,0.609,0.19,0.179,0.341,0.351,0.091,0.267,0.222,977,Kobe Bryant,LAL,1610612747,0.31,1,0.2
307,27.0,5,"201585,1610612758",5,0,121.0,0.035,0.625,0.222,0.216,0.0,0.0,0.15,0.204,0.111,0.078,0.48,0.205,0.161,0.163,0.274,0.08,0.089,201585,Kosta Koufos,SAC,1610612758,0.136,5,1.0
308,31.0,5,"2743,1610612737",7,3,173.0,0.051,0.154,0.158,0.37,0.304,0.294,0.181,0.137,0.196,0.215,0.344,0.243,0.153,0.165,0.364,0.143,0.111,2743,Kris Humphries,ATL,1610612737,0.172,4,0.571
309,20.0,5,"204001,1610612752",4,2,78.0,0.243,0.571,0.5,0.276,0.195,0.158,0.246,0.194,0.071,0.045,0.4,0.229,0.118,0.171,0.308,0.222,0.25,204001,Kristaps Porzingis,NYK,1610612752,0.235,2,0.5
310,22.0,5,"203937,1610612759",6,4,126.0,0.281,0.2,0.143,0.232,0.055,0.056,0.154,0.151,0.326,0.258,0.0,0.288,0.262,0.157,0.19,0.207,0.133,203937,Kyle Anderson,SAS,1610612759,0.163,2,0.333
311,25.0,5,"1626271,1610612756",1,0,6.0,0.0,0.0,0.0,0.0,0.0,0.0,0.0,0.0,0.0,0.0,0.0,0.0,0.0,0.0,0.0,0.0,0.0,1626271,Kyle Casey,PHX,1610612756,0.0,1,1.0
312,35.0,5,"2594,1610612737",6,2,126.0,0.07,0.059,0.125,0.174,0.303,0.32,0.176,0.148,0.23,0.264,0.063,0.083,0.154,0.189,0.16,0.0,0.1,2594,Kyle Korver,ATL,1610612737,0.17,4,0.667
313,30.0,5,"200768,1610612761",5,0,131.0,0.446,0.0,0.077,0.102,0.448,0.583,0.29,0.34,0.343,0.373,0.2,0.133,0.296,0.368,0.127,0.296,0.25,200768,Kyle Lowry,TOR,1610612761,0.294,5,1.0
314,26.0,5,"203124,1610612752",5,1,100.0,0.204,0.429,0.083,0.462,0.095,0.063,0.194,0.24,0.31,0.324,0.333,0.267,0.271,0.24,0.437,0.154,0.167,203124,Kyle O'Quinn,NYK,1610612752,0.199,4,0.8
315,28.0,5,"202713,1610612760",5,1,52.0,0.042,0.375,0.0,0.103,0.25,0.222,0.141,0.118,0.107,0.176,0.0,0.345,0.091,0.138,0.085,0.125,0.182,202713,Kyle Singler,OKC,1610612760,0.145,4,0.8
316,30.0,5,"200746,1610612759",5,3,126.0,0.056,0.2,0.3,0.23,0.02,0.0,0.249,0.258,0.261,0.25,0.318,0.216,0.226,0.238,0.248,0.12,0.171,200746,LaMarcus Aldridge,SAS,1610612759,0.24,2,0.4
317,24.0,5,"203934,1610612737",6,2,103.0,0.275,0.083,0.25,0.114,0.271,0.333,0.172,0.148,0.188,0.216,0.105,0.205,0.239,0.175,0.112,0.381,0.125,203934,Lamar Patterson,ATL,1610612737,0.166,4,0.667
318,25.0,5,"202362,1610612763",6,3,134.0,0.266,0.0,0.2,0.15,0.136,0.059,0.158,0.129,0.058,0.06,0.19,0.219,0.06,0.111,0.158,0.133,0.113,202362,Lance Stephenson,MEM,1610612763,0.141,3,0.5
319,28.0,5,"202498,1610612752",6,2,86.0,0.25,0.167,0.0,0.169,0.222,0.1,0.121,0.051,0.2,0.217,0.091,0.176,0.1,0.079,0.151,0.316,0.241,202498,Lance Thomas,NYK,1610612752,0.144,4,0.667
320,24.0,5,"204038,1610612752",6,2,162.0,0.244,0.053,0.167,0.178,0.278,0.345,0.14,0.142,0.09,0.071,0.208,0.111,0.09,0.147,0.183,0.292,0.02,204038,Langston Galloway,NYK,1610612752,0.118,4,0.667
321,23.0,5,"1626204,1610612747",5,2,55.0,0.2,0.0,0.0,0.289,0.069,0.222,0.133,0.211,0.195,0.138,0.385,0.194,0.172,0.193,0.31,0.714,0.154,1626204,Larry Nance Jr.,LAL,1610612747,0.145,3,0.6
322,27.0,5,"202730,1610612754",7,2,127.0,0.098,0.235,0.143,0.322,0.0,0.0,0.178,0.188,0.027,0.037,0.417,0.127,0.06,0.145,0.349,0.095,0.138,202730,Lavoy Allen,IND,1610612754,0.157,5,0.714
323,25.0,5,"1626272,1610612763",6,1,86.0,0.385,0.0,0.0,0.095,0.231,0.429,0.203,0.193,0.167,0.2,0.111,0.095,0.179,0.215,0.1,0.077,0.152,1626272,Lazeric Jones,MEM,1610612763,0.19,5,0.833
324,31.0,5,"2544,1610612739",2,2,48.0,0.308,0.0,0.0,0.219,0.267,0.273,0.346,0.281,0.143,0.1,0.0,0.217,0.35,0.259,0.194,0.545,0.429,2544,LeBron James,CLE,1610612739,0.345,0,0.0
325,33.0,5,"2571,1610612744",7,4,86.0,0.159,0.083,0.333,0.192,0.27,0.231,0.307,0.357,0.211,0.263,0.1,0.14,0.18,0.33,0.167,0.308,0.107,2571,Leandro Barbosa,GSW,1610612744,0.267,3,0.429
326,23.0,5,"1626260,1610612738",2,1,1.0,0.0,0.0,0.0,0.0,0.0,0.0,0.5,1.0,1.0,1.0,1.0,0.0,1.0,1.0,1.0,0.0,0.0,1626260,Levi Randolph,BOS,1610612738,0.59,1,0.5
327,25.0,5,"203485,1610612765",5,4,66.0,0.333,0.167,0.167,0.122,0.125,0.0,0.208,0.237,0.083,0.083,0.0,0.214,0.057,0.171,0.098,0.417,0.4,203485,Lorenzo Brown,DET,1610612765,0.216,1,0.2
328,33.0,5,"200811,1610612752",3,1,40.0,0.091,0.571,0.25,0.387,0.0,0.0,0.261,0.265,0.316,0.333,0.6,0.381,0.25,0.265,0.417,0.375,0.154,200811,Lou Amundson,NYK,1610612752,0.251,2,0.667
329,29.0,5,"101150,1610612747",6,5,150.0,0.286,0.133,0.278,0.176,0.375,0.308,0.278,0.262,0.372,0.429,0.057,0.198,0.37,0.313,0.143,0.222,0.255,101150,Lou Williams,LAL,1610612747,0.289,1,0.167
330,29.0,5,"201601,1610612746",4,2,34.0,0.2,0.2,0.5,0.308,0.0,0.0,0.218,0.235,0.6,0.714,0.333,0.188,0.333,0.283,0.313,0.6,0.158,201601,Luc Mbah a Moute,LAC,1610612746,0.225,2,0.5
331,23.0,5,"1626242,1610612757",2,2,8.0,0.5,0.0,0.0,0.0,0.143,0.0,0.154,0.25,0.0,0.0,0.0,0.0,0.0,0.222,0.0,0.0,0.6,1626242,Luis Montero,POR,1610612757,0.278,0,0.0
332,36.0,5,"2449,1610612761",6,1,107.0,0.049,0.0,0.2,0.375,0.024,0.071,0.242,0.282,0.19,0.174,0.269,0.197,0.228,0.248,0.347,0.1,0.2,2449,Luis Scola,TOR,1610612761,0.231,5,0.833
333,27.0,5,"202337,1610612740",3,1,74.0,0.25,0.0,0.0,0.204,0.306,0.375,0.15,0.167,0.173,0.162,0.0,0.129,0.114,0.186,0.147,0.133,0.077,202337,Luke Babbitt,NOP,1610612740,0.147,2,0.667
334,31.0,5,"2736,1610612748",6,2,138.0,0.113,0.0,0.083,0.192,0.266,0.308,0.17,0.172,0.19,0.213,0.105,0.098,0.197,0.186,0.178,0.261,0.104,2736,Luol Deng,MIA,1610612748,0.162,4,0.667
335,23.0,5,"1626259,1610612738",1,0,0.0,0.0,0.0,0.0,0.0,0.0,0.0,0.0,0.0,0.0,0.0,0.0,0.0,0.0,0.0,0.0,0.0,0.0,1626259,Malcolm Miller,BOS,1610612738,0.0,1,1.0
336,38.0,5,"1938,1610612759",5,3,78.0,0.39,0.25,0.0,0.154,0.184,0.333,0.138,0.233,0.326,0.355,0.071,0.242,0.3,0.265,0.136,0.421,0.286,1938,Manu Ginobili,SAS,1610612759,0.179,2,0.4
337,31.0,5,"201188,1610612763",5,0,136.0,0.176,0.556,0.235,0.276,0.026,0.0,0.234,0.239,0.241,0.246,0.304,0.288,0.254,0.228,0.281,0.16,0.24,201188,Marc Gasol,MEM,1610612763,0.236,5,1.0
338,33.0,5,"1626273,1610612747",3,1,54.0,0.692,0.25,0.0,0.081,0.042,0.0,0.194,0.2,0.048,0.063,0.125,0.269,0.143,0.149,0.089,0.176,0.563,1626273,Marcelo Huertas,LAL,1610612747,0.219,2,0.667
339,32.0,5,"101162,1610612764",7,3,174.0,0.108,0.467,0.25,0.298,0.0,0.0,0.21,0.264,0.245,0.264,0.3,0.197,0.31,0.244,0.298,0.069,0.136,101162,Marcin Gortat,WAS,1610612764,0.202,4,0.571
340,30.0,5,"201158,1610612758",6,1,166.0,0.197,0.0,0.143,0.075,0.413,0.462,0.265,0.273,0.22,0.222,0.029,0.143,0.256,0.276,0.065,0.156,0.194,201158,Marco Belinelli,SAC,1610612758,0.249,5,0.833
341,30.0,5,"202068,1610612749",4,3,42.0,0.143,0.5,0.143,0.158,0.143,0.286,0.149,0.16,0.083,0.0,0.167,0.154,0.118,0.141,0.159,0.0,0.067,202068,Marcus Landry,MIL,1610612749,0.128,1,0.25
342,26.0,5,"202694,1610612765",8,5,189.0,0.122,0.2,0.125,0.262,0.213,0.205,0.23,0.237,0.194,0.218,0.156,0.329,0.167,0.231,0.234,0.25,0.145,202694,Marcus Morris,DET,1610612765,0.215,3,0.375
343,28.0,5,"204136,1610612741",2,0,3.0,0.0,0.0,0.0,0.0,0.0,0.0,0.0,0.0,0.0,0.0,0.5,0.0,0.0,0.0,0.25,0.0,0.333,204136,Marcus Simmons,CHI,1610612741,0.143,2,1.0
344,22.0,5,"203935,1610612738",5,0,121.0,0.328,0.0,0.059,0.082,0.268,0.25,0.139,0.14,0.153,0.189,0.128,0.18,0.188,0.155,0.095,0.172,0.186,203935,Marcus Smart,BOS,1610612738,0.147,5,1.0
345,29.0,5,"201977,1610612764",6,4,136.0,0.175,0.0,0.267,0.163,0.33,0.324,0.28,0.232,0.106,0.107,0.163,0.159,0.143,0.219,0.163,0.176,0.108,201977,Marcus Thornton,WAS,1610612764,0.241,2,0.333
346,30.0,5,"201596,1610612763",5,3,95.0,0.452,0.0,0.188,0.109,0.167,0.3,0.139,0.138,0.167,0.137,0.037,0.295,0.257,0.147,0.088,0.235,0.371,201596,Mario Chalmers,MEM,1610612763,0.178,2,0.4
347,21.0,5,"1626209,1610612753",8,2,175.0,0.146,0.067,0.133,0.156,0.397,0.355,0.226,0.223,0.189,0.196,0.167,0.185,0.135,0.231,0.159,0.212,0.224,1626209,Mario Hezonja,ORL,1610612753,0.223,6,0.75
348,26.0,5,"202693,1610612764",6,2,138.0,0.212,0.462,0.357,0.237,0.243,0.267,0.278,0.267,0.286,0.333,0.2,0.217,0.254,0.277,0.226,0.026,0.22,202693,Markieff Morris,WAS,1610612764,0.268,4,0.667
349,28.0,5,"201578,1610612744",7,4,108.0,0.151,0.286,0.167,0.359,0.085,0.05,0.286,0.266,0.227,0.31,0.258,0.25,0.34,0.255,0.33,0.1,0.196,201578,Marreese Speights,GSW,1610612744,0.264,3,0.429
350,25.0,5,"1626289,1610612758",1,0,2.0,0.0,0.0,0.0,0.0,0.5,0.0,0.25,0.0,0.0,0.0,0.0,0.0,0.0,0.0,0.0,0.0,0.0,1626289,Marshall Henderson,SAC,1610612758,0.145,1,1.0
351,30.0,5,"101107,1610612766",7,0,150.0,0.155,0.091,0.6,0.204,0.262,0.226,0.154,0.132,0.109,0.1,0.217,0.148,0.116,0.133,0.206,0.208,0.125,101107,Marvin Williams,CHA,1610612766,0.144,7,1.0
352,26.0,5,"203486,1610612757",7,4,149.0,0.162,0.273,0.0,0.278,0.0,0.0,0.112,0.171,0.195,0.083,0.286,0.241,0.257,0.136,0.279,0.192,0.242,203486,Mason Plumlee,POR,1610612757,0.143,3,0.429
353,36.0,5,"2440,1610612763",5,0,87.0,0.195,0.2,0.308,0.221,0.462,0.167,0.205,0.109,0.115,0.125,0.095,0.25,0.094,0.117,0.194,0.211,0.242,2440,Matt Barnes,MEM,1610612763,0.2,5,1.0
354,36.0,5,"2588,1610612759",2,2,12.0,0.0,0.0,0.0,0.1,0.429,0.0,0.125,0.0,0.0,0.0,0.0,0.0,0.0,0.0,0.091,0.0,0.0,2588,Matt Bonner,SAS,1610612759,0.101,0,0.0
355,28.0,5,"202394,1610612743",2,0,9.0,0.5,0.0,0.0,0.0,0.0,0.0,0.167,0.143,0.0,0.0,0.0,0.5,0.0,0.111,0.0,1.0,0.0,202394,Matt Janning,DEN,1610612743,0.133,2,1.0
356,25.0,5,"203521,1610612739",6,5,141.0,0.369,0.0,0.267,0.117,0.207,0.29,0.214,0.229,0.031,0.041,0.13,0.162,0.044,0.202,0.12,0.217,0.167,203521,Matthew Dellavedova,CLE,1610612739,0.19,1,0.167
357,23.0,5,"203090,1610612757",5,3,121.0,0.056,0.111,0.143,0.227,0.185,0.185,0.171,0.188,0.254,0.196,0.208,0.119,0.235,0.189,0.223,0.318,0.191,203090,Maurice Harkless,POR,1610612757,0.182,2,0.4
358,24.0,5,"1626254,1610612742",4,4,91.0,0.08,0.273,0.0,0.103,0.236,0.182,0.166,0.137,0.167,0.12,0.0,0.256,0.205,0.138,0.09,0.333,0.235,1626254,Maurice Ndour,DAL,1610612742,0.177,0,0.0
359,25.0,5,"203929,1610612753",4,1,32.0,0.067,0.0,0.25,0.2,0.143,0.125,0.203,0.231,0.125,0.077,0.364,0.286,0.182,0.192,0.25,0.0,0.154,203929,Melvin Ejim,ORL,1610612753,0.189,3,0.75
360,36.0,5,"1897,1610612747",6,3,82.0,0.308,0.125,0.125,0.193,0.273,0.125,0.185,0.111,0.131,0.15,0.059,0.224,0.141,0.125,0.162,0.0,0.156,1897,Metta World Peace,LAL,1610612747,0.169,3,0.5
361,24.0,5,"203086,1610612757",7,4,173.0,0.128,0.313,0.0,0.317,0.266,0.359,0.173,0.186,0.151,0.162,0.071,0.222,0.178,0.2,0.276,0.171,0.192,203086,Meyers Leonard,POR,1610612757,0.174,3,0.429
362,24.0,5,"203487,1610612749",5,3,112.0,0.354,0.462,0.273,0.179,0.167,0.143,0.2,0.189,0.127,0.158,0.194,0.187,0.148,0.181,0.183,0.333,0.275,203487,Michael Carter-Williams,MIL,1610612749,0.208,2,0.4
363,22.0,5,"1626187,1610612747",4,1,52.0,0.188,0.0,0.4,0.205,0.103,0.125,0.127,0.097,0.093,0.03,0.0,0.138,0.129,0.078,0.164,0.167,0.214,1626187,Michael Frazier,LAL,1610612747,0.132,3,0.75
364,23.0,5,"1626261,1610612763",1,0,8.0,0.0,0.0,0.0,0.0,0.0,0.0,0.0,0.0,0.0,0.0,0.0,0.4,0.0,0.0,0.0,0.0,0.2,1626261,Michael Holyfield,MEM,1610612763,0.063,1,1.0
365,22.0,5,"203077,1610612766",1,0,13.0,0.167,0.0,0.0,0.0,0.125,0.0,0.19,0.25,0.0,0.0,1.0,0.0,0.333,0.182,0.111,0.0,0.0,203077,Michael Kidd-Gilchrist,CHA,1610612766,0.153,1,1.0
366,24.0,5,"1626252,1610612761",1,0,5.0,0.0,0.0,0.0,0.5,0.0,0.0,0.167,0.0,0.0,0.0,0.0,0.0,0.0,0.0,0.4,0.0,0.0,1626252,Michale Kyser,TOR,1610612761,0.088,1,1.0
367,28.0,5,"201144,1610612763",5,0,119.0,0.4,0.0,0.417,0.195,0.189,0.167,0.166,0.13,0.246,0.3,0.0,0.077,0.339,0.171,0.158,0.105,0.256,201144,Mike Conley,MEM,1610612763,0.19,5,1.0
368,36.0,5,"2034,1610612743",3,1,44.0,0.292,0.0,0.0,0.29,0.417,0.3,0.132,0.081,0.0,0.0,0.0,0.31,0.0,0.087,0.237,0.083,0.133,2034,Mike Miller,DEN,1610612743,0.117,2,0.667
369,24.0,5,"203488,1610612737",6,3,101.0,0.049,0.273,0.167,0.203,0.125,0.167,0.152,0.152,0.041,0.026,0.4,0.233,0.087,0.128,0.242,0.214,0.263,203488,Mike Muscala,ATL,1610612737,0.16,3,0.5
370,27.0,5,"203118,1610612737",6,2,114.0,0.154,0.1,0.182,0.352,0.123,0.059,0.241,0.316,0.135,0.114,0.227,0.208,0.152,0.256,0.327,0.063,0.19,203118,Mike Scott,ATL,1610612737,0.223,4,0.667
371,27.0,5,"203101,1610612749",3,3,30.0,0.0,0.333,0.333,0.304,0.0,0.0,0.136,0.118,0.361,0.444,0.5,0.111,0.364,0.235,0.345,0.0,0.154,203101,Miles Plumlee,MIL,1610612749,0.188,0,0.0
372,30.0,5,"203141,1610612756",6,2,110.0,0.131,0.143,0.182,0.229,0.402,0.429,0.217,0.168,0.143,0.171,0.156,0.245,0.13,0.198,0.209,0.111,0.195,203141,Mirza Teletovic,PHX,1610612756,0.209,4,0.667
373,24.0,5,"203956,1610612760",4,1,60.0,0.158,0.5,0.167,0.4,0.059,0.105,0.213,0.222,0.304,0.231,0.182,0.167,0.25,0.207,0.357,0.111,0.19,203956,Mitch McGary,OKC,1610612760,0.216,3,0.75
374,33.0,5,"2590,1610612739",5,5,112.0,0.302,0.0,0.333,0.172,0.238,0.185,0.232,0.183,0.192,0.231,0.143,0.131,0.127,0.191,0.168,0.125,0.317,2590,Mo Williams,CLE,1610612739,0.243,0,0.0
375,30.0,5,"101145,1610612754",6,2,135.0,0.283,0.05,0.1,0.074,0.098,0.077,0.183,0.194,0.153,0.157,0.0,0.083,0.125,0.176,0.057,0.188,0.175,101145,Monta Ellis,IND,1610612754,0.178,4,0.667
376,22.0,5,"1626149,1610612745",6,4,130.0,0.119,0.25,0.167,0.157,0.011,0.0,0.108,0.152,0.17,0.154,0.22,0.293,0.197,0.136,0.177,0.111,0.196,1626149,Montrezl Harrell,HOU,1610612745,0.129,2,0.333
377,20.0,5,"1626167,1610612754",6,1,102.0,0.132,0.652,0.167,0.28,0.087,0.0,0.212,0.208,0.308,0.237,0.313,0.244,0.317,0.202,0.289,0.214,0.121,1626167,Myles Turner,IND,1610612754,0.209,5,0.833
378,32.0,5,"101126,1610612740",4,3,82.0,0.5,0.0,0.375,0.07,0.325,0.417,0.258,0.31,0.095,0.082,0.0,0.178,0.14,0.241,0.056,0.188,0.267,101126,Nate Robinson,NOP,1610612740,0.235,1,0.25
379,28.0,5,"202357,1610612750",7,5,143.0,0.131,0.111,0.2,0.338,0.304,0.344,0.171,0.177,0.099,0.101,0.345,0.297,0.08,0.175,0.34,0.318,0.32,202357,Nemanja Bjelica,MIN,1610612750,0.184,2,0.286
380,33.0,5,"2403,1610612764",3,1,45.0,0.08,0.5,0.0,0.2,0.0,0.0,0.253,0.302,0.286,0.2,0.25,0.118,0.318,0.257,0.208,0.364,0.0,2403,Nene,WAS,1610612764,0.23,2,0.667
381,22.0,5,"203457,1610612755",5,4,135.0,0.226,0.412,0.067,0.35,0.0,0.0,0.194,0.225,0.417,0.356,0.219,0.162,0.338,0.237,0.319,0.444,0.183,203457,Nerlens Noel,PHI,1610612755,0.216,1,0.2
382,35.0,5,"2555,1610612760",5,1,86.0,0.222,0.0,0.2,0.206,0.098,0.0,0.113,0.09,0.0,0.0,0.19,0.159,0.094,0.072,0.202,0.083,0.07,2555,Nick Collison,OKC,1610612760,0.096,4,0.8
383,23.0,5,"203910,1610612743",6,2,106.0,0.25,0.0,0.167,0.148,0.216,0.214,0.153,0.071,0.018,0.0,0.05,0.218,0.145,0.068,0.129,0.0,0.294,203910,Nick Johnson,DEN,1610612743,0.159,4,0.667
384,27.0,5,"1626305,1610612739",3,3,29.0,0.143,0.0,0.0,0.143,0.077,0.0,0.13,0.15,0.111,0.125,0.25,0.19,0.143,0.138,0.16,0.5,0.0,1626305,Nick Minnerath,CLE,1610612739,0.101,0,0.0
385,25.0,5,"1626287,1610612750",4,4,13.0,0.0,0.0,1.0,0.0,0.167,0.0,0.238,0.375,0.2,0.333,0.0,0.2,0.167,0.333,0.0,0.0,0.0,1626287,Nick Wiggins,MIN,1610612750,0.216,0,0.0
386,31.0,5,"201156,1610612747",8,5,170.0,0.084,0.0,0.045,0.096,0.485,0.474,0.239,0.201,0.138,0.132,0.085,0.194,0.105,0.216,0.093,0.25,0.064,201156,Nick Young,LAL,1610612747,0.209,3,0.375
387,27.0,5,"201587,1610612766",6,0,146.0,0.242,0.091,0.125,0.26,0.3,0.25,0.243,0.219,0.292,0.305,0.158,0.104,0.241,0.244,0.247,0.125,0.317,201587,Nicolas Batum,CHA,1610612766,0.259,6,1.0
388,21.0,5,"203999,1610612743",7,3,153.0,0.063,0.571,0.059,0.191,0.044,0.045,0.165,0.28,0.282,0.25,0.366,0.28,0.321,0.258,0.237,0.242,0.185,203999,Nikola Jokic,DEN,1610612743,0.18,4,0.571
389,25.0,5,"202703,1610612741",8,4,180.0,0.173,0.25,0.1,0.316,0.351,0.385,0.223,0.256,0.284,0.338,0.194,0.253,0.307,0.288,0.29,0.184,0.373,202703,Nikola Mirotic,CHI,1610612741,0.249,4,0.5
390,25.0,5,"202696,1610612753",7,1,167.0,0.143,0.438,0.278,0.283,0.0,0.0,0.31,0.344,0.312,0.291,0.424,0.22,0.319,0.31,0.313,0.105,0.226,202696,Nikola Vucevic,ORL,1610612753,0.299,6,0.857
391,23.0,5,"1626295,1610612753",5,2,42.0,0.133,0.4,0.0,0.304,0.0,0.0,0.079,0.1,0.053,0.0,0.429,0.226,0.2,0.072,0.364,0.111,0.154,1626295,Nnanna Egwu,ORL,1610612753,0.086,3,0.6
392,20.0,5,"203943,1610612757",7,4,158.0,0.047,0.214,0.25,0.269,0.063,0.0,0.148,0.145,0.217,0.167,0.542,0.198,0.18,0.133,0.353,0.083,0.12,203943,Noah Vonleh,POR,1610612757,0.149,3,0.429
393,23.0,5,"1626181,1610612761",6,2,98.0,0.222,0.167,0.2,0.048,0.205,0.0,0.258,0.254,0.177,0.186,0.0,0.179,0.115,0.225,0.035,0.4,0.139,1626181,Norman Powell,TOR,1610612761,0.229,4,0.667
394,27.0,5,"202708,1610612740",2,1,38.0,0.5,0.0,0.25,0.189,0.346,0.25,0.247,0.138,0.211,0.308,0.0,0.25,0.25,0.177,0.146,0.25,0.111,202708,Norris Cole,NOP,1610612740,0.231,1,0.5
395,28.0,5,"201564,1610612749",6,4,99.0,0.392,0.059,0.0,0.164,0.265,0.25,0.189,0.156,0.123,0.116,0.038,0.204,0.113,0.155,0.131,0.313,0.205,201564,O.J. Mayo,MIL,1610612749,0.185,2,0.333
396,30.0,5,"200762,1610612743",1,0,7.0,0.0,0.0,0.0,0.0,0.571,0.0,0.467,0.4,0.286,0.4,0.333,0.0,0.167,0.4,0.25,0.0,0.0,200762,Oleksiy Pecherov,DEN,1610612743,0.436,1,1.0
397,27.0,5,"204179,1610612757",4,3,23.0,0.0,0.0,0.5,0.176,0.368,0.25,0.211,0.222,0.0,0.0,0.077,0.118,0.0,0.209,0.133,0.667,0.111,204179,Omari Johnson,POR,1610612757,0.193,1,0.25
398,29.0,5,"201600,1610612740",1,0,11.0,0.0,0.0,0.0,0.333,0.0,0.0,0.048,0.111,0.25,0.25,0.2,0.167,0.167,0.125,0.286,0.0,0.0,201600,Omer Asik,NOP,1610612740,0.066,1,1.0
399,28.0,5,"201956,1610612758",5,1,79.0,0.125,0.0,0.143,0.333,0.205,0.333,0.248,0.242,0.111,0.13,0.0,0.152,0.154,0.231,0.266,0.0,0.27,201956,Omri Casspi,SAC,1610612758,0.241,4,0.8
400,23.0,5,"203490,1610612764",7,3,174.0,0.168,0.2,0.211,0.157,0.132,0.188,0.168,0.203,0.253,0.26,0.108,0.164,0.167,0.212,0.146,0.303,0.133,203490,Otto Porter,WAS,1610612764,0.171,4,0.571
401,23.0,5,"203798,1610612763",5,1,98.0,0.051,0.0,0.1,0.123,0.355,0.316,0.194,0.159,0.094,0.1,0.077,0.415,0.135,0.159,0.116,0.313,0.1,203798,PJ Hairston,MEM,1610612763,0.172,4,0.8
402,31.0,5,"200782,1610612756",6,2,111.0,0.152,0.143,0.167,0.286,0.148,0.087,0.099,0.053,0.115,0.135,0.13,0.188,0.167,0.071,0.244,0.321,0.078,200782,PJ Tucker,PHX,1610612756,0.096,4,0.667
403,39.0,5,"203143,1610612746",6,3,89.0,0.354,0.0,0.0,0.117,0.228,0.182,0.136,0.095,0.0,0.0,0.556,0.17,0.154,0.096,0.174,0.231,0.184,203143,Pablo Prigioni,LAC,1610612746,0.138,3,0.5
404,23.0,5,"1626192,1610612757",7,4,130.0,0.204,0.083,0.0,0.253,0.241,0.24,0.143,0.117,0.064,0.088,0.053,0.222,0.067,0.126,0.195,0.1,0.094,1626192,Pat Connaughton,POR,1610612757,0.13,3,0.429
405,27.0,5,"201976,1610612745",7,5,168.0,0.366,0.167,0.063,0.153,0.301,0.382,0.162,0.14,0.092,0.096,0.127,0.191,0.156,0.155,0.145,0.132,0.153,201976,Patrick Beverley,HOU,1610612745,0.152,2,0.286
406,27.0,5,"202335,1610612761",7,2,135.0,0.116,0.1,0.071,0.115,0.167,0.136,0.132,0.096,0.022,0.029,0.125,0.107,0.058,0.082,0.117,0.25,0.128,202335,Patrick Patterson,TOR,1610612761,0.117,5,0.714
407,27.0,5,"201988,1610612759",5,3,88.0,0.261,0.0,0.143,0.103,0.341,0.222,0.239,0.23,0.079,0.103,0.063,0.143,0.1,0.21,0.095,0.211,0.154,201988,Patty Mills,SAS,1610612759,0.214,2,0.4
408,35.0,5,"2200,1610612741",5,2,114.0,0.216,0.25,0.0,0.333,0.148,0.143,0.196,0.188,0.293,0.279,0.222,0.172,0.292,0.199,0.315,0.063,0.28,2200,Pau Gasol,CHI,1610612741,0.215,3,0.6
409,26.0,5,"202331,1610612754",7,2,171.0,0.157,0.115,0.333,0.295,0.414,0.471,0.333,0.311,0.367,0.379,0.229,0.185,0.379,0.34,0.28,0.242,0.255,202331,Paul George,IND,1610612754,0.328,5,0.714
410,31.0,5,"200794,1610612737",5,2,122.0,0.204,0.235,0.333,0.327,0.164,0.19,0.239,0.244,0.159,0.154,0.308,0.232,0.217,0.219,0.325,0.348,0.256,200794,Paul Millsap,ATL,1610612737,0.233,3,0.6
411,38.0,5,"1718,1610612746",6,3,94.0,0.171,0.364,0.286,0.176,0.32,0.412,0.184,0.157,0.151,0.179,0.167,0.213,0.196,0.184,0.175,0.143,0.162,1718,Paul Pierce,LAC,1610612746,0.177,3,0.5
412,24.0,5,"203103,1610612738",5,0,41.0,0.111,0.143,0.4,0.235,0.15,0.25,0.164,0.125,0.0,0.0,0.0,0.304,0.0,0.12,0.195,0.0,0.176,203103,Perry Jones,BOS,1610612738,0.155,5,1.0
413,25.0,5,"203515,1610612756",4,3,66.0,0.348,0.167,0.143,0.07,0.167,0.143,0.172,0.13,0.261,0.313,0.143,0.324,0.409,0.156,0.099,0.125,0.16,203515,Phil Pressey,PHX,1610612756,0.176,1,0.25
414,24.0,5,"203510,1610612755",3,3,43.0,0.583,0.0,0.143,0.135,0.207,0.0,0.182,0.05,0.143,0.211,0.333,0.143,0.095,0.092,0.174,0.111,0.294,203510,Pierre Jackson,PHI,1610612755,0.195,0,0.0
415,25.0,5,"203112,1610612758",2,0,40.0,0.211,0.375,0.0,0.16,0.167,0.0,0.133,0.071,0.0,0.0,0.333,0.25,0.105,0.052,0.179,0.0,0.067,203112,Quincy Acy,SAC,1610612758,0.108,2,1.0
416,23.0,5,"203113,1610612751",4,3,30.0,0.059,0.0,0.5,0.368,0.0,0.0,0.135,0.13,0.0,0.0,0.25,0.222,0.05,0.087,0.348,0.125,0.182,203113,Quincy Miller,BKN,1610612751,0.126,1,0.25
417,23.0,5,"1626188,1610612739",6,6,77.0,0.333,0.0,0.429,0.179,0.17,0.125,0.188,0.157,0.043,0.053,0.143,0.25,0.098,0.128,0.174,0.091,0.226,1626188,Quinn Cook,CLE,1610612739,0.178,0,0.0
418,22.0,5,"1626154,1610612738",7,1,133.0,0.262,0.13,0.167,0.137,0.263,0.222,0.156,0.115,0.082,0.083,0.0,0.141,0.082,0.122,0.109,0.379,0.154,1626154,RJ Hunter,BOS,1610612738,0.15,6,0.857
419,30.0,5,"200765,1610612758",6,1,138.0,0.564,0.071,0.091,0.194,0.149,0.095,0.123,0.139,0.119,0.068,0.1,0.091,0.148,0.121,0.171,0.281,0.265,200765,Rajon Rondo,SAC,1610612758,0.145,5,0.833
420,24.0,5,"1626176,1610612754",6,1,50.0,0.087,0.167,0.25,0.178,0.0,0.0,0.118,0.14,0.257,0.207,0.308,0.292,0.227,0.148,0.207,0.111,0.0,1626176,Rakeem Christmas,IND,1610612754,0.126,5,0.833
421,30.0,5,"201196,1610612764",7,3,141.0,0.568,0.077,0.154,0.14,0.114,0.04,0.137,0.128,0.31,0.338,0.192,0.095,0.362,0.165,0.151,0.261,0.244,201196,Ramon Sessions,WAS,1610612764,0.17,4,0.571
422,32.0,5,"200751,1610612760",3,1,55.0,0.125,0.25,0.0,0.071,0.32,0.5,0.149,0.143,0.0,0.0,0.1,0.24,0.0,0.127,0.077,0.125,0.115,200751,Randy Foye,OKC,1610612760,0.125,2,0.667
423,19.0,5,"1626173,1610612749",6,4,139.0,0.091,0.0,0.214,0.083,0.474,0.421,0.238,0.218,0.118,0.068,0.0,0.116,0.092,0.201,0.066,0.0,0.16,1626173,Rashad Vaughn,MIL,1610612749,0.213,2,0.333
424,37.0,5,"2446,1610612759",5,3,57.0,0.097,0.0,0.0,0.208,0.346,0.2,0.213,0.143,0.038,0.053,0.4,0.24,0.053,0.134,0.241,0.0,0.059,2446,Rasual Butler,SAS,1610612759,0.175,2,0.4
425,24.0,5,"203526,1610612762",7,4,119.0,0.4,0.067,0.4,0.085,0.255,0.294,0.206,0.158,0.052,0.054,0.25,0.183,0.141,0.142,0.118,0.25,0.116,203526,Raul Neto,UTA,1610612762,0.169,3,0.429
426,25.0,5,"203492,1610612763",6,4,81.0,0.16,0.111,0.5,0.106,0.313,0.4,0.236,0.261,0.132,0.08,0.167,0.22,0.143,0.236,0.119,0.222,0.257,203492,Ray McCallum,MEM,1610612763,0.23,2,0.333
427,32.0,5,"101109,1610612742",5,5,104.0,0.5,0.091,0.286,0.034,0.123,0.1,0.232,0.286,0.024,0.03,0.13,0.18,0.108,0.234,0.054,0.167,0.342,101109,Raymond Felton,DAL,1610612742,0.234,0,0.0
428,25.0,5,"203493,1610612765",6,3,116.0,0.157,0.0,0.143,0.135,0.291,0.361,0.193,0.236,0.016,0.02,0.111,0.196,0.053,0.214,0.129,0.1,0.067,203493,Reggie Bullock,DET,1610612765,0.161,3,0.5
429,26.0,5,"202704,1610612765",6,4,176.0,0.558,0.25,0.412,0.148,0.326,0.296,0.241,0.227,0.307,0.434,0.133,0.169,0.292,0.265,0.144,0.156,0.339,202704,Reggie Jackson,DET,1610612765,0.26,2,0.333
430,29.0,5,"202130,1610612759",6,4,65.0,0.143,0.111,0.0,0.275,0.414,0.714,0.158,0.175,0.156,0.167,0.0,0.032,0.143,0.207,0.208,0.273,0.067,202130,Reggie Williams,SAS,1610612759,0.139,2,0.333
431,36.0,5,"2210,1610612739",6,5,137.0,0.067,0.0,0.1,0.271,0.263,0.303,0.194,0.233,0.254,0.278,0.048,0.197,0.2,0.251,0.231,0.167,0.158,2210,Richard Jefferson,CLE,1610612739,0.193,1,0.167
432,22.0,5,"1626158,1610612755",7,5,102.0,0.098,0.3,0.083,0.19,0.167,0.222,0.157,0.143,0.162,0.085,0.4,0.37,0.151,0.137,0.232,0.043,0.244,1626158,Richaun Holmes,PHI,1610612755,0.172,2,0.286
433,25.0,5,"201937,1610612750",3,2,75.0,0.361,0.0,0.0,0.045,0.125,0.167,0.149,0.143,0.209,0.182,0.273,0.231,0.263,0.153,0.091,0.278,0.333,201937,Ricky Rubio,MIN,1610612750,0.187,1,0.333
434,25.0,5,"203496,1610612755",7,5,169.0,0.235,0.19,0.2,0.203,0.4,0.441,0.237,0.21,0.174,0.205,0.279,0.215,0.179,0.23,0.223,0.271,0.241,203496,Robert Covington,PHI,1610612755,0.23,2,0.286
435,27.0,5,"203135,1610612747",4,2,44.0,0.1,0.4,0.0,0.257,0.0,0.0,0.133,0.129,0.138,0.143,1.0,0.32,0.174,0.122,0.278,0.167,0.2,203135,Robert Sacre,LAL,1610612747,0.141,2,0.5
436,22.0,5,"1626193,1610612747",4,1,54.0,0.111,0.6,0.0,0.238,0.0,0.0,0.107,0.139,0.053,0.0,0.143,0.278,0.067,0.093,0.214,0.0,0.125,1626193,Robert Upshaw,LAL,1610612747,0.102,3,0.75
437,28.0,5,"201577,1610612752",5,1,91.0,0.075,0.364,0.5,0.13,0.0,0.0,0.176,0.173,0.353,0.267,0.379,0.233,0.278,0.173,0.204,0.133,0.176,201577,Robin Lopez,NYK,1610612752,0.188,4,0.8
438,23.0,5,"203918,1610612762",7,4,162.0,0.24,0.053,0.125,0.15,0.358,0.368,0.274,0.269,0.192,0.228,0.038,0.213,0.188,0.263,0.129,0.125,0.196,203918,Rodney Hood,UTA,1610612762,0.25,3,0.429
439,30.0,5,"201155,1610612754",6,2,109.0,0.385,0.056,0.167,0.2,0.125,0.091,0.157,0.147,0.245,0.235,0.056,0.149,0.194,0.159,0.157,0.067,0.143,201155,Rodney Stuckey,IND,1610612754,0.163,4,0.667
440,24.0,5,"204040,1610612761",3,1,23.0,0.0,0.0,0.0,0.294,0.0,0.0,0.079,0.214,0.278,0.308,0.429,0.364,0.25,0.244,0.333,0.0,0.143,204040,Ronald Roberts,TOR,1610612761,0.117,2,0.667
441,21.0,5,"1626178,1610612751",5,3,85.0,0.184,0.125,0.091,0.169,0.0,0.0,0.117,0.076,0.071,0.095,0.111,0.231,0.212,0.071,0.162,0.304,0.097,1626178,Rondae Hollis-Jefferson,BKN,1610612751,0.11,2,0.4
442,33.0,5,"101179,1610612756",3,1,65.0,0.276,0.0,0.2,0.161,0.273,0.25,0.19,0.192,0.057,0.042,0.0,0.303,0.222,0.171,0.136,0.25,0.238,101179,Ronnie Price,PHX,1610612756,0.183,2,0.667
443,29.0,5,"201579,1610612747",8,5,175.0,0.203,0.8,0.15,0.389,0.0,0.0,0.132,0.136,0.2,0.174,0.462,0.205,0.247,0.134,0.412,0.083,0.105,201579,Roy Hibbert,LAL,1610612747,0.135,3,0.375
444,29.0,5,"200752,1610612758",5,1,137.0,0.148,0.188,0.333,0.358,0.338,0.435,0.274,0.282,0.263,0.295,0.237,0.154,0.197,0.296,0.323,0.138,0.24,200752,Rudy Gay,SAC,1610612758,0.268,4,0.8
445,24.0,5,"203497,1610612762",6,3,139.0,0.148,0.438,0.053,0.35,0.0,0.0,0.115,0.149,0.281,0.175,0.261,0.211,0.271,0.144,0.333,0.067,0.187,203497,Rudy Gobert,UTA,1610612762,0.147,3,0.5
446,25.0,5,"203893,1610612763",5,1,109.0,0.333,0.2,0.364,0.19,0.17,0.111,0.215,0.183,0.344,0.38,0.1,0.157,0.246,0.229,0.165,0.389,0.463,203893,Russ Smith,MEM,1610612763,0.271,4,0.8
447,27.0,5,"201566,1610612760",5,0,125.0,0.592,0.048,0.462,0.196,0.235,0.174,0.301,0.275,0.343,0.333,0.286,0.213,0.354,0.277,0.217,0.286,0.265,201566,Russell Westbrook,OKC,1610612760,0.299,5,1.0
448,28.0,5,"201583,1610612740",7,4,170.0,0.056,0.111,0.182,0.246,0.311,0.361,0.254,0.248,0.159,0.172,0.391,0.174,0.154,0.241,0.286,0.194,0.212,201583,Ryan Anderson,NOP,1610612740,0.237,3,0.429
449,23.0,5,"1626207,1610612751",4,3,56.0,0.484,0.5,0.125,0.182,0.182,0.067,0.184,0.128,0.133,0.19,0.0,0.185,0.094,0.131,0.154,0.313,0.19,1626207,Ryan Boatright,BKN,1610612751,0.18,1,0.25
450,31.0,5,"200797,1610612763",7,1,81.0,0.083,0.6,0.167,0.217,0.0,0.0,0.144,0.234,0.294,0.211,0.4,0.186,0.372,0.212,0.25,0.077,0.206,200797,Ryan Hollins,MEM,1610612763,0.174,6,0.857
451,25.0,5,"203527,1610612747",7,4,110.0,0.073,0.308,0.333,0.384,0.151,0.174,0.187,0.186,0.241,0.235,0.15,0.196,0.206,0.198,0.333,0.136,0.081,203527,Ryan Kelly,LAL,1610612747,0.18,3,0.429
452,30.0,5,"1626257,1610612742",5,5,77.0,0.143,0.571,0.222,0.333,0.0,0.0,0.146,0.14,0.171,0.167,0.5,0.229,0.385,0.134,0.378,0.25,0.12,1626257,Salah Mejri,DAL,1610612742,0.144,0,0.0
453,22.0,5,"1626155,1610612745",8,5,148.0,0.117,0.111,0.143,0.075,0.19,0.222,0.151,0.14,0.097,0.058,0.194,0.128,0.098,0.129,0.121,0.194,0.075,1626155,Sam Dekker,HOU,1610612745,0.134,3,0.375
454,23.0,5,"1626280,1610612766",5,1,30.0,0.0,0.0,0.333,0.036,0.133,0.0,0.125,0.111,0.0,0.0,0.0,0.2,0.0,0.078,0.029,0.167,0.0,1626280,Sam Thompson,CHA,1610612766,0.092,4,0.8
455,25.0,5,"1627258,1610612763",5,1,24.0,0.167,1.0,0.0,0.222,0.143,0.0,0.054,0.071,0.077,0.0,0.125,0.273,0.125,0.053,0.192,0.667,0.5,1627258,Sampson Carter,MEM,1610612763,0.154,4,0.8
456,36.0,5,"2223,1610612742",4,4,51.0,0.0,0.5,0.0,0.325,0.026,0.0,0.163,0.222,0.375,0.4,0.556,0.28,0.176,0.212,0.367,0.25,0.238,2223,Samuel Dalembert,DAL,1610612742,0.183,0,0.0
457,31.0,5,"201619,1610612739",6,6,108.0,0.061,1.0,0.1,0.284,0.0,0.0,0.069,0.074,0.203,0.136,0.333,0.326,0.164,0.078,0.291,0.071,0.16,201619,Sasha Kaun,CLE,1610612739,0.103,0,0.0
458,32.0,5,"2756,1610612752",5,1,101.0,0.2,0.143,0.2,0.208,0.245,0.263,0.193,0.176,0.184,0.241,0.161,0.222,0.361,0.193,0.194,0.188,0.147,2756,Sasha Vujacic,NYK,1610612752,0.186,4,0.8
459,23.0,5,"203959,1610612755",5,4,88.0,0.233,0.0,0.125,0.117,0.386,0.588,0.236,0.295,0.068,0.111,0.048,0.063,0.143,0.286,0.099,0.188,0.171,203959,Scottie Wilbekin,PHI,1610612755,0.205,1,0.2
460,26.0,5,"203930,1610612751",5,3,71.0,0.083,0.0,0.222,0.098,0.641,0.545,0.351,0.391,0.194,0.213,0.059,0.152,0.154,0.347,0.086,0.2,0.167,203930,Sean Kilpatrick,BKN,1610612751,0.303,2,0.4
461,26.0,5,"201586,1610612760",5,0,126.0,0.032,0.4,0.077,0.253,0.12,0.182,0.207,0.209,0.14,0.171,0.174,0.167,0.121,0.201,0.237,0.048,0.13,201586,Serge Ibaka,OKC,1610612760,0.186,5,1.0
462,22.0,5,"203508,1610612751",3,3,54.0,0.217,0.2,0.167,0.057,0.296,0.333,0.175,0.167,0.094,0.077,0.231,0.207,0.133,0.164,0.104,0.571,0.182,203508,Sergey Karasev,BKN,1610612751,0.168,0,0.0
463,25.0,5,"203552,1610612758",3,0,29.0,0.154,0.0,0.0,0.15,0.308,0.0,0.217,0.167,0.158,0.118,0.0,0.444,0.188,0.143,0.12,0.4,0.222,203552,Seth Curry,SAC,1610612758,0.21,3,1.0
464,23.0,5,"203498,1610612750",7,5,123.0,0.179,0.0,0.375,0.111,0.259,0.273,0.263,0.239,0.356,0.343,0.226,0.184,0.302,0.269,0.146,0.176,0.111,203498,Shabazz Muhammad,MIN,1610612750,0.257,2,0.286
465,24.0,5,"203894,1610612753",6,2,110.0,0.373,0.0,0.222,0.194,0.317,0.444,0.219,0.244,0.302,0.4,0.0,0.186,0.239,0.288,0.137,0.381,0.25,203894,Shabazz Napier,ORL,1610612753,0.229,4,0.667
466,23.0,5,"203499,1610612751",5,3,123.0,0.333,0.0,0.267,0.159,0.217,0.263,0.211,0.195,0.145,0.14,0.095,0.2,0.151,0.189,0.147,0.217,0.318,203499,Shane Larkin,BKN,1610612751,0.221,2,0.4
467,23.0,5,"1626263,1610612761",2,2,16.0,0.4,0.0,0.0,0.333,0.0,0.0,0.087,0.1,0.0,0.0,0.0,0.273,0.2,0.061,0.308,0.4,0.25,1626263,Shannon Scott,TOR,1610612761,0.109,0,0.0
468,30.0,5,"2733,1610612744",6,3,101.0,0.302,0.0,0.2,0.104,0.0,0.0,0.146,0.171,0.085,0.12,0.083,0.111,0.138,0.152,0.101,0.19,0.098,2733,Shaun Livingston,GSW,1610612744,0.129,3,0.5
469,25.0,5,"203963,1610612754",7,2,56.0,0.136,0.111,0.143,0.268,0.25,0.167,0.175,0.186,0.225,0.176,0.238,0.419,0.2,0.183,0.258,0.0,0.286,203963,Shayne Whittington,IND,1610612754,0.194,5,0.714
470,26.0,5,"202714,1610612762",6,2,94.0,0.452,0.0,0.0,0.059,0.277,0.188,0.244,0.224,0.162,0.156,0.056,0.047,0.189,0.209,0.058,0.143,0.25,202714,Shelvin Mack,UTA,1610612762,0.239,4,0.667
471,25.0,5,"203524,1610612754",3,2,41.0,0.0,0.0,1.0,0.185,0.19,0.25,0.185,0.231,0.143,0.143,0.2,0.118,0.261,0.208,0.19,0.375,0.111,203524,Solomon Hill,IND,1610612754,0.174,1,0.333
472,29.0,5,"201603,1610612755",6,2,131.0,0.295,0.0,0.2,0.138,0.146,0.094,0.131,0.13,0.068,0.067,0.036,0.167,0.088,0.117,0.115,0.138,0.089,201603,Sonny Weems,PHI,1610612755,0.12,4,0.667
473,23.0,5,"203915,1610612765",8,5,161.0,0.452,0.118,0.188,0.192,0.07,0.033,0.123,0.113,0.213,0.241,0.077,0.286,0.217,0.134,0.169,0.259,0.327,203915,Spencer Dinwiddie,DET,1610612765,0.161,3,0.375
474,28.0,5,"201150,1610612766",6,0,113.0,0.22,0.571,0.143,0.34,0.21,0.19,0.225,0.186,0.093,0.071,0.2,0.192,0.077,0.166,0.321,0.222,0.129,201150,Spencer Hawes,CHA,1610612766,0.199,6,1.0
475,20.0,5,"1626169,1610612765",8,5,219.0,0.16,0.176,0.368,0.188,0.202,0.209,0.237,0.211,0.271,0.291,0.151,0.221,0.244,0.225,0.178,0.326,0.208,1626169,Stanley Johnson,DET,1610612765,0.235,3,0.375
476,31.0,5,"202513,1610612741",1,0,1.0,0.0,0.0,0.0,0.0,0.0,0.0,0.0,0.0,0.0,0.0,0.0,1.0,0.0,0.0,0.0,0.0,0.5,202513,Stefhon Hannah,CHI,1610612741,0.333,1,1.0
477,28.0,5,"201939,1610612744",6,3,140.0,0.424,0.053,0.0,0.092,0.457,0.488,0.275,0.314,0.313,0.329,0.192,0.182,0.25,0.337,0.111,0.25,0.375,201939,Stephen Curry,GSW,1610612744,0.294,3,0.5
478,36.0,5,"2581,1610612765",1,0,24.0,0.667,0.0,0.0,0.294,0.19,0.0,0.136,0.042,0.0,0.0,0.0,0.2,0.2,0.034,0.208,0.0,0.25,2581,Steve Blake,DET,1610612765,0.151,1,1.0
479,33.0,5,"200779,1610612749",6,1,42.0,0.05,0.2,0.0,0.172,0.387,0.5,0.189,0.188,0.0,0.0,0.0,0.0,0.053,0.177,0.119,0.2,0.0,200779,Steve Novak,MIL,1610612749,0.142,5,0.833
480,22.0,5,"203500,1610612760",5,1,128.0,0.121,0.25,0.214,0.22,0.0,0.0,0.126,0.181,0.344,0.342,0.607,0.237,0.385,0.188,0.311,0.087,0.25,203500,Steven Adams,OKC,1610612760,0.168,4,0.8
481,24.0,5,"204456,1610612755",5,3,110.0,0.49,0.067,0.125,0.229,0.068,0.053,0.148,0.167,0.079,0.038,0.038,0.145,0.175,0.129,0.183,0.379,0.185,204456,TJ McConnell,PHI,1610612755,0.147,2,0.4
482,22.0,5,"203933,1610612756",6,2,152.0,0.145,0.0,0.176,0.134,0.114,0.033,0.254,0.275,0.188,0.191,0.395,0.222,0.188,0.242,0.2,0.289,0.187,203933,TJ Warren,PHX,1610612756,0.241,4,0.667
483,31.0,5,"201959,1610612741",4,2,71.0,0.143,0.667,0.167,0.233,0.054,0.0,0.182,0.274,0.429,0.45,0.296,0.152,0.458,0.276,0.253,0.0,0.095,201959,Taj Gibson,CHI,1610612741,0.19,2,0.5
484,25.0,5,"204075,1610612760",4,1,24.0,0.0,0.4,0.0,0.125,0.0,0.0,0.075,0.2,0.167,0.222,0.571,0.167,0.125,0.186,0.261,0.167,0.0,204075,Talib Zanna,OKC,1610612760,0.076,3,0.75
485,24.0,5,"204028,1610612747",3,1,43.0,0.0,0.333,0.667,0.219,0.0,0.0,0.19,0.275,0.179,0.0,0.538,0.217,0.15,0.196,0.311,0.222,0.25,204028,Tarik Black,LAL,1610612747,0.196,2,0.667
486,36.0,5,"2419,1610612750",6,4,86.0,0.077,0.0,0.167,0.119,0.333,0.6,0.141,0.179,0.043,0.029,0.083,0.106,0.075,0.172,0.111,0.143,0.086,2419,Tayshaun Prince,MIN,1610612750,0.119,2,0.333
487,23.0,5,"1626189,1610612737",3,0,22.0,0.211,0.0,0.0,0.053,0.091,0.143,0.067,0.091,0.0,0.0,0.0,0.286,0.091,0.081,0.048,0.2,0.2,1626189,Terran Petteway,ATL,1610612737,0.085,3,1.0
488,24.0,5,"203093,1610612745",6,5,142.0,0.151,0.273,0.35,0.233,0.124,0.125,0.234,0.226,0.233,0.196,0.395,0.093,0.238,0.211,0.281,0.235,0.25,203093,Terrence Jones,HOU,1610612745,0.236,1,0.167
489,25.0,5,"203082,1610612761",6,1,121.0,0.2,0.417,0.0,0.12,0.254,0.261,0.172,0.132,0.053,0.051,0.147,0.183,0.068,0.124,0.128,0.346,0.178,203082,Terrence Ross,TOR,1610612761,0.159,5,0.833
490,26.0,5,"202358,1610612756",2,0,8.0,0.0,1.0,0.0,0.0,0.333,0.0,0.188,0.0,0.0,0.0,0.333,0.0,0.0,0.0,0.2,0.5,0.0,202358,Terrico White,PHX,1610612756,0.143,2,1.0
491,22.0,5,"1626179,1610612738",5,0,93.0,0.28,0.0,0.25,0.147,0.28,0.444,0.205,0.213,0.256,0.259,0.04,0.13,0.256,0.239,0.118,0.318,0.139,1626179,Terry Rozier,BOS,1610612738,0.198,5,1.0
492,32.0,5,"200757,1610612737",4,2,58.0,0.182,0.333,0.143,0.152,0.207,0.167,0.163,0.188,0.25,0.25,0.0,0.148,0.143,0.2,0.123,0.375,0.261,200757,Thabo Sefolosha,ATL,1610612737,0.19,2,0.5
493,28.0,5,"201152,1610612751",5,3,127.0,0.067,0.0,0.214,0.333,0.026,0.0,0.245,0.333,0.188,0.169,0.444,0.22,0.216,0.272,0.352,0.364,0.268,201152,Thaddeus Young,BKN,1610612751,0.241,2,0.4
494,23.0,5,"203648,1610612752",3,2,13.0,0.4,0.25,0.25,0.4,0.0,0.0,0.042,0.0,0.0,0.0,0.0,0.125,0.167,0.0,0.364,1.0,0.0,203648,Thanasis Antetokounmpo,NYK,1610612752,0.034,1,0.333
495,25.0,5,"203080,1610612751",4,3,86.0,0.04,0.5,0.5,0.429,0.0,0.0,0.239,0.296,0.111,0.091,0.739,0.263,0.152,0.222,0.528,0.353,0.182,203080,Thomas Robinson,BKN,1610612751,0.214,1,0.25
496,31.0,5,"201168,1610612737",5,1,79.0,0.238,0.5,0.154,0.243,0.0,0.0,0.132,0.119,0.267,0.242,0.538,0.257,0.25,0.142,0.289,0.1,0.125,201168,Tiago Splitter,ATL,1610612737,0.145,4,0.8
497,26.0,5,"202353,1610612762",6,3,61.0,0.0,0.5,0.333,0.31,0.087,0.0,0.122,0.114,0.222,0.273,0.333,0.435,0.174,0.143,0.316,0.0,0.207,202353,Tibor Pleiss,UTA,1610612762,0.149,3,0.5
498,40.0,5,"1495,1610612759",5,3,90.0,0.111,0.333,0.286,0.293,0.0,0.0,0.185,0.265,0.083,0.05,0.286,0.133,0.146,0.203,0.292,0.071,0.115,1495,Tim Duncan,SAS,1610612759,0.165,2,0.4
499,25.0,5,"204025,1610612740",4,2,59.0,0.478,0.0,0.0,0.143,0.158,0.286,0.115,0.15,0.143,0.19,0.118,0.324,0.2,0.174,0.136,0.231,0.222,204025,Tim Frazier,NOP,1610612740,0.138,2,0.5
500,24.0,5,"203501,1610612737",7,3,136.0,0.111,0.0,0.2,0.133,0.382,0.304,0.204,0.141,0.129,0.148,0.091,0.148,0.105,0.158,0.126,0.118,0.106,203501,Tim Hardaway Jr.,ATL,1610612737,0.182,4,0.571
501,29.0,5,"202389,1610612739",5,4,125.0,0.078,0.333,0.571,0.346,0.013,0.0,0.198,0.237,0.371,0.28,0.563,0.152,0.313,0.21,0.383,0.045,0.167,202389,Timofey Mozgov,CLE,1610612739,0.203,1,0.2
502,23.0,5,"202699,1610612765",7,2,182.0,0.132,0.231,0.188,0.295,0.115,0.114,0.21,0.252,0.227,0.292,0.241,0.2,0.194,0.244,0.286,0.278,0.167,202699,Tobias Harris,DET,1610612765,0.204,5,0.714
503,30.0,5,"201962,1610612740",5,1,58.0,0.381,0.083,0.333,0.159,0.304,0.2,0.238,0.191,0.368,0.424,0.105,0.206,0.321,0.25,0.143,0.875,0.25,201962,Toney Douglas,NOP,1610612740,0.255,4,0.8
504,34.0,5,"2754,1610612763",4,0,77.0,0.107,0.0,0.222,0.14,0.111,0.222,0.183,0.289,0.154,0.063,0.385,0.282,0.189,0.229,0.19,0.375,0.091,2754,Tony Allen,MEM,1610612763,0.162,4,1.0
505,34.0,5,"2225,1610612759",4,3,93.0,0.432,0.0,0.4,0.143,0.059,0.0,0.191,0.157,0.286,0.3,0.053,0.179,0.239,0.178,0.124,0.267,0.259,2225,Tony Parker,SAS,1610612759,0.21,1,0.25
506,24.0,5,"203503,1610612741",7,3,201.0,0.14,0.118,0.333,0.15,0.205,0.2,0.185,0.168,0.08,0.068,0.06,0.15,0.094,0.15,0.13,0.235,0.1,203503,Tony Snell,CHI,1610612741,0.163,4,0.571
507,26.0,5,"203315,1610612764",4,1,30.0,0.056,0.0,0.0,0.176,0.063,0.0,0.115,0.172,0.316,0.333,0.111,0.294,0.158,0.187,0.154,0.0,0.545,203315,Toure Murry,WAS,1610612764,0.195,3,0.75
508,23.0,5,"1626275,1610612752",2,2,14.0,0.667,0.0,0.333,0.091,0.2,0.0,0.208,0.25,0.0,0.0,0.0,0.286,0.125,0.174,0.083,0.0,0.333,1626275,Travis Trice II,NYK,1610612752,0.197,0,0.0
509,31.0,5,"201645,1610612748",2,1,28.0,0.615,0.0,0.0,0.045,0.083,0.0,0.184,0.15,0.111,0.077,0.0,0.25,0.077,0.121,0.038,0.0,0.2,201645,Tre Kelley,MIA,1610612748,0.179,1,0.5
510,22.0,5,"1626203,1610612762",2,2,18.0,0.5,0.0,0.333,0.2,0.25,0.0,0.211,0.0,0.222,0.167,0.091,0.167,0.25,0.05,0.125,0.0,0.0,1626203,Treveon Graham,UTA,1610612762,0.185,0,0.0
511,30.0,5,"2772,1610612745",6,4,159.0,0.165,0.059,0.056,0.189,0.35,0.342,0.233,0.254,0.047,0.069,0.07,0.082,0.086,0.234,0.154,0.302,0.12,2772,Trevor Ariza,HOU,1610612745,0.2,2,0.333
512,28.0,5,"202344,1610612762",7,4,116.0,0.175,0.167,0.214,0.267,0.078,0.056,0.166,0.16,0.239,0.196,0.348,0.196,0.192,0.159,0.286,0.179,0.225,202344,Trevor Booker,UTA,1610612762,0.183,3,0.429
513,23.0,5,"203504,1610612762",6,3,147.0,0.283,0.0,0.273,0.139,0.39,0.435,0.282,0.312,0.176,0.209,0.077,0.075,0.162,0.299,0.126,0.235,0.234,203504,Trey Burke,UTA,1610612762,0.262,3,0.5
514,20.0,5,"1626168,1610612762",6,3,93.0,0.188,0.1,0.111,0.188,0.108,0.0,0.221,0.237,0.115,0.085,0.136,0.2,0.136,0.186,0.176,0.214,0.125,1626168,Trey Lyles,UTA,1610612762,0.193,3,0.5
515,24.0,5,"203584,1610612766",3,1,61.0,0.05,0.0,0.0,0.196,0.361,0.444,0.2,0.214,0.128,0.121,0.0,0.2,0.097,0.206,0.167,0.143,0.125,203584,Troy Daniels,CHA,1610612766,0.186,2,0.667
516,28.0,5,"201951,1610612754",5,4,113.0,0.273,0.0,0.077,0.164,0.169,0.214,0.162,0.196,0.212,0.237,0.054,0.204,0.267,0.204,0.127,0.222,0.162,201951,Ty Lawson,IND,1610612754,0.166,1,0.2
517,30.0,5,"201946,1610612766",4,1,90.0,0.034,0.667,0.333,0.321,0.05,0.056,0.148,0.164,0.321,0.316,0.65,0.371,0.39,0.187,0.385,0.1,0.161,201946,Tyler Hansbrough,CHA,1610612766,0.17,3,0.75
518,24.0,5,"204020,1610612748",8,4,134.0,0.155,0.077,0.182,0.135,0.2,0.259,0.209,0.255,0.115,0.128,0.098,0.222,0.119,0.223,0.125,0.182,0.154,204020,Tyler Johnson,MIA,1610612748,0.189,4,0.5
519,26.0,5,"203092,1610612738",7,1,106.0,0.095,0.556,0.176,0.195,0.0,0.0,0.227,0.261,0.228,0.22,0.417,0.294,0.235,0.236,0.248,0.091,0.154,203092,Tyler Zeller,BOS,1610612738,0.22,6,0.857
520,26.0,5,"201936,1610612740",2,1,48.0,0.263,0.0,0.2,0.244,0.174,0.2,0.309,0.375,0.103,0.125,0.167,0.167,0.304,0.307,0.234,0.0,0.467,201936,Tyreke Evans,NOP,1610612740,0.306,1,0.5
521,33.0,5,"2199,1610612756",4,1,62.0,0.067,0.5,0.0,0.324,0.0,0.0,0.095,0.125,0.4,0.308,0.467,0.189,0.174,0.13,0.367,0.167,0.111,2199,Tyson Chandler,PHX,1610612756,0.117,3,0.75
522,20.0,5,"1626145,1610612750",6,4,98.0,0.477,0.0,0.071,0.148,0.286,0.294,0.164,0.141,0.143,0.173,0.053,0.171,0.17,0.161,0.123,0.143,0.171,1626145,Tyus Jones,MIN,1610612750,0.162,2,0.333
523,36.0,5,"2617,1610612748",5,2,64.0,0.167,0.333,0.5,0.298,0.077,0.0,0.115,0.13,0.053,0.0,0.167,0.406,0.059,0.092,0.283,0.071,0.087,2617,Udonis Haslem,MIA,1610612748,0.102,3,0.6
524,24.0,5,"203506,1610612753",8,2,193.0,0.259,0.111,0.389,0.177,0.25,0.333,0.192,0.21,0.205,0.194,0.171,0.17,0.16,0.216,0.176,0.239,0.155,203506,Victor Oladipo,ORL,1610612753,0.188,6,0.75
525,39.0,5,"1713,1610612763",5,1,76.0,0.143,0.25,0.0,0.051,0.447,0.4,0.24,0.205,0.079,0.04,0.059,0.271,0.171,0.187,0.053,0.154,0.135,1713,Vince Carter,MEM,1610612763,0.202,4,0.8
526,21.0,5,"1626205,1610612758",1,0,2.0,0.0,0.0,0.0,0.0,0.0,0.0,0.0,0.0,0.0,0.0,0.0,0.0,0.0,0.0,0.0,0.0,0.0,1626205,Vincent Hunter,SAC,1610612758,0.0,1,1.0
527,24.0,5,"204002,1610612737",6,2,102.0,0.041,0.643,0.286,0.297,0.0,0.0,0.195,0.23,0.3,0.213,0.571,0.392,0.271,0.202,0.358,0.208,0.182,204002,Walter Tavares,ATL,1610612737,0.204,4,0.667
528,28.0,5,"201961,1610612751",5,3,111.0,0.122,0.0,0.182,0.09,0.455,0.529,0.208,0.203,0.161,0.14,0.105,0.163,0.151,0.217,0.093,0.1,0.146,201961,Wayne Ellington,BKN,1610612751,0.193,2,0.4
529,28.0,5,"202325,1610612746",6,3,113.0,0.083,0.143,0.0,0.156,0.22,0.167,0.132,0.128,0.017,0.0,0.077,0.226,0.075,0.112,0.144,0.238,0.114,202325,Wesley Johnson,LAC,1610612746,0.118,3,0.5
530,29.0,5,"202083,1610612742",1,1,16.0,0.286,0.0,1.0,0.25,0.4,1.0,0.231,0.231,0.0,0.0,0.0,0.2,0.0,0.2,0.214,1.0,0.0,202083,Wesley Matthews,DAL,1610612742,0.185,0,0.0
531,23.0,5,"1626201,1610612752",2,2,7.0,0.0,0.0,0.0,0.167,0.0,0.0,0.077,0.25,0.0,0.0,0.0,0.25,0.0,0.182,0.143,0.0,0.0,1626201,Wesley Saunders,NYK,1610612752,0.06,0,0.0
532,25.0,5,"203115,1610612743",7,3,178.0,0.148,0.333,0.533,0.264,0.14,0.147,0.188,0.182,0.232,0.239,0.186,0.093,0.212,0.19,0.244,0.233,0.17,203115,Will Barton,DEN,1610612743,0.19,4,0.571
533,23.0,5,"1626270,1610612745",6,3,75.0,0.395,0.0,0.182,0.129,0.156,0.167,0.133,0.105,0.321,0.289,0.111,0.283,0.333,0.152,0.124,0.267,0.286,1626270,Will Cummings,HOU,1610612745,0.178,3,0.5
534,22.0,5,"1626161,1610612758",6,1,141.0,0.031,0.471,0.286,0.219,0.0,0.0,0.114,0.132,0.172,0.113,0.529,0.291,0.113,0.118,0.3,0.154,0.043,1626161,Willie Cauley-Stein,SAC,1610612758,0.11,5,0.833
535,26.0,5,"203186,1610612751",1,1,5.0,0.0,0.0,0.0,0.333,0.0,0.0,0.25,0.0,0.0,0.0,0.0,0.0,0.25,0.0,0.286,0.5,0.0,203186,Willie Reed,BKN,1610612751,0.17,0,0.0
536,29.0,5,"201163,1610612743",5,2,133.0,0.23,0.273,0.25,0.309,0.235,0.238,0.188,0.163,0.213,0.167,0.278,0.161,0.188,0.17,0.3,0.276,0.043,201163,Wilson Chandler,DEN,1610612743,0.169,3,0.6
537,33.0,5,"200821,1610612763",6,1,96.0,0.143,0.0,0.077,0.13,0.405,0.333,0.149,0.086,0.039,0.029,0.034,0.12,0.042,0.088,0.102,0.333,0.065,200821,Yakhouba Diawara,MEM,1610612763,0.12,5,0.833
538,24.0,5,"1626304,1610612759",3,3,30.0,0.111,0.0,0.0,0.294,0.0,0.0,0.128,0.118,0.579,0.462,0.333,0.353,0.643,0.189,0.3,0.3,0.077,1626304,Youssou Ndoye,SAS,1610612759,0.173,0,0.0
539,21.0,5,"203897,1610612750",7,5,164.0,0.313,0.25,0.389,0.209,0.226,0.115,0.202,0.127,0.175,0.158,0.059,0.079,0.15,0.134,0.167,0.25,0.23,203897,Zach LaVine,MIN,1610612750,0.204,2,0.286
540,34.0,5,"2216,1610612763",5,0,114.0,0.186,0.154,0.2,0.21,0.0,0.0,0.228,0.257,0.175,0.143,0.278,0.227,0.191,0.219,0.222,0.158,0.2,2216,Zach Randolph,MEM,1610612763,0.217,5,1.0
541,32.0,5,"2585,1610612742",6,6,117.0,0.114,0.1,0.083,0.311,0.0,0.0,0.18,0.183,0.257,0.309,0.609,0.348,0.259,0.204,0.372,0.316,0.167,2585,Zaza Pachulia,DAL,1610612742,0.187,0,0.0
