,AGE,AST,BLK,BLKA,CFID,CFPARAMS,DD2,DREB,FG3A,FG3M,FG3_PCT,FGA,FGM,FG_PCT,FTA,FTM,FT_PCT,GP,L,MIN,OREB,PF,PFD,PLAYER_ID,PLAYER_NAME,PLUS_MINUS,PTS,REB,STL,TD3,TEAM_ABBREVIATION,TEAM_ID,TOV,W,W_PCT
0,30.0,0.078,0.0,0.0,5,"201143,1610612737",0,0.116,0.039,0.039,1.0,0.116,0.116,1.0,0.0,0.0,0.0,1,1,0.366,0.0,0.0,0.0,201143,Al Horford,-0.272,0.272,0.116,0.0,0,ATL,1610612737,0.0,0,0.0
1,22.0,0.0,0.0,0.0,5,"203083,1610612765",1,0.149,0.019,0.0,0.0,0.205,0.149,0.727,0.0,0.0,0.0,1,1,0.339,0.093,0.019,0.0,203083,Andre Drummond,-0.223,0.298,0.242,0.037,0,DET,1610612765,0.019,0,0.0
2,23.0,0.0,0.0,0.0,5,"203076,1610612740",0,0.071,0.0,0.0,0.0,0.31,0.286,0.923,0.0,0.0,0.0,1,0,0.361,0.071,0.024,0.0,203076,Anthony Davis,0.095,0.571,0.143,0.024,0,NOP,1610612740,0.0,1,1.0
3,32.0,0.0,0.013,0.0,5,"2546,1610612752",0,0.04,0.067,0.013,0.2,0.148,0.081,0.545,0.0,0.0,0.0,1,1,0.308,0.04,0.027,0.013,2546,Carmelo Anthony,-0.081,0.175,0.081,0.0,0,NYK,1610612752,0.027,0,0.0
4,31.0,0.302,0.0,0.0,5,"101108,1610612746",1,0.075,0.113,0.075,0.667,0.132,0.094,0.714,0.0,0.0,0.0,1,0,0.359,0.0,0.019,0.019,101108,Chris Paul,0.094,0.264,0.075,0.019,0,LAC,1610612746,0.075,1,1.0
5,26.0,0.038,0.0,0.0,5,"201942,1610612761",0,0.0,0.057,0.0,0.0,0.286,0.172,0.6,0.019,0.0,0.0,1,1,0.36,0.019,0.0,0.057,201942,DeMar DeRozan,-0.229,0.343,0.019,0.019,0,TOR,1610612761,0.019,0,0.0
6,25.0,0.03,0.0,0.0,5,"202326,1610612758",0,0.091,0.03,0.03,1.0,0.152,0.152,1.0,0.0,0.0,0.0,1,0,0.352,0.03,0.061,0.061,202326,DeMarcus Cousins,0.303,0.333,0.121,0.0,0,SAC,1610612758,0.0,1,1.0
7,26.0,0.0,0.0,0.0,5,"203110,1610612744",0,0.114,0.029,0.0,0.0,0.171,0.057,0.333,0.0,0.0,0.0,1,0,0.347,0.029,0.029,0.029,203110,Draymond Green,0.429,0.114,0.143,0.057,0,GSW,1610612744,0.029,1,1.0
8,34.0,0.081,0.0,0.0,5,"2548,1610612748",0,0.04,0.013,0.0,0.0,0.094,0.054,0.571,0.0,0.0,0.0,1,1,0.308,0.013,0.0,0.0,2548,Dwyane Wade,-0.081,0.107,0.054,0.027,0,MIA,1610612748,0.04,0,0.0
9,27.0,0.018,0.0,0.0,5,"202738,1610612738",0,0.0,0.088,0.018,0.2,0.193,0.07,0.364,0.0,0.0,0.0,1,1,0.333,0.053,0.018,0.0,202738,Isaiah Thomas,-0.316,0.158,0.053,0.018,0,BOS,1610612738,0.018,0,0.0
10,26.0,0.051,0.0,0.0,5,"201935,1610612745",0,0.068,0.203,0.119,0.583,0.237,0.136,0.571,0.0,0.0,0.0,1,0,0.355,0.0,0.0,0.0,201935,James Harden,0.153,0.39,0.068,0.0,0,HOU,1610612745,0.017,1,1.0
11,25.0,0.054,0.0,0.0,5,"202322,1610612764",0,0.054,0.072,0.036,0.5,0.253,0.181,0.714,0.0,0.0,0.0,1,1,0.352,0.0,0.0,0.0,202322,John Wall,0.09,0.398,0.054,0.018,0,WAS,1610612764,0.036,0,0.0
12,24.0,0.036,0.0,0.0,5,"202695,1610612759",0,0.036,0.072,0.012,0.167,0.179,0.095,0.533,0.0,0.0,0.0,1,0,0.308,0.036,0.0,0.0,202695,Kawhi Leonard,0.131,0.203,0.072,0.024,0,SAS,1610612759,0.024,1,1.0
13,27.0,0.091,0.0,0.0,5,"201142,1610612760",0,0.039,0.104,0.013,0.125,0.234,0.143,0.611,0.0,0.0,0.0,1,0,0.3,0.026,0.0,0.013,201142,Kevin Durant,0.13,0.299,0.065,0.026,0,OKC,1610612760,0.0,1,1.0
14,26.0,0.034,0.0,0.0,5,"202691,1610612744",0,0.017,0.169,0.051,0.3,0.186,0.051,0.273,0.0,0.0,0.0,1,0,0.355,0.017,0.0,0.0,202691,Klay Thompson,0.153,0.153,0.034,0.017,0,GSW,1610612744,0.0,1,1.0
15,37.0,0.082,0.0,0.0,5,"977,1610612747",0,0.059,0.059,0.012,0.2,0.13,0.047,0.364,0.024,0.012,0.5,1,0,0.306,0.012,0.012,0.035,977,Kobe Bryant,0.13,0.118,0.071,0.012,0,LAL,1610612747,0.012,1,1.0
16,30.0,0.108,0.011,0.0,5,"200768,1610612761",1,0.054,0.129,0.043,0.333,0.14,0.054,0.385,0.0,0.0,0.0,1,1,0.307,0.0,0.022,0.0,200768,Kyle Lowry,-0.301,0.151,0.054,0.022,0,TOR,1610612761,0.065,0,0.0
17,30.0,0.026,0.0,0.026,5,"200746,1610612759",0,0.077,0.026,0.0,0.0,0.205,0.051,0.25,0.0,0.0,0.0,1,0,0.361,0.026,0.0,0.0,200746,LaMarcus Aldridge,0.026,0.103,0.103,0.026,0,SAS,1610612759,0.0,1,1.0
18,31.0,0.106,0.0,0.0,5,"2544,1610612739",0,0.061,0.076,0.015,0.2,0.197,0.091,0.462,0.0,0.0,0.0,1,1,0.306,0.0,0.0,0.0,2544,LeBron James,-0.197,0.197,0.061,0.0,0,CLE,1610612739,0.061,0,0.0
19,35.0,0.025,0.0,0.0,5,"2200,1610612741",0,0.147,0.025,0.0,0.0,0.172,0.074,0.429,0.098,0.074,0.75,1,1,0.356,0.025,0.049,0.098,2200,Pau Gasol,-0.147,0.221,0.172,0.025,0,CHI,1610612741,0.025,0,0.0
20,26.0,0.011,0.0,0.0,5,"202331,1610612754",0,0.055,0.21,0.1,0.474,0.287,0.177,0.615,0.0,0.0,0.0,1,1,0.297,0.0,0.0,0.0,202331,Paul George,-0.033,0.453,0.055,0.011,0,IND,1610612754,0.033,0,0.0
21,31.0,0.017,0.0,0.0,5,"200794,1610612737",0,0.035,0.035,0.017,0.5,0.104,0.017,0.167,0.0,0.0,0.0,1,1,0.33,0.017,0.0,0.0,200794,Paul Millsap,-0.156,0.052,0.052,0.0,0,ATL,1610612737,0.0,0,0.0
22,27.0,0.067,0.0,0.013,5,"201566,1610612760",0,0.067,0.227,0.093,0.412,0.307,0.16,0.522,0.0,0.0,0.0,1,0,0.298,0.04,0.013,0.0,201566,Russell Westbrook,0.16,0.414,0.107,0.067,0,OKC,1610612760,0.04,1,1.0
23,28.0,0.064,0.0,0.0,5,"201939,1610612744",0,0.043,0.138,0.064,0.462,0.192,0.107,0.556,0.0,0.0,0.0,1,0,0.309,0.011,0.011,0.0,201939,Stephen Curry,0.192,0.277,0.053,0.043,0,GSW,1610612744,0.021,1,1.0
