,AGE,BLK,CFID,CFPARAMS,DEF_RATING,DEF_WS,DREB,DREB_PCT,GP,L,MIN,OPP_PTS_2ND_CHANCE,OPP_PTS_FB,OPP_PTS_OFF_TOV,OPP_PTS_PAINT,PCT_BLK,PCT_DREB,PCT_STL,PLAYER_ID,PLAYER_NAME,STL,TEAM_ABBREVIATION,TEAM_ID,W,W_PCT
0,21.0,0,5,"1626151,1610612766",128.7,-0.02,1,0.167,2,1,7.4,0,3,3,6,0.0,0.167,0.0,1626151,Aaron Harrison,0,CHA,1610612766,1,0.5
1,30.0,24,5,"201143,1610612737",102.5,0.3,52,0.165,10,6,327.403333333,95,69,115,240,0.471,0.223,0.207,201143,Al Horford,12,ATL,1610612737,4,0.4
2,31.0,3,5,"2744,1610612766",117.1,-0.16,29,0.242,7,4,168.38,50,37,32,158,0.429,0.33,0.211,2744,Al Jefferson,4,CHA,1610612766,3,0.429
3,25.0,10,5,"202329,1610612757",106.9,0.13,72,0.201,11,6,371.536666667,99,90,99,308,0.313,0.263,0.167,202329,Al-Farouq Aminu,8,POR,1610612757,5,0.455
4,24.0,1,5,"203459,1610612757",112.4,-0.11,27,0.1,11,6,302.06,91,93,99,292,0.045,0.135,0.175,203459,Allen Crabbe,7,POR,1610612757,5,0.455
5,33.0,3,5,"2405,1610612748",104.1,0.06,10,0.145,9,5,82.3416666667,24,10,27,80,0.5,0.182,0.417,2405,Amar'e Stoudemire,5,MIA,1610612748,4,0.444
6,29.0,8,5,"101161,1610612738",97.6,0.2,32,0.256,6,4,133.511666667,37,38,44,126,0.421,0.327,0.063,101161,Amir Johnson,1,BOS,1610612738,2,0.333
7,33.0,2,5,"2760,1610612744",101.5,0.09,9,0.13,17,6,92.8916666667,21,29,25,98,0.286,0.173,0.154,2760,Anderson Varejao,2,GSW,1610612744,11,0.647
8,22.0,6,5,"203083,1610612765",112.4,-0.05,24,0.218,4,4,131.416666667,29,29,40,82,0.545,0.279,0.063,203083,Andre Drummond,1,DET,1610612765,0,0.0
9,32.0,10,5,"2738,1610612744",104.9,0.46,70,0.103,24,9,767.45,239,258,269,678,0.132,0.141,0.213,2738,Andre Iguodala,29,GSW,1610612744,15,0.625
10,40.0,0,5,"1889,1610612759",112.3,-0.01,3,0.103,4,1,35.2333333333,7,15,12,28,0.0,0.125,0.0,1889,Andre Miller,0,SAS,1610612759,3,0.75
11,24.0,19,5,"203460,1610612760",102.1,0.45,76,0.177,18,7,471.406666667,94,131,119,382,0.322,0.221,0.28,203460,Andre Roberson,23,OKC,1610612760,11,0.611
12,31.0,35,5,"101106,1610612744",95.4,0.67,78,0.203,22,7,365.35,132,94,107,284,0.547,0.29,0.23,101106,Andrew Bogut,14,GSW,1610612744,15,0.682
13,27.0,0,5,"202726,1610612745",90.5,0.03,2,0.143,2,2,11.4016666667,2,0,14,4,0.0,0.182,0.0,202726,Andrew Goudelock,0,HOU,1610612745,0,0.0
14,30.0,0,5,"201627,1610612760",101.8,0.07,2,0.026,14,6,76.275,24,21,44,78,0.0,0.034,0.143,201627,Anthony Morrow,1,OKC,1610612760,8,0.571
15,31.0,1,5,"201229,1610612765",126.5,-0.05,3,0.158,3,3,26.2033333333,0,8,9,24,0.5,0.167,0.0,201229,Anthony Tolliver,0,DET,1610612765,0,0.0
16,29.0,0,5,"203382,1610612765",127.8,-0.11,5,0.125,4,4,43.965,17,10,22,44,0.0,0.172,0.0,203382,Aron Baynes,0,DET,1610612765,0,0.0
17,23.0,0,5,"203085,1610612746",111.0,-0.03,12,0.083,6,4,143.755,46,47,25,108,0.0,0.115,0.143,203085,Austin Rivers,3,LAC,1610612746,2,0.333
18,25.0,1,5,"202340,1610612738",105.7,0.02,1,0.026,1,1,33.15,13,9,9,40,0.25,0.036,0.333,202340,Avery Bradley,1,BOS,1610612738,0,0.0
19,23.0,27,5,"202687,1610612761",106.2,0.21,134,0.321,20,10,505.541666667,142,112,153,380,0.659,0.417,0.11,202687,Bismack Biyombo,8,TOR,1610612761,10,0.5
20,27.0,2,5,"201933,1610612746",99.4,0.16,28,0.201,4,2,126.936666667,33,34,26,102,0.125,0.295,0.143,201933,Blake Griffin,3,LAC,1610612746,2,0.5
21,27.0,2,5,"1626246,1610612759",111.7,-0.01,10,0.313,7,3,41.8833333333,10,11,12,28,0.667,0.37,0.0,1626246,Boban Marjanovic,0,SAS,1610612759,4,0.571
22,34.0,4,5,"2564,1610612759",95.8,0.28,17,0.123,9,3,158.51,42,50,46,134,0.211,0.17,0.059,2564,Boris Diaw,2,SAS,1610612759,6,0.667
23,30.0,2,5,"201575,1610612744",101.7,0.11,23,0.23,14,6,110.005,28,28,36,96,0.167,0.315,0.111,201575,Brandon Rush,2,GSW,1610612744,8,0.571
24,30.0,0,5,"203148,1610612757",108.3,0.01,0,0.0,10,6,35.6816666667,3,13,13,28,0.0,0.0,0.0,203148,Brian Roberts,0,POR,1610612757,4,0.4
25,23.0,0,5,"1627362,1610612748",42.9,0.06,0,0.0,2,1,6.01666666667,2,0,0,4,0.0,0.0,1.0,1627362,Briante Weber,1,MIA,1610612748,1,0.5
26,24.0,5,5,"203468,1610612757",107.9,0.09,33,0.077,11,6,442.446666667,124,91,116,396,0.135,0.101,0.2,203468,CJ McCollum,10,POR,1610612757,5,0.455
27,29.0,1,5,"101139,1610612754",106.9,0.03,20,0.23,7,4,91.905,34,26,42,86,0.143,0.385,0.083,101139,CJ Miles,1,IND,1610612754,3,0.429
28,25.0,0,5,"203912,1610612746",58.7,0.05,1,0.125,2,2,7.46666666667,0,0,0,6,0.0,0.167,0.0,203912,CJ Wilcox,0,LAC,1610612746,0,0.0
29,21.0,2,5,"1626166,1610612760",106.2,0.03,4,0.069,10,3,64.28,18,17,23,56,0.5,0.089,0.25,1626166,Cameron Payne,2,OKC,1610612760,7,0.7
30,33.0,9,5,"101112,1610612739",98.6,0.33,36,0.169,17,5,237.266666667,36,29,66,156,0.5,0.206,0.167,101112,Channing Frye,6,CLE,1610612739,12,0.706
31,31.0,0,5,"101111,1610612742",101.9,0.02,2,0.125,4,4,20.375,5,6,3,4,0.0,0.167,0.0,101111,Charlie Villanueva,0,DAL,1610612742,0,0.0
32,37.0,3,5,"2365,1610612763",109.3,0.0,18,0.29,4,4,78.8133333333,10,22,39,52,0.333,0.353,0.2,2365,Chris Andersen,2,MEM,1610612763,0,0.0
33,34.0,0,5,"2549,1610612757",87.2,0.09,6,0.146,4,2,32.3783333333,10,1,10,24,0.0,0.2,0.5,2549,Chris Kaman,2,POR,1610612757,2,0.5
34,31.0,0,5,"101108,1610612746",92.7,0.27,12,0.091,4,2,125.293333333,31,31,28,98,0.0,0.13,0.346,101108,Chris Paul,9,LAC,1610612746,2,0.5
35,22.0,2,5,"203991,1610612745",100.8,0.05,12,0.3,5,4,43.295,6,17,36,38,0.333,0.343,0.333,203991,Clint Capela,3,HOU,1610612745,1,0.2
36,23.0,3,5,"203469,1610612766",96.9,0.23,28,0.224,7,4,137.376666667,42,22,25,126,0.2,0.298,0.056,203469,Cody Zeller,1,CHA,1610612766,3,0.429
37,27.0,3,5,"202332,1610612746",104.7,0.05,22,0.324,6,4,76.9,24,21,16,62,0.5,0.44,0.4,202332,Cole Aldrich,6,LAC,1610612746,2,0.333
38,30.0,1,5,"201147,1610612745",99.1,0.1,4,0.05,5,4,77.2283333333,16,34,29,54,0.125,0.065,0.0,201147,Corey Brewer,0,HOU,1610612745,1,0.2
39,24.0,2,5,"202709,1610612761",105.8,0.21,30,0.089,20,10,452.341666667,114,91,154,352,0.067,0.115,0.243,202709,Cory Joseph,18,TOR,1610612761,10,0.5
40,30.0,3,5,"201584,1610612766",105.1,0.14,15,0.074,7,4,256.666666667,70,46,46,230,0.15,0.099,0.194,201584,Courtney Lee,6,CHA,1610612766,3,0.429
41,35.0,1,5,"2563,1610612739",83.8,0.16,7,0.132,15,4,50.03,7,13,12,24,0.333,0.171,0.125,2563,Dahntay Jones,1,CLE,1610612739,11,0.733
42,25.0,3,5,"203081,1610612757",110.9,-0.08,35,0.085,11,6,437.443333333,121,121,126,390,0.077,0.113,0.255,203081,Damian Lillard,14,POR,1610612757,5,0.455
43,29.0,8,5,"201980,1610612759",98.5,0.38,31,0.127,10,4,267.418333333,70,76,63,224,0.182,0.177,0.368,201980,Danny Green,21,SAS,1610612759,6,0.6
44,33.0,0,5,"101135,1610612742",128.0,-0.08,5,0.227,2,2,32.5533333333,12,13,12,34,0.0,0.313,0.0,101135,David Lee,0,DAL,1610612742,0,0.0
45,35.0,7,5,"2561,1610612759",100.2,0.21,24,0.17,10,4,175.8,52,45,48,150,0.389,0.25,0.146,2561,David West,6,SAS,1610612759,6,0.6
46,27.0,16,5,"201599,1610612746",99.3,0.26,68,0.329,6,4,198.313333333,46,59,46,146,0.727,0.45,0.206,201599,DeAndre Jordan,7,LAC,1610612746,2,0.333
47,26.0,3,5,"201942,1610612761",107.7,0.17,70,0.118,20,10,745.925,173,195,231,606,0.052,0.153,0.204,201942,DeMar DeRozan,22,TOR,1610612761,10,0.5
48,29.0,7,5,"201960,1610612761",106.1,0.26,58,0.123,20,10,595.948333333,147,152,180,482,0.146,0.16,0.194,201960,DeMarre Carroll,18,TOR,1610612761,10,0.5
49,24.0,0,5,"1626153,1610612761",87.8,0.11,3,0.083,9,6,41.4333333333,14,2,4,28,0.0,0.107,0.429,1626153,Delon Wright,3,TOR,1610612761,3,0.333
50,22.0,1,5,"203471,1610612737",99.5,0.23,13,0.072,10,6,191.213333333,40,41,57,132,0.031,0.096,0.154,203471,Dennis Schroder,4,ATL,1610612737,4,0.4
51,32.0,0,5,"101114,1610612742",104.2,0.04,2,0.051,3,2,49.3166666667,15,27,20,48,0.0,0.071,0.125,101114,Deron Williams,1,DAL,1610612742,1,0.333
52,33.0,0,5,"2734,1610612742",120.7,-0.17,13,0.13,5,4,120.558333333,46,42,41,100,0.0,0.22,0.214,2734,Devin Harris,3,DAL,1610612742,1,0.2
53,24.0,3,5,"203079,1610612760",102.6,0.43,41,0.092,18,7,491.066666667,125,148,175,428,0.058,0.118,0.125,203079,Dion Waiters,10,OKC,1610612760,11,0.611
54,38.0,3,5,"1717,1610612742",119.4,-0.22,21,0.147,5,4,170.076666667,56,63,65,156,0.3,0.221,0.105,1717,Dirk Nowitzki,2,DAL,1610612742,1,0.2
55,25.0,2,5,"202700,1610612745",103.1,0.08,16,0.168,5,4,98.2883333333,27,29,54,84,0.2,0.232,0.211,202700,Donatas Motiejunas,4,HOU,1610612745,1,0.2
56,30.0,0,5,"2748,1610612748",91.6,0.05,6,0.3,5,3,18.91,4,2,4,14,0.0,0.353,0.0,2748,Dorell Wright,0,MIA,1610612748,2,0.4
57,26.0,41,5,"203110,1610612744",101.1,0.96,190,0.222,23,8,879.356666667,290,279,280,746,0.402,0.309,0.252,203110,Draymond Green,37,GSW,1610612744,15,0.652
58,30.0,7,5,"2730,1610612745",115.4,-0.13,44,0.295,5,4,179.898333333,51,55,67,158,0.5,0.404,0.125,2730,Dwight Howard,4,HOU,1610612745,1,0.2
59,24.0,0,5,"203939,1610612742",110.2,-0.01,8,0.157,4,3,63.9266666667,18,18,10,44,0.0,0.235,0.125,203939,Dwight Powell,1,DAL,1610612742,1,0.25
60,34.0,13,5,"2548,1610612748",100.5,0.56,67,0.155,14,7,472.626666667,126,76,150,396,0.194,0.196,0.234,2548,Dwyane Wade,11,MIA,1610612748,7,0.5
61,27.0,7,5,"202334,1610612757",108.3,0.03,49,0.265,11,6,204.816666667,62,51,70,204,0.467,0.353,0.08,202334,Ed Davis,2,POR,1610612757,5,0.455
62,24.0,11,5,"202683,1610612760",101.6,0.32,64,0.217,18,7,323.223333333,91,82,101,282,0.333,0.283,0.088,202683,Enes Kanter,5,OKC,1610612760,11,0.611
63,27.0,6,5,"202323,1610612738",97.3,0.34,26,0.133,6,4,214.221666667,55,63,72,176,0.2,0.166,0.258,202323,Evan Turner,8,BOS,1610612738,2,0.333
64,26.0,7,5,"203105,1610612744",110.9,-0.04,38,0.217,23,9,202.913333333,55,83,81,172,0.5,0.288,0.029,203105,Festus Ezeli,1,GSW,1610612744,14,0.609
65,23.0,5,5,"1626163,1610612766",101.2,0.2,27,0.17,7,4,190.498333333,53,40,31,144,0.417,0.223,0.231,1626163,Frank Kaminsky,6,CHA,1610612766,3,0.429
66,30.0,1,5,"201588,1610612754",97.8,0.36,13,0.059,7,4,235.158333333,79,48,85,188,0.037,0.087,0.15,201588,George Hill,6,IND,1610612754,3,0.429
67,30.0,1,5,"101123,1610612748",83.6,0.36,15,0.155,12,7,109.818333333,19,4,19,70,0.1,0.179,0.235,101123,Gerald Green,4,MIA,1610612748,5,0.417
68,28.0,3,5,"201945,1610612757",109.2,0.01,29,0.134,11,6,233.675,77,52,71,222,0.188,0.182,0.2,201945,Gerald Henderson,6,POR,1610612757,5,0.455
69,22.0,1,5,"203922,1610612754",125.0,-0.02,0,0.0,4,2,10.3166666667,2,3,3,8,1.0,0.0,0.0,203922,Glenn Robinson,0,IND,1610612754,2,0.5
70,30.0,3,5,"201609,1610612748",95.1,0.88,58,0.139,14,7,471.956666667,105,90,147,398,0.055,0.172,0.105,201609,Goran Dragic,6,MIA,1610612748,7,0.5
71,24.0,4,5,"203084,1610612744",102.1,0.71,85,0.12,24,9,742.808333333,274,211,235,684,0.047,0.17,0.149,203084,Harrison Barnes,17,GSW,1610612744,15,0.625
72,27.0,28,5,"202355,1610612748",95.9,0.51,83,0.302,10,5,291.198333333,50,39,101,242,0.651,0.364,0.286,202355,Hassan Whiteside,8,MIA,1610612748,5,0.5
73,25.0,0,5,"203546,1610612744",97.4,0.24,15,0.106,16,6,153.538333333,44,33,59,140,0.0,0.143,0.286,203546,Ian Clark,8,GSW,1610612744,10,0.625
74,29.0,6,5,"101133,1610612754",90.9,0.42,24,0.139,7,4,171.933333333,47,48,62,130,0.4,0.202,0.156,101133,Ian Mahinmi,5,IND,1610612754,3,0.429
75,26.0,3,5,"202697,1610612739",104.7,0.23,37,0.121,21,5,366.831666667,87,49,112,268,0.086,0.157,0.192,202697,Iman Shumpert,10,CLE,1610612739,16,0.762
76,27.0,5,5,"202738,1610612738",97.4,0.35,16,0.082,6,4,219.535,43,75,62,188,0.152,0.099,0.129,202738,Isaiah Thomas,4,BOS,1610612738,2,0.333
77,30.0,5,5,"2747,1610612739",104.9,0.44,60,0.097,21,5,730.235,165,128,212,584,0.069,0.123,0.198,2747,J.R. Smith,26,CLE,1610612739,16,0.762
78,32.0,1,5,"200755,1610612746",107.5,0.04,11,0.067,6,4,166.386666667,42,50,37,124,0.056,0.093,0.042,200755,JJ Redick,1,LAC,1610612746,2,0.333
79,26.0,5,5,"203210,1610612763",119.6,-0.1,10,0.192,4,4,72.25,22,15,28,48,0.625,0.27,0.231,203210,JaMychal Green,3,MEM,1610612763,0,0.0
80,28.0,0,5,"201580,1610612742",86.7,0.04,1,0.077,2,2,14.2833333333,4,1,1,0,0.0,0.111,0.5,201580,JaVale McGee,1,DAL,1610612742,0,0.0
81,25.0,3,5,"203109,1610612738",93.2,0.42,34,0.183,6,4,197.356666667,43,69,51,176,0.107,0.219,0.333,203109,Jae Crowder,9,BOS,1610612738,2,0.333
82,36.0,0,5,"2037,1610612746",103.0,0.17,11,0.057,6,4,199.211666667,59,64,44,162,0.0,0.08,0.27,2037,Jamal Crawford,10,LAC,1610612746,2,0.333
83,26.0,1,5,"201935,1610612745",111.8,-0.06,19,0.116,5,4,193.168333333,46,84,97,190,0.059,0.152,0.333,201935,James Harden,12,HOU,1610612745,1,0.2
84,29.0,0,5,"201949,1610612761",101.5,0.1,12,0.16,10,6,97.57,26,14,37,104,0.0,0.2,0.231,201949,James Johnson,3,TOR,1610612761,4,0.4
85,35.0,0,5,"2592,1610612739",86.8,0.15,3,0.056,12,3,54.7,13,11,20,36,0.0,0.071,0.0,2592,James Jones,0,CLE,1610612739,9,0.75
86,23.0,2,5,"203949,1610612744",114.7,-0.03,8,0.222,8,4,37.815,14,21,19,40,0.333,0.348,0.5,203949,James Michael McAdoo,3,GSW,1610612744,4,0.5
87,20.0,0,5,"203923,1610612738",87.4,0.03,0,0.0,3,3,10.3433333333,0,4,2,10,0.0,0.0,0.0,203923,James Young,0,BOS,1610612738,0,0.0
88,24.0,0,5,"203096,1610612738",110.1,-0.01,17,0.25,6,4,81.4616666667,25,23,25,80,0.0,0.309,0.1,203096,Jared Sullinger,1,BOS,1610612738,2,0.333
89,22.0,0,5,"1626185,1610612763",108.7,0.0,3,0.097,2,2,46.235,15,16,16,42,0.0,0.13,0.25,1626185,Jarell Martin,3,MEM,1610612763,0,0.0
90,38.0,1,5,"1891,1610612745",118.7,-0.14,10,0.097,5,4,123.993333333,25,58,70,108,0.167,0.116,0.105,1891,Jason Terry,2,HOU,1610612745,1,0.2
91,29.0,1,5,"201574,1610612761",108.4,0.01,5,0.135,10,7,55.2333333333,16,10,10,42,0.25,0.172,0.0,201574,Jason Thompson,0,TOR,1610612761,3,0.3
92,29.0,0,5,"201965,1610612746",102.5,0.0,0,0.0,2,2,2.4,0,0,0,0,0.0,0.0,0.0,201965,Jeff Ayres,0,LAC,1610612746,0,0.0
93,29.0,2,5,"201145,1610612746",105.4,0.08,16,0.105,6,4,158.646666667,51,41,31,122,0.143,0.145,0.214,201145,Jeff Green,6,LAC,1610612746,2,0.333
94,28.0,2,5,"201952,1610612737",104.2,0.2,16,0.059,10,6,278.638333333,88,73,102,226,0.045,0.079,0.125,201952,Jeff Teague,6,ATL,1610612737,4,0.4
95,24.0,0,5,"203087,1610612766",124.1,-0.02,3,0.3,3,2,11.5833333333,0,3,6,6,0.0,0.3,0.0,203087,Jeremy Lamb,0,CHA,1610612766,1,0.333
96,27.0,0,5,"202391,1610612766",97.5,0.29,13,0.08,7,4,188.706666667,55,34,33,180,0.0,0.11,0.208,202391,Jeremy Lin,5,CHA,1610612766,3,0.429
97,28.0,0,5,"201975,1610612765",233.3,-0.03,0,0.0,1,1,1.68333333333,0,0,0,2,0.0,0.0,0.0,201975,Jodie Meeks,0,DET,1610612765,0,0.0
98,34.0,3,5,"2207,1610612748",98.7,0.69,59,0.131,14,7,492.393333333,98,88,150,418,0.052,0.163,0.17,2207,Joe Johnson,8,MIA,1610612748,7,0.5
99,24.0,0,5,"1626202,1610612754",125.0,-0.02,1,0.143,4,2,10.3166666667,2,3,3,8,0.0,0.2,0.0,1626202,Joe Young,0,IND,1610612754,2,0.5
100,27.0,0,5,"204066,1610612738",100.0,0.0,0,0.0,1,1,1.31666666667,0,2,0,2,0.0,0.0,0.0,204066,John Holland,0,BOS,1610612738,0,0.0
101,29.0,4,5,"201973,1610612738",100.1,0.2,34,0.227,6,4,162.226666667,44,54,59,156,0.19,0.288,0.1,201973,Jonas Jerebko,2,BOS,1610612738,2,0.333
102,24.0,14,5,"202685,1610612761",101.4,0.33,81,0.332,12,6,320.753333333,57,100,105,244,0.56,0.422,0.172,202685,Jonas Valanciunas,10,TOR,1610612761,6,0.5
103,26.0,0,5,"203613,1610612759",134.2,-0.07,1,0.053,3,0,25.5766666667,9,6,3,24,0.0,0.083,0.667,203613,Jonathon Simmons,2,SAS,1610612759,3,1.0
104,29.0,1,5,"200770,1610612763",109.6,0.0,6,0.071,4,4,113.245,15,38,42,80,0.125,0.088,0.214,200770,Jordan Farmar,3,MEM,1610612763,0,0.0
105,28.0,0,5,"201941,1610612754",116.1,-0.01,4,0.4,5,2,15.1333333333,4,3,3,12,0.0,0.571,0.0,201941,Jordan Hill,0,IND,1610612754,3,0.6
106,25.0,0,5,"203895,1610612739",38.1,0.04,2,0.333,2,0,4.16666666667,0,0,0,2,0.0,0.4,0.0,203895,Jordan McRae,0,CLE,1610612739,2,1.0
107,21.0,1,5,"1626175,1610612738",87.4,0.03,1,0.111,2,2,10.1166666667,0,4,2,10,0.5,0.167,0.0,1626175,Jordan Mickey,0,BOS,1610612738,0,0.0
108,27.0,0,5,"203268,1610612766",124.1,-0.02,2,0.2,3,2,11.5833333333,0,3,6,6,0.0,0.2,0.0,203268,Jorge Gutierrez,0,CHA,1610612766,1,0.333
109,32.0,0,5,"200826,1610612742",129.2,-0.25,6,0.081,4,4,100.441666667,29,30,38,92,0.0,0.125,0.0,200826,Jose Juan Barea,0,DAL,1610612742,0,0.0
110,24.0,0,5,"203962,1610612760",71.0,0.05,2,0.167,2,0,10.2166666667,2,5,4,6,0.0,0.222,0.0,203962,Josh Huestis,0,OKC,1610612760,2,1.0
111,29.0,5,5,"201177,1610612748",92.0,0.3,19,0.178,10,5,133.6,19,24,28,98,0.455,0.207,0.25,201177,Josh McRoberts,5,MIA,1610612748,5,0.5
112,22.0,13,5,"1626196,1610612748",101.1,0.41,40,0.122,14,7,386.663333333,85,49,102,320,0.283,0.152,0.13,1626196,Josh Richardson,6,MIA,1610612748,7,0.5
113,30.0,1,5,"2746,1610612745",117.9,-0.04,1,0.038,4,3,37.4933333333,6,16,25,44,0.25,0.045,0.125,2746,Josh Smith,1,HOU,1610612745,1,0.25
114,22.0,3,5,"1626147,1610612742",116.8,-0.09,11,0.153,5,4,94.9433333333,37,20,21,58,0.5,0.239,0.25,1626147,Justin Anderson,4,DAL,1610612742,1,0.2
115,20.0,4,5,"1626159,1610612748",101.8,0.33,46,0.161,13,6,329.55,96,54,107,284,0.111,0.208,0.242,1626159,Justise Winslow,8,MIA,1610612748,7,0.538
116,23.0,3,5,"203909,1610612745",90.0,0.09,6,0.167,4,4,33.7466666667,6,12,21,20,0.6,0.207,0.0,203909,KJ McDaniels,0,HOU,1610612745,0,0.0
117,24.0,14,5,"202695,1610612759",100.3,0.4,49,0.155,10,4,338.605,86,89,79,284,0.259,0.218,0.406,202695,Kawhi Leonard,26,SAS,1610612759,6,0.6
118,25.0,0,5,"203482,1610612738",112.4,-0.01,2,0.08,4,3,31.545,7,5,9,30,0.0,0.105,0.167,203482,Kelly Olynyk,1,BOS,1610612738,1,0.25
119,26.0,4,5,"202689,1610612766",110.7,-0.04,18,0.088,7,4,259.826666667,73,53,55,236,0.235,0.115,0.29,202689,Kemba Walker,9,CHA,1610612766,3,0.429
120,26.0,6,5,"203145,1610612737",106.6,0.12,58,0.185,10,6,325.423333333,101,79,122,260,0.118,0.251,0.278,203145,Kent Bazemore,15,ATL,1610612737,4,0.4
121,23.0,1,5,"203484,1610612765",113.5,-0.08,15,0.109,4,4,161.066666667,45,34,52,112,0.1,0.146,0.389,203484,Kentavious Caldwell-Pope,7,DET,1610612765,0,0.0
122,27.0,18,5,"201142,1610612760",103.4,0.57,115,0.173,18,7,725.598333333,165,213,222,614,0.214,0.219,0.154,201142,Kevin Durant,18,OKC,1610612760,11,0.611
123,27.0,8,5,"201567,1610612739",105.8,0.29,141,0.271,20,5,612.495,148,121,147,494,0.151,0.342,0.092,201567,Kevin Love,9,CLE,1610612739,15,0.75
124,33.0,0,5,"2755,1610612759",94.9,0.08,4,0.085,5,2,49.2666666667,11,10,23,30,0.0,0.111,0.167,2755,Kevin Martin,1,SAS,1610612759,3,0.6
125,35.0,0,5,"2550,1610612737",79.8,0.1,4,0.143,6,2,27.4433333333,8,2,5,18,0.0,0.167,0.0,2550,Kirk Hinrich,0,ATL,1610612737,4,0.667
126,26.0,9,5,"202691,1610612744",102.4,0.79,73,0.09,24,9,848.848333333,278,276,273,720,0.082,0.124,0.19,202691,Klay Thompson,26,GSW,1610612744,15,0.625
127,31.0,5,5,"2743,1610612737",101.4,0.06,16,0.262,4,3,56.1216666667,14,12,14,30,0.625,0.356,0.333,2743,Kris Humphries,2,ATL,1610612737,1,0.25
128,22.0,3,5,"203937,1610612759",104.4,0.08,22,0.191,10,4,128.743333333,41,39,49,120,0.2,0.282,0.261,203937,Kyle Anderson,6,SAS,1610612759,6,0.6
129,35.0,4,5,"2594,1610612737",98.5,0.44,45,0.142,10,6,316.445,88,76,114,230,0.069,0.191,0.176,2594,Kyle Korver,9,ATL,1610612737,4,0.4
130,30.0,3,5,"200768,1610612761",104.0,0.54,76,0.125,20,10,766.223333333,176,192,223,634,0.052,0.161,0.271,200768,Kyle Lowry,32,TOR,1610612761,10,0.5
131,28.0,0,5,"202713,1610612760",98.0,0.07,6,0.122,6,3,50.54,16,11,12,52,0.0,0.171,0.143,202713,Kyle Singler,1,OKC,1610612760,3,0.5
132,24.0,13,5,"202681,1610612739",106.3,0.32,47,0.072,21,5,773.71,179,144,215,638,0.171,0.092,0.286,202681,Kyrie Irving,36,CLE,1610612739,16,0.762
133,30.0,14,5,"200746,1610612759",99.8,0.42,61,0.186,10,4,337.2,86,96,83,270,0.255,0.258,0.067,200746,LaMarcus Aldridge,4,SAS,1610612759,6,0.6
134,24.0,0,5,"203934,1610612737",83.9,0.06,5,0.263,4,2,19.56,6,4,7,8,0.0,0.313,0.5,203934,Lamar Patterson,1,ATL,1610612737,2,0.5
135,25.0,0,5,"202362,1610612763",116.3,-0.08,5,0.072,4,4,94.95,31,23,29,88,0.0,0.106,0.067,202362,Lance Stephenson,1,MEM,1610612763,0,0.0
136,27.0,1,5,"202730,1610612754",105.3,0.03,10,0.204,6,3,50.865,5,11,16,40,0.125,0.303,0.167,202730,Lavoy Allen,1,IND,1610612754,3,0.5
137,31.0,27,5,"2544,1610612739",102.0,0.79,158,0.22,21,5,821.788333333,177,130,212,628,0.351,0.279,0.348,2544,LeBron James,49,CLE,1610612739,16,0.762
138,33.0,1,5,"2571,1610612744",101.2,0.27,16,0.072,23,9,254.368333333,62,81,89,238,0.045,0.093,0.297,2571,Leandro Barbosa,11,GSW,1610612744,14,0.609
139,29.0,0,5,"201601,1610612746",104.1,0.06,8,0.089,5,3,78.3766666667,22,17,17,64,0.0,0.133,0.231,201601,Luc Mbah a Moute,3,LAC,1610612746,2,0.4
140,23.0,0,5,"203512,1610612761",94.5,0.06,7,0.269,5,4,29.15,13,2,8,32,0.0,0.368,0.0,203512,Lucas Nogueira,0,TOR,1610612761,1,0.2
141,23.0,0,5,"1626242,1610612757",144.1,-0.03,0,0.0,6,3,7.61333333333,0,0,5,2,0.0,0.0,0.0,1626242,Luis Montero,0,POR,1610612757,3,0.5
142,36.0,0,5,"2449,1610612761",106.3,0.06,16,0.139,11,6,140.283333333,29,42,50,112,0.0,0.186,0.167,2449,Luis Scola,3,TOR,1610612761,5,0.455
143,31.0,9,5,"2736,1610612748",97.3,0.78,64,0.143,14,7,494.631666667,121,80,146,414,0.134,0.18,0.22,2736,Luol Deng,13,MIA,1610612748,7,0.5
144,38.0,3,5,"1938,1610612759",96.7,0.32,21,0.117,10,4,192.326666667,55,48,42,150,0.103,0.162,0.222,1938,Manu Ginobili,8,SAS,1610612759,6,0.6
145,26.0,0,5,"202694,1610612765",117.0,-0.14,11,0.092,4,4,144.1,40,30,52,98,0.0,0.121,0.105,202694,Marcus Morris,2,DET,1610612765,0,0.0
146,22.0,5,5,"203935,1610612738",96.3,0.33,19,0.113,6,4,192.521666667,45,55,62,180,0.192,0.14,0.357,203935,Marcus Smart,10,BOS,1610612738,2,0.333
147,28.0,8,5,"201578,1610612744",99.7,0.25,32,0.181,24,9,201.066666667,44,52,71,194,0.471,0.239,0.094,201578,Marreese Speights,3,GSW,1610612744,15,0.625
148,30.0,3,5,"101107,1610612766",109.5,0.0,41,0.225,7,4,227.585,74,42,49,214,0.188,0.304,0.222,101107,Marvin Williams,6,CHA,1610612766,3,0.429
149,26.0,11,5,"203486,1610612757",108.2,0.05,93,0.309,11,6,306.065,86,64,80,248,0.423,0.41,0.163,203486,Mason Plumlee,7,POR,1610612757,5,0.455
150,36.0,1,5,"2440,1610612763",113.7,-0.07,24,0.216,4,4,139.133333333,22,43,65,106,0.091,0.279,0.222,2440,Matt Barnes,4,MEM,1610612763,0,0.0
151,25.0,1,5,"203521,1610612739",104.0,0.17,11,0.056,20,5,241.433333333,37,43,81,182,0.056,0.068,0.032,203521,Matthew Dellavedova,1,CLE,1610612739,15,0.75
152,23.0,3,5,"203090,1610612757",105.1,0.15,34,0.126,11,6,271.655,82,70,72,246,0.136,0.163,0.278,203090,Maurice Harkless,10,POR,1610612757,5,0.455
153,27.0,0,5,"201563,1610612745",117.4,-0.08,17,0.227,5,4,80.26,10,49,42,72,0.0,0.279,0.1,201563,Michael Beasley,1,HOU,1610612745,1,0.2
154,24.0,1,5,"203488,1610612737",98.5,0.09,10,0.149,9,5,66.8183333333,19,16,16,52,0.091,0.196,0.0,203488,Mike Muscala,0,ATL,1610612737,4,0.444
155,27.0,3,5,"203118,1610612737",104.8,0.09,27,0.188,10,6,160.983333333,29,46,63,126,0.15,0.229,0.2,203118,Mike Scott,3,ATL,1610612737,4,0.4
156,33.0,0,5,"2590,1610612739",93.7,0.14,6,0.087,13,3,68.0933333333,17,11,26,42,0.0,0.115,0.4,2590,Mo Williams,4,CLE,1610612739,10,0.769
157,30.0,0,5,"101145,1610612754",99.6,0.3,23,0.109,7,4,225.295,72,45,85,180,0.0,0.164,0.375,101145,Monta Ellis,15,IND,1610612754,3,0.429
158,22.0,0,5,"1626149,1610612745",98.2,0.02,2,0.222,2,2,11.6166666667,0,0,5,6,0.0,0.222,0.0,1626149,Montrezl Harrell,0,HOU,1610612745,0,0.0
159,20.0,23,5,"1626167,1610612754",100.3,0.23,29,0.164,7,4,197.171666667,79,28,72,148,0.742,0.242,0.061,1626167,Myles Turner,2,IND,1610612754,3,0.429
160,38.0,1,5,"1737,1610612760",59.7,0.05,2,0.222,5,2,9.69333333333,2,0,1,4,1.0,0.25,0.0,1737,Nazr Mohammed,0,OKC,1610612760,3,0.6
161,35.0,0,5,"2555,1610612760",104.5,0.05,8,0.119,9,3,78.5383333333,14,12,14,64,0.0,0.151,0.615,2555,Nick Collison,8,OKC,1610612760,6,0.667
162,27.0,0,5,"201587,1610612766",121.6,-0.22,16,0.144,5,4,143.815,42,35,33,168,0.0,0.19,0.125,201587,Nicolas Batum,2,CHA,1610612766,1,0.2
163,20.0,0,5,"203943,1610612757",128.7,-0.03,3,0.3,6,3,11.7633333333,0,4,9,8,0.0,0.429,0.667,203943,Noah Vonleh,2,POR,1610612757,3,0.5
164,23.0,2,5,"1626181,1610612761",98.5,0.29,23,0.139,18,10,206.008333333,50,37,57,158,0.1,0.174,0.361,1626181,Norman Powell,13,TOR,1610612761,8,0.444
165,23.0,0,5,"203798,1610612763",113.5,-0.01,0,0.0,2,2,22.1833333333,3,5,6,12,0.0,0.0,0.2,203798,PJ Hairston,1,MEM,1610612763,0,0.0
166,39.0,0,5,"203143,1610612746",107.2,0.01,1,0.037,5,3,25.825,12,4,6,20,0.0,0.053,0.0,203143,Pablo Prigioni,0,LAC,1610612746,2,0.4
167,23.0,0,5,"1626192,1610612757",144.1,-0.03,1,0.167,6,3,7.865,0,0,5,2,0.0,0.25,0.0,1626192,Pat Connaughton,0,POR,1610612757,3,0.5
168,27.0,2,5,"201976,1610612745",107.4,0.03,18,0.149,5,4,128.718333333,39,45,45,124,0.167,0.202,0.1,201976,Patrick Beverley,2,HOU,1610612745,1,0.2
169,27.0,9,5,"202335,1610612761",109.4,0.01,48,0.106,20,10,582.983333333,146,125,178,462,0.231,0.137,0.083,202335,Patrick Patterson,7,TOR,1610612761,10,0.5
170,27.0,0,5,"201988,1610612759",92.9,0.35,14,0.093,10,4,167.005,50,40,49,144,0.0,0.135,0.194,201988,Patty Mills,7,SAS,1610612759,6,0.6
171,26.0,5,5,"202331,1610612754",96.6,0.46,44,0.169,7,4,275.42,90,52,94,200,0.156,0.254,0.286,202331,Paul George,14,IND,1610612754,3,0.429
172,31.0,23,5,"200794,1610612737",100.0,0.45,66,0.181,10,6,365.063333333,117,92,127,274,0.371,0.247,0.203,200794,Paul Millsap,13,ATL,1610612737,4,0.4
173,38.0,0,5,"1718,1610612746",97.2,0.09,6,0.102,5,4,53.6616666667,26,14,14,44,0.0,0.15,0.167,1718,Paul Pierce,2,LAC,1610612746,1,0.2
174,22.0,1,5,"1626154,1610612738",95.4,0.07,5,0.147,5,4,41.06,8,17,4,38,0.25,0.172,0.0,1626154,RJ Hunter,0,BOS,1610612738,1,0.2
175,32.0,3,5,"200751,1610612760",104.1,0.13,18,0.101,16,6,189.9,59,45,72,170,0.167,0.135,0.069,200751,Randy Foye,2,OKC,1610612760,10,0.625
176,32.0,0,5,"101109,1610612742",111.2,-0.04,21,0.133,5,4,172.323333333,70,66,63,160,0.0,0.21,0.24,101109,Raymond Felton,6,DAL,1610612742,1,0.2
177,25.0,0,5,"203493,1610612765",134.4,-0.07,2,0.105,2,2,21.935,9,7,13,20,0.0,0.167,0.5,203493,Reggie Bullock,1,DET,1610612765,0,0.0
178,26.0,2,5,"202704,1610612765",112.2,-0.05,11,0.087,4,4,147.1,40,27,42,92,0.2,0.117,0.3,202704,Reggie Jackson,6,DET,1610612765,0,0.0
179,36.0,1,5,"2210,1610612739",104.5,0.24,58,0.176,21,5,381.535,76,68,118,272,0.034,0.223,0.172,2210,Richard Jefferson,10,CLE,1610612739,16,0.762
180,30.0,1,5,"201155,1610612754",91.3,0.3,14,0.115,7,4,124.655,43,22,38,94,0.067,0.163,0.267,201155,Rodney Stuckey,4,IND,1610612754,3,0.429
181,27.0,2,5,"201566,1610612760",104.3,0.45,83,0.135,18,7,674.02,150,204,193,568,0.025,0.171,0.404,201566,Russell Westbrook,46,OKC,1610612760,11,0.611
182,30.0,5,5,"1626257,1610612742",107.2,0.02,8,0.129,4,3,75.97,19,27,31,60,0.833,0.186,0.25,1626257,Salah Mejri,3,DAL,1610612742,1,0.25
183,26.0,24,5,"201586,1610612760",102.9,0.52,90,0.163,18,7,602.428333333,130,189,180,520,0.32,0.204,0.144,201586,Serge Ibaka,14,OKC,1610612760,11,0.611
184,30.0,5,5,"2733,1610612744",100.5,0.6,63,0.127,24,9,514.308333333,164,155,164,434,0.078,0.177,0.148,2733,Shaun Livingston,12,GSW,1610612744,15,0.625
185,25.0,0,5,"203524,1610612754",99.6,0.25,23,0.129,7,4,198.255,73,28,63,150,0.0,0.187,0.077,203524,Solomon Hill,2,IND,1610612754,3,0.429
186,23.0,0,5,"203915,1610612765",233.3,-0.03,0,0.0,1,1,1.68333333333,0,0,0,2,0.0,0.0,0.0,203915,Spencer Dinwiddie,0,DET,1610612765,0,0.0
187,28.0,2,5,"201150,1610612766",71.2,0.28,13,0.22,5,2,53.245,12,9,12,36,0.333,0.265,0.143,201150,Spencer Hawes,1,CHA,1610612766,3,0.6
188,20.0,0,5,"1626169,1610612765",110.7,-0.01,16,0.225,4,4,81.48,22,19,31,58,0.0,0.302,0.167,1626169,Stanley Johnson,1,DET,1610612765,0,0.0
189,28.0,5,5,"201939,1610612744",104.2,0.43,85,0.149,18,7,614.28,220,220,212,556,0.077,0.205,0.236,201939,Stephen Curry,26,GSW,1610612744,11,0.611
190,36.0,0,5,"2581,1610612765",123.0,-0.08,4,0.111,4,4,43.2166666667,12,15,25,40,0.0,0.138,0.0,2581,Steve Blake,0,DET,1610612765,0,0.0
191,22.0,14,5,"203500,1610612760",105.6,0.27,109,0.224,18,7,552.813333333,120,157,170,446,0.237,0.281,0.111,203500,Steven Adams,9,OKC,1610612760,11,0.611
192,25.0,5,5,"203082,1610612761",107.6,0.08,28,0.112,20,10,335.605,107,66,110,274,0.185,0.153,0.228,203082,Terrence Ross,13,TOR,1610612761,10,0.5
193,22.0,3,5,"1626179,1610612738",95.9,0.17,14,0.169,5,3,98.605,22,18,25,96,0.25,0.219,0.083,1626179,Terry Rozier,1,BOS,1610612738,2,0.4
194,32.0,6,5,"200757,1610612737",102.8,0.18,33,0.168,10,6,202.606666667,61,51,63,146,0.176,0.229,0.294,200757,Thabo Sefolosha,10,ATL,1610612737,4,0.4
195,40.0,13,5,"1495,1610612759",95.2,0.39,38,0.178,10,4,218.263333333,45,56,53,154,0.31,0.241,0.054,1495,Tim Duncan,2,SAS,1610612759,6,0.6
196,24.0,1,5,"203501,1610612737",94.9,0.15,9,0.11,9,5,87.28,14,19,20,58,0.111,0.132,0.0,203501,Tim Hardaway Jr.,0,ATL,1610612737,4,0.444
197,29.0,3,5,"202389,1610612739",105.4,0.04,16,0.25,13,3,75.5716666667,20,20,28,50,1.0,0.32,0.333,202389,Timofey Mozgov,3,CLE,1610612739,10,0.769
198,23.0,3,5,"202699,1610612765",113.4,-0.08,32,0.234,4,4,156.15,46,31,49,96,0.3,0.32,0.158,202699,Tobias Harris,3,DET,1610612765,0,0.0
199,34.0,2,5,"2754,1610612763",104.4,0.06,5,0.067,4,4,93.5266666667,23,31,37,74,0.333,0.089,0.278,2754,Tony Allen,5,MEM,1610612763,0,0.0
200,34.0,2,5,"2225,1610612759",102.1,0.25,21,0.083,10,4,264.168333333,71,74,58,210,0.043,0.117,0.128,2225,Tony Parker,6,SAS,1610612759,6,0.6
201,30.0,1,5,"2772,1610612745",111.2,-0.04,14,0.089,5,4,180.891666667,51,76,85,178,0.063,0.119,0.382,2772,Trevor Ariza,13,HOU,1610612745,1,0.2
202,25.0,18,5,"202684,1610612739",102.5,0.56,102,0.193,21,5,622.143333333,153,113,171,494,0.321,0.245,0.074,202684,Tristan Thompson,8,CLE,1610612739,16,0.762
203,24.0,0,5,"203584,1610612766",119.5,-0.02,2,0.133,4,3,17.6833333333,4,3,6,8,0.0,0.154,0.0,203584,Troy Daniels,0,CHA,1610612766,1,0.25
204,28.0,0,5,"201951,1610612754",111.6,-0.02,6,0.09,7,4,73.575,30,18,24,56,0.0,0.143,0.273,201951,Ty Lawson,3,IND,1610612754,3,0.429
205,30.0,0,5,"201946,1610612766",135.1,-0.02,0,0.0,2,1,5.65,0,0,3,2,0.0,0.0,0.0,201946,Tyler Hansbrough,0,CHA,1610612766,1,0.5
206,24.0,0,5,"204020,1610612748",102.2,0.06,5,0.091,5,2,60.7216666667,14,8,10,54,0.0,0.116,0.2,204020,Tyler Johnson,1,MIA,1610612748,3,0.6
207,26.0,2,5,"203092,1610612738",87.4,0.11,11,0.355,3,3,38.0283333333,3,19,4,32,0.333,0.407,0.0,203092,Tyler Zeller,0,BOS,1610612738,0,0.0
208,36.0,1,5,"2617,1610612748",109.6,0.0,20,0.299,9,5,84.5716666667,17,11,29,68,0.143,0.364,0.0,2617,Udonis Haslem,0,MIA,1610612748,4,0.444
209,39.0,1,5,"1713,1610612763",116.8,-0.08,10,0.161,4,4,90.8416666667,13,31,35,80,0.167,0.196,0.154,1713,Vince Carter,2,MEM,1610612763,0,0.0
210,28.0,4,5,"202325,1610612746",88.3,0.21,13,0.16,6,4,76.8266666667,18,28,20,42,0.444,0.213,0.063,202325,Wesley Johnson,1,LAC,1610612746,2,0.333
211,29.0,0,5,"202083,1610612742",123.2,-0.31,14,0.099,5,4,173.348333333,57,79,68,176,0.0,0.144,0.316,202083,Wesley Matthews,6,DAL,1610612742,1,0.2
212,24.0,3,5,"204098,1610612763",112.9,-0.04,8,0.136,4,4,89.1683333333,21,25,41,68,0.333,0.182,0.316,204098,Xavier Munford,6,MEM,1610612763,0,0.0
213,34.0,0,5,"2216,1610612763",108.3,0.02,20,0.222,4,4,119.653333333,15,41,47,100,0.0,0.274,0.056,2216,Zach Randolph,1,MEM,1610612763,0,0.0
214,32.0,1,5,"2585,1610612742",126.1,-0.23,17,0.183,5,4,111.883333333,47,43,42,118,0.5,0.293,0.273,2585,Zaza Pachulia,3,DAL,1610612742,1,0.2
