,AGE,BLK,CFID,CFPARAMS,DEF_RATING,DEF_WS,DREB,DREB_PCT,GP,L,MIN,OPP_PTS_2ND_CHANCE,OPP_PTS_FB,OPP_PTS_OFF_TOV,OPP_PTS_PAINT,PCT_BLK,PCT_DREB,PCT_STL,PLAYER_ID,PLAYER_NAME,STL,TEAM_ABBREVIATION,TEAM_ID,W,W_PCT
0,30.0,0.0,5,"201143,1610612737",176.0,,0.116,0.333,1,1,0.366,0.272,0.155,0.0,0.466,0.0,0.6,0.0,201143,Al Horford,0.0,ATL,1610612737,0,0.0
1,22.0,0.0,5,"203083,1610612765",146.3,,0.149,0.4,1,1,0.339,0.242,0.335,0.074,0.521,0.0,0.533,0.667,203083,Andre Drummond,0.037,DET,1610612765,0,0.0
2,23.0,0.0,5,"203076,1610612740",116.6,,0.071,0.158,1,0,0.361,0.119,0.238,0.167,0.524,0.0,0.2,0.25,203076,Anthony Davis,0.024,NOP,1610612740,1,1.0
3,32.0,0.013,5,"2546,1610612752",124.5,,0.04,0.1,1,1,0.308,0.188,0.296,0.282,0.725,0.5,0.143,0.0,2546,Carmelo Anthony,0.0,NYK,1610612752,0,0.0
4,31.0,0.0,5,"101108,1610612746",121.8,,0.075,0.174,1,0,0.359,0.132,0.189,0.208,0.566,0.0,0.222,0.2,101108,Chris Paul,0.019,LAC,1610612746,1,1.0
5,26.0,0.0,5,"201942,1610612761",134.6,,0.0,0.0,1,1,0.36,0.172,0.305,0.038,0.496,0.0,0.0,0.333,201942,DeMar DeRozan,0.019,TOR,1610612761,0,0.0
6,25.0,0.0,5,"202326,1610612758",133.3,,0.091,0.231,1,0,0.352,0.212,0.212,0.121,0.667,0.0,0.333,0.0,202326,DeMarcus Cousins,0.0,SAC,1610612758,1,1.0
7,26.0,0.0,5,"203110,1610612744",128.2,,0.114,0.286,1,0,0.347,0.2,0.2,0.114,0.571,0.0,0.4,0.667,203110,Draymond Green,0.057,GSW,1610612744,1,1.0
8,34.0,0.0,5,"2548,1610612748",124.5,,0.04,0.1,1,1,0.308,0.188,0.296,0.282,0.725,0.0,0.143,0.286,2548,Dwyane Wade,0.027,MIA,1610612748,0,0.0
9,27.0,0.0,5,"202738,1610612738",138.6,,0.0,0.0,1,1,0.333,0.246,0.298,0.07,0.526,0.0,0.0,0.5,202738,Isaiah Thomas,0.018,BOS,1610612738,0,0.0
10,26.0,0.0,5,"201935,1610612745",121.6,,0.068,0.167,1,0,0.355,0.119,0.203,0.186,0.576,0.0,0.211,0.0,201935,James Harden,0.0,HOU,1610612745,1,1.0
11,25.0,0.0,5,"202322,1610612764",126.4,,0.054,0.115,1,1,0.352,0.181,0.253,0.036,0.47,0.0,0.176,0.25,202322,John Wall,0.018,WAS,1610612764,0,0.0
12,24.0,0.0,5,"202695,1610612759",115.3,,0.036,0.094,1,0,0.308,0.286,0.215,0.095,0.739,0.0,0.136,0.143,202695,Kawhi Leonard,0.024,SAS,1610612759,1,1.0
13,27.0,0.0,5,"201142,1610612760",107.7,,0.039,0.115,1,0,0.3,0.247,0.169,0.104,0.702,0.0,0.158,0.154,201142,Kevin Durant,0.026,OKC,1610612760,1,1.0
14,26.0,0.0,5,"202691,1610612744",121.6,,0.017,0.042,1,0,0.355,0.119,0.203,0.186,0.576,0.0,0.053,0.167,202691,Klay Thompson,0.017,GSW,1610612744,1,1.0
15,37.0,0.0,5,"977,1610612747",115.3,,0.059,0.156,1,0,0.306,0.283,0.212,0.094,0.73,0.0,0.227,0.071,977,Kobe Bryant,0.012,LAL,1610612747,1,1.0
16,30.0,0.011,5,"200768,1610612761",137.4,,0.054,0.152,1,1,0.307,0.226,0.323,0.248,0.668,1.0,0.2,0.286,200768,Kyle Lowry,0.022,TOR,1610612761,0,0.0
17,30.0,0.0,5,"200746,1610612759",120.7,,0.077,0.167,1,0,0.361,0.128,0.256,0.179,0.564,0.0,0.214,0.25,200746,LaMarcus Aldridge,0.026,SAS,1610612759,1,1.0
18,31.0,0.0,5,"2544,1610612739",134.6,,0.061,0.154,1,1,0.306,0.212,0.333,0.318,0.758,0.0,0.222,0.0,2544,LeBron James,0.0,CLE,1610612739,0,0.0
19,35.0,0.0,5,"2200,1610612741",121.4,,0.147,0.375,1,1,0.356,0.147,0.393,0.049,0.393,0.0,0.429,0.333,2200,Pau Gasol,0.025,CHI,1610612741,0,0.0
20,26.0,0.0,5,"202331,1610612754",119.5,,0.055,0.135,1,1,0.297,0.21,0.243,0.232,0.575,0.0,0.192,0.125,202331,Paul George,0.011,IND,1610612754,0,0.0
21,31.0,0.0,5,"200794,1610612737",149.1,,0.035,0.091,1,1,0.33,0.242,0.294,0.069,0.519,0.0,0.133,0.0,200794,Paul Millsap,0.0,ATL,1610612737,0,0.0
22,27.0,0.0,5,"201566,1610612760",107.9,,0.067,0.192,1,0,0.298,0.254,0.174,0.107,0.694,0.0,0.263,0.417,201566,Russell Westbrook,0.067,OKC,1610612760,1,1.0
23,28.0,0.0,5,"201939,1610612744",113.8,,0.043,0.118,1,0,0.309,0.256,0.213,0.085,0.703,0.0,0.167,0.267,201939,Stephen Curry,0.043,GSW,1610612744,1,1.0
