,AGE,BLK,BLKA,CFID,CFPARAMS,GP,L,MIN,OPP_PTS_2ND_CHANCE,OPP_PTS_FB,OPP_PTS_OFF_TOV,OPP_PTS_PAINT,PF,PFD,PLAYER_ID,PLAYER_NAME,PTS_2ND_CHANCE,PTS_FB,PTS_OFF_TOV,PTS_PAINT,TEAM_ABBREVIATION,TEAM_ID,W,W_PCT
0,31.0,0.004,0.015,5,"201166,1610612741",69,33,0.491,0.127,0.141,0.161,0.422,0.059,0.034,201166,Aaron Brooks,0.007,0.018,0.017,0.082,CHI,1610612741,36,0.522
1,20.0,0.014,0.009,5,"203932,1610612753",78,46,0.487,0.107,0.136,0.159,0.447,0.04,0.038,203932,Aaron Gordon,0.046,0.033,0.039,0.105,ORL,1610612753,32,0.41
2,21.0,0.0,0.0,5,"1626151,1610612766",21,6,0.48,0.103,0.242,0.206,0.453,0.051,0.041,1626151,Aaron Harrison,0.015,0.01,0.005,0.021,CHA,1610612766,15,0.714
3,25.0,0.011,0.008,5,"203940,1610612750",52,34,0.501,0.156,0.168,0.214,0.551,0.079,0.034,203940,Adreian Payne,0.017,0.008,0.021,0.058,MIN,1610612750,18,0.346
4,30.0,0.022,0.006,5,"201143,1610612737",82,34,0.483,0.13,0.114,0.151,0.401,0.03,0.022,201143,Al Horford,0.028,0.021,0.033,0.108,ATL,1610612737,48,0.585
5,31.0,0.019,0.016,5,"2744,1610612766",47,14,0.496,0.117,0.12,0.127,0.433,0.053,0.037,2744,Al Jefferson,0.016,0.007,0.035,0.147,CHA,1610612766,33,0.702
6,25.0,0.011,0.007,5,"202329,1610612757",82,38,0.485,0.127,0.111,0.17,0.446,0.035,0.029,202329,Al-Farouq Aminu,0.024,0.02,0.024,0.057,POR,1610612757,44,0.537
7,33.0,0.002,0.007,5,"101187,1610612764",13,5,0.474,0.091,0.094,0.109,0.306,0.062,0.027,101187,Alan Anderson,0.025,0.022,0.017,0.03,WAS,1610612764,8,0.615
8,23.0,0.033,0.02,5,"1626210,1610612756",10,7,0.445,0.124,0.183,0.131,0.496,0.098,0.078,1626210,Alan Williams,0.065,0.0,0.0,0.117,PHX,1610612756,3,0.3
9,24.0,0.003,0.017,5,"202692,1610612762",31,18,0.5,0.11,0.136,0.148,0.386,0.044,0.068,202692,Alec Burks,0.023,0.032,0.033,0.093,UTA,1610612762,13,0.419
10,23.0,0.016,0.016,5,"203458,1610612756",78,55,0.478,0.129,0.164,0.204,0.422,0.06,0.046,203458,Alex Len,0.037,0.008,0.024,0.105,PHX,1610612756,23,0.295
11,28.0,0.033,0.039,5,"1627293,1610612763",8,6,0.475,0.112,0.257,0.132,0.395,0.079,0.053,1627293,Alex Stepheson,0.092,0.013,0.026,0.105,MEM,1610612763,2,0.25
12,28.0,0.021,0.007,5,"201582,1610612740",59,39,0.491,0.095,0.105,0.142,0.389,0.076,0.039,201582,Alexis Ajinca,0.039,0.003,0.019,0.1,NOP,1610612740,20,0.339
13,24.0,0.004,0.003,5,"203459,1610612757",81,38,0.483,0.128,0.113,0.161,0.401,0.044,0.019,203459,Allen Crabbe,0.025,0.029,0.037,0.039,POR,1610612757,43,0.531
14,29.0,0.004,0.007,5,"202087,1610612740",73,46,0.486,0.132,0.116,0.147,0.456,0.05,0.016,202087,Alonzo Gee,0.013,0.032,0.029,0.064,NOP,1610612740,27,0.37
15,33.0,0.027,0.019,5,"2405,1610612748",52,22,0.505,0.114,0.143,0.16,0.449,0.061,0.049,2405,Amar'e Stoudemire,0.042,0.007,0.031,0.139,MIA,1610612748,30,0.577
16,29.0,0.022,0.007,5,"101161,1610612738",79,34,0.481,0.141,0.101,0.151,0.425,0.057,0.031,101161,Amir Johnson,0.037,0.021,0.029,0.125,BOS,1610612738,45,0.57
17,33.0,0.01,0.005,5,"2760,1610612744",53,12,0.483,0.135,0.118,0.172,0.392,0.068,0.063,2760,Anderson Varejao,0.019,0.006,0.012,0.076,GSW,1610612744,41,0.774
18,22.0,0.021,0.013,5,"203083,1610612765",81,38,0.492,0.106,0.105,0.144,0.458,0.045,0.075,203083,Andre Drummond,0.079,0.017,0.033,0.197,DET,1610612765,43,0.531
19,32.0,0.005,0.003,5,"2738,1610612744",65,6,0.476,0.139,0.141,0.169,0.448,0.028,0.025,2738,Andre Iguodala,0.012,0.032,0.034,0.052,GSW,1610612744,59,0.908
20,40.0,0.0,0.013,5,"1889,1610612759",39,19,0.528,0.134,0.144,0.191,0.415,0.053,0.032,1889,Andre Miller,0.008,0.013,0.033,0.099,SAS,1610612759,20,0.513
21,24.0,0.013,0.006,5,"203460,1610612760",70,22,0.488,0.142,0.119,0.172,0.447,0.042,0.014,203460,Andre Roberson,0.021,0.027,0.02,0.065,OKC,1610612760,48,0.686
22,30.0,0.007,0.011,5,"200745,1610612751",46,35,0.495,0.107,0.123,0.187,0.497,0.048,0.041,200745,Andrea Bargnani,0.029,0.008,0.032,0.075,BKN,1610612751,11,0.239
23,31.0,0.038,0.002,5,"101106,1610612744",70,8,0.478,0.127,0.133,0.16,0.405,0.073,0.024,101106,Andrew Bogut,0.029,0.01,0.014,0.113,GSW,1610612744,62,0.886
24,27.0,0.019,0.0,5,"202726,1610612745",8,3,0.467,0.301,0.122,0.291,0.451,0.038,0.028,202726,Andrew Goudelock,0.019,0.0,0.038,0.075,HOU,1610612745,5,0.625
25,26.0,0.013,0.005,5,"203094,1610612753",56,34,0.494,0.133,0.108,0.143,0.406,0.041,0.037,203094,Andrew Nicholson,0.022,0.007,0.032,0.104,ORL,1610612753,22,0.393
26,21.0,0.008,0.015,5,"203952,1610612750",81,52,0.489,0.132,0.138,0.171,0.469,0.028,0.068,203952,Andrew Wiggins,0.032,0.036,0.047,0.131,MIN,1610612750,29,0.358
27,23.0,0.0,0.012,5,"203461,1610612761",19,7,0.501,0.036,0.173,0.208,0.429,0.048,0.03,203461,Anthony Bennett,0.048,0.0,0.03,0.06,TOR,1610612761,12,0.632
28,23.0,0.004,0.008,5,"1626148,1610612747",29,25,0.489,0.119,0.158,0.145,0.465,0.028,0.015,1626148,Anthony Brown,0.014,0.011,0.017,0.015,LAL,1610612747,4,0.138
29,23.0,0.028,0.012,5,"203076,1610612740",61,37,0.484,0.114,0.123,0.146,0.432,0.033,0.08,203076,Anthony Davis,0.044,0.03,0.046,0.149,NOP,1610612740,24,0.393
30,30.0,0.003,0.004,5,"201627,1610612760",68,22,0.481,0.141,0.137,0.182,0.475,0.033,0.016,201627,Anthony Morrow,0.026,0.015,0.029,0.028,OKC,1610612760,46,0.676
31,31.0,0.006,0.005,5,"201229,1610612765",72,36,0.496,0.106,0.104,0.128,0.447,0.032,0.021,201229,Anthony Tolliver,0.016,0.007,0.021,0.017,DET,1610612765,36,0.5
32,21.0,0.005,0.019,5,"203462,1610612756",57,43,0.471,0.131,0.186,0.21,0.453,0.036,0.066,203462,Archie Goodwin,0.02,0.05,0.036,0.115,PHX,1610612756,14,0.246
33,29.0,0.021,0.01,5,"203382,1610612765",81,38,0.489,0.11,0.109,0.155,0.432,0.06,0.061,203382,Aron Baynes,0.047,0.011,0.028,0.125,DET,1610612765,43,0.531
34,30.0,0.002,0.01,5,"201167,1610612752",71,44,0.505,0.135,0.135,0.153,0.463,0.03,0.026,201167,Arron Afflalo,0.014,0.017,0.02,0.056,NYK,1610612752,27,0.38
35,23.0,0.003,0.011,5,"203085,1610612746",67,25,0.496,0.173,0.137,0.176,0.443,0.046,0.033,203085,Austin Rivers,0.015,0.029,0.039,0.087,LAC,1610612746,42,0.627
36,25.0,0.004,0.008,5,"202340,1610612738",76,31,0.477,0.153,0.106,0.145,0.425,0.031,0.019,202340,Avery Bradley,0.022,0.048,0.052,0.067,BOS,1610612738,45,0.592
37,23.0,0.01,0.002,5,"1626253,1610612743",21,12,0.496,0.145,0.132,0.184,0.487,0.065,0.021,1626253,Axel Toupane,0.003,0.024,0.015,0.029,DEN,1610612743,9,0.429
38,23.0,0.003,0.008,5,"203463,1610612758",68,40,0.462,0.118,0.146,0.193,0.406,0.045,0.028,203463,Ben McLemore,0.02,0.042,0.028,0.063,SAC,1610612758,28,0.412
39,33.0,0.001,0.005,5,"2757,1610612748",44,18,0.508,0.108,0.09,0.157,0.402,0.037,0.028,2757,Beno Udrih,0.01,0.012,0.02,0.049,MIA,1610612748,26,0.591
40,23.0,0.038,0.013,5,"202687,1610612761",82,26,0.511,0.122,0.11,0.153,0.407,0.064,0.051,202687,Bismack Biyombo,0.037,0.006,0.018,0.08,TOR,1610612761,56,0.683
41,27.0,0.007,0.005,5,"201933,1610612746",35,13,0.486,0.122,0.11,0.143,0.408,0.039,0.077,201933,Blake Griffin,0.034,0.041,0.043,0.145,LAC,1610612746,22,0.629
42,27.0,0.023,0.013,5,"1626246,1610612759",54,7,0.516,0.109,0.163,0.182,0.419,0.055,0.083,1626246,Boban Marjanovic,0.102,0.004,0.055,0.181,SAS,1610612759,47,0.87
43,21.0,0.01,0.01,5,"1626171,1610612741",62,33,0.494,0.135,0.14,0.163,0.456,0.045,0.03,1626171,Bobby Portis,0.045,0.022,0.021,0.105,CHI,1610612741,29,0.468
44,27.0,0.001,0.017,5,"202711,1610612751",79,58,0.493,0.12,0.164,0.199,0.512,0.028,0.027,202711,Bojan Bogdanovic,0.018,0.038,0.032,0.07,BKN,1610612751,21,0.266
45,34.0,0.007,0.006,5,"2564,1610612759",76,12,0.493,0.112,0.113,0.152,0.449,0.036,0.032,2564,Boris Diaw,0.015,0.007,0.022,0.113,SAS,1610612759,64,0.842
46,22.0,0.003,0.007,5,"203078,1610612764",55,27,0.473,0.114,0.127,0.161,0.407,0.032,0.038,203078,Bradley Beal,0.02,0.043,0.038,0.096,WAS,1610612764,28,0.509
47,28.0,0.036,0.002,5,"201148,1610612763",12,6,0.503,0.145,0.145,0.204,0.422,0.05,0.059,201148,Brandan Wright,0.036,0.014,0.014,0.147,MEM,1610612763,6,0.5
48,23.0,0.018,0.036,5,"1626183,1610612746",6,1,0.524,0.218,0.399,0.254,0.763,0.036,0.018,1626183,Branden Dawson,0.0,0.054,0.0,0.073,LAC,1610612746,5,0.833
49,31.0,0.02,0.013,5,"101138,1610612747",66,50,0.485,0.139,0.147,0.157,0.491,0.045,0.042,101138,Brandon Bass,0.03,0.023,0.03,0.108,LAL,1610612747,16,0.242
50,26.0,0.004,0.004,5,"201943,1610612753",48,28,0.481,0.103,0.123,0.149,0.421,0.032,0.036,201943,Brandon Jennings,0.011,0.028,0.023,0.042,ORL,1610612753,20,0.417
51,24.0,0.005,0.009,5,"202688,1610612756",52,36,0.473,0.125,0.168,0.194,0.43,0.031,0.052,202688,Brandon Knight,0.014,0.043,0.047,0.083,PHX,1610612756,16,0.308
52,30.0,0.01,0.004,5,"201575,1610612744",72,9,0.48,0.161,0.158,0.182,0.476,0.026,0.008,201575,Brandon Rush,0.01,0.033,0.02,0.031,GSW,1610612744,63,0.875
53,30.0,0.002,0.007,5,"203148,1610612757",51,25,0.49,0.107,0.125,0.144,0.383,0.036,0.051,203148,Brian Roberts,0.029,0.024,0.032,0.056,POR,1610612757,26,0.51
54,23.0,0.009,0.006,5,"1627362,1610612748",7,4,0.491,0.119,0.183,0.181,0.454,0.035,0.023,1627362,Briante Weber,0.012,0.012,0.015,0.041,MIA,1610612748,3,0.429
55,28.0,0.025,0.012,5,"201572,1610612751",73,52,0.494,0.115,0.147,0.182,0.463,0.043,0.067,201572,Brook Lopez,0.049,0.007,0.031,0.179,BKN,1610612751,21,0.288
56,20.0,0.012,0.024,5,"203998,1610612761",6,0,0.505,0.154,0.13,0.154,0.52,0.024,0.0,203998,Bruno Caboclo,0.0,0.0,0.035,0.0,TOR,1610612761,6,1.0
57,23.0,0.0,0.0,5,"203955,1610612763",8,7,0.517,0.227,0.133,0.253,0.613,0.027,0.0,203955,Bryce Cotton,0.0,0.0,0.0,0.027,MEM,1610612763,1,0.125
58,23.0,0.004,0.011,5,"1626214,1610612740",14,6,0.495,0.089,0.116,0.132,0.484,0.03,0.032,1626214,Bryce Dejean-Jones,0.014,0.023,0.011,0.036,NOP,1610612740,8,0.571
59,24.0,0.004,0.016,5,"203468,1610612757",80,36,0.486,0.12,0.112,0.16,0.408,0.033,0.036,203468,CJ McCollum,0.021,0.03,0.043,0.083,POR,1610612757,44,0.55
60,29.0,0.009,0.009,5,"101139,1610612754",64,30,0.474,0.136,0.125,0.166,0.423,0.046,0.034,101139,CJ Miles,0.021,0.039,0.045,0.052,IND,1610612754,34,0.531
61,32.0,0.004,0.002,5,"201228,1610612753",33,19,0.48,0.125,0.119,0.162,0.48,0.036,0.029,201228,CJ Watson,0.003,0.02,0.023,0.026,ORL,1610612753,14,0.424
62,25.0,0.006,0.006,5,"203912,1610612746",23,8,0.494,0.169,0.157,0.145,0.456,0.044,0.038,203912,CJ Wilcox,0.012,0.033,0.036,0.047,LAC,1610612746,15,0.652
63,25.0,0.013,0.022,5,"203946,1610612741",18,14,0.459,0.121,0.165,0.157,0.268,0.085,0.027,203946,Cameron Bairstow,0.009,0.009,0.045,0.063,CHI,1610612741,4,0.222
64,21.0,0.004,0.008,5,"1626166,1610612760",57,13,0.49,0.14,0.154,0.183,0.447,0.056,0.02,1626166,Cameron Payne,0.011,0.021,0.027,0.062,OKC,1610612760,44,0.772
65,32.0,0.008,0.013,5,"201171,1610612755",36,31,0.476,0.148,0.155,0.173,0.48,0.058,0.051,201171,Carl Landry,0.058,0.008,0.029,0.132,PHI,1610612755,5,0.139
66,32.0,0.008,0.015,5,"2546,1610612752",72,40,0.501,0.132,0.137,0.159,0.448,0.036,0.063,2546,Carmelo Anthony,0.038,0.015,0.029,0.076,NYK,1610612752,32,0.444
67,36.0,0.003,0.0,5,"2406,1610612758",17,15,0.467,0.13,0.146,0.189,0.43,0.05,0.024,2406,Caron Butler,0.021,0.016,0.0,0.016,SAC,1610612758,2,0.118
68,27.0,0.006,0.012,5,"202718,1610612742",61,32,0.504,0.137,0.169,0.15,0.443,0.032,0.037,202718,Chandler Parsons,0.02,0.041,0.037,0.099,DAL,1610612742,29,0.475
69,33.0,0.012,0.003,5,"101112,1610612739",70,35,0.505,0.113,0.123,0.163,0.403,0.054,0.027,101112,Channing Frye,0.022,0.004,0.031,0.032,CLE,1610612739,35,0.5
70,33.0,0.0,0.0,5,"101236,1610612745",2,1,0.472,0.198,0.178,0.257,0.594,0.119,0.02,101236,Charles Hayes,0.0,0.0,0.0,0.04,HOU,1610612745,1,0.5
71,31.0,0.011,0.009,5,"101111,1610612742",62,33,0.484,0.115,0.16,0.139,0.434,0.052,0.012,101111,Charlie Villanueva,0.024,0.023,0.029,0.097,DAL,1610612742,29,0.468
72,28.0,0.005,0.006,5,"201978,1610612756",66,37,0.483,0.136,0.136,0.171,0.457,0.032,0.024,201978,Chase Budinger,0.031,0.034,0.027,0.072,PHX,1610612756,29,0.439
73,37.0,0.016,0.008,5,"2365,1610612763",27,16,0.511,0.141,0.147,0.148,0.426,0.037,0.044,2365,Chris Andersen,0.033,0.018,0.02,0.079,MEM,1610612763,11,0.407
74,32.0,0.01,0.009,5,"2547,1610612748",53,24,0.51,0.138,0.102,0.16,0.408,0.029,0.059,2547,Chris Bosh,0.029,0.009,0.038,0.085,MIA,1610612748,29,0.547
75,32.0,0.0,0.007,5,"203142,1610612749",24,14,0.513,0.145,0.125,0.221,0.441,0.056,0.023,203142,Chris Copeland,0.023,0.007,0.023,0.046,MIL,1610612749,10,0.417
76,26.0,0.012,0.008,5,"203187,1610612762",70,32,0.519,0.128,0.11,0.168,0.408,0.061,0.018,203187,Chris Johnson,0.018,0.022,0.028,0.041,UTA,1610612762,38,0.543
77,34.0,0.005,0.009,5,"2549,1610612757",16,5,0.509,0.105,0.109,0.196,0.364,0.068,0.014,2549,Chris Kaman,0.036,0.0,0.023,0.091,POR,1610612757,11,0.688
78,21.0,0.016,0.012,5,"1626191,1610612751",24,17,0.485,0.158,0.154,0.218,0.544,0.052,0.023,1626191,Chris McCullough,0.032,0.016,0.036,0.054,BKN,1610612751,7,0.292
79,31.0,0.003,0.006,5,"101108,1610612746",74,24,0.488,0.12,0.113,0.133,0.404,0.037,0.059,101108,Chris Paul,0.021,0.033,0.053,0.074,LAC,1610612746,50,0.676
80,20.0,0.022,0.032,5,"1626174,1610612755",17,17,0.459,0.203,0.19,0.162,0.469,0.035,0.063,1626174,Christian Wood,0.035,0.022,0.063,0.101,PHI,1610612755,0,0.0
81,25.0,0.01,0.013,5,"203921,1610612752",17,11,0.501,0.124,0.124,0.137,0.411,0.052,0.013,203921,Cleanthony Early,0.013,0.033,0.007,0.039,NYK,1610612752,6,0.353
82,20.0,0.028,0.014,5,"1626146,1610612757",8,5,0.508,0.17,0.113,0.141,0.339,0.014,0.0,1626146,Cliff Alexander,0.057,0.0,0.028,0.113,POR,1610612757,3,0.375
83,22.0,0.03,0.015,5,"203991,1610612745",77,38,0.48,0.139,0.136,0.189,0.43,0.062,0.048,203991,Clint Capela,0.055,0.017,0.029,0.15,HOU,1610612745,39,0.506
84,23.0,0.017,0.017,5,"203469,1610612766",73,31,0.49,0.113,0.121,0.146,0.391,0.056,0.051,203469,Cody Zeller,0.032,0.02,0.029,0.117,CHA,1610612766,42,0.575
85,27.0,0.043,0.011,5,"202332,1610612746",60,19,0.507,0.165,0.133,0.167,0.441,0.088,0.047,202332,Cole Aldrich,0.039,0.004,0.03,0.167,LAC,1610612746,41,0.683
86,30.0,0.005,0.008,5,"201147,1610612745",82,41,0.471,0.153,0.136,0.194,0.429,0.047,0.039,201147,Corey Brewer,0.014,0.056,0.036,0.078,HOU,1610612745,41,0.5
87,25.0,0.009,0.028,5,"203928,1610612756",8,6,0.467,0.112,0.233,0.196,0.485,0.075,0.037,203928,Cory Jefferson,0.056,0.019,0.0,0.149,PHX,1610612756,2,0.25
88,24.0,0.005,0.011,5,"202709,1610612761",80,26,0.503,0.122,0.108,0.131,0.401,0.032,0.039,202709,Cory Joseph,0.009,0.019,0.029,0.081,TOR,1610612761,54,0.675
89,23.0,0.0,0.0,5,"1626262,1610612738",3,3,0.493,0.0,0.17,0.17,0.51,0.0,0.0,1626262,Coty Clarke,0.0,0.0,0.0,0.0,BOS,1610612738,0,0.0
90,30.0,0.006,0.006,5,"201584,1610612766",79,30,0.5,0.121,0.153,0.146,0.426,0.029,0.016,201584,Courtney Lee,0.009,0.027,0.031,0.047,CHA,1610612766,49,0.62
91,23.0,0.02,0.008,5,"1626245,1610612741",31,17,0.488,0.114,0.131,0.164,0.393,0.047,0.033,1626245,Cristiano Felicio,0.03,0.015,0.037,0.091,CHI,1610612741,14,0.452
92,20.0,0.003,0.011,5,"1626156,1610612747",80,63,0.489,0.145,0.189,0.178,0.495,0.031,0.038,1626156,D'Angelo Russell,0.02,0.034,0.028,0.077,LAL,1610612747,17,0.213
93,28.0,0.002,0.013,5,"201571,1610612743",62,27,0.488,0.138,0.141,0.185,0.468,0.035,0.056,201571,D.J. Augustin,0.014,0.028,0.028,0.051,DEN,1610612743,35,0.565
94,35.0,0.024,0.024,5,"2563,1610612739",1,1,0.508,0.18,0.084,0.168,0.288,0.072,0.012,2563,Dahntay Jones,0.048,0.0,0.024,0.048,CLE,1610612739,0,0.0
95,25.0,0.005,0.017,5,"203081,1610612757",75,35,0.481,0.124,0.116,0.164,0.439,0.03,0.069,203081,Damian Lillard,0.028,0.027,0.037,0.096,POR,1610612757,40,0.533
96,21.0,0.01,0.01,5,"203996,1610612749",20,15,0.515,0.122,0.072,0.224,0.507,0.036,0.023,203996,Damien Inglis,0.016,0.033,0.039,0.059,MIL,1610612749,5,0.25
97,30.0,0.002,0.007,5,"204014,1610612750",33,24,0.493,0.119,0.146,0.215,0.448,0.059,0.011,204014,Damjan Rudez,0.023,0.011,0.023,0.028,MIN,1610612750,9,0.273
98,27.0,0.005,0.013,5,"201568,1610612743",53,31,0.486,0.116,0.132,0.165,0.437,0.023,0.088,201568,Danilo Gallinari,0.033,0.031,0.036,0.067,DEN,1610612743,22,0.415
99,29.0,0.016,0.005,5,"201980,1610612759",79,14,0.506,0.11,0.117,0.129,0.402,0.035,0.015,201980,Danny Green,0.018,0.03,0.026,0.033,SAS,1610612759,65,0.823
100,29.0,0.008,0.006,5,"201967,1610612740",80,52,0.488,0.096,0.108,0.155,0.445,0.043,0.016,201967,Dante Cunningham,0.01,0.023,0.021,0.048,NOP,1610612740,28,0.35
101,28.0,0.015,0.007,5,"201589,1610612743",70,44,0.488,0.134,0.139,0.174,0.401,0.06,0.017,201589,Darrell Arthur,0.026,0.014,0.023,0.049,DEN,1610612743,26,0.371
102,28.0,0.001,0.013,5,"201954,1610612758",74,45,0.47,0.133,0.134,0.16,0.425,0.03,0.036,201954,Darren Collison,0.012,0.063,0.051,0.078,SAC,1610612758,29,0.392
103,23.0,0.001,0.005,5,"1626199,1610612765",38,21,0.5,0.129,0.098,0.146,0.405,0.037,0.038,1626199,Darrun Hilliard,0.018,0.01,0.041,0.05,DET,1610612765,17,0.447
104,33.0,0.015,0.023,5,"101135,1610612742",55,28,0.484,0.132,0.14,0.18,0.411,0.061,0.039,101135,David Lee,0.046,0.019,0.034,0.174,DAL,1610612742,27,0.491
105,35.0,0.019,0.01,5,"2561,1610612759",78,15,0.497,0.112,0.12,0.137,0.411,0.05,0.034,2561,David West,0.03,0.006,0.026,0.096,SAS,1610612759,63,0.808
106,27.0,0.034,0.004,5,"201599,1610612746",77,26,0.493,0.131,0.122,0.137,0.411,0.039,0.088,201599,DeAndre Jordan,0.038,0.017,0.025,0.135,LAC,1610612746,51,0.662
107,27.0,0.004,0.009,5,"201971,1610612764",29,17,0.465,0.105,0.107,0.132,0.444,0.113,0.043,201971,DeJuan Blair,0.015,0.021,0.021,0.09,WAS,1610612764,12,0.414
108,26.0,0.004,0.017,5,"201942,1610612761",78,25,0.5,0.123,0.119,0.154,0.425,0.03,0.077,201942,DeMar DeRozan,0.02,0.025,0.043,0.127,TOR,1610612761,53,0.679
109,25.0,0.019,0.024,5,"202326,1610612758",65,36,0.462,0.126,0.14,0.177,0.408,0.049,0.119,202326,DeMarcus Cousins,0.048,0.028,0.046,0.18,SAC,1610612758,29,0.446
110,29.0,0.004,0.011,5,"201960,1610612761",26,10,0.496,0.1,0.134,0.157,0.393,0.04,0.028,201960,DeMarre Carroll,0.028,0.033,0.044,0.066,TOR,1610612761,16,0.615
111,24.0,0.007,0.018,5,"1626153,1610612761",27,8,0.513,0.139,0.094,0.154,0.412,0.016,0.049,1626153,Delon Wright,0.009,0.045,0.016,0.125,TOR,1610612761,19,0.704
112,22.0,0.003,0.021,5,"203471,1610612737",80,33,0.492,0.131,0.106,0.153,0.393,0.042,0.054,203471,Dennis Schroder,0.018,0.026,0.046,0.108,ATL,1610612737,47,0.588
113,32.0,0.003,0.009,5,"101114,1610612742",65,34,0.499,0.135,0.152,0.159,0.423,0.037,0.042,101114,Deron Williams,0.013,0.027,0.034,0.066,DAL,1610612742,31,0.477
114,24.0,0.024,0.016,5,"202324,1610612762",62,32,0.513,0.109,0.134,0.167,0.421,0.039,0.052,202324,Derrick Favors,0.049,0.005,0.029,0.165,UTA,1610612762,30,0.484
115,27.0,0.003,0.018,5,"201565,1610612741",66,34,0.483,0.151,0.139,0.158,0.469,0.019,0.035,201565,Derrick Rose,0.016,0.028,0.029,0.118,CHI,1610612741,32,0.485
116,25.0,0.003,0.013,5,"202682,1610612752",80,48,0.498,0.132,0.138,0.151,0.468,0.024,0.061,202682,Derrick Williams,0.028,0.044,0.04,0.112,NYK,1610612752,32,0.4
117,19.0,0.005,0.014,5,"1626164,1610612756",76,56,0.475,0.138,0.173,0.204,0.435,0.051,0.055,1626164,Devin Booker,0.017,0.05,0.041,0.074,PHX,1610612756,20,0.263
118,33.0,0.005,0.006,5,"2734,1610612742",64,29,0.488,0.14,0.167,0.159,0.406,0.047,0.054,2734,Devin Harris,0.015,0.04,0.037,0.071,DAL,1610612742,35,0.547
119,23.0,0.002,0.006,5,"203906,1610612753",28,16,0.479,0.135,0.1,0.102,0.423,0.048,0.033,203906,Devyn Marble,0.012,0.021,0.013,0.042,ORL,1610612753,12,0.429
120,26.0,0.032,0.01,5,"203473,1610612753",58,37,0.489,0.132,0.119,0.189,0.469,0.076,0.043,203473,Dewayne Dedmon,0.04,0.012,0.033,0.125,ORL,1610612753,21,0.362
121,24.0,0.003,0.008,5,"203079,1610612760",78,25,0.478,0.141,0.135,0.182,0.455,0.032,0.028,203079,Dion Waiters,0.015,0.026,0.03,0.056,OKC,1610612760,53,0.679
122,38.0,0.011,0.003,5,"1717,1610612742",75,37,0.498,0.137,0.16,0.145,0.395,0.034,0.064,1717,Dirk Nowitzki,0.029,0.018,0.04,0.046,DAL,1610612742,38,0.507
123,28.0,0.002,0.009,5,"202388,1610612751",61,48,0.495,0.129,0.144,0.165,0.503,0.027,0.036,202388,Donald Sloan,0.01,0.029,0.021,0.069,BKN,1610612751,13,0.213
124,25.0,0.004,0.008,5,"202700,1610612745",37,18,0.48,0.152,0.184,0.207,0.483,0.061,0.059,202700,Donatas Motiejunas,0.032,0.014,0.028,0.114,HOU,1610612745,19,0.514
125,24.0,0.002,0.009,5,"203926,1610612741",81,40,0.481,0.136,0.144,0.168,0.433,0.033,0.017,203926,Doug McDermott,0.025,0.024,0.03,0.063,CHI,1610612741,41,0.506
126,26.0,0.019,0.009,5,"203110,1610612744",81,8,0.468,0.127,0.139,0.156,0.421,0.04,0.052,203110,Draymond Green,0.023,0.034,0.023,0.097,GSW,1610612744,73,0.901
127,34.0,0.017,0.009,5,"2400,1610612764",30,12,0.478,0.149,0.172,0.144,0.457,0.063,0.03,2400,Drew Gooden,0.042,0.009,0.013,0.056,WAS,1610612764,18,0.6
128,24.0,0.0,0.0,5,"1626251,1610612758",1,1,0.462,0.172,0.229,0.115,0.573,0.038,0.0,1626251,Duje Dukan,0.0,0.0,0.057,0.0,SAC,1610612758,0,0.0
129,30.0,0.024,0.01,5,"2730,1610612745",71,37,0.485,0.142,0.138,0.205,0.43,0.047,0.082,2730,Dwight Howard,0.045,0.015,0.029,0.155,HOU,1610612745,34,0.479
130,24.0,0.012,0.01,5,"203939,1610612742",69,34,0.498,0.129,0.163,0.161,0.439,0.059,0.058,203939,Dwight Powell,0.03,0.016,0.032,0.113,DAL,1610612742,35,0.507
131,34.0,0.009,0.009,5,"2548,1610612748",74,31,0.503,0.138,0.128,0.174,0.462,0.026,0.061,2548,Dwyane Wade,0.034,0.04,0.049,0.16,MIA,1610612748,43,0.581
132,27.0,0.007,0.01,5,"202734,1610612741",59,30,0.489,0.15,0.15,0.169,0.463,0.04,0.016,202734,E'Twaun Moore,0.018,0.022,0.029,0.077,CHI,1610612741,29,0.492
133,27.0,0.021,0.007,5,"202334,1610612757",81,38,0.495,0.131,0.118,0.158,0.387,0.059,0.046,202334,Ed Davis,0.059,0.004,0.014,0.119,POR,1610612757,43,0.531
134,22.0,0.005,0.02,5,"203901,1610612753",73,41,0.484,0.114,0.138,0.162,0.447,0.036,0.038,203901,Elfrid Payton,0.021,0.026,0.028,0.109,ORL,1610612753,32,0.438
135,28.0,0.009,0.012,5,"202407,1610612762",20,11,0.505,0.129,0.12,0.143,0.333,0.096,0.044,202407,Elijah Millsap,0.012,0.018,0.026,0.058,UTA,1610612762,9,0.45
136,27.0,0.0,0.0,5,"202343,1610612763",5,1,0.523,0.081,0.104,0.116,0.348,0.023,0.058,202343,Elliot Williams,0.0,0.0,0.0,0.0,MEM,1610612763,4,0.8
137,37.0,0.017,0.004,5,"1882,1610612755",17,15,0.482,0.133,0.14,0.142,0.438,0.069,0.036,1882,Elton Brand,0.026,0.011,0.021,0.077,PHI,1610612755,2,0.118
138,20.0,0.008,0.02,5,"1626144,1610612743",68,39,0.481,0.114,0.134,0.169,0.427,0.033,0.036,1626144,Emmanuel Mudiay,0.015,0.029,0.029,0.082,DEN,1610612743,29,0.426
139,24.0,0.009,0.022,5,"202683,1610612760",82,27,0.486,0.139,0.13,0.189,0.47,0.047,0.059,202683,Enes Kanter,0.085,0.03,0.041,0.196,OKC,1610612760,55,0.671
140,26.0,0.008,0.011,5,"202339,1610612756",31,19,0.47,0.126,0.151,0.176,0.426,0.033,0.066,202339,Eric Bledsoe,0.019,0.055,0.055,0.105,PHX,1610612756,12,0.387
141,27.0,0.005,0.01,5,"201569,1610612740",45,31,0.483,0.121,0.128,0.154,0.413,0.032,0.037,201569,Eric Gordon,0.016,0.034,0.034,0.057,NOP,1610612740,14,0.311
142,24.0,0.038,0.019,5,"203961,1610612758",8,7,0.446,0.244,0.169,0.131,0.356,0.038,0.028,203961,Eric Moreland,0.0,0.038,0.0,0.056,SAC,1610612758,1,0.125
143,25.0,0.0,0.0,5,"203475,1610612762",9,3,0.513,0.073,0.122,0.17,0.462,0.049,0.024,203475,Erick Green,0.0,0.024,0.024,0.049,UTA,1610612762,6,0.667
144,29.0,0.009,0.011,5,"101141,1610612753",74,39,0.485,0.113,0.127,0.168,0.479,0.044,0.046,101141,Ersan Ilyasova,0.037,0.019,0.029,0.07,ORL,1610612753,35,0.473
145,23.0,0.0,0.013,5,"203095,1610612753",79,46,0.49,0.116,0.142,0.169,0.449,0.041,0.041,203095,Evan Fournier,0.021,0.036,0.048,0.088,ORL,1610612753,33,0.418
146,27.0,0.006,0.009,5,"202323,1610612738",81,34,0.474,0.125,0.104,0.157,0.426,0.029,0.033,202323,Evan Turner,0.015,0.023,0.03,0.086,BOS,1610612738,47,0.58
147,26.0,0.031,0.012,5,"203105,1610612744",46,4,0.473,0.105,0.144,0.172,0.447,0.058,0.068,203105,Festus Ezeli,0.033,0.02,0.017,0.152,GSW,1610612744,42,0.913
148,23.0,0.012,0.014,5,"1626163,1610612766",81,34,0.49,0.116,0.132,0.146,0.399,0.036,0.031,1626163,Frank Kaminsky,0.031,0.01,0.019,0.076,CHA,1610612766,47,0.58
149,30.0,0.004,0.009,5,"202066,1610612764",80,40,0.481,0.112,0.114,0.146,0.394,0.048,0.033,202066,Garrett Temple,0.015,0.047,0.03,0.042,WAS,1610612764,40,0.5
150,21.0,0.004,0.009,5,"203914,1610612743",76,45,0.485,0.118,0.13,0.17,0.447,0.028,0.02,203914,Gary Harris,0.015,0.043,0.037,0.078,DEN,1610612743,31,0.408
151,31.0,0.001,0.007,5,"202390,1610612764",40,22,0.483,0.129,0.132,0.161,0.436,0.033,0.025,202390,Gary Neal,0.013,0.024,0.038,0.059,WAS,1610612764,18,0.45
152,30.0,0.003,0.006,5,"201588,1610612754",74,33,0.49,0.125,0.111,0.157,0.407,0.029,0.038,201588,George Hill,0.018,0.03,0.04,0.053,IND,1610612754,41,0.554
153,30.0,0.006,0.006,5,"101123,1610612748",69,29,0.502,0.135,0.093,0.157,0.425,0.04,0.025,101123,Gerald Green,0.013,0.028,0.027,0.048,MIA,1610612748,40,0.58
154,28.0,0.007,0.006,5,"201945,1610612757",72,33,0.492,0.13,0.112,0.164,0.389,0.03,0.046,201945,Gerald Henderson,0.022,0.022,0.029,0.056,POR,1610612757,39,0.542
155,21.0,0.02,0.011,5,"203507,1610612749",80,48,0.497,0.148,0.131,0.175,0.452,0.045,0.058,203507,Giannis Antetokounmpo,0.029,0.056,0.055,0.147,MIL,1610612749,32,0.4
156,22.0,0.009,0.014,5,"203922,1610612754",45,21,0.492,0.111,0.158,0.166,0.439,0.02,0.034,203922,Glenn Robinson,0.018,0.037,0.047,0.075,IND,1610612754,24,0.533
157,30.0,0.004,0.008,5,"201609,1610612748",72,28,0.496,0.142,0.115,0.153,0.444,0.039,0.039,201609,Goran Dragic,0.014,0.044,0.039,0.109,MIA,1610612748,44,0.611
158,26.0,0.005,0.01,5,"202330,1610612762",80,42,0.51,0.121,0.127,0.168,0.421,0.032,0.066,202330,Gordon Hayward,0.025,0.039,0.056,0.095,UTA,1610612762,38,0.475
159,26.0,0.022,0.011,5,"203476,1610612750",82,53,0.498,0.133,0.134,0.177,0.463,0.049,0.047,203476,Gorgui Dieng,0.031,0.015,0.029,0.096,MIN,1610612750,29,0.354
160,26.0,0.014,0.021,5,"202328,1610612749",79,47,0.497,0.148,0.138,0.175,0.462,0.035,0.054,202328,Greg Monroe,0.056,0.011,0.039,0.187,MIL,1610612749,32,0.405
161,25.0,0.003,0.021,5,"202962,1610612750",18,10,0.494,0.095,0.172,0.219,0.54,0.072,0.036,202962,Greg Smith,0.013,0.005,0.015,0.093,MIN,1610612750,8,0.444
162,29.0,0.0,0.009,5,"202349,1610612749",23,14,0.508,0.134,0.146,0.212,0.486,0.046,0.031,202349,Greivis Vasquez,0.015,0.013,0.022,0.04,MIL,1610612749,9,0.391
163,24.0,0.002,0.008,5,"203084,1610612744",66,7,0.475,0.13,0.131,0.149,0.445,0.032,0.031,203084,Harrison Barnes,0.02,0.028,0.03,0.061,GSW,1610612744,59,0.894
164,27.0,0.064,0.01,5,"202355,1610612748",73,31,0.507,0.15,0.107,0.164,0.45,0.048,0.066,202355,Hassan Whiteside,0.069,0.006,0.028,0.174,MIA,1610612748,42,0.575
165,26.0,0.026,0.002,5,"203156,1610612751",14,12,0.481,0.137,0.161,0.192,0.588,0.068,0.038,203156,Henry Sims,0.029,0.009,0.024,0.077,BKN,1610612751,2,0.143
166,25.0,0.005,0.004,5,"203138,1610612755",77,67,0.476,0.158,0.166,0.201,0.455,0.041,0.019,203138,Hollis Thompson,0.014,0.019,0.023,0.036,PHI,1610612755,10,0.13
167,25.0,0.011,0.009,5,"203546,1610612744",66,7,0.492,0.159,0.19,0.204,0.49,0.049,0.019,203546,Ian Clark,0.028,0.026,0.034,0.073,GSW,1610612744,59,0.894
168,29.0,0.02,0.011,5,"101133,1610612754",71,30,0.486,0.113,0.114,0.16,0.394,0.059,0.046,101133,Ian Mahinmi,0.027,0.01,0.03,0.134,IND,1610612754,41,0.577
169,26.0,0.007,0.006,5,"202697,1610612739",54,15,0.505,0.114,0.117,0.158,0.41,0.046,0.023,202697,Iman Shumpert,0.007,0.019,0.02,0.031,CLE,1610612739,39,0.722
170,25.0,0.003,0.01,5,"203477,1610612755",77,67,0.48,0.149,0.168,0.191,0.458,0.032,0.032,203477,Isaiah Canaan,0.016,0.03,0.039,0.031,PHI,1610612755,10,0.13
171,27.0,0.002,0.019,5,"202738,1610612738",82,34,0.468,0.142,0.102,0.141,0.421,0.03,0.08,202738,Isaiah Thomas,0.025,0.075,0.054,0.123,BOS,1610612738,48,0.585
172,27.0,0.005,0.012,5,"202397,1610612755",77,61,0.478,0.149,0.151,0.176,0.458,0.028,0.036,202397,Ish Smith,0.015,0.035,0.031,0.106,PHI,1610612755,16,0.208
173,24.0,0.0,0.0,5,"1626266,1610612762",2,0,0.482,0.308,0.308,0.308,0.308,0.077,0.0,1626266,J.J. O'Brien,0.0,0.0,0.0,0.0,UTA,1610612762,2,1.0
174,30.0,0.004,0.004,5,"2747,1610612739",77,24,0.5,0.12,0.122,0.159,0.442,0.043,0.021,2747,J.R. Smith,0.026,0.015,0.028,0.036,CLE,1610612739,53,0.688
175,27.0,0.015,0.016,5,"201581,1610612764",35,18,0.476,0.143,0.146,0.161,0.421,0.051,0.069,201581,JJ Hickson,0.049,0.031,0.026,0.164,WAS,1610612764,17,0.486
176,32.0,0.001,0.005,5,"200755,1610612746",75,25,0.487,0.122,0.113,0.127,0.41,0.031,0.045,200755,JJ Redick,0.02,0.032,0.043,0.031,LAC,1610612746,50,0.667
177,23.0,0.014,0.014,5,"203960,1610612743",73,55,0.491,0.132,0.15,0.189,0.449,0.06,0.036,203960,JaKarr Sampson,0.023,0.026,0.029,0.1,DEN,1610612743,18,0.247
178,26.0,0.011,0.016,5,"203210,1610612763",78,39,0.49,0.109,0.142,0.161,0.377,0.064,0.038,203210,JaMychal Green,0.048,0.024,0.038,0.107,MEM,1610612763,39,0.5
179,28.0,0.036,0.014,5,"201580,1610612742",34,19,0.505,0.169,0.16,0.142,0.418,0.067,0.052,201580,JaVale McGee,0.049,0.012,0.033,0.191,DAL,1610612742,15,0.441
180,21.0,0.006,0.016,5,"203953,1610612749",76,44,0.498,0.151,0.139,0.183,0.467,0.032,0.035,203953,Jabari Parker,0.026,0.04,0.045,0.137,MIL,1610612749,32,0.421
181,25.0,0.007,0.004,5,"203109,1610612738",73,30,0.472,0.153,0.096,0.131,0.42,0.04,0.037,203109,Jae Crowder,0.026,0.039,0.048,0.07,BOS,1610612738,43,0.589
182,20.0,0.019,0.021,5,"1626143,1610612755",53,47,0.49,0.141,0.181,0.223,0.461,0.043,0.05,1626143,Jahlil Okafor,0.049,0.015,0.043,0.204,PHI,1610612755,6,0.113
183,36.0,0.003,0.006,5,"2037,1610612746",79,28,0.486,0.15,0.129,0.16,0.412,0.028,0.05,2037,Jamal Crawford,0.017,0.029,0.043,0.061,LAC,1610612746,51,0.646
184,34.0,0.002,0.005,5,"2749,1610612743",39,27,0.495,0.118,0.121,0.158,0.414,0.048,0.026,2749,Jameer Nelson,0.008,0.014,0.018,0.036,DEN,1610612743,12,0.308
185,27.0,0.009,0.007,5,"202341,1610612758",51,32,0.469,0.165,0.149,0.183,0.423,0.035,0.02,202341,James Anderson,0.013,0.021,0.024,0.051,SAC,1610612758,19,0.373
186,25.0,0.008,0.008,5,"203516,1610612740",22,11,0.5,0.145,0.105,0.213,0.439,0.043,0.049,203516,James Ennis,0.041,0.055,0.047,0.079,NOP,1610612740,11,0.5
187,26.0,0.008,0.015,5,"201935,1610612745",82,41,0.479,0.142,0.147,0.193,0.437,0.035,0.085,201935,James Harden,0.026,0.071,0.061,0.106,HOU,1610612745,41,0.5
188,29.0,0.018,0.007,5,"201949,1610612761",57,22,0.505,0.118,0.118,0.147,0.453,0.046,0.029,201949,James Johnson,0.02,0.018,0.025,0.095,TOR,1610612761,35,0.614
189,35.0,0.011,0.003,5,"2592,1610612739",48,15,0.494,0.133,0.093,0.151,0.405,0.053,0.028,2592,James Jones,0.019,0.003,0.025,0.013,CLE,1610612739,33,0.688
190,23.0,0.015,0.028,5,"203949,1610612744",41,4,0.482,0.129,0.194,0.231,0.461,0.072,0.057,203949,James Michael McAdoo,0.055,0.055,0.037,0.151,GSW,1610612744,37,0.902
191,20.0,0.002,0.005,5,"203923,1610612738",29,17,0.486,0.09,0.12,0.122,0.435,0.042,0.007,203923,James Young,0.007,0.01,0.017,0.02,BOS,1610612738,12,0.414
192,25.0,0.002,0.021,5,"203099,1610612749",44,13,0.503,0.119,0.094,0.224,0.426,0.05,0.056,203099,Jared Cunningham,0.026,0.037,0.033,0.054,MIL,1610612749,31,0.705
193,30.0,0.004,0.001,5,"201162,1610612764",81,41,0.48,0.116,0.114,0.152,0.412,0.043,0.024,201162,Jared Dudley,0.016,0.018,0.025,0.024,WAS,1610612764,40,0.494
194,24.0,0.012,0.012,5,"203096,1610612738",81,34,0.476,0.148,0.102,0.141,0.423,0.052,0.041,203096,Jared Sullinger,0.051,0.005,0.023,0.102,BOS,1610612738,47,0.58
195,24.0,0.003,0.01,5,"204067,1610612764",26,13,0.476,0.126,0.156,0.172,0.395,0.016,0.016,204067,Jarell Eddie,0.019,0.019,0.029,0.006,WAS,1610612764,13,0.5
196,22.0,0.009,0.02,5,"1626185,1610612763",27,17,0.495,0.116,0.157,0.175,0.384,0.076,0.055,1626185,Jarell Martin,0.051,0.017,0.023,0.099,MEM,1610612763,10,0.37
197,22.0,0.0,0.0,5,"203950,1610612748",7,6,0.494,0.0,0.239,0.186,0.319,0.027,0.027,203950,Jarnell Stokes,0.053,0.08,0.0,0.159,MIA,1610612748,1,0.143
198,32.0,0.003,0.011,5,"101127,1610612751",32,22,0.489,0.118,0.153,0.186,0.453,0.037,0.04,101127,Jarrett Jack,0.011,0.02,0.025,0.052,BKN,1610612751,10,0.313
199,30.0,0.027,0.009,5,"201160,1610612753",76,43,0.488,0.107,0.124,0.154,0.427,0.067,0.032,201160,Jason Smith,0.023,0.008,0.028,0.049,ORL,1610612753,33,0.434
200,38.0,0.003,0.002,5,"1891,1610612745",72,35,0.478,0.141,0.141,0.196,0.439,0.035,0.012,1891,Jason Terry,0.015,0.024,0.023,0.031,HOU,1610612745,37,0.514
201,29.0,0.021,0.008,5,"201574,1610612761",47,9,0.499,0.136,0.164,0.145,0.458,0.085,0.041,201574,Jason Thompson,0.034,0.01,0.021,0.085,TOR,1610612761,38,0.809
202,29.0,0.014,0.014,5,"201965,1610612746",17,6,0.511,0.235,0.168,0.177,0.546,0.086,0.034,201965,Jeff Ayres,0.038,0.01,0.019,0.067,LAC,1610612746,11,0.647
203,29.0,0.009,0.013,5,"201145,1610612746",80,32,0.504,0.136,0.132,0.148,0.409,0.037,0.041,201145,Jeff Green,0.022,0.032,0.035,0.099,LAC,1610612746,48,0.6
204,28.0,0.005,0.019,5,"201952,1610612737",79,32,0.479,0.137,0.13,0.161,0.423,0.035,0.053,201952,Jeff Teague,0.015,0.043,0.044,0.117,ATL,1610612737,47,0.595
205,26.0,0.042,0.013,5,"203481,1610612762",51,26,0.519,0.121,0.1,0.139,0.404,0.059,0.039,203481,Jeff Withey,0.039,0.008,0.02,0.123,UTA,1610612762,25,0.49
206,22.0,0.03,0.018,5,"203924,1610612755",77,68,0.486,0.149,0.163,0.207,0.457,0.051,0.067,203924,Jerami Grant,0.017,0.029,0.032,0.097,PHI,1610612755,9,0.117
207,28.0,0.017,0.004,5,"202379,1610612742",30,14,0.488,0.124,0.136,0.202,0.377,0.037,0.039,202379,Jeremy Evans,0.025,0.008,0.021,0.078,DAL,1610612742,16,0.533
208,24.0,0.012,0.008,5,"203087,1610612766",66,26,0.489,0.114,0.119,0.135,0.361,0.042,0.034,203087,Jeremy Lamb,0.025,0.028,0.055,0.096,CHA,1610612766,40,0.606
209,27.0,0.01,0.016,5,"202391,1610612766",78,31,0.49,0.116,0.131,0.146,0.396,0.039,0.074,202391,Jeremy Lin,0.015,0.029,0.029,0.08,CHA,1610612766,47,0.603
210,23.0,0.004,0.011,5,"1626170,1610612752",76,47,0.497,0.138,0.111,0.158,0.445,0.038,0.044,1626170,Jerian Grant,0.009,0.026,0.024,0.076,NYK,1610612752,29,0.382
211,27.0,0.004,0.007,5,"201573,1610612749",52,31,0.505,0.148,0.141,0.191,0.461,0.037,0.03,201573,Jerryd Bayless,0.016,0.025,0.03,0.034,MIL,1610612749,21,0.404
212,27.0,0.0,0.0,5,"202690,1610612752",6,5,0.487,0.139,0.0,0.166,0.61,0.055,0.055,202690,Jimmer Fredette,0.0,0.055,0.166,0.055,NYK,1610612752,1,0.167
213,26.0,0.009,0.011,5,"202710,1610612741",67,30,0.489,0.149,0.135,0.153,0.443,0.025,0.073,202710,Jimmy Butler,0.031,0.034,0.044,0.106,CHI,1610612741,37,0.552
214,31.0,0.023,0.012,5,"201149,1610612741",29,14,0.495,0.143,0.123,0.165,0.407,0.06,0.033,201149,Joakim Noah,0.038,0.006,0.017,0.075,CHI,1610612741,15,0.517
215,28.0,0.0,0.024,5,"201975,1610612765",3,0,0.514,0.118,0.083,0.177,0.449,0.024,0.024,201975,Jodie Meeks,0.059,0.035,0.059,0.047,DET,1610612765,3,1.0
216,24.0,0.0,0.0,5,"203925,1610612739",5,0,0.467,0.155,0.217,0.309,0.866,0.031,0.0,203925,Joe Harris,0.0,0.0,0.0,0.0,CLE,1610612739,5,1.0
217,28.0,0.002,0.003,5,"204060,1610612762",81,41,0.503,0.117,0.118,0.176,0.412,0.04,0.017,204060,Joe Ingles,0.004,0.013,0.022,0.024,UTA,1610612762,40,0.494
218,34.0,0.001,0.005,5,"2207,1610612748",81,50,0.498,0.129,0.141,0.172,0.468,0.027,0.025,2207,Joe Johnson,0.015,0.012,0.026,0.06,MIA,1610612748,31,0.383
219,24.0,0.0,0.008,5,"1626202,1610612754",41,22,0.482,0.132,0.124,0.151,0.46,0.038,0.033,1626202,Joe Young,0.011,0.031,0.038,0.068,IND,1610612754,19,0.463
220,33.0,0.065,0.005,5,"201202,1610612765",19,7,0.521,0.147,0.049,0.169,0.403,0.082,0.033,201202,Joel Anthony,0.033,0.005,0.011,0.044,DET,1610612765,12,0.632
221,24.0,0.007,0.015,5,"203530,1610612743",59,35,0.493,0.139,0.153,0.188,0.496,0.054,0.031,203530,Joffrey Lauvergne,0.036,0.015,0.02,0.137,DEN,1610612743,24,0.407
222,25.0,0.058,0.006,5,"203089,1610612749",57,35,0.507,0.138,0.128,0.205,0.425,0.069,0.045,203089,John Henson,0.045,0.011,0.034,0.165,MIL,1610612749,22,0.386
223,25.0,0.001,0.006,5,"203098,1610612756",43,25,0.469,0.135,0.182,0.177,0.486,0.021,0.022,203098,John Jenkins,0.019,0.02,0.017,0.051,PHX,1610612756,18,0.419
224,25.0,0.01,0.012,5,"202322,1610612764",77,40,0.475,0.118,0.12,0.155,0.4,0.027,0.05,202322,John Wall,0.019,0.064,0.051,0.091,WAS,1610612764,37,0.481
225,23.0,0.005,0.011,5,"203948,1610612749",66,39,0.514,0.136,0.128,0.187,0.475,0.06,0.023,203948,Johnny O'Bryant,0.022,0.01,0.023,0.056,MIL,1610612749,27,0.409
226,27.0,0.011,0.011,5,"202720,1610612756",67,45,0.47,0.123,0.153,0.192,0.433,0.047,0.036,202720,Jon Leuer,0.029,0.022,0.032,0.103,PHX,1610612756,22,0.328
227,29.0,0.01,0.009,5,"201973,1610612738",78,31,0.481,0.135,0.116,0.158,0.428,0.056,0.029,201973,Jonas Jerebko,0.016,0.011,0.024,0.052,BOS,1610612738,47,0.603
228,24.0,0.026,0.015,5,"202685,1610612761",60,20,0.499,0.115,0.123,0.15,0.434,0.051,0.06,202685,Jonas Valanciunas,0.064,0.005,0.032,0.168,TOR,1610612761,40,0.667
229,26.0,0.003,0.015,5,"203613,1610612759",55,8,0.5,0.131,0.14,0.172,0.474,0.063,0.055,203613,Jonathon Simmons,0.018,0.046,0.034,0.114,SAS,1610612759,47,0.855
230,21.0,0.0,0.0,5,"203919,1610612763",2,2,0.435,0.059,0.148,0.148,0.356,0.059,0.059,203919,Jordan Adams,0.0,0.03,0.119,0.059,MEM,1610612763,0,0.0
231,24.0,0.001,0.017,5,"203903,1610612747",79,62,0.486,0.149,0.173,0.165,0.496,0.032,0.035,203903,Jordan Clarkson,0.023,0.031,0.031,0.099,LAL,1610612747,17,0.215
232,29.0,0.003,0.012,5,"200770,1610612763",12,10,0.496,0.126,0.186,0.16,0.467,0.037,0.029,200770,Jordan Farmar,0.02,0.037,0.044,0.044,MEM,1610612763,2,0.167
233,25.0,0.005,0.008,5,"202706,1610612740",11,7,0.49,0.137,0.129,0.171,0.426,0.039,0.029,202706,Jordan Hamilton,0.029,0.036,0.018,0.087,NOP,1610612740,4,0.364
234,28.0,0.012,0.01,5,"201941,1610612754",73,33,0.496,0.146,0.137,0.171,0.433,0.051,0.03,201941,Jordan Hill,0.05,0.003,0.025,0.134,IND,1610612754,40,0.548
235,25.0,0.003,0.021,5,"203895,1610612739",22,12,0.512,0.154,0.086,0.146,0.356,0.044,0.06,203895,Jordan McRae,0.021,0.044,0.021,0.078,CLE,1610612739,10,0.455
236,21.0,0.096,0.044,5,"1626175,1610612738",16,7,0.502,0.079,0.167,0.149,0.491,0.044,0.061,1626175,Jordan Mickey,0.105,0.0,0.018,0.14,BOS,1610612738,9,0.563
237,27.0,0.0,0.0,5,"203268,1610612766",12,3,0.494,0.14,0.195,0.195,0.484,0.023,0.078,203268,Jorge Gutierrez,0.0,0.0,0.023,0.062,CHA,1610612766,9,0.75
238,34.0,0.002,0.002,5,"101181,1610612752",72,43,0.504,0.129,0.147,0.171,0.453,0.034,0.019,101181,Jose Calderon,0.009,0.01,0.022,0.019,NYK,1610612752,29,0.403
239,32.0,0.001,0.013,5,"200826,1610612742",74,36,0.496,0.149,0.177,0.147,0.415,0.033,0.038,200826,Jose Juan Barea,0.02,0.024,0.043,0.096,DAL,1610612742,38,0.514
240,24.0,0.017,0.0,5,"203962,1610612760",5,3,0.478,0.122,0.113,0.156,0.417,0.026,0.017,203962,Josh Huestis,0.0,0.0,0.0,0.017,OKC,1610612760,2,0.4
241,29.0,0.006,0.007,5,"201177,1610612748",42,15,0.507,0.129,0.102,0.152,0.411,0.058,0.029,201177,Josh McRoberts,0.012,0.005,0.015,0.056,MIA,1610612748,27,0.643
242,22.0,0.011,0.009,5,"1626196,1610612748",52,23,0.505,0.14,0.112,0.178,0.422,0.049,0.028,1626196,Josh Richardson,0.011,0.016,0.016,0.043,MIA,1610612748,29,0.558
243,30.0,0.026,0.008,5,"2746,1610612745",55,24,0.48,0.134,0.139,0.185,0.421,0.064,0.035,2746,Josh Smith,0.019,0.021,0.029,0.083,HOU,1610612745,31,0.564
244,26.0,0.006,0.013,5,"201950,1610612740",65,38,0.479,0.113,0.104,0.139,0.408,0.039,0.048,201950,Jrue Holiday,0.018,0.03,0.036,0.125,NOP,1610612740,27,0.415
245,21.0,0.006,0.017,5,"203944,1610612747",81,64,0.487,0.147,0.198,0.175,0.501,0.052,0.045,203944,Julius Randle,0.041,0.032,0.037,0.132,LAL,1610612747,17,0.21
246,22.0,0.019,0.008,5,"1626147,1610612742",55,27,0.493,0.117,0.167,0.142,0.381,0.034,0.026,1626147,Justin Anderson,0.011,0.04,0.043,0.059,DAL,1610612742,28,0.509
247,26.0,0.0,0.0,5,"202712,1610612765",5,1,0.525,0.105,0.18,0.254,0.479,0.045,0.015,202712,Justin Harper,0.0,0.0,0.0,0.0,DET,1610612765,4,0.8
248,27.0,0.012,0.013,5,"203200,1610612741",53,25,0.491,0.125,0.154,0.185,0.434,0.039,0.03,203200,Justin Holiday,0.01,0.025,0.022,0.043,CHI,1610612741,28,0.528
249,20.0,0.006,0.01,5,"1626159,1610612748",78,32,0.501,0.125,0.1,0.166,0.417,0.041,0.021,1626159,Justise Winslow,0.015,0.026,0.019,0.061,MIA,1610612748,46,0.59
250,21.0,0.039,0.023,5,"203994,1610612743",32,18,0.487,0.141,0.136,0.155,0.44,0.081,0.083,203994,Jusuf Nurkic,0.046,0.008,0.032,0.162,DEN,1610612743,14,0.438
251,23.0,0.012,0.006,5,"203909,1610612745",37,20,0.487,0.149,0.122,0.151,0.364,0.062,0.043,203909,KJ McDaniels,0.033,0.056,0.041,0.083,HOU,1610612745,17,0.459
252,20.0,0.026,0.013,5,"1626157,1610612750",82,53,0.491,0.139,0.14,0.173,0.467,0.046,0.046,1626157,Karl-Anthony Towns,0.054,0.016,0.043,0.149,MIN,1610612750,29,0.354
253,24.0,0.015,0.006,5,"202695,1610612759",72,12,0.502,0.104,0.13,0.128,0.41,0.028,0.059,202695,Kawhi Leonard,0.024,0.04,0.052,0.108,SAS,1610612759,60,0.833
254,24.0,0.0,0.0,5,"203951,1610612753",5,5,0.488,0.018,0.109,0.164,0.327,0.091,0.036,203951,Keith Appling,0.0,0.036,0.036,0.073,ORL,1610612753,0,0.0
255,25.0,0.011,0.011,5,"203482,1610612738",69,29,0.467,0.135,0.105,0.133,0.402,0.055,0.04,203482,Kelly Olynyk,0.028,0.029,0.038,0.099,BOS,1610612738,40,0.58
256,20.0,0.005,0.014,5,"1626162,1610612764",63,32,0.478,0.131,0.16,0.132,0.403,0.071,0.036,1626162,Kelly Oubre,0.023,0.028,0.027,0.087,WAS,1610612764,31,0.492
257,26.0,0.007,0.018,5,"202689,1610612766",81,34,0.492,0.119,0.116,0.135,0.41,0.019,0.059,202689,Kemba Walker,0.027,0.044,0.048,0.089,CHA,1610612766,47,0.58
258,24.0,0.002,0.006,5,"203088,1610612755",30,27,0.466,0.161,0.163,0.199,0.436,0.035,0.024,203088,Kendall Marshall,0.0,0.003,0.01,0.04,PHI,1610612755,3,0.1
259,31.0,0.01,0.006,5,"2570,1610612740",37,24,0.489,0.123,0.135,0.179,0.438,0.058,0.023,2570,Kendrick Perkins,0.012,0.002,0.005,0.065,NOP,1610612740,13,0.351
260,26.0,0.017,0.017,5,"202702,1610612743",67,41,0.486,0.111,0.133,0.172,0.447,0.049,0.06,202702,Kenneth Faried,0.061,0.037,0.036,0.188,DEN,1610612743,26,0.388
261,26.0,0.009,0.009,5,"203145,1610612737",75,31,0.483,0.143,0.13,0.16,0.412,0.041,0.04,203145,Kent Bazemore,0.02,0.046,0.04,0.085,ATL,1610612737,44,0.587
262,23.0,0.003,0.006,5,"203484,1610612765",76,35,0.488,0.111,0.098,0.142,0.456,0.029,0.033,203484,Kentavious Caldwell-Pope,0.017,0.043,0.04,0.066,DET,1610612765,41,0.539
263,27.0,0.016,0.007,5,"201142,1610612760",72,20,0.477,0.144,0.134,0.172,0.447,0.025,0.06,201142,Kevin Durant,0.03,0.062,0.04,0.117,OKC,1610612760,52,0.722
264,40.0,0.009,0.002,5,"708,1610612750",38,24,0.504,0.127,0.086,0.121,0.424,0.063,0.024,708,Kevin Garnett,0.005,0.007,0.011,0.04,MIN,1610612750,14,0.368
265,27.0,0.009,0.011,5,"201567,1610612739",77,24,0.505,0.116,0.128,0.163,0.44,0.033,0.058,201567,Kevin Love,0.037,0.015,0.035,0.072,CLE,1610612739,53,0.688
266,33.0,0.001,0.009,5,"2755,1610612759",55,31,0.489,0.13,0.147,0.185,0.439,0.037,0.047,2755,Kevin Martin,0.013,0.041,0.032,0.055,SAS,1610612759,24,0.436
267,26.0,0.034,0.011,5,"202338,1610612752",48,33,0.49,0.13,0.126,0.174,0.41,0.062,0.019,202338,Kevin Seraphin,0.019,0.01,0.022,0.095,NYK,1610612752,15,0.313
268,20.0,0.0,0.023,5,"1626172,1610612744",5,1,0.481,0.164,0.374,0.28,0.514,0.047,0.0,1626172,Kevon Looney,0.093,0.0,0.0,0.093,GSW,1610612744,4,0.8
269,24.0,0.003,0.007,5,"203114,1610612749",79,46,0.494,0.149,0.13,0.171,0.447,0.035,0.043,203114,Khris Middleton,0.015,0.034,0.046,0.061,MIL,1610612749,33,0.418
270,35.0,0.002,0.005,5,"2550,1610612737",46,20,0.497,0.149,0.114,0.159,0.426,0.05,0.026,2550,Kirk Hinrich,0.005,0.025,0.023,0.025,ATL,1610612737,26,0.565
271,26.0,0.009,0.007,5,"202691,1610612744",80,9,0.471,0.133,0.138,0.165,0.442,0.027,0.029,202691,Klay Thompson,0.028,0.057,0.043,0.088,GSW,1610612744,71,0.888
272,37.0,0.003,0.009,5,"977,1610612747",66,53,0.479,0.16,0.19,0.17,0.502,0.03,0.045,977,Kobe Bryant,0.026,0.027,0.036,0.067,LAL,1610612747,13,0.197
273,27.0,0.022,0.01,5,"201585,1610612758",78,46,0.476,0.122,0.146,0.188,0.42,0.059,0.03,201585,Kosta Koufos,0.043,0.01,0.021,0.146,SAC,1610612758,32,0.41
274,25.0,0.009,0.014,5,"203123,1610612743",26,18,0.509,0.139,0.126,0.201,0.395,0.042,0.029,203123,Kostas Papanikolaou,0.01,0.014,0.024,0.038,DEN,1610612743,8,0.308
275,31.0,0.013,0.01,5,"2743,1610612737",53,24,0.476,0.121,0.146,0.154,0.44,0.054,0.043,2743,Kris Humphries,0.028,0.027,0.038,0.063,ATL,1610612737,29,0.547
276,20.0,0.033,0.006,5,"204001,1610612752",72,44,0.502,0.127,0.118,0.155,0.436,0.05,0.055,204001,Kristaps Porzingis,0.046,0.01,0.026,0.083,NYK,1610612752,28,0.389
277,22.0,0.012,0.007,5,"203937,1610612759",78,14,0.511,0.117,0.126,0.143,0.436,0.04,0.033,203937,Kyle Anderson,0.006,0.016,0.027,0.059,SAS,1610612759,64,0.821
278,35.0,0.007,0.002,5,"2594,1610612737",80,34,0.476,0.129,0.122,0.155,0.402,0.032,0.013,2594,Kyle Korver,0.017,0.02,0.023,0.011,ATL,1610612737,46,0.575
279,30.0,0.006,0.013,5,"200768,1610612761",77,23,0.502,0.122,0.109,0.15,0.413,0.037,0.076,200768,Kyle Lowry,0.028,0.05,0.05,0.078,TOR,1610612761,54,0.701
280,26.0,0.032,0.012,5,"203124,1610612752",65,39,0.497,0.152,0.142,0.158,0.429,0.07,0.037,203124,Kyle O'Quinn,0.042,0.01,0.027,0.094,NYK,1610612752,26,0.4
281,28.0,0.004,0.006,5,"202713,1610612760",68,25,0.481,0.134,0.145,0.195,0.46,0.059,0.021,202713,Kyle Singler,0.018,0.018,0.017,0.046,OKC,1610612760,43,0.632
282,24.0,0.005,0.016,5,"202681,1610612739",53,16,0.501,0.115,0.132,0.149,0.468,0.032,0.046,202681,Kyrie Irving,0.028,0.037,0.045,0.112,CLE,1610612739,37,0.698
283,30.0,0.018,0.008,5,"200746,1610612759",74,13,0.508,0.109,0.129,0.13,0.419,0.034,0.054,200746,LaMarcus Aldridge,0.051,0.016,0.046,0.138,SAS,1610612759,61,0.824
284,24.0,0.002,0.006,5,"203934,1610612737",35,12,0.479,0.099,0.133,0.138,0.434,0.055,0.028,203934,Lamar Patterson,0.007,0.025,0.027,0.034,ATL,1610612737,23,0.657
285,25.0,0.003,0.011,5,"202362,1610612763",69,33,0.492,0.132,0.139,0.169,0.422,0.048,0.034,202362,Lance Stephenson,0.023,0.026,0.039,0.107,MEM,1610612763,36,0.522
286,28.0,0.003,0.009,5,"202498,1610612752",59,34,0.5,0.137,0.138,0.181,0.471,0.042,0.041,202498,Lance Thomas,0.019,0.014,0.024,0.056,NYK,1610612752,25,0.424
287,24.0,0.005,0.005,5,"204038,1610612752",82,50,0.495,0.13,0.121,0.151,0.43,0.043,0.021,204038,Langston Galloway,0.012,0.031,0.025,0.053,NYK,1610612752,32,0.39
288,23.0,0.009,0.007,5,"1626204,1610612747",63,49,0.492,0.132,0.143,0.167,0.456,0.048,0.023,1626204,Larry Nance Jr.,0.029,0.024,0.026,0.091,LAL,1610612747,14,0.222
289,27.0,0.013,0.007,5,"202730,1610612754",79,36,0.5,0.13,0.127,0.165,0.398,0.046,0.023,202730,Lavoy Allen,0.04,0.005,0.025,0.092,IND,1610612754,43,0.544
290,31.0,0.009,0.013,5,"2544,1610612739",76,20,0.5,0.116,0.118,0.158,0.42,0.026,0.076,2544,LeBron James,0.033,0.075,0.075,0.196,CLE,1610612739,56,0.737
291,33.0,0.004,0.009,5,"2571,1610612744",68,8,0.478,0.14,0.144,0.154,0.437,0.047,0.029,2571,Leandro Barbosa,0.017,0.056,0.041,0.087,GSW,1610612744,60,0.882
292,25.0,0.008,0.0,5,"203485,1610612765",8,7,0.477,0.063,0.181,0.275,0.424,0.031,0.024,203485,Lorenzo Brown,0.031,0.024,0.055,0.063,DET,1610612765,1,0.125
293,33.0,0.017,0.007,5,"200811,1610612752",29,18,0.508,0.132,0.119,0.132,0.368,0.109,0.055,200811,Lou Amundson,0.037,0.012,0.012,0.089,NYK,1610612752,11,0.379
294,29.0,0.005,0.01,5,"101150,1610612747",67,53,0.483,0.152,0.165,0.166,0.489,0.027,0.065,101150,Lou Williams,0.024,0.039,0.035,0.051,LAL,1610612747,14,0.209
295,29.0,0.008,0.013,5,"201601,1610612746",75,26,0.51,0.124,0.12,0.139,0.413,0.04,0.018,201601,Luc Mbah a Moute,0.011,0.021,0.014,0.057,LAC,1610612746,49,0.653
296,23.0,0.027,0.007,5,"203512,1610612761",29,12,0.506,0.153,0.09,0.088,0.45,0.065,0.025,203512,Lucas Nogueira,0.014,0.018,0.025,0.122,TOR,1610612761,17,0.586
297,23.0,0.0,0.024,5,"1626242,1610612757",12,6,0.499,0.154,0.095,0.238,0.214,0.012,0.036,1626242,Luis Montero,0.0,0.012,0.048,0.048,POR,1610612757,6,0.5
298,36.0,0.008,0.011,5,"2449,1610612761",76,26,0.497,0.115,0.129,0.17,0.438,0.054,0.033,2449,Luis Scola,0.027,0.023,0.043,0.1,TOR,1610612761,50,0.658
299,27.0,0.004,0.014,5,"202337,1610612740",47,31,0.478,0.106,0.137,0.157,0.431,0.051,0.027,202337,Luke Babbitt,0.022,0.011,0.021,0.07,NOP,1610612740,16,0.34
300,31.0,0.006,0.006,5,"2736,1610612748",74,29,0.498,0.127,0.126,0.156,0.454,0.025,0.034,2736,Luol Deng,0.026,0.028,0.031,0.083,MIA,1610612748,45,0.608
301,38.0,0.005,0.01,5,"1938,1610612759",58,11,0.491,0.113,0.118,0.152,0.419,0.043,0.06,1938,Manu Ginobili,0.03,0.022,0.039,0.081,SAS,1610612759,47,0.81
302,31.0,0.02,0.007,5,"201188,1610612763",52,22,0.508,0.121,0.159,0.156,0.392,0.04,0.065,201188,Marc Gasol,0.02,0.007,0.033,0.104,MEM,1610612763,30,0.577
303,33.0,0.004,0.008,5,"1626273,1610612747",53,45,0.496,0.126,0.155,0.155,0.436,0.043,0.019,1626273,Marcelo Huertas,0.008,0.011,0.016,0.065,LAL,1610612747,8,0.151
304,32.0,0.02,0.011,5,"101162,1610612764",75,40,0.478,0.123,0.126,0.16,0.4,0.041,0.045,101162,Marcin Gortat,0.034,0.014,0.027,0.155,WAS,1610612764,35,0.467
305,30.0,0.001,0.003,5,"201158,1610612758",68,41,0.47,0.129,0.141,0.178,0.447,0.026,0.036,201158,Marco Belinelli,0.011,0.03,0.036,0.026,SAC,1610612758,27,0.397
306,26.0,0.004,0.005,5,"202694,1610612765",80,38,0.491,0.106,0.109,0.145,0.454,0.029,0.045,202694,Marcus Morris,0.02,0.018,0.032,0.048,DET,1610612765,42,0.525
307,22.0,0.005,0.011,5,"203935,1610612738",61,25,0.469,0.14,0.104,0.145,0.41,0.051,0.053,203935,Marcus Smart,0.028,0.021,0.028,0.063,BOS,1610612738,36,0.59
308,29.0,0.002,0.009,5,"201977,1610612764",61,29,0.467,0.146,0.159,0.173,0.459,0.038,0.024,201977,Marcus Thornton,0.034,0.035,0.039,0.075,WAS,1610612764,32,0.525
309,30.0,0.005,0.01,5,"201596,1610612763",61,23,0.494,0.136,0.136,0.159,0.375,0.065,0.086,201596,Mario Chalmers,0.019,0.037,0.045,0.08,MEM,1610612763,38,0.623
310,21.0,0.006,0.005,5,"1626209,1610612753",79,46,0.486,0.106,0.116,0.15,0.443,0.043,0.02,1626209,Mario Hezonja,0.014,0.026,0.035,0.048,ORL,1610612753,33,0.418
311,24.0,0.007,0.005,5,"203900,1610612751",62,50,0.491,0.142,0.134,0.194,0.49,0.047,0.043,203900,Markel Brown,0.022,0.034,0.032,0.058,BKN,1610612751,12,0.194
312,26.0,0.01,0.012,5,"202693,1610612764",64,42,0.474,0.11,0.146,0.18,0.397,0.054,0.039,202693,Markieff Morris,0.028,0.012,0.029,0.089,WAS,1610612764,22,0.344
313,28.0,0.02,0.018,5,"201578,1610612744",72,8,0.488,0.158,0.149,0.164,0.483,0.069,0.067,201578,Marreese Speights,0.038,0.022,0.034,0.097,GSW,1610612744,64,0.889
314,30.0,0.016,0.006,5,"101107,1610612766",81,34,0.495,0.116,0.119,0.138,0.41,0.028,0.027,101107,Marvin Williams,0.033,0.009,0.026,0.058,CHA,1610612766,47,0.58
315,26.0,0.02,0.015,5,"203486,1610612757",82,38,0.488,0.122,0.109,0.176,0.448,0.059,0.064,203486,Mason Plumlee,0.031,0.022,0.034,0.12,POR,1610612757,44,0.537
316,36.0,0.013,0.008,5,"2440,1610612763",76,38,0.497,0.121,0.156,0.149,0.395,0.053,0.023,2440,Matt Barnes,0.018,0.037,0.03,0.059,MEM,1610612763,38,0.5
317,36.0,0.003,0.005,5,"2588,1610612759",30,5,0.525,0.133,0.168,0.171,0.423,0.041,0.013,2588,Matt Bonner,0.008,0.005,0.031,0.036,SAS,1610612759,25,0.833
318,25.0,0.002,0.005,5,"203521,1610612739",76,22,0.503,0.112,0.103,0.156,0.389,0.048,0.024,203521,Matthew Dellavedova,0.015,0.008,0.022,0.04,CLE,1610612739,54,0.711
319,23.0,0.012,0.01,5,"203090,1610612757",78,38,0.486,0.137,0.109,0.166,0.405,0.041,0.025,203090,Maurice Harkless,0.036,0.03,0.029,0.101,POR,1610612757,40,0.513
320,36.0,0.009,0.013,5,"1897,1610612747",35,29,0.504,0.12,0.15,0.165,0.429,0.057,0.036,1897,Metta World Peace,0.022,0.009,0.03,0.036,LAL,1610612747,6,0.171
321,24.0,0.007,0.003,5,"203086,1610612757",61,28,0.487,0.119,0.111,0.164,0.371,0.067,0.022,203086,Meyers Leonard,0.016,0.012,0.016,0.038,POR,1610612757,33,0.541
322,27.0,0.012,0.017,5,"201563,1610612745",20,10,0.476,0.164,0.139,0.203,0.423,0.051,0.042,201563,Michael Beasley,0.05,0.033,0.053,0.186,HOU,1610612745,10,0.5
323,24.0,0.012,0.013,5,"203487,1610612749",54,33,0.494,0.142,0.134,0.187,0.422,0.049,0.052,203487,Michael Carter-Williams,0.01,0.026,0.03,0.11,MIL,1610612749,21,0.389
324,22.0,0.007,0.019,5,"203077,1610612766",7,2,0.498,0.075,0.153,0.131,0.409,0.022,0.054,203077,Michael Kidd-Gilchrist,0.032,0.073,0.029,0.126,CHA,1610612766,5,0.714
325,28.0,0.005,0.01,5,"201144,1610612763",56,23,0.508,0.121,0.147,0.138,0.4,0.029,0.053,201144,Mike Conley,0.017,0.028,0.044,0.089,MEM,1610612763,33,0.589
326,35.0,0.007,0.008,5,"2399,1610612741",31,18,0.489,0.145,0.129,0.156,0.464,0.046,0.024,2399,Mike Dunleavy,0.019,0.024,0.019,0.045,CHI,1610612741,13,0.419
327,36.0,0.005,0.004,5,"2034,1610612743",47,26,0.481,0.139,0.114,0.159,0.428,0.068,0.008,2034,Mike Miller,0.014,0.012,0.015,0.005,DEN,1610612743,21,0.447
328,24.0,0.024,0.002,5,"203488,1610612737",60,26,0.496,0.121,0.118,0.174,0.449,0.063,0.031,203488,Mike Muscala,0.039,0.014,0.027,0.083,ATL,1610612737,34,0.567
329,27.0,0.007,0.005,5,"203118,1610612737",75,29,0.486,0.111,0.104,0.162,0.387,0.043,0.025,203118,Mike Scott,0.022,0.034,0.03,0.082,ATL,1610612737,46,0.613
330,27.0,0.029,0.008,5,"203101,1610612749",61,38,0.499,0.135,0.127,0.182,0.46,0.042,0.031,203101,Miles Plumlee,0.04,0.014,0.03,0.148,MIL,1610612749,23,0.377
331,30.0,0.006,0.01,5,"203141,1610612756",79,56,0.468,0.127,0.18,0.192,0.462,0.044,0.036,203141,Mirza Teletovic,0.035,0.026,0.035,0.059,PHX,1610612756,23,0.291
332,24.0,0.013,0.019,5,"203956,1610612760",20,3,0.466,0.18,0.251,0.238,0.45,0.064,0.039,203956,Mitch McGary,0.013,0.019,0.019,0.09,OKC,1610612760,17,0.85
333,33.0,0.003,0.009,5,"2590,1610612739",41,14,0.498,0.111,0.124,0.188,0.413,0.04,0.026,2590,Mo Williams,0.013,0.029,0.035,0.036,CLE,1610612739,27,0.659
334,30.0,0.007,0.006,5,"101145,1610612754",81,37,0.481,0.131,0.129,0.167,0.413,0.031,0.034,101145,Monta Ellis,0.017,0.031,0.035,0.069,IND,1610612754,44,0.543
335,22.0,0.014,0.01,5,"1626149,1610612745",39,22,0.474,0.123,0.163,0.193,0.426,0.06,0.04,1626149,Montrezl Harrell,0.039,0.033,0.029,0.14,HOU,1610612745,17,0.436
336,20.0,0.03,0.008,5,"1626167,1610612754",60,28,0.482,0.135,0.117,0.154,0.43,0.056,0.043,1626167,Myles Turner,0.033,0.016,0.03,0.101,IND,1610612754,32,0.533
337,32.0,0.0,0.0,5,"101126,1610612740",2,2,0.466,0.14,0.1,0.22,0.52,0.1,0.0,101126,Nate Robinson,0.0,0.0,0.0,0.0,NOP,1610612740,0,0.0
338,38.0,0.0,0.0,5,"1737,1610612760",5,0,0.474,0.049,0.243,0.292,0.292,0.097,0.024,1737,Nazr Mohammed,0.049,0.0,0.049,0.097,OKC,1610612760,5,1.0
339,28.0,0.01,0.005,5,"202357,1610612750",60,40,0.489,0.117,0.126,0.202,0.441,0.07,0.028,202357,Nemanja Bjelica,0.02,0.011,0.014,0.053,MIN,1610612750,20,0.333
340,33.0,0.011,0.01,5,"2403,1610612764",57,29,0.479,0.103,0.119,0.154,0.41,0.068,0.072,2403,Nene,0.018,0.019,0.04,0.139,WAS,1610612764,28,0.491
341,22.0,0.024,0.01,5,"203457,1610612755",67,57,0.481,0.147,0.174,0.214,0.449,0.047,0.048,203457,Nerlens Noel,0.039,0.022,0.028,0.136,PHI,1610612755,10,0.149
342,35.0,0.011,0.007,5,"2555,1610612760",59,20,0.498,0.125,0.143,0.189,0.446,0.076,0.03,2555,Nick Collison,0.028,0.003,0.016,0.06,OKC,1610612760,39,0.661
343,31.0,0.003,0.005,5,"201156,1610612747",54,41,0.494,0.148,0.152,0.167,0.489,0.024,0.022,201156,Nick Young,0.022,0.022,0.027,0.01,LAL,1610612747,13,0.241
344,27.0,0.009,0.005,5,"201587,1610612766",70,29,0.492,0.121,0.129,0.148,0.425,0.023,0.03,201587,Nicolas Batum,0.015,0.024,0.036,0.05,CHA,1610612766,41,0.586
345,22.0,0.005,0.009,5,"203917,1610612755",73,65,0.474,0.139,0.167,0.194,0.452,0.03,0.026,203917,Nik Stauskas,0.012,0.026,0.028,0.045,PHI,1610612755,8,0.11
346,21.0,0.014,0.016,5,"203999,1610612743",80,49,0.491,0.101,0.121,0.158,0.396,0.059,0.056,203999,Nikola Jokic,0.046,0.011,0.028,0.139,DEN,1610612743,31,0.388
347,25.0,0.014,0.007,5,"202703,1610612741",66,29,0.484,0.134,0.133,0.161,0.479,0.044,0.04,202703,Nikola Mirotic,0.032,0.02,0.029,0.051,CHI,1610612741,37,0.561
348,30.0,0.0,0.007,5,"201593,1610612750",12,10,0.527,0.182,0.169,0.216,0.499,0.074,0.061,201593,Nikola Pekovic,0.034,0.0,0.013,0.121,MIN,1610612750,2,0.167
349,25.0,0.017,0.013,5,"202696,1610612753",65,37,0.488,0.107,0.136,0.158,0.421,0.041,0.038,202696,Nikola Vucevic,0.041,0.009,0.034,0.146,ORL,1610612753,28,0.431
350,20.0,0.011,0.01,5,"203943,1610612757",78,37,0.497,0.11,0.113,0.17,0.43,0.064,0.02,203943,Noah Vonleh,0.032,0.008,0.014,0.072,POR,1610612757,41,0.526
351,23.0,0.007,0.017,5,"1626181,1610612761",49,17,0.507,0.116,0.135,0.148,0.428,0.041,0.03,1626181,Norman Powell,0.008,0.045,0.038,0.059,TOR,1610612761,32,0.653
352,27.0,0.002,0.007,5,"202708,1610612740",45,25,0.482,0.118,0.111,0.135,0.469,0.041,0.029,202708,Norris Cole,0.008,0.031,0.03,0.063,NOP,1610612740,20,0.444
353,28.0,0.004,0.008,5,"201564,1610612749",41,24,0.495,0.149,0.139,0.175,0.437,0.057,0.02,201564,O.J. Mayo,0.012,0.025,0.027,0.029,MIL,1610612749,17,0.415
354,29.0,0.01,0.016,5,"201600,1610612740",68,39,0.492,0.096,0.124,0.146,0.426,0.052,0.043,201600,Omer Asik,0.035,0.003,0.008,0.087,NOP,1610612740,29,0.426
355,28.0,0.004,0.007,5,"201956,1610612758",69,42,0.468,0.136,0.139,0.18,0.421,0.038,0.034,201956,Omri Casspi,0.025,0.04,0.045,0.091,SAC,1610612758,27,0.391
356,27.0,0.014,0.014,5,"203111,1610612740",7,6,0.47,0.06,0.194,0.162,0.49,0.042,0.028,203111,Orlando Johnson,0.018,0.014,0.037,0.055,NOP,1610612740,1,0.143
357,23.0,0.007,0.006,5,"203490,1610612764",75,39,0.475,0.115,0.128,0.171,0.405,0.034,0.024,203490,Otto Porter,0.026,0.042,0.036,0.058,WAS,1610612764,36,0.48
358,23.0,0.004,0.006,5,"203798,1610612763",66,35,0.496,0.123,0.128,0.146,0.415,0.052,0.025,203798,PJ Hairston,0.013,0.03,0.024,0.045,MEM,1610612763,31,0.47
359,31.0,0.004,0.008,5,"200782,1610612756",82,59,0.477,0.124,0.169,0.213,0.413,0.038,0.029,200782,PJ Tucker,0.031,0.016,0.022,0.057,PHX,1610612756,23,0.28
360,39.0,0.001,0.003,5,"203143,1610612746",59,22,0.505,0.182,0.147,0.157,0.466,0.05,0.02,203143,Pablo Prigioni,0.013,0.014,0.023,0.029,LAC,1610612746,37,0.627
361,23.0,0.0,0.017,5,"1626192,1610612757",34,17,0.491,0.113,0.082,0.133,0.246,0.021,0.017,1626192,Pat Connaughton,0.01,0.01,0.01,0.048,POR,1610612757,17,0.5
362,27.0,0.006,0.008,5,"201976,1610612745",71,36,0.483,0.145,0.138,0.189,0.429,0.055,0.023,201976,Patrick Beverley,0.022,0.028,0.029,0.051,HOU,1610612745,35,0.493
363,27.0,0.008,0.003,5,"202335,1610612761",79,25,0.505,0.131,0.105,0.134,0.4,0.032,0.014,202335,Patrick Patterson,0.024,0.005,0.021,0.039,TOR,1610612761,54,0.684
364,27.0,0.002,0.004,5,"201988,1610612759",81,15,0.494,0.115,0.113,0.146,0.432,0.03,0.036,201988,Patty Mills,0.018,0.024,0.029,0.037,SAS,1610612759,66,0.815
365,35.0,0.031,0.012,5,"2200,1610612741",72,36,0.484,0.155,0.139,0.16,0.45,0.031,0.055,2200,Pau Gasol,0.041,0.008,0.022,0.094,CHI,1610612741,36,0.5
366,26.0,0.005,0.013,5,"202331,1610612754",81,37,0.481,0.129,0.12,0.163,0.41,0.039,0.074,202331,Paul George,0.031,0.045,0.064,0.074,IND,1610612754,44,0.543
367,31.0,0.025,0.013,5,"200794,1610612737",81,33,0.481,0.14,0.128,0.159,0.423,0.043,0.065,200794,Paul Millsap,0.028,0.024,0.047,0.126,ATL,1610612737,48,0.593
368,38.0,0.007,0.007,5,"1718,1610612746",68,24,0.495,0.137,0.14,0.138,0.422,0.052,0.025,1718,Paul Pierce,0.009,0.021,0.025,0.023,LAC,1610612746,44,0.647
369,25.0,0.006,0.014,5,"203515,1610612756",23,20,0.456,0.129,0.169,0.177,0.467,0.045,0.034,203515,Phil Pressey,0.002,0.039,0.027,0.074,PHX,1610612756,3,0.13
370,25.0,0.013,0.003,5,"203112,1610612758",59,38,0.472,0.138,0.154,0.194,0.414,0.056,0.04,203112,Quincy Acy,0.04,0.025,0.032,0.087,SAC,1610612758,21,0.356
371,22.0,0.006,0.006,5,"1626154,1610612738",36,15,0.481,0.093,0.156,0.17,0.447,0.044,0.015,1626154,RJ Hunter,0.028,0.009,0.031,0.028,BOS,1610612738,21,0.583
372,30.0,0.002,0.01,5,"200765,1610612758",72,43,0.463,0.131,0.149,0.19,0.422,0.032,0.028,200765,Rajon Rondo,0.013,0.019,0.023,0.084,SAC,1610612758,29,0.403
373,24.0,0.0,0.0,5,"1626176,1610612754",1,0,0.508,0.25,0.167,0.833,0.667,0.083,0.0,1626176,Rakeem Christmas,0.0,0.0,0.0,0.333,IND,1610612754,1,1.0
374,30.0,0.001,0.011,5,"201196,1610612764",82,41,0.478,0.11,0.123,0.144,0.427,0.029,0.061,201196,Ramon Sessions,0.01,0.062,0.038,0.116,WAS,1610612764,41,0.5
375,32.0,0.009,0.008,5,"200751,1610612760",81,44,0.491,0.127,0.141,0.185,0.438,0.039,0.021,200751,Randy Foye,0.013,0.01,0.025,0.037,OKC,1610612760,37,0.457
376,19.0,0.008,0.012,5,"1626173,1610612749",70,40,0.498,0.13,0.152,0.196,0.462,0.036,0.009,1626173,Rashad Vaughn,0.007,0.019,0.024,0.021,MIL,1610612749,30,0.429
377,37.0,0.027,0.005,5,"2446,1610612759",46,5,0.512,0.113,0.135,0.147,0.462,0.013,0.018,2446,Rasual Butler,0.007,0.03,0.03,0.045,SAS,1610612759,41,0.891
378,24.0,0.001,0.01,5,"203526,1610612762",81,41,0.522,0.121,0.123,0.171,0.427,0.043,0.038,203526,Raul Neto,0.016,0.022,0.028,0.058,UTA,1610612762,40,0.494
379,25.0,0.008,0.014,5,"203492,1610612763",41,11,0.509,0.119,0.131,0.152,0.414,0.031,0.019,203492,Ray McCallum,0.012,0.027,0.026,0.051,MEM,1610612763,30,0.732
380,32.0,0.003,0.007,5,"101109,1610612742",80,40,0.505,0.145,0.175,0.159,0.427,0.032,0.035,101109,Raymond Felton,0.012,0.019,0.029,0.072,DAL,1610612742,40,0.5
381,25.0,0.002,0.006,5,"203493,1610612765",37,15,0.503,0.11,0.105,0.162,0.443,0.034,0.018,203493,Reggie Bullock,0.02,0.02,0.016,0.035,DET,1610612765,22,0.595
382,26.0,0.002,0.014,5,"202704,1610612765",79,36,0.488,0.109,0.106,0.145,0.465,0.038,0.054,202704,Reggie Jackson,0.025,0.027,0.038,0.129,DET,1610612765,43,0.544
383,36.0,0.005,0.004,5,"2210,1610612739",74,23,0.502,0.116,0.101,0.169,0.414,0.049,0.03,2210,Richard Jefferson,0.014,0.023,0.021,0.048,CLE,1610612739,51,0.689
384,22.0,0.027,0.013,5,"1626158,1610612755",51,44,0.473,0.141,0.161,0.201,0.42,0.062,0.044,1626158,Richaun Holmes,0.04,0.02,0.026,0.135,PHI,1610612755,7,0.137
385,25.0,0.002,0.007,5,"201937,1610612750",76,48,0.491,0.139,0.128,0.164,0.458,0.043,0.055,201937,Ricky Rubio,0.007,0.027,0.026,0.03,MIN,1610612750,28,0.368
386,25.0,0.01,0.01,5,"203496,1610612755",67,57,0.474,0.136,0.145,0.181,0.423,0.058,0.033,203496,Robert Covington,0.025,0.034,0.048,0.046,PHI,1610612755,10,0.149
387,27.0,0.015,0.014,5,"203135,1610612747",25,23,0.482,0.128,0.182,0.17,0.461,0.065,0.039,203135,Robert Sacre,0.029,0.009,0.014,0.06,LAL,1610612747,2,0.08
388,28.0,0.03,0.006,5,"201577,1610612752",82,50,0.508,0.127,0.141,0.17,0.463,0.042,0.032,201577,Robin Lopez,0.058,0.005,0.017,0.149,NYK,1610612752,32,0.39
389,23.0,0.003,0.008,5,"203918,1610612762",79,40,0.521,0.12,0.124,0.17,0.425,0.041,0.033,203918,Rodney Hood,0.033,0.018,0.036,0.069,UTA,1610612762,39,0.494
390,30.0,0.003,0.012,5,"201155,1610612754",58,25,0.491,0.139,0.118,0.172,0.428,0.03,0.052,201155,Rodney Stuckey,0.009,0.048,0.037,0.076,IND,1610612754,33,0.569
391,21.0,0.013,0.006,5,"1626178,1610612751",29,22,0.489,0.126,0.15,0.176,0.434,0.048,0.037,1626178,Rondae Hollis-Jefferson,0.021,0.033,0.035,0.064,BKN,1610612751,7,0.241
392,33.0,0.005,0.005,5,"101179,1610612756",62,42,0.477,0.106,0.155,0.184,0.403,0.063,0.028,101179,Ronnie Price,0.009,0.023,0.029,0.028,PHX,1610612756,20,0.323
393,29.0,0.029,0.008,5,"201579,1610612747",81,64,0.489,0.158,0.199,0.176,0.493,0.066,0.039,201579,Roy Hibbert,0.03,0.003,0.008,0.062,LAL,1610612747,17,0.21
394,29.0,0.01,0.012,5,"200752,1610612758",70,41,0.469,0.127,0.15,0.18,0.432,0.036,0.042,200752,Rudy Gay,0.028,0.042,0.04,0.113,SAC,1610612758,29,0.414
395,24.0,0.036,0.011,5,"203497,1610612762",61,28,0.519,0.128,0.119,0.172,0.401,0.044,0.064,203497,Rudy Gobert,0.051,0.009,0.019,0.105,UTA,1610612762,33,0.541
396,25.0,0.007,0.037,5,"203893,1610612763",15,9,0.489,0.089,0.192,0.31,0.384,0.037,0.059,203893,Russ Smith,0.0,0.03,0.03,0.074,MEM,1610612763,6,0.4
397,27.0,0.003,0.015,5,"201566,1610612760",80,25,0.478,0.14,0.125,0.169,0.45,0.035,0.075,201566,Russell Westbrook,0.03,0.086,0.049,0.143,OKC,1610612760,55,0.688
398,28.0,0.006,0.01,5,"201583,1610612740",66,42,0.476,0.119,0.113,0.146,0.445,0.026,0.046,201583,Ryan Anderson,0.041,0.017,0.035,0.068,NOP,1610612740,24,0.364
399,31.0,0.023,0.014,5,"200797,1610612763",37,19,0.504,0.112,0.135,0.182,0.397,0.068,0.054,200797,Ryan Hollins,0.047,0.009,0.013,0.103,MEM,1610612763,18,0.486
400,25.0,0.01,0.013,5,"203527,1610612747",36,33,0.478,0.147,0.118,0.132,0.466,0.04,0.045,203527,Ryan Kelly,0.031,0.026,0.032,0.059,LAL,1610612747,3,0.083
401,30.0,0.046,0.019,5,"1626257,1610612742",34,18,0.507,0.128,0.171,0.143,0.344,0.069,0.056,1626257,Salah Mejri,0.029,0.011,0.018,0.125,DAL,1610612742,16,0.471
402,22.0,0.0,0.0,5,"1626155,1610612745",3,2,0.459,0.0,0.0,0.0,0.597,0.0,0.0,1626155,Sam Dekker,0.0,0.0,0.0,0.0,HOU,1610612745,1,0.333
403,31.0,0.026,0.026,5,"201619,1610612739",25,7,0.488,0.159,0.102,0.164,0.338,0.056,0.031,201619,Sasha Kaun,0.036,0.01,0.031,0.092,CLE,1610612739,18,0.72
404,32.0,0.003,0.004,5,"2756,1610612752",61,39,0.497,0.123,0.141,0.15,0.423,0.045,0.029,2756,Sasha Vujacic,0.02,0.017,0.024,0.019,NYK,1610612752,22,0.361
405,26.0,0.002,0.011,5,"203930,1610612751",31,24,0.478,0.147,0.15,0.179,0.501,0.029,0.04,203930,Sean Kilpatrick,0.03,0.059,0.047,0.098,BKN,1610612751,7,0.226
406,26.0,0.028,0.005,5,"201586,1610612760",78,24,0.48,0.144,0.124,0.162,0.444,0.04,0.02,201586,Serge Ibaka,0.036,0.021,0.026,0.073,OKC,1610612760,54,0.692
407,22.0,0.002,0.004,5,"203508,1610612751",40,31,0.487,0.123,0.149,0.185,0.522,0.033,0.04,203508,Sergey Karasev,0.015,0.01,0.011,0.027,BKN,1610612751,9,0.225
408,25.0,0.002,0.008,5,"203552,1610612758",44,27,0.471,0.142,0.16,0.167,0.403,0.028,0.027,203552,Seth Curry,0.018,0.033,0.026,0.039,SAC,1610612758,17,0.386
409,23.0,0.002,0.016,5,"203498,1610612750",82,53,0.495,0.136,0.142,0.201,0.488,0.028,0.054,203498,Shabazz Muhammad,0.046,0.051,0.045,0.134,MIN,1610612750,29,0.354
410,24.0,0.001,0.006,5,"203894,1610612753",55,32,0.497,0.114,0.138,0.163,0.425,0.032,0.039,203894,Shabazz Napier,0.009,0.006,0.026,0.025,ORL,1610612753,23,0.418
411,23.0,0.003,0.009,5,"203499,1610612751",78,58,0.493,0.116,0.143,0.199,0.504,0.034,0.035,203499,Shane Larkin,0.009,0.026,0.029,0.074,BKN,1610612751,20,0.256
412,30.0,0.009,0.006,5,"2733,1610612744",78,9,0.49,0.147,0.127,0.155,0.462,0.045,0.028,2733,Shaun Livingston,0.012,0.025,0.016,0.076,GSW,1610612744,69,0.885
413,25.0,0.012,0.0,5,"203963,1610612754",7,3,0.505,0.087,0.112,0.211,0.322,0.087,0.025,203963,Shayne Whittington,0.025,0.0,0.012,0.124,IND,1610612754,4,0.571
414,26.0,0.001,0.011,5,"202714,1610612762",52,25,0.509,0.111,0.116,0.196,0.421,0.035,0.033,202714,Shelvin Mack,0.013,0.031,0.035,0.111,UTA,1610612762,27,0.519
415,25.0,0.006,0.007,5,"203524,1610612754",59,28,0.487,0.143,0.121,0.153,0.425,0.038,0.021,203524,Solomon Hill,0.026,0.015,0.03,0.067,IND,1610612754,31,0.525
416,29.0,0.001,0.009,5,"201603,1610612755",43,37,0.466,0.113,0.163,0.183,0.413,0.044,0.015,201603,Sonny Weems,0.01,0.009,0.01,0.03,PHI,1610612755,6,0.14
417,23.0,0.0,0.013,5,"203915,1610612765",12,7,0.503,0.088,0.107,0.142,0.398,0.063,0.098,203915,Spencer Dinwiddie,0.016,0.016,0.009,0.082,DET,1610612765,5,0.417
418,28.0,0.013,0.006,5,"201150,1610612766",57,27,0.489,0.112,0.137,0.157,0.374,0.052,0.028,201150,Spencer Hawes,0.026,0.005,0.016,0.062,CHA,1610612766,30,0.526
419,20.0,0.003,0.01,5,"1626169,1610612765",73,36,0.489,0.105,0.109,0.157,0.429,0.052,0.024,1626169,Stanley Johnson,0.02,0.034,0.026,0.071,DET,1610612765,37,0.507
420,28.0,0.003,0.009,5,"201939,1610612744",79,8,0.464,0.127,0.139,0.157,0.423,0.028,0.061,201939,Stephen Curry,0.033,0.086,0.065,0.109,GSW,1610612744,71,0.899
421,36.0,0.003,0.005,5,"2581,1610612765",58,24,0.495,0.111,0.105,0.151,0.43,0.035,0.024,2581,Steve Blake,0.014,0.007,0.02,0.021,DET,1610612765,34,0.586
422,33.0,0.0,0.0,5,"200779,1610612749",10,2,0.448,0.152,0.182,0.202,0.364,0.03,0.02,200779,Steve Novak,0.03,0.0,0.0,0.0,MIL,1610612749,8,0.8
423,22.0,0.021,0.007,5,"203500,1610612760",80,26,0.483,0.133,0.13,0.16,0.429,0.054,0.047,203500,Steven Adams,0.04,0.01,0.018,0.122,OKC,1610612760,54,0.675
424,24.0,0.003,0.007,5,"204456,1610612755",81,71,0.485,0.136,0.178,0.2,0.459,0.034,0.022,204456,TJ McConnell,0.011,0.014,0.031,0.066,PHI,1610612755,10,0.123
425,22.0,0.007,0.007,5,"203933,1610612756",47,33,0.468,0.118,0.172,0.204,0.447,0.041,0.028,203933,TJ Warren,0.039,0.042,0.048,0.109,PHX,1610612756,14,0.298
426,31.0,0.02,0.014,5,"201959,1610612741",73,36,0.498,0.154,0.149,0.165,0.446,0.046,0.041,201959,Taj Gibson,0.04,0.008,0.021,0.11,CHI,1610612741,37,0.507
427,24.0,0.018,0.009,5,"204028,1610612747",39,33,0.496,0.119,0.129,0.158,0.418,0.078,0.038,204028,Tarik Black,0.036,0.006,0.015,0.112,LAL,1610612747,6,0.154
428,36.0,0.005,0.001,5,"2419,1610612750",77,50,0.51,0.142,0.122,0.164,0.482,0.022,0.01,2419,Tayshaun Prince,0.01,0.007,0.014,0.024,MIN,1610612750,27,0.351
429,24.0,0.018,0.018,5,"203093,1610612745",50,26,0.483,0.153,0.143,0.179,0.475,0.04,0.038,203093,Terrence Jones,0.033,0.032,0.044,0.121,HOU,1610612745,24,0.48
430,25.0,0.007,0.004,5,"203082,1610612761",73,20,0.502,0.118,0.098,0.146,0.407,0.034,0.013,203082,Terrence Ross,0.015,0.027,0.037,0.041,TOR,1610612761,53,0.726
431,22.0,0.002,0.006,5,"1626179,1610612738",39,15,0.48,0.106,0.18,0.136,0.469,0.035,0.023,1626179,Terry Rozier,0.032,0.009,0.015,0.046,BOS,1610612738,24,0.615
432,32.0,0.01,0.007,5,"200757,1610612737",75,33,0.493,0.129,0.114,0.167,0.423,0.031,0.024,200757,Thabo Sefolosha,0.015,0.03,0.042,0.066,ATL,1610612737,42,0.56
433,28.0,0.008,0.016,5,"201152,1610612751",73,52,0.497,0.117,0.152,0.185,0.497,0.038,0.032,201152,Thaddeus Young,0.034,0.029,0.037,0.171,BKN,1610612751,21,0.288
434,23.0,0.0,0.0,5,"203648,1610612752",2,1,0.485,0.155,0.0,0.155,0.155,0.155,0.0,203648,Thanasis Antetokounmpo,0.0,0.155,0.0,0.466,NYK,1610612752,1,0.5
435,25.0,0.019,0.014,5,"203080,1610612751",71,55,0.492,0.149,0.143,0.202,0.489,0.06,0.048,203080,Thomas Robinson,0.064,0.019,0.03,0.131,BKN,1610612751,16,0.225
436,31.0,0.01,0.016,5,"201168,1610612737",36,15,0.486,0.119,0.132,0.174,0.366,0.06,0.039,201168,Tiago Splitter,0.041,0.008,0.03,0.133,ATL,1610612737,21,0.583
437,26.0,0.013,0.026,5,"202353,1610612762",12,5,0.528,0.155,0.123,0.246,0.414,0.123,0.006,202353,Tibor Pleiss,0.039,0.0,0.013,0.091,UTA,1610612762,7,0.583
438,40.0,0.026,0.012,5,"1495,1610612759",61,11,0.505,0.106,0.126,0.133,0.381,0.041,0.037,1495,Tim Duncan,0.031,0.006,0.022,0.118,SAS,1610612759,50,0.82
439,25.0,0.001,0.015,5,"204025,1610612740",51,26,0.498,0.128,0.103,0.166,0.395,0.049,0.056,204025,Tim Frazier,0.012,0.022,0.03,0.069,NOP,1610612740,25,0.49
440,24.0,0.004,0.008,5,"203501,1610612737",51,22,0.488,0.116,0.091,0.162,0.385,0.027,0.027,203501,Tim Hardaway Jr.,0.015,0.049,0.033,0.053,ATL,1610612737,29,0.569
441,29.0,0.022,0.011,5,"202389,1610612739",76,24,0.507,0.117,0.13,0.173,0.415,0.061,0.044,202389,Timofey Mozgov,0.027,0.013,0.021,0.131,CLE,1610612739,52,0.684
442,23.0,0.008,0.014,5,"202699,1610612765",76,39,0.493,0.111,0.122,0.156,0.421,0.03,0.037,202699,Tobias Harris,0.032,0.032,0.036,0.109,DET,1610612765,37,0.487
443,30.0,0.002,0.011,5,"201962,1610612740",61,39,0.485,0.109,0.128,0.15,0.441,0.05,0.037,201962,Toney Douglas,0.011,0.038,0.043,0.052,NOP,1610612740,22,0.361
444,34.0,0.006,0.019,5,"2754,1610612763",64,30,0.51,0.124,0.151,0.163,0.43,0.055,0.033,2754,Tony Allen,0.023,0.046,0.046,0.11,MEM,1610612763,34,0.531
445,34.0,0.003,0.01,5,"2225,1610612759",72,13,0.506,0.106,0.136,0.13,0.415,0.029,0.038,2225,Tony Parker,0.01,0.028,0.031,0.104,SAS,1610612759,59,0.819
446,24.0,0.006,0.011,5,"203503,1610612741",64,31,0.488,0.142,0.118,0.147,0.432,0.038,0.014,203503,Tony Snell,0.019,0.019,0.02,0.036,CHI,1610612741,33,0.516
447,23.0,0.0,0.035,5,"203100,1610612752",8,8,0.46,0.147,0.194,0.268,0.453,0.035,0.076,203100,Tony Wroten,0.022,0.051,0.041,0.115,NYK,1610612752,0,0.0
448,30.0,0.004,0.006,5,"2772,1610612745",81,41,0.482,0.142,0.145,0.199,0.446,0.03,0.019,2772,Trevor Ariza,0.018,0.038,0.039,0.049,HOU,1610612745,40,0.494
449,28.0,0.013,0.006,5,"202344,1610612762",79,40,0.51,0.116,0.125,0.18,0.423,0.053,0.026,202344,Trevor Booker,0.037,0.019,0.023,0.106,UTA,1610612762,39,0.494
450,23.0,0.002,0.012,5,"203504,1610612762",64,33,0.506,0.13,0.121,0.164,0.412,0.032,0.029,203504,Trey Burke,0.018,0.025,0.041,0.067,UTA,1610612762,31,0.484
451,20.0,0.007,0.006,5,"1626168,1610612762",80,42,0.521,0.13,0.129,0.164,0.448,0.043,0.029,1626168,Trey Lyles,0.023,0.012,0.031,0.072,UTA,1610612762,38,0.475
452,25.0,0.011,0.008,5,"202684,1610612739",82,25,0.502,0.11,0.104,0.155,0.428,0.045,0.05,202684,Tristan Thompson,0.047,0.009,0.02,0.107,CLE,1610612739,57,0.695
453,24.0,0.003,0.003,5,"203584,1610612766",43,18,0.487,0.126,0.146,0.162,0.429,0.041,0.011,203584,Troy Daniels,0.021,0.012,0.046,0.016,CHA,1610612766,25,0.581
454,28.0,0.002,0.009,5,"201951,1610612754",66,35,0.471,0.148,0.139,0.185,0.472,0.029,0.028,201951,Ty Lawson,0.006,0.02,0.025,0.045,IND,1610612754,31,0.47
455,21.0,0.001,0.014,5,"203898,1610612749",46,29,0.503,0.138,0.121,0.178,0.475,0.049,0.028,203898,Tyler Ennis,0.014,0.017,0.028,0.088,MIL,1610612749,17,0.37
456,30.0,0.01,0.019,5,"201946,1610612766",44,16,0.505,0.099,0.133,0.171,0.445,0.081,0.075,201946,Tyler Hansbrough,0.047,0.009,0.019,0.088,CHA,1610612766,28,0.636
457,24.0,0.008,0.012,5,"204020,1610612748",36,17,0.513,0.135,0.099,0.17,0.436,0.039,0.038,204020,Tyler Johnson,0.017,0.015,0.033,0.075,MIA,1610612748,19,0.528
458,26.0,0.015,0.013,5,"203092,1610612738",60,22,0.473,0.144,0.125,0.164,0.427,0.065,0.062,203092,Tyler Zeller,0.037,0.028,0.027,0.141,BOS,1610612738,38,0.633
459,26.0,0.005,0.015,5,"201936,1610612740",25,14,0.503,0.124,0.101,0.151,0.412,0.043,0.049,201936,Tyreke Evans,0.03,0.038,0.043,0.114,NOP,1610612740,11,0.44
460,33.0,0.013,0.007,5,"2199,1610612756",66,48,0.482,0.116,0.188,0.216,0.403,0.043,0.046,2199,Tyson Chandler,0.051,0.011,0.019,0.107,PHX,1610612756,18,0.273
461,20.0,0.003,0.01,5,"1626145,1610612750",37,24,0.492,0.128,0.175,0.203,0.51,0.028,0.03,1626145,Tyus Jones,0.011,0.021,0.025,0.058,MIN,1610612750,13,0.351
462,36.0,0.004,0.002,5,"2617,1610612748",37,12,0.521,0.144,0.076,0.158,0.401,0.05,0.044,2617,Udonis Haslem,0.01,0.0,0.018,0.056,MIA,1610612748,25,0.676
463,24.0,0.011,0.014,5,"203506,1610612753",72,40,0.486,0.123,0.133,0.167,0.438,0.036,0.042,203506,Victor Oladipo,0.018,0.041,0.05,0.085,ORL,1610612753,32,0.444
464,39.0,0.008,0.007,5,"1713,1610612763",60,27,0.489,0.122,0.147,0.156,0.334,0.049,0.037,1713,Vince Carter,0.022,0.018,0.04,0.05,MEM,1610612763,33,0.55
465,24.0,0.039,0.013,5,"204002,1610612737",11,4,0.474,0.098,0.131,0.281,0.431,0.052,0.026,204002,Walter Tavares,0.072,0.026,0.059,0.131,ATL,1610612737,7,0.636
466,28.0,0.002,0.007,5,"201961,1610612751",76,58,0.492,0.125,0.147,0.177,0.497,0.025,0.014,201961,Wayne Ellington,0.016,0.028,0.036,0.033,BKN,1610612751,18,0.237
467,28.0,0.016,0.002,5,"202325,1610612746",80,29,0.485,0.145,0.129,0.15,0.419,0.05,0.012,202325,Wesley Johnson,0.016,0.031,0.028,0.035,LAC,1610612746,51,0.638
468,29.0,0.003,0.007,5,"202083,1610612742",78,38,0.506,0.141,0.157,0.139,0.426,0.034,0.029,202083,Wesley Matthews,0.018,0.018,0.029,0.031,DAL,1610612742,40,0.513
469,25.0,0.008,0.012,5,"203115,1610612743",82,49,0.486,0.128,0.125,0.17,0.444,0.03,0.042,203115,Will Barton,0.02,0.055,0.049,0.105,DEN,1610612743,33,0.402
470,22.0,0.022,0.007,5,"1626161,1610612758",66,40,0.475,0.143,0.156,0.184,0.43,0.049,0.03,1626161,Willie Cauley-Stein,0.033,0.033,0.018,0.121,SAC,1610612758,26,0.394
471,26.0,0.035,0.009,5,"203186,1610612751",39,31,0.498,0.105,0.174,0.221,0.465,0.055,0.074,203186,Willie Reed,0.071,0.008,0.029,0.171,BKN,1610612751,8,0.205
472,24.0,0.006,0.014,5,"204098,1610612763",14,11,0.488,0.102,0.162,0.146,0.344,0.05,0.03,204098,Xavier Munford,0.01,0.022,0.028,0.06,MEM,1610612763,3,0.214
473,21.0,0.004,0.013,5,"203897,1610612750",82,53,0.486,0.129,0.14,0.202,0.48,0.041,0.032,203897,Zach LaVine,0.02,0.058,0.045,0.09,MIN,1610612750,29,0.354
474,34.0,0.003,0.018,5,"2216,1610612763",68,31,0.503,0.132,0.157,0.155,0.421,0.036,0.047,2216,Zach Randolph,0.059,0.009,0.04,0.144,MEM,1610612763,37,0.544
475,32.0,0.006,0.012,5,"2585,1610612742",76,36,0.51,0.131,0.166,0.147,0.433,0.046,0.066,2585,Zaza Pachulia,0.032,0.01,0.021,0.096,DAL,1610612742,40,0.526
