,AGE,BLK,BLKA,CFID,CFPARAMS,GP,L,MIN,OPP_PTS_2ND_CHANCE,OPP_PTS_FB,OPP_PTS_OFF_TOV,OPP_PTS_PAINT,PF,PFD,PLAYER_ID,PLAYER_NAME,PTS_2ND_CHANCE,PTS_FB,PTS_OFF_TOV,PTS_PAINT,TEAM_ABBREVIATION,TEAM_ID,W,W_PCT
0,30.0,0.0,0.0,5,"201143,1610612737",1,1,9.4,7.0,4.0,0.0,12.0,0.0,0.0,201143,Al Horford,0.0,3.0,0.0,0.0,ATL,1610612737,0,0.0
1,22.0,0.0,0.0,5,"203083,1610612765",1,1,18.2,13.0,18.0,4.0,28.0,1.0,0.0,203083,Andre Drummond,8.0,4.0,2.0,16.0,DET,1610612765,0,0.0
2,23.0,0.0,0.0,5,"203076,1610612740",1,0,15.2,5.0,10.0,7.0,22.0,1.0,0.0,203076,Anthony Davis,6.0,4.0,0.0,22.0,NOP,1610612740,1,1.0
3,32.0,1.0,0.0,5,"2546,1610612752",1,1,22.9,14.0,22.0,21.0,54.0,2.0,1.0,2546,Carmelo Anthony,6.0,3.0,2.0,8.0,NYK,1610612752,0,0.0
4,31.0,0.0,0.0,5,"101108,1610612746",1,0,19.0,7.0,10.0,11.0,30.0,1.0,1.0,101108,Chris Paul,0.0,2.0,0.0,2.0,LAC,1610612746,1,1.0
5,26.0,0.0,0.0,5,"201942,1610612761",1,1,18.9,9.0,16.0,2.0,26.0,0.0,3.0,201942,DeMar DeRozan,2.0,4.0,4.0,14.0,TOR,1610612761,0,0.0
6,25.0,0.0,0.0,5,"202326,1610612758",1,0,11.6,7.0,7.0,4.0,22.0,2.0,2.0,202326,DeMarcus Cousins,2.0,4.0,0.0,8.0,SAC,1610612758,1,1.0
7,26.0,0.0,0.0,5,"203110,1610612744",1,0,12.1,7.0,7.0,4.0,20.0,1.0,1.0,203110,Draymond Green,0.0,0.0,2.0,4.0,GSW,1610612744,1,1.0
8,34.0,0.0,0.0,5,"2548,1610612748",1,1,22.9,14.0,22.0,21.0,54.0,0.0,0.0,2548,Dwyane Wade,2.0,4.0,4.0,8.0,MIA,1610612748,0,0.0
9,27.0,0.0,0.0,5,"202738,1610612738",1,1,19.0,14.0,17.0,4.0,30.0,1.0,0.0,202738,Isaiah Thomas,2.0,3.0,3.0,6.0,BOS,1610612738,0,0.0
10,26.0,0.0,0.0,5,"201935,1610612745",1,0,20.9,7.0,12.0,11.0,34.0,0.0,0.0,201935,James Harden,3.0,2.0,0.0,2.0,HOU,1610612745,1,1.0
11,25.0,0.0,0.0,5,"202322,1610612764",1,1,19.5,10.0,14.0,2.0,26.0,0.0,0.0,202322,John Wall,0.0,2.0,0.0,14.0,WAS,1610612764,0,0.0
12,24.0,0.0,0.0,5,"202695,1610612759",1,0,25.8,24.0,18.0,8.0,62.0,0.0,0.0,202695,Kawhi Leonard,4.0,2.0,3.0,10.0,SAS,1610612759,1,1.0
13,27.0,0.0,0.0,5,"201142,1610612760",1,0,23.1,19.0,13.0,8.0,54.0,0.0,1.0,201142,Kevin Durant,4.0,12.0,8.0,20.0,OKC,1610612760,1,1.0
14,26.0,0.0,0.0,5,"202691,1610612744",1,0,20.9,7.0,12.0,11.0,34.0,0.0,0.0,202691,Klay Thompson,0.0,6.0,0.0,0.0,GSW,1610612744,1,1.0
15,37.0,0.0,0.0,5,"977,1610612747",1,0,26.0,24.0,18.0,8.0,62.0,1.0,3.0,977,Kobe Bryant,2.0,0.0,0.0,2.0,LAL,1610612747,1,1.0
16,30.0,1.0,0.0,5,"200768,1610612761",1,1,28.5,21.0,30.0,23.0,62.0,2.0,0.0,200768,Kyle Lowry,3.0,0.0,0.0,2.0,TOR,1610612761,0,0.0
17,30.0,0.0,1.0,5,"200746,1610612759",1,0,14.1,5.0,10.0,7.0,22.0,0.0,0.0,200746,LaMarcus Aldridge,0.0,2.0,2.0,0.0,SAS,1610612759,1,1.0
18,31.0,0.0,0.0,5,"2544,1610612739",1,1,20.2,14.0,22.0,21.0,50.0,0.0,0.0,2544,LeBron James,0.0,2.0,2.0,10.0,CLE,1610612739,0,0.0
19,35.0,0.0,0.0,5,"2200,1610612741",1,1,14.5,6.0,16.0,2.0,16.0,2.0,4.0,2200,Pau Gasol,2.0,0.0,2.0,4.0,CHI,1610612741,0,0.0
20,26.0,0.0,0.0,5,"202331,1610612754",1,1,26.8,19.0,22.0,21.0,52.0,0.0,0.0,202331,Paul George,3.0,5.0,0.0,14.0,IND,1610612754,0,0.0
21,31.0,0.0,0.0,5,"200794,1610612737",1,1,19.1,14.0,17.0,4.0,30.0,0.0,0.0,200794,Paul Millsap,3.0,0.0,0.0,0.0,ATL,1610612737,0,0.0
22,27.0,0.0,1.0,5,"201566,1610612760",1,0,22.3,19.0,13.0,8.0,52.0,1.0,0.0,201566,Russell Westbrook,5.0,8.0,8.0,10.0,OKC,1610612760,1,1.0
23,28.0,0.0,0.0,5,"201939,1610612744",1,0,29.0,24.0,20.0,8.0,66.0,1.0,0.0,201939,Stephen Curry,5.0,2.0,2.0,8.0,GSW,1610612744,1,1.0
