,AGE,BLK,BLKA,CFID,CFPARAMS,GP,L,MIN,OPP_PTS_2ND_CHANCE,OPP_PTS_FB,OPP_PTS_OFF_TOV,OPP_PTS_PAINT,PF,PFD,PLAYER_ID,PLAYER_NAME,PTS_2ND_CHANCE,PTS_FB,PTS_OFF_TOV,PTS_PAINT,TEAM_ABBREVIATION,TEAM_ID,W,W_PCT
0,31.0,10,33,5,"201166,1610612741",69,33,1107.61,287,317,362,950,132,77,201166,Aaron Brooks,16,41,38,184,CHI,1610612741,36,0.522
1,20.0,55,34,5,"203932,1610612753",78,46,1862.92,408,519,607,1710,153,146,203932,Aaron Gordon,175,127,148,400,ORL,1610612753,32,0.41
2,21.0,0,0,5,"1626151,1610612766",21,6,93.3,20,47,40,88,10,8,1626151,Aaron Harrison,3,2,1,4,CHA,1610612766,15,0.714
3,25.0,11,8,5,"203940,1610612750",52,34,485.59,151,163,207,534,77,33,203940,Adreian Payne,16,8,20,56,MIN,1610612750,18,0.346
4,30.0,121,34,5,"201143,1610612737",82,34,2631.29833333,710,622,823,2188,163,118,201143,Al Horford,152,114,182,586,ATL,1610612737,48,0.585
5,31.0,41,36,5,"2744,1610612766",47,14,1096.47166667,259,266,280,958,117,81,2744,Al Jefferson,36,15,78,326,CHA,1610612766,33,0.702
6,25.0,53,35,5,"202329,1610612757",82,38,2340.88833333,613,534,818,2150,171,139,202329,Al-Farouq Aminu,117,96,115,276,POR,1610612757,44,0.537
7,33.0,1,3,5,"101187,1610612764",13,5,192.183333333,37,38,44,124,25,11,101187,Alan Anderson,10,9,7,12,WAS,1610612764,8,0.615
8,23.0,5,3,5,"1626210,1610612756",10,7,68.15,19,28,20,76,15,12,1626210,Alan Williams,10,0,0,18,PHX,1610612756,3,0.3
9,24.0,4,27,5,"202692,1610612762",31,18,797.24,175,217,236,616,71,108,202692,Alec Burks,36,51,52,148,UTA,1610612762,13,0.419
10,23.0,62,60,5,"203458,1610612756",78,55,1820.795,493,624,777,1608,230,176,203458,Alex Len,142,29,91,400,PHX,1610612756,23,0.295
11,28.0,5,6,5,"1627293,1610612763",8,6,72.1516666667,17,39,20,60,12,8,1627293,Alex Stepheson,14,2,4,16,MEM,1610612763,2,0.25
12,28.0,36,12,5,"201582,1610612740",59,39,860.715,167,184,249,682,134,68,201582,Alexis Ajinca,68,5,33,176,NOP,1610612740,20,0.339
13,24.0,16,14,5,"203459,1610612757",81,38,2104.925,558,491,701,1748,192,82,203459,Allen Crabbe,107,125,161,172,POR,1610612757,43,0.531
14,29.0,13,23,5,"202087,1610612740",73,46,1631.985,442,390,494,1530,169,54,202087,Alonzo Gee,43,106,96,216,NOP,1610612740,27,0.37
15,33.0,41,29,5,"2405,1610612748",52,22,762.285,172,215,242,678,92,74,2405,Amar'e Stoudemire,63,10,47,210,MIA,1610612748,30,0.577
16,29.0,83,26,5,"101161,1610612738",79,34,1800.16166667,528,377,565,1590,214,117,101161,Amir Johnson,140,80,107,466,BOS,1610612738,45,0.57
17,33.0,10,5,5,"2760,1610612744",53,12,495.573333333,138,121,176,402,70,65,2760,Anderson Varejao,20,6,12,78,GSW,1610612744,41,0.774
18,22.0,112,72,5,"203083,1610612765",81,38,2665.52333333,575,571,780,2480,245,404,203083,Andre Drummond,426,94,181,1068,DET,1610612765,43,0.531
19,32.0,19,10,5,"2738,1610612744",65,6,1731.65833333,507,513,616,1630,102,90,2738,Andre Iguodala,44,115,123,190,GSW,1610612744,59,0.908
20,40.0,0,11,5,"1889,1610612759",39,19,461.19,117,126,167,362,46,28,1889,Andre Miller,7,11,29,86,SAS,1610612759,20,0.513
21,24.0,42,18,5,"203460,1610612760",70,22,1553.30833333,451,379,547,1422,133,44,203460,Andre Roberson,66,85,63,208,OKC,1610612760,48,0.686
22,30.0,9,14,5,"200745,1610612751",46,35,633.676666667,137,157,239,636,61,52,200745,Andrea Bargnani,37,10,41,96,BKN,1610612751,11,0.239
23,31.0,114,7,5,"101106,1610612744",70,8,1451.26,386,403,486,1230,221,74,101106,Andrew Bogut,89,29,42,342,GSW,1610612744,62,0.886
24,27.0,2,0,5,"202726,1610612745",8,3,49.7083333333,32,13,31,48,4,3,202726,Andrew Goudelock,2,0,4,8,HOU,1610612745,5,0.625
25,26.0,22,8,5,"203094,1610612753",56,34,822.755,222,180,239,676,69,61,203094,Andrew Nicholson,37,11,54,174,ORL,1610612753,22,0.393
26,21.0,46,88,5,"203952,1610612750",81,52,2844.55666667,767,802,996,2724,165,394,203952,Andrew Wiggins,186,209,275,764,MIN,1610612750,29,0.358
27,23.0,0,2,5,"203461,1610612761",19,7,84.2133333333,6,29,35,72,8,5,203461,Anthony Bennett,8,0,5,10,TOR,1610612761,12,0.632
28,23.0,5,10,5,"1626148,1610612747",29,25,598.65,146,194,178,570,34,18,1626148,Anthony Brown,17,14,21,18,LAL,1610612747,4,0.138
29,23.0,125,54,5,"203076,1610612740",61,37,2164.24333333,510,552,654,1934,148,360,203076,Anthony Davis,195,133,204,668,NOP,1610612740,24,0.393
30,30.0,5,8,5,"201627,1610612760",68,22,926.431666667,271,264,350,914,64,30,201627,Anthony Morrow,51,28,55,54,OKC,1610612760,46,0.676
31,31.0,16,13,5,"201229,1610612765",72,36,1340.57666667,287,281,346,1208,86,56,201229,Anthony Tolliver,44,18,57,46,DET,1610612765,36,0.5
32,21.0,13,45,5,"203462,1610612756",57,43,1113.82833333,310,439,496,1070,84,157,203462,Archie Goodwin,48,118,86,272,PHX,1610612756,14,0.246
33,29.0,52,26,5,"203382,1610612765",81,38,1232.89,278,275,392,1090,151,154,203382,Aron Baynes,119,27,70,316,DET,1610612765,43,0.531
34,30.0,10,47,5,"201167,1610612752",71,44,2370.90666667,635,633,719,2174,142,123,201167,Arron Afflalo,65,80,95,264,NYK,1610612752,27,0.38
35,23.0,9,32,5,"203085,1610612746",67,25,1463.825,510,405,520,1308,137,96,203085,Austin Rivers,43,86,114,258,LAC,1610612746,42,0.627
36,25.0,19,44,5,"202340,1610612738",76,31,2536.12333333,813,564,769,2260,164,100,202340,Avery Bradley,119,257,277,354,BOS,1610612738,45,0.592
37,23.0,6,1,5,"1626253,1610612743",21,12,305.325,89,81,113,300,40,13,1626253,Axel Toupane,2,15,9,18,DEN,1610612743,9,0.429
38,23.0,10,24,5,"203463,1610612758",68,40,1442.86666667,370,457,604,1270,140,89,203463,Ben McLemore,62,132,88,198,SAC,1610612758,28,0.412
39,33.0,1,7,5,"2757,1610612748",44,18,707.645,151,126,219,560,51,39,2757,Beno Udrih,14,17,28,68,MIA,1610612748,26,0.591
40,23.0,133,45,5,"202687,1610612761",82,26,1807.82,432,389,541,1440,225,182,202687,Bismack Biyombo,132,20,62,282,TOR,1610612761,56,0.683
41,27.0,17,12,5,"201933,1610612746",35,13,1170.28166667,293,265,344,984,95,185,201933,Blake Griffin,83,99,104,350,LAC,1610612746,22,0.629
42,27.0,23,13,5,"1626246,1610612759",54,7,507.805,107,160,179,412,54,82,1626246,Boban Marjanovic,100,4,54,178,SAS,1610612759,47,0.87
43,21.0,22,23,5,"1626171,1610612741",62,33,1102.08,301,313,363,1016,100,66,1626171,Bobby Portis,100,48,47,234,CHI,1610612741,29,0.468
44,27.0,5,74,5,"202711,1610612751",79,58,2114.645,515,703,851,2194,119,114,202711,Bojan Bogdanovic,77,163,138,302,BKN,1610612751,21,0.266
45,34.0,21,16,5,"2564,1610612759",76,12,1385.54666667,315,317,427,1260,102,89,2564,Boris Diaw,42,19,61,318,SAS,1610612759,64,0.842
46,22.0,11,27,5,"203078,1610612764",55,27,1708.245,410,457,580,1470,117,137,203078,Bradley Beal,72,156,138,346,WAS,1610612764,28,0.509
47,28.0,15,1,5,"201148,1610612763",12,6,212.123333333,61,61,86,178,21,25,201148,Brandan Wright,15,6,6,62,MEM,1610612763,6,0.5
48,23.0,1,2,5,"1626183,1610612746",6,1,28.865,12,22,14,42,2,1,1626183,Branden Dawson,0,3,0,4,LAC,1610612746,5,0.833
49,31.0,55,35,5,"101138,1610612747",66,50,1342.41166667,385,406,433,1358,125,115,101138,Brandon Bass,83,65,82,298,LAL,1610612747,16,0.242
50,26.0,7,8,5,"201943,1610612753",48,28,867.455,185,222,268,760,57,65,201943,Brandon Jennings,19,51,42,76,ORL,1610612753,20,0.417
51,24.0,20,34,5,"202688,1610612756",52,36,1870.38666667,495,664,767,1698,124,204,202688,Brandon Knight,56,171,187,330,PHX,1610612756,16,0.308
52,30.0,23,9,5,"201575,1610612744",72,9,1054.74166667,353,347,400,1046,57,18,201575,Brandon Rush,22,72,45,68,GSW,1610612744,63,0.875
53,30.0,2,7,5,"203148,1610612757",51,25,470.146666667,103,120,138,368,35,49,203148,Brian Roberts,28,23,31,54,POR,1610612757,26,0.51
54,23.0,3,2,5,"1627362,1610612748",7,4,168.638333333,41,63,62,156,12,8,1627362,Briante Weber,4,4,5,14,MIA,1610612748,3,0.429
55,28.0,124,61,5,"201572,1610612751",73,52,2456.57,574,731,905,2300,215,333,201572,Brook Lopez,246,35,153,890,BKN,1610612751,21,0.288
56,20.0,1,2,5,"203998,1610612761",6,0,42.6833333333,13,11,13,44,2,0,203998,Bruno Caboclo,0,0,3,0,TOR,1610612761,6,1.0
57,23.0,0,0,5,"203955,1610612763",8,7,38.7583333333,17,10,19,46,2,0,203955,Bryce Cotton,0,0,0,2,MEM,1610612763,1,0.125
58,23.0,2,6,5,"1626214,1610612740",14,6,278.556666667,50,65,74,272,17,18,1626214,Bryce Dejean-Jones,8,13,6,20,NOP,1610612740,8,0.571
59,24.0,23,91,5,"203468,1610612757",80,36,2779.895,689,640,916,2338,187,206,203468,CJ McCollum,121,173,248,476,POR,1610612757,44,0.55
60,29.0,29,28,5,"101139,1610612754",64,30,1463.60666667,419,385,514,1306,142,106,101139,CJ Miles,65,121,138,162,IND,1610612754,34,0.531
61,32.0,5,3,5,"201228,1610612753",33,19,655.686666667,171,163,221,656,49,40,201228,CJ Watson,4,27,32,36,ORL,1610612753,14,0.424
62,25.0,2,2,5,"203912,1610612746",23,8,166.818333333,57,53,49,154,15,13,203912,CJ Wilcox,4,11,12,16,LAC,1610612746,15,0.652
63,25.0,3,5,5,"203946,1610612741",18,14,102.6,27,37,35,60,19,6,203946,Cameron Bairstow,2,2,10,14,CHI,1610612741,4,0.222
64,21.0,6,11,5,"1626166,1610612760",57,13,697.613333333,199,219,260,636,80,28,1626166,Cameron Payne,16,30,38,88,OKC,1610612760,44,0.772
65,32.0,9,16,5,"201171,1610612755",36,31,569.39,177,185,207,574,69,61,201171,Carl Landry,69,10,35,158,PHI,1610612755,5,0.139
66,32.0,38,76,5,"2546,1610612752",72,40,2529.8,665,694,801,2262,180,317,2546,Carmelo Anthony,194,75,146,386,NYK,1610612752,32,0.444
67,36.0,1,0,5,"2406,1610612758",17,15,175.668333333,49,55,71,162,19,9,2406,Caron Butler,8,6,0,6,SAC,1610612758,2,0.118
68,27.0,21,42,5,"202718,1610612742",61,32,1799.20666667,489,605,537,1582,114,131,202718,Chandler Parsons,71,146,132,354,DAL,1610612742,29,0.475
69,33.0,28,6,5,"101112,1610612739",70,35,1199.15666667,267,292,386,956,127,64,101112,Channing Frye,53,10,73,76,CLE,1610612739,35,0.5
70,33.0,0,0,5,"101236,1610612745",2,1,23.8333333333,10,9,13,30,6,1,101236,Charles Hayes,0,0,0,2,HOU,1610612745,1,0.5
71,31.0,15,12,5,"101111,1610612742",62,33,665.036666667,158,220,191,596,71,16,101111,Charlie Villanueva,33,31,40,134,DAL,1610612742,29,0.468
72,28.0,10,12,5,"201978,1610612756",66,37,929.716666667,261,262,330,880,62,47,201978,Chase Budinger,59,65,52,138,PHX,1610612756,29,0.439
73,37.0,13,6,5,"2365,1610612763",27,16,402.531666667,111,116,117,336,29,35,2365,Chris Andersen,26,14,16,62,MEM,1610612763,11,0.407
74,32.0,34,32,5,"2547,1610612748",53,24,1777.92666667,481,355,556,1422,101,205,2547,Chris Bosh,100,32,132,296,MIA,1610612748,29,0.547
75,32.0,0,2,5,"203142,1610612749",24,14,155.93,44,38,67,134,17,7,203142,Chris Copeland,7,2,7,14,MIL,1610612749,10,0.417
76,26.0,20,14,5,"203187,1610612762",70,32,856.803333333,212,181,278,674,100,29,203187,Chris Johnson,29,37,46,68,UTA,1610612762,38,0.543
77,34.0,1,2,5,"2549,1610612757",16,5,111.766666667,23,24,43,80,15,3,2549,Chris Kaman,8,0,5,20,POR,1610612757,11,0.688
78,21.0,12,9,5,"1626191,1610612751",24,17,362.12,118,115,163,406,39,17,1626191,Chris McCullough,24,12,27,40,BKN,1610612751,7,0.292
79,31.0,13,29,5,"101108,1610612746",74,24,2420.27166667,597,562,661,2002,185,295,101108,Chris Paul,102,164,263,366,LAC,1610612746,50,0.676
80,20.0,7,10,5,"1626174,1610612755",17,17,144.781666667,64,60,51,148,11,20,1626174,Christian Wood,11,7,20,32,PHI,1610612755,0,0.0
81,25.0,3,4,5,"203921,1610612752",17,11,153.823333333,38,38,42,126,16,4,203921,Cleanthony Early,4,10,2,12,NYK,1610612752,6,0.353
82,20.0,2,1,5,"1626146,1610612757",8,5,35.9583333333,12,8,10,24,1,0,1626146,Cliff Alexander,4,0,2,8,POR,1610612757,3,0.375
83,22.0,92,46,5,"203991,1610612745",77,38,1470.71,426,416,577,1316,190,148,203991,Clint Capela,169,53,90,460,HOU,1610612745,39,0.506
84,23.0,63,60,5,"203469,1610612766",73,31,1773.715,410,439,528,1416,204,184,203469,Cody Zeller,115,74,106,422,CHA,1610612766,42,0.575
85,27.0,68,18,5,"202332,1610612746",60,19,799.703333333,261,209,264,696,139,74,202332,Cole Aldrich,61,6,48,264,LAC,1610612746,41,0.683
86,30.0,19,27,5,"201147,1610612745",82,41,1668.86666667,541,482,688,1520,168,138,201147,Corey Brewer,48,200,127,276,HOU,1610612745,41,0.5
87,25.0,1,3,5,"203928,1610612756",8,6,50.0633333333,12,25,21,52,8,4,203928,Cory Jefferson,6,2,0,16,PHX,1610612756,2,0.25
88,24.0,20,46,5,"202709,1610612761",80,26,2046.185,495,440,533,1630,131,160,202709,Cory Joseph,35,77,118,330,TOR,1610612761,54,0.675
89,23.0,0,0,5,"1626262,1610612738",3,3,5.80166666667,0,2,2,6,0,0,1626262,Coty Clarke,0,0,0,0,BOS,1610612738,0,0.0
90,30.0,28,27,5,"201584,1610612766",79,30,2334.47333333,565,715,682,1988,134,74,201584,Courtney Lee,41,126,145,220,CHA,1610612766,49,0.62
91,23.0,13,5,5,"1626245,1610612741",31,17,320.603333333,75,86,108,258,31,22,1626245,Cristiano Felicio,20,10,24,60,CHI,1610612741,14,0.452
92,20.0,13,50,5,"1626156,1610612747",80,63,2259.03,669,872,824,2286,142,174,1626156,D'Angelo Russell,92,159,130,354,LAL,1610612747,17,0.213
93,28.0,4,32,5,"201571,1610612743",62,27,1177.74,332,340,446,1130,85,135,201571,D.J. Augustin,35,68,68,124,DEN,1610612743,35,0.565
94,35.0,2,2,5,"2563,1610612739",1,1,42.35,15,7,14,24,6,1,2563,Dahntay Jones,4,0,2,4,CLE,1610612739,0,0.0
95,25.0,28,93,5,"203081,1610612757",75,35,2675.62,692,644,915,2440,165,383,203081,Damian Lillard,155,151,207,532,POR,1610612757,40,0.533
96,21.0,3,3,5,"203996,1610612749",20,15,156.351666667,37,22,68,154,11,7,203996,Damien Inglis,5,10,12,18,MIL,1610612749,5,0.25
97,30.0,1,4,5,"204014,1610612750",33,24,277.285,67,82,121,252,33,6,204014,Damjan Rudez,13,6,13,16,MIN,1610612750,9,0.273
98,27.0,19,49,5,"201568,1610612743",53,31,1838.70666667,438,501,625,1656,87,334,201568,Danilo Gallinari,125,119,138,252,DEN,1610612743,22,0.415
99,29.0,64,21,5,"201980,1610612759",79,14,2061.57,448,479,528,1638,141,63,201980,Danny Green,73,122,107,136,SAS,1610612759,65,0.823
100,29.0,33,24,5,"201967,1610612740",80,52,1970.94833333,389,437,624,1796,173,63,201967,Dante Cunningham,39,93,85,194,NOP,1610612740,28,0.35
101,28.0,48,21,5,"201589,1610612743",70,44,1516.04166667,416,431,540,1248,185,52,201589,Darrell Arthur,81,45,73,152,DEN,1610612743,26,0.371
102,28.0,4,59,5,"201954,1610612758",74,45,2218.83666667,629,632,755,2006,142,168,201954,Darren Collison,56,298,240,370,SAC,1610612758,29,0.392
103,23.0,1,4,5,"1626199,1610612765",38,21,382.983333333,99,75,112,310,28,29,1626199,Darrun Hilliard,14,8,31,38,DET,1610612765,17,0.447
104,33.0,28,42,5,"101135,1610612742",55,28,902.93,246,261,336,766,114,73,101135,David Lee,86,36,64,324,DAL,1610612742,27,0.491
105,35.0,55,27,5,"2561,1610612759",78,15,1404.22833333,317,338,387,1160,142,96,2561,David West,85,18,74,270,SAS,1610612759,63,0.808
106,27.0,177,20,5,"201599,1610612746",77,26,2597.615,691,640,721,2162,207,465,201599,DeAndre Jordan,198,87,134,712,LAC,1610612746,51,0.662
107,27.0,2,4,5,"201971,1610612764",29,17,218.07,49,50,62,208,53,20,201971,DeJuan Blair,7,10,10,42,WAS,1610612764,12,0.414
108,26.0,21,97,5,"201942,1610612761",78,25,2803.795,690,667,862,2382,167,432,201942,DeMar DeRozan,112,140,240,712,TOR,1610612761,53,0.679
109,25.0,92,119,5,"202326,1610612758",65,36,2245.83833333,613,680,860,1984,236,577,202326,DeMarcus Cousins,235,136,223,874,SAC,1610612758,29,0.446
110,29.0,6,18,5,"201960,1610612761",26,10,786.441666667,158,212,249,624,63,45,201960,DeMarre Carroll,44,52,70,104,TOR,1610612761,16,0.615
111,24.0,3,8,5,"1626153,1610612761",27,8,229.241666667,62,42,69,184,7,22,1626153,Delon Wright,4,20,7,56,TOR,1610612761,19,0.704
112,22.0,9,69,5,"203471,1610612737",80,33,1620.95833333,432,350,504,1296,138,177,203471,Dennis Schroder,60,86,153,356,ATL,1610612737,47,0.588
113,32.0,14,39,5,"101114,1610612742",65,34,2106.02166667,569,642,669,1782,155,177,101114,Deron Williams,54,115,142,280,DAL,1610612742,31,0.477
114,24.0,91,63,5,"202324,1610612762",62,32,1983.16833333,421,519,646,1628,150,200,202324,Derrick Favors,188,19,114,640,UTA,1610612762,30,0.484
115,27.0,14,76,5,"201565,1610612741",66,34,2097.42333333,655,601,687,2034,84,153,201565,Derrick Rose,69,121,126,510,CHI,1610612741,32,0.485
116,25.0,9,37,5,"202682,1610612752",80,48,1434.865,381,398,436,1348,69,175,202682,Derrick Williams,82,128,115,322,NYK,1610612752,32,0.4
117,19.0,20,64,5,"1626164,1610612756",76,56,2107.68166667,611,766,907,1932,225,243,1626164,Devin Booker,77,220,182,330,PHX,1610612756,20,0.263
118,33.0,13,17,5,"2734,1610612742",64,29,1280.45,367,439,416,1066,124,141,2734,Devin Harris,40,105,98,186,DAL,1610612742,35,0.547
119,23.0,1,3,5,"203906,1610612753",28,16,248.88,70,52,53,220,25,17,203906,Devyn Marble,6,11,7,22,ORL,1610612753,12,0.429
120,26.0,46,15,5,"203473,1610612753",58,37,705.091666667,191,171,273,676,109,62,203473,Dewayne Dedmon,57,17,47,180,ORL,1610612753,21,0.362
121,24.0,15,34,5,"203079,1610612760",78,25,2151.61833333,633,606,820,2050,143,128,203079,Dion Waiters,68,117,134,252,OKC,1610612760,53,0.679
122,38.0,52,14,5,"1717,1610612742",75,37,2363.49,650,761,691,1874,161,302,1717,Dirk Nowitzki,136,86,190,220,DAL,1610612742,38,0.507
123,28.0,4,24,5,"202388,1610612751",61,48,1317.88666667,343,384,440,1340,73,97,202388,Donald Sloan,27,78,56,184,BKN,1610612751,13,0.213
124,25.0,5,9,5,"202700,1610612745",37,18,546.643333333,173,209,236,550,69,67,202700,Donatas Motiejunas,36,16,32,130,HOU,1610612745,19,0.514
125,24.0,6,33,5,"203926,1610612741",81,40,1860.56,528,558,652,1676,127,66,203926,Doug McDermott,96,93,115,244,CHI,1610612741,41,0.506
126,26.0,113,55,5,"203110,1610612744",81,8,2807.99833333,762,833,935,2530,240,310,203110,Draymond Green,137,205,140,580,GSW,1610612744,73,0.901
127,34.0,11,6,5,"2400,1610612764",30,12,305.178333333,95,110,92,292,40,19,2400,Drew Gooden,27,6,8,36,WAS,1610612764,18,0.6
128,24.0,0,0,5,"1626251,1610612758",1,1,24.2333333333,9,12,6,30,2,0,1626251,Duje Dukan,0,0,3,0,SAC,1610612758,0,0.0
129,30.0,113,48,5,"2730,1610612745",71,37,2279.69666667,668,647,963,2024,219,385,2730,Dwight Howard,213,71,136,728,HOU,1610612745,34,0.479
130,24.0,24,20,5,"203939,1610612742",69,34,991.628333333,257,324,320,874,118,116,203939,Dwight Powell,60,32,63,224,DAL,1610612742,35,0.507
131,34.0,42,42,5,"2548,1610612748",74,31,2257.795,620,577,783,2076,116,274,2548,Dwyane Wade,153,181,219,718,MIA,1610612748,43,0.581
132,27.0,18,25,5,"202734,1610612741",59,30,1263.2,388,387,435,1194,103,41,202734,E'Twaun Moore,47,58,76,198,CHI,1610612741,29,0.492
133,27.0,72,25,5,"202334,1610612757",81,38,1684.37,446,402,539,1318,202,155,202334,Ed Davis,200,12,46,406,POR,1610612757,43,0.531
134,22.0,20,87,5,"203901,1610612753",73,41,2144.93666667,503,610,718,1980,159,168,203901,Elfrid Payton,92,114,123,482,ORL,1610612753,32,0.438
135,28.0,3,4,5,"202407,1610612762",20,11,172.775,44,41,49,114,33,15,202407,Elijah Millsap,4,6,9,20,UTA,1610612762,9,0.45
136,27.0,0,0,5,"202343,1610612763",5,1,45.1383333333,7,9,10,30,2,5,202343,Elliot Williams,0,0,0,0,MEM,1610612763,4,0.8
137,37.0,8,2,5,"1882,1610612755",17,15,224.695,62,65,66,204,32,17,1882,Elton Brand,12,5,10,36,PHI,1610612755,2,0.118
138,20.0,35,84,5,"1626144,1610612743",68,39,2067.78666667,489,576,725,1838,141,156,1626144,Emmanuel Mudiay,66,123,125,354,DEN,1610612743,29,0.426
139,24.0,33,79,5,"202683,1610612760",82,27,1720.67833333,493,461,670,1664,166,208,202683,Enes Kanter,302,106,145,692,OKC,1610612760,55,0.671
140,26.0,19,25,5,"202339,1610612756",31,19,1058.77166667,284,341,397,960,75,149,202339,Eric Bledsoe,42,123,123,236,PHX,1610612756,12,0.387
141,27.0,14,30,5,"201569,1610612740",45,31,1481.35166667,371,393,474,1268,98,113,201569,Eric Gordon,49,105,105,176,NOP,1610612740,14,0.311
142,24.0,4,2,5,"203961,1610612758",8,7,47.5833333333,26,18,14,38,4,3,203961,Eric Moreland,0,4,0,6,SAC,1610612758,1,0.125
143,25.0,0,0,5,"203475,1610612762",9,3,42.1333333333,6,10,14,38,4,2,203475,Erick Green,0,2,2,4,UTA,1610612762,6,0.667
144,29.0,33,41,5,"101141,1610612753",74,39,1880.37,438,491,651,1854,171,177,101141,Ersan Ilyasova,142,72,112,270,ORL,1610612753,35,0.473
145,23.0,2,70,5,"203095,1610612753",79,46,2565.97166667,609,743,886,2350,214,213,203095,Evan Fournier,112,186,250,462,ORL,1610612753,33,0.418
146,27.0,28,43,5,"202323,1610612738",81,34,2270.715,597,499,753,2042,139,159,202323,Evan Turner,71,110,146,412,BOS,1610612738,47,0.58
147,26.0,50,20,5,"203105,1610612744",46,4,770.188333333,171,235,281,728,94,110,203105,Festus Ezeli,53,32,28,248,GSW,1610612744,42,0.913
148,23.0,43,48,5,"1626163,1610612766",81,34,1707.65666667,403,461,507,1390,126,109,1626163,Frank Kaminsky,108,35,65,264,CHA,1610612766,47,0.58
149,30.0,18,35,5,"202066,1610612764",80,40,1951.16166667,455,464,591,1600,195,135,202066,Garrett Temple,60,191,122,172,WAS,1610612764,40,0.5
150,21.0,18,46,5,"203914,1610612743",76,45,2438.67,592,653,854,2250,143,100,203914,Gary Harris,74,215,185,392,DEN,1610612743,31,0.408
151,31.0,1,11,5,"202390,1610612764",40,22,807.43,215,220,269,730,55,42,202390,Gary Neal,22,40,63,98,WAS,1610612764,18,0.45
152,30.0,17,33,5,"201588,1610612754",74,33,2524.39166667,644,571,811,2098,149,195,201588,George Hill,95,154,206,274,IND,1610612754,41,0.554
153,30.0,19,19,5,"101123,1610612748",69,29,1557.21833333,418,289,486,1320,123,79,101123,Gerald Green,39,88,84,150,MIA,1610612748,40,0.58
154,28.0,19,18,5,"201945,1610612757",72,33,1431.1,379,325,477,1132,87,133,201945,Gerald Henderson,63,64,85,164,POR,1610612757,39,0.542
155,21.0,113,62,5,"203507,1610612749",80,48,2823.41333333,840,743,996,2564,258,331,203507,Giannis Antetokounmpo,165,319,313,836,MIL,1610612749,32,0.4
156,22.0,9,14,5,"203922,1610612754",45,21,508.181666667,115,163,172,454,21,35,203922,Glenn Robinson,19,38,49,78,IND,1610612754,24,0.533
157,30.0,17,40,5,"201609,1610612748",72,28,2362.66166667,677,550,731,2114,188,184,201609,Goran Dragic,67,211,186,518,MIA,1610612748,44,0.611
158,26.0,27,57,5,"202330,1610612762",80,42,2892.95666667,688,723,951,2388,183,377,202330,Gordon Hayward,140,219,319,538,UTA,1610612762,38,0.475
159,26.0,96,51,5,"203476,1610612750",82,53,2220.05166667,595,597,789,2062,219,208,203476,Gorgui Dieng,136,67,131,428,MIN,1610612750,29,0.354
160,26.0,67,98,5,"202328,1610612749",79,47,2314.185,688,641,816,2150,163,253,202328,Greg Monroe,259,51,183,872,MIL,1610612749,32,0.405
161,25.0,1,8,5,"202962,1610612750",18,10,191.94,37,67,85,210,28,14,202962,Greg Smith,5,2,6,36,MIN,1610612750,8,0.444
162,29.0,0,8,5,"202349,1610612749",23,14,459.911666667,121,132,192,440,42,28,202349,Greivis Vasquez,14,12,20,36,MIL,1610612749,9,0.391
163,24.0,10,36,5,"203084,1610612744",66,7,2041.57666667,560,563,640,1914,136,132,203084,Harrison Barnes,87,120,129,262,GSW,1610612744,59,0.894
164,27.0,269,41,5,"202355,1610612748",73,31,2125.32333333,628,448,686,1886,201,275,202355,Hassan Whiteside,289,26,119,728,MIA,1610612748,42,0.575
165,26.0,14,1,5,"203156,1610612751",14,12,263.038333333,75,88,105,322,37,21,203156,Henry Sims,16,5,13,42,BKN,1610612751,2,0.143
166,25.0,24,17,5,"203138,1610612755",77,67,2153.9,713,750,910,2058,187,88,203138,Hollis Thompson,62,84,106,162,PHI,1610612755,10,0.13
167,25.0,13,11,5,"203546,1610612744",66,7,578.496666667,187,223,240,576,58,22,203546,Ian Clark,33,30,40,86,GSW,1610612744,59,0.894
168,29.0,75,41,5,"101133,1610612754",71,30,1815.74666667,423,426,599,1474,220,173,101133,Ian Mahinmi,102,39,112,500,IND,1610612754,41,0.577
169,26.0,19,16,5,"202697,1610612739",54,15,1316.33,298,306,413,1070,119,60,202697,Iman Shumpert,18,50,53,82,CLE,1610612739,39,0.722
170,25.0,12,39,5,"203477,1610612755",77,67,1966.08166667,611,689,784,1878,133,131,203477,Isaiah Canaan,67,124,159,128,PHI,1610612755,10,0.13
171,27.0,9,109,5,"202738,1610612738",82,34,2644.38666667,805,578,796,2376,167,452,202738,Isaiah Thomas,143,421,303,696,BOS,1610612738,48,0.585
172,27.0,24,54,5,"202397,1610612755",77,61,2238.79833333,698,708,825,2146,133,170,202397,Ish Smith,71,162,145,496,PHI,1610612755,16,0.208
173,24.0,0,0,5,"1626266,1610612762",2,0,6.26666666667,4,4,4,4,1,0,1626266,J.J. O'Brien,0,0,0,0,UTA,1610612762,2,1.0
174,30.0,21,20,5,"2747,1610612739",77,24,2362.00166667,566,577,749,2086,204,98,2747,J.R. Smith,123,70,130,168,CLE,1610612739,53,0.688
175,27.0,14,15,5,"201581,1610612764",35,18,436.546666667,131,134,148,386,47,63,201581,JJ Hickson,45,28,24,150,WAS,1610612764,17,0.486
176,32.0,5,21,5,"200755,1610612746",75,25,2096.78166667,525,487,547,1764,135,193,200755,JJ Redick,84,139,184,134,LAC,1610612746,50,0.667
177,23.0,33,32,5,"203960,1610612743",73,55,1159.695,312,354,446,1060,142,85,203960,JaKarr Sampson,55,61,68,236,DEN,1610612743,18,0.247
178,26.0,33,48,5,"203210,1610612763",78,39,1446.12,321,420,477,1114,189,111,203210,JaMychal Green,142,71,113,316,MEM,1610612763,39,0.5
179,28.0,26,10,5,"201580,1610612742",34,19,369.8,124,117,104,306,49,38,201580,JaVale McGee,36,9,24,140,DAL,1610612742,15,0.441
180,21.0,29,77,5,"203953,1610612749",76,44,2407.97166667,730,674,885,2260,154,171,203953,Jabari Parker,125,193,218,664,MIL,1610612749,32,0.421
181,25.0,35,20,5,"203109,1610612738",73,30,2308.25166667,746,468,643,2056,198,183,203109,Jae Crowder,125,192,237,340,BOS,1610612738,43,0.589
182,20.0,61,68,5,"1626143,1610612755",53,47,1590.565,457,589,725,1498,140,163,1626143,Jahlil Okafor,159,49,141,662,PHI,1610612755,6,0.113
183,36.0,12,26,5,"2037,1610612746",79,28,2126.16666667,656,562,699,1800,122,220,2037,Jamal Crawford,74,126,189,266,LAC,1610612746,51,0.646
184,34.0,5,11,5,"2749,1610612743",39,27,1035.655,246,253,330,866,100,54,2749,Jameer Nelson,17,29,37,76,DEN,1610612743,12,0.308
185,27.0,14,11,5,"202341,1610612758",51,32,721.01,254,229,281,650,54,30,202341,James Anderson,20,32,37,78,SAC,1610612758,19,0.373
186,25.0,5,5,5,"203516,1610612740",22,11,328.515,95,69,140,288,28,32,203516,James Ennis,27,36,31,52,NOP,1610612740,11,0.5
187,26.0,51,95,5,"201935,1610612745",82,41,3124.635,925,956,1257,2848,229,555,201935,James Harden,170,460,395,692,HOU,1610612745,41,0.5
188,29.0,33,13,5,"201949,1610612761",57,22,925.72,217,217,269,830,84,54,201949,James Johnson,37,33,46,174,TOR,1610612761,35,0.614
189,35.0,10,3,5,"2592,1610612739",48,15,463.42,125,87,142,380,50,26,2592,James Jones,18,3,23,12,CLE,1610612739,33,0.688
190,23.0,8,15,5,"203949,1610612744",41,4,261.525,70,105,125,250,39,31,203949,James Michael McAdoo,30,30,20,82,GSW,1610612744,37,0.902
191,20.0,1,2,5,"203923,1610612738",29,17,198.901666667,37,49,50,178,17,3,203923,James Young,3,4,7,8,BOS,1610612738,12,0.414
192,25.0,2,17,5,"203099,1610612749",44,13,410.368333333,97,77,183,348,41,46,203099,Jared Cunningham,21,30,27,44,MIL,1610612749,31,0.705
193,30.0,18,6,5,"201162,1610612764",81,41,2097.655,506,498,662,1802,190,107,201162,Jared Dudley,70,79,111,106,WAS,1610612764,40,0.494
194,24.0,47,50,5,"203096,1610612738",81,34,1914.63333333,594,409,566,1702,209,163,203096,Jared Sullinger,205,22,91,410,BOS,1610612738,47,0.58
195,24.0,1,3,5,"204067,1610612764",26,13,146.766666667,39,48,53,122,5,5,204067,Jarell Eddie,6,6,9,2,WAS,1610612764,13,0.5
196,22.0,7,15,5,"1626185,1610612763",27,17,379.54,89,120,134,294,58,42,1626185,Jarell Martin,39,13,18,76,MEM,1610612763,10,0.37
197,22.0,0,0,5,"203950,1610612748",7,6,18.5833333333,0,9,7,12,1,1,203950,Jarnell Stokes,2,3,0,6,MIA,1610612748,1,0.143
198,32.0,7,23,5,"101127,1610612751",32,22,1026.65333333,247,321,390,952,77,83,101127,Jarrett Jack,24,41,53,110,BKN,1610612751,10,0.313
199,30.0,65,21,5,"201160,1610612753",76,43,1180.995,259,300,372,1034,163,78,201160,Jason Smith,55,20,67,118,ORL,1610612753,33,0.434
200,38.0,9,4,5,"1891,1610612745",72,35,1257.65,370,370,514,1154,91,32,1891,Jason Terry,39,62,60,82,HOU,1610612745,37,0.514
201,29.0,20,8,5,"201574,1610612761",47,9,471.381666667,128,155,137,432,80,39,201574,Jason Thompson,32,9,20,80,TOR,1610612761,38,0.809
202,29.0,3,3,5,"201965,1610612746",17,6,106.618333333,49,35,37,114,18,7,201965,Jeff Ayres,8,2,4,14,LAC,1610612746,11,0.647
203,29.0,40,56,5,"201145,1610612746",80,32,2253.245,606,589,661,1826,164,182,201145,Jeff Green,98,144,158,444,LAC,1610612746,48,0.6
204,28.0,24,88,5,"201952,1610612737",79,32,2254.76833333,645,614,759,1990,167,249,201952,Jeff Teague,69,204,207,550,ATL,1610612737,47,0.595
205,26.0,53,16,5,"203481,1610612762",51,26,657.783333333,153,127,176,512,75,49,203481,Jeff Withey,50,10,25,156,UTA,1610612762,25,0.49
206,22.0,127,76,5,"203924,1610612755",77,68,2066.35833333,635,694,880,1942,215,284,203924,Jerami Grant,74,122,137,412,PHI,1610612755,9,0.117
207,28.0,9,2,5,"202379,1610612742",30,14,251.408333333,64,70,104,194,19,20,202379,Jeremy Evans,13,4,11,40,DAL,1610612742,16,0.533
208,24.0,30,20,5,"203087,1610612766",66,26,1227.255,285,299,339,906,105,85,203087,Jeremy Lamb,62,71,137,240,CHA,1610612766,40,0.606
209,27.0,42,65,5,"202391,1610612766",78,31,2047.53833333,487,546,611,1654,165,311,202391,Jeremy Lin,64,120,121,334,CHA,1610612766,47,0.603
210,23.0,10,29,5,"1626170,1610612752",76,47,1264.89,352,283,403,1132,97,112,1626170,Jerian Grant,22,67,60,194,NYK,1610612752,29,0.382
211,27.0,11,20,5,"201573,1610612749",52,31,1504.81833333,442,421,568,1374,111,88,201573,Jerryd Bayless,49,75,88,100,MIL,1610612749,21,0.404
212,27.0,0,0,5,"202690,1610612752",6,5,17.5583333333,5,0,6,22,2,2,202690,Jimmer Fredette,0,2,6,2,NYK,1610612752,1,0.167
213,26.0,43,56,5,"202710,1610612741",67,30,2473.725,754,684,774,2242,124,368,202710,Jimmy Butler,159,174,221,536,CHI,1610612741,37,0.552
214,31.0,29,16,5,"201149,1610612741",29,14,635.423333333,183,158,212,522,77,43,201149,Joakim Noah,49,8,22,96,CHI,1610612741,15,0.517
215,28.0,0,2,5,"201975,1610612765",3,0,43.4866666667,10,7,15,38,2,2,201975,Jodie Meeks,5,3,5,4,DET,1610612765,3,1.0
216,24.0,0,0,5,"203925,1610612739",5,0,15.1033333333,5,7,10,28,1,0,203925,Joe Harris,0,0,0,0,CLE,1610612739,5,1.0
217,28.0,4,7,5,"204060,1610612762",81,41,1241.39166667,288,290,434,1018,98,43,204060,Joe Ingles,9,32,55,58,UTA,1610612762,40,0.494
218,34.0,4,28,5,"2207,1610612748",81,50,2703.23333333,701,765,934,2544,146,137,2207,Joe Johnson,84,67,142,328,MIA,1610612748,31,0.383
219,24.0,0,6,5,"1626202,1610612754",41,22,383.496666667,105,99,120,366,30,26,1626202,Joe Young,9,25,30,54,IND,1610612754,19,0.463
220,33.0,12,1,5,"201202,1610612765",19,7,95.7033333333,27,9,31,74,15,6,201202,Joel Anthony,6,1,2,8,DET,1610612765,12,0.632
221,24.0,15,32,5,"203530,1610612743",59,35,1041.24333333,293,322,396,1046,115,66,203530,Joffrey Lauvergne,75,32,42,290,DEN,1610612743,24,0.407
222,25.0,109,12,5,"203089,1610612749",57,35,959.473333333,262,243,387,804,131,85,203089,John Henson,85,20,65,312,MIL,1610612749,22,0.386
223,25.0,1,6,5,"203098,1610612756",43,25,480.303333333,138,186,181,498,22,23,203098,John Jenkins,19,21,17,52,PHX,1610612756,18,0.419
224,25.0,59,73,5,"202322,1610612764",77,40,2783.99833333,694,703,908,2342,159,292,202322,John Wall,110,377,301,536,WAS,1610612764,37,0.481
225,23.0,8,18,5,"203948,1610612749",66,39,857.085,227,214,311,792,100,39,203948,Johnny O'Bryant,37,17,39,94,MIL,1610612749,27,0.409
226,27.0,30,30,5,"202720,1610612756",67,45,1255.30166667,327,408,512,1156,125,95,202720,Jon Leuer,77,59,86,276,PHX,1610612756,22,0.328
227,29.0,24,23,5,"201973,1610612738",78,31,1176.48,330,284,386,1048,137,71,201973,Jonas Jerebko,40,28,58,126,BOS,1610612738,47,0.603
228,24.0,80,48,5,"202685,1610612761",60,20,1556.955,360,384,468,1354,158,188,202685,Jonas Valanciunas,200,15,99,526,TOR,1610612761,40,0.667
229,26.0,5,24,5,"203613,1610612759",55,8,812.813333333,213,227,279,770,103,90,203613,Jonathon Simmons,30,75,55,186,SAS,1610612759,47,0.855
230,21.0,0,0,5,"203919,1610612763",2,2,14.6666666667,2,5,5,12,2,2,203919,Jordan Adams,0,1,4,2,MEM,1610612763,0,0.0
231,24.0,7,87,5,"203903,1610612747",79,62,2552.485,783,909,864,2606,168,185,203903,Jordan Clarkson,121,164,164,518,LAL,1610612747,17,0.215
232,29.0,2,7,5,"200770,1610612763",12,10,291.293333333,74,109,94,274,22,17,200770,Jordan Farmar,12,22,26,26,MEM,1610612763,2,0.167
233,25.0,3,5,5,"202706,1610612740",11,7,303.658333333,85,80,106,264,24,18,202706,Jordan Hamilton,18,22,11,54,NOP,1610612740,4,0.364
234,28.0,37,31,5,"201941,1610612754",73,33,1512.68333333,444,418,523,1320,155,91,201941,Jordan Hill,153,10,76,408,IND,1610612754,40,0.548
235,25.0,1,8,5,"203895,1610612739",22,12,195.935,59,33,56,136,17,23,203895,Jordan McRae,8,17,8,30,CLE,1610612739,10,0.455
236,21.0,11,5,5,"1626175,1610612738",16,7,57.1783333333,9,19,17,56,5,7,1626175,Jordan Mickey,12,0,2,16,BOS,1610612738,9,0.563
237,27.0,0,0,5,"203268,1610612766",12,3,63.3,18,25,25,62,3,10,203268,Jorge Gutierrez,0,0,3,8,CHA,1610612766,9,0.75
238,34.0,7,10,5,"101181,1610612752",72,43,2023.72166667,517,592,685,1820,135,76,101181,Jose Calderon,37,40,88,78,NYK,1610612752,29,0.403
239,32.0,2,45,5,"200826,1610612742",74,36,1666.90833333,501,594,493,1394,110,129,200826,Jose Juan Barea,67,80,143,322,DAL,1610612742,38,0.514
240,24.0,2,0,5,"203962,1610612760",5,3,54.9833333333,14,13,18,48,3,2,203962,Josh Huestis,0,0,0,2,OKC,1610612760,2,0.4
241,29.0,7,8,5,"201177,1610612748",42,15,594.676666667,151,119,178,482,68,34,201177,Josh McRoberts,14,6,18,66,MIA,1610612748,27,0.643
242,22.0,25,20,5,"1626196,1610612748",52,23,1106.96666667,306,245,390,926,107,61,1626196,Josh Richardson,24,35,35,94,MIA,1610612748,29,0.558
243,30.0,47,15,5,"2746,1610612745",55,24,879.973333333,246,254,340,772,118,64,2746,Josh Smith,35,39,53,152,HOU,1610612745,31,0.564
244,26.0,22,49,5,"201950,1610612740",65,38,1830.915,430,398,531,1558,148,184,201950,Jrue Holiday,69,113,137,476,NOP,1610612740,27,0.415
245,21.0,29,81,5,"203944,1610612747",81,64,2286.13,688,929,822,2350,242,212,203944,Julius Randle,193,149,172,618,LAL,1610612747,17,0.21
246,22.0,25,11,5,"1626147,1610612742",55,27,646.876666667,153,219,187,500,45,34,1626147,Justin Anderson,14,52,57,78,DAL,1610612742,28,0.509
247,26.0,0,0,5,"202712,1610612765",5,1,35.0833333333,7,12,17,32,3,1,202712,Justin Harper,0,0,0,0,DET,1610612765,4,0.8
248,27.0,19,20,5,"203200,1610612741",53,25,772.486666667,196,242,291,682,61,47,203200,Justin Holiday,16,40,34,68,CHI,1610612741,28,0.528
249,20.0,26,43,5,"1626159,1610612748",78,32,2232.285,556,444,737,1858,184,92,1626159,Justise Winslow,68,116,84,270,MIA,1610612748,46,0.59
250,21.0,44,26,5,"203994,1610612743",32,18,547.091666667,158,153,174,494,91,93,203994,Jusuf Nurkic,52,9,36,182,DEN,1610612743,14,0.438
251,23.0,6,3,5,"203909,1610612745",37,20,235.39,72,59,73,176,30,21,203909,KJ McDaniels,16,27,20,40,HOU,1610612745,17,0.459
252,20.0,138,69,5,"1626157,1610612750",82,53,2626.54166667,742,750,928,2498,245,244,1626157,Karl-Anthony Towns,291,87,231,800,MIN,1610612750,29,0.354
253,24.0,71,29,5,"202695,1610612759",72,12,2379.62166667,493,617,606,1942,133,281,202695,Kawhi Leonard,116,189,247,510,SAS,1610612759,60,0.833
254,24.0,0,0,5,"203951,1610612753",5,5,26.85,1,6,9,18,5,2,203951,Keith Appling,0,2,2,4,ORL,1610612753,0,0.0
255,25.0,33,33,5,"203482,1610612738",69,29,1394.785,403,314,396,1200,163,119,203482,Kelly Olynyk,85,86,114,296,BOS,1610612738,40,0.58
256,20.0,7,20,5,"1626162,1610612764",63,32,671.381666667,184,225,185,566,100,51,1626162,Kelly Oubre,32,39,38,122,WAS,1610612764,31,0.492
257,26.0,39,103,5,"202689,1610612766",81,34,2885.01666667,698,679,795,2408,111,346,202689,Kemba Walker,159,256,279,524,CHA,1610612766,47,0.58
258,24.0,2,5,5,"203088,1610612755",30,27,399.63,138,140,171,374,30,21,203088,Kendall Marshall,0,3,9,34,PHI,1610612755,3,0.1
259,31.0,11,7,5,"2570,1610612740",37,24,542.008333333,136,150,199,486,64,26,2570,Kendrick Perkins,13,2,5,72,NOP,1610612740,13,0.351
260,26.0,60,59,5,"202702,1610612743",67,41,1694.46833333,385,462,600,1558,169,209,202702,Kenneth Faried,213,130,124,656,DEN,1610612743,26,0.388
261,26.0,38,38,5,"203145,1610612737",75,31,2082.66333333,619,559,689,1780,176,172,203145,Kent Bazemore,85,199,171,368,ATL,1610612737,44,0.587
262,23.0,17,35,5,"203484,1610612765",76,35,2788.73166667,635,563,815,2606,167,189,203484,Kentavious Caldwell-Pope,99,246,226,380,DET,1610612765,41,0.539
263,27.0,85,38,5,"201142,1610612760",72,20,2577.58666667,780,723,931,2414,137,326,201142,Kevin Durant,160,334,214,632,OKC,1610612760,52,0.722
264,40.0,10,2,5,"708,1610612750",38,24,555.705,140,95,134,468,70,26,708,Kevin Garnett,6,8,12,44,MIN,1610612750,14,0.368
265,27.0,41,53,5,"201567,1610612739",77,24,2424.38333333,557,614,784,2112,159,281,201567,Kevin Love,180,73,170,348,CLE,1610612739,53,0.688
266,33.0,3,21,5,"2755,1610612759",55,31,1094.95,291,329,415,984,83,105,2755,Kevin Martin,30,91,71,124,SAS,1610612759,24,0.436
267,26.0,36,12,5,"202338,1610612752",48,33,526.521666667,140,135,187,440,67,20,202338,Kevin Seraphin,20,11,24,102,NYK,1610612752,15,0.313
268,20.0,0,1,5,"1626172,1610612744",5,1,20.5983333333,7,16,12,22,2,0,1626172,Kevon Looney,4,0,0,4,GSW,1610612744,4,0.8
269,24.0,19,42,5,"203114,1610612749",79,46,2852.0,860,750,987,2586,204,249,203114,Khris Middleton,86,199,266,350,MIL,1610612749,33,0.418
270,35.0,2,6,5,"2550,1610612737",46,20,630.998333333,189,145,202,540,64,33,2550,Kirk Hinrich,6,32,29,32,ATL,1610612737,26,0.565
271,26.0,49,42,5,"202691,1610612744",80,9,2666.08166667,751,779,932,2504,152,167,202691,Klay Thompson,158,324,244,496,GSW,1610612744,71,0.888
272,37.0,13,36,5,"977,1610612747",66,53,1863.32333333,621,740,663,1952,115,174,977,Kobe Bryant,100,107,142,262,LAL,1610612747,13,0.197
273,27.0,70,30,5,"201585,1610612758",78,46,1482.41666667,380,455,586,1308,185,92,201585,Kosta Koufos,134,32,65,456,SAC,1610612758,32,0.41
274,25.0,5,8,5,"203123,1610612743",26,18,294.015,80,73,116,228,24,17,203123,Kostas Papanikolaou,6,8,14,22,DEN,1610612743,8,0.308
275,31.0,23,17,5,"2743,1610612737",53,24,834.695,212,256,270,772,94,76,2743,Kris Humphries,49,47,66,110,ATL,1610612737,29,0.547
276,20.0,134,26,5,"204001,1610612752",72,44,2046.47,519,483,630,1776,205,224,204001,Kristaps Porzingis,186,39,105,340,NYK,1610612752,28,0.389
277,22.0,29,16,5,"203937,1610612759",78,14,1244.96166667,286,308,349,1062,97,80,203937,Kyle Anderson,15,39,65,144,SAS,1610612759,64,0.821
278,35.0,35,12,5,"2594,1610612737",80,34,2400.815,651,613,779,2028,161,66,2594,Kyle Korver,88,102,117,54,ATL,1610612737,46,0.575
279,30.0,34,74,5,"200768,1610612761",77,23,2851.405,693,619,851,2348,211,433,200768,Kyle Lowry,161,282,286,444,TOR,1610612761,54,0.701
280,26.0,49,18,5,"203124,1610612752",65,39,764.256666667,234,218,243,660,107,57,203124,Kyle O'Quinn,64,15,41,144,NYK,1610612752,26,0.4
281,28.0,9,13,5,"202713,1610612760",68,25,977.135,272,294,395,934,120,43,202713,Kyle Singler,37,37,34,94,OKC,1610612760,43,0.632
282,24.0,18,54,5,"202681,1610612739",53,16,1667.43833333,384,440,496,1556,107,152,202681,Kyrie Irving,92,122,149,372,CLE,1610612739,37,0.698
283,30.0,81,37,5,"200746,1610612759",74,13,2260.90166667,485,576,580,1864,151,240,200746,LaMarcus Aldridge,225,70,203,616,SAS,1610612759,61,0.824
284,24.0,2,5,5,"203934,1610612737",35,12,395.033333333,82,110,114,358,45,23,203934,Lamar Patterson,6,21,22,28,ATL,1610612737,23,0.657
285,25.0,9,30,5,"202362,1610612763",69,33,1372.32333333,368,387,471,1176,135,94,202362,Lance Stephenson,63,73,108,298,MEM,1610612763,36,0.522
286,28.0,7,24,5,"202498,1610612752",59,34,1313.40166667,359,361,474,1236,109,108,202498,Lance Thomas,49,36,62,148,NYK,1610612752,25,0.424
287,24.0,22,22,5,"204038,1610612752",82,50,2033.29833333,535,495,618,1764,177,86,204038,Langston Galloway,50,129,103,216,NYK,1610612752,32,0.39
288,23.0,23,19,5,"1626204,1610612747",63,49,1265.73166667,340,368,430,1174,124,58,1626204,Larry Nance Jr.,74,61,66,234,LAL,1610612747,14,0.222
289,27.0,42,22,5,"202730,1610612754",79,36,1598.82333333,416,407,526,1272,147,72,202730,Lavoy Allen,129,16,80,294,IND,1610612754,43,0.544
290,31.0,49,69,5,"2544,1610612739",76,20,2708.39666667,631,642,856,2276,143,413,2544,LeBron James,180,409,407,1064,CLE,1610612739,56,0.737
291,33.0,10,20,5,"2571,1610612744",68,8,1079.155,316,325,348,986,107,65,2571,Leandro Barbosa,38,127,93,196,GSW,1610612744,60,0.882
292,25.0,1,0,5,"203485,1610612765",8,7,60.7333333333,8,23,35,54,4,3,203485,Lorenzo Brown,4,3,7,8,DET,1610612765,1,0.125
293,33.0,7,3,5,"200811,1610612752",29,18,204.435,53,48,53,148,44,22,200811,Lou Amundson,15,5,5,36,NYK,1610612752,11,0.379
294,29.0,19,40,5,"101150,1610612747",67,53,1906.745,602,651,657,1930,107,258,101150,Lou Williams,95,154,137,202,LAL,1610612747,14,0.209
295,29.0,19,32,5,"201601,1610612746",75,26,1273.835,310,300,346,1032,100,46,201601,Luc Mbah a Moute,27,52,36,142,LAC,1610612746,49,0.653
296,23.0,12,3,5,"203512,1610612761",29,12,224.696666667,68,40,39,200,29,11,203512,Lucas Nogueira,6,8,11,54,TOR,1610612761,17,0.586
297,23.0,0,2,5,"1626242,1610612757",12,6,42.0366666667,13,8,20,18,1,3,1626242,Luis Montero,0,1,4,4,POR,1610612757,6,0.5
298,36.0,27,35,5,"2449,1610612761",76,26,1636.23,378,424,559,1442,178,107,2449,Luis Scola,89,75,141,330,TOR,1610612761,50,0.658
299,27.0,7,25,5,"202337,1610612740",47,31,845.1,188,242,277,762,90,48,202337,Luke Babbitt,38,20,37,124,NOP,1610612740,16,0.34
300,31.0,29,31,5,"2736,1610612748",74,29,2393.94333333,609,608,748,2186,122,165,2736,Luol Deng,126,134,151,398,MIA,1610612748,45,0.608
301,38.0,11,22,5,"1938,1610612759",58,11,1134.12666667,262,273,352,968,99,138,1938,Manu Ginobili,69,50,90,188,SAS,1610612759,47,0.81
302,31.0,70,25,5,"201188,1610612763",52,22,1791.045,427,560,551,1384,141,230,201188,Marc Gasol,71,23,116,368,MEM,1610612763,30,0.577
303,33.0,7,14,5,"1626273,1610612747",53,45,868.816666667,221,272,271,764,76,34,1626273,Marcelo Huertas,14,19,28,114,LAL,1610612747,8,0.151
304,32.0,96,50,5,"101162,1610612764",75,40,2255.91666667,579,594,755,1888,193,213,101162,Marcin Gortat,161,68,127,730,WAS,1610612764,35,0.467
305,30.0,2,9,5,"201158,1610612758",68,41,1671.58166667,458,501,631,1590,91,127,201158,Marco Belinelli,38,105,127,92,SAC,1610612758,27,0.397
306,26.0,23,29,5,"202694,1610612765",80,38,2856.485,615,633,845,2644,170,261,202694,Marcus Morris,114,102,188,278,DET,1610612765,42,0.525
307,22.0,18,40,5,"203935,1610612738",61,25,1666.775,499,369,514,1458,183,188,203935,Marcus Smart,101,73,98,224,BOS,1610612738,36,0.59
308,29.0,4,21,5,"201977,1610612764",61,29,1108.12833333,346,378,410,1088,90,57,201977,Marcus Thornton,81,82,92,178,WAS,1610612764,32,0.525
309,30.0,13,27,5,"201596,1610612763",61,23,1372.76666667,377,379,442,1044,181,239,201596,Mario Chalmers,53,103,124,222,MEM,1610612763,38,0.623
310,21.0,17,15,5,"1626209,1610612753",79,46,1412.83666667,307,338,435,1288,124,57,1626209,Mario Hezonja,40,75,103,140,ORL,1610612753,33,0.418
311,24.0,15,10,5,"203900,1610612751",62,50,982.346666667,284,268,388,980,94,87,203900,Markel Brown,45,69,64,116,BKN,1610612751,12,0.194
312,26.0,34,40,5,"202693,1610612764",64,42,1628.875,377,501,617,1364,184,133,202693,Markieff Morris,95,41,98,304,WAS,1610612764,22,0.344
313,28.0,34,31,5,"201578,1610612744",72,8,832.45,269,255,279,824,117,114,201578,Marreese Speights,65,38,58,166,GSW,1610612744,64,0.889
314,30.0,77,28,5,"101107,1610612766",81,34,2338.08166667,549,563,653,1938,133,129,101107,Marvin Williams,156,44,125,276,CHA,1610612766,47,0.58
315,26.0,85,64,5,"203486,1610612757",82,38,2083.36333333,519,466,752,1910,253,272,203486,Mason Plumlee,131,95,145,510,POR,1610612757,44,0.537
316,36.0,57,35,5,"2440,1610612763",76,38,2190.15333333,532,688,656,1740,234,103,2440,Matt Barnes,80,162,131,260,MEM,1610612763,38,0.5
317,36.0,1,2,5,"2588,1610612759",30,5,205.895,52,66,67,166,16,5,2588,Matt Bonner,3,2,12,14,SAS,1610612759,25,0.833
318,25.0,9,20,5,"203521,1610612739",76,22,1867.235,417,384,581,1444,178,90,203521,Matthew Dellavedova,55,31,82,150,CLE,1610612739,54,0.711
319,23.0,35,31,5,"203090,1610612757",78,38,1457.01166667,412,328,499,1214,124,74,203090,Maurice Harkless,107,89,88,302,POR,1610612757,40,0.513
320,36.0,11,15,5,"1897,1610612747",35,29,589.876666667,140,176,193,502,67,42,1897,Metta World Peace,26,10,35,42,LAL,1610612747,6,0.171
321,24.0,18,8,5,"203086,1610612757",61,28,1332.59333333,325,303,450,1016,183,61,203086,Meyers Leonard,43,33,43,104,POR,1610612757,33,0.541
322,27.0,9,13,5,"201563,1610612745",20,10,362.586666667,125,106,155,322,39,32,201563,Michael Beasley,38,25,40,142,HOU,1610612745,10,0.5
323,24.0,41,43,5,"203487,1610612749",54,33,1649.30333333,473,446,624,1408,162,175,203487,Michael Carter-Williams,34,87,99,368,MIL,1610612749,21,0.389
324,22.0,3,8,5,"203077,1610612766",7,2,204.741666667,31,63,54,168,9,22,203077,Michael Kidd-Gilchrist,13,30,12,52,CHA,1610612766,5,0.714
325,28.0,16,33,5,"201144,1610612763",56,23,1760.47833333,421,511,479,1386,100,184,201144,Mike Conley,59,98,153,308,MEM,1610612763,33,0.589
326,35.0,10,11,5,"2399,1610612741",31,18,702.636666667,208,185,224,666,66,34,2399,Mike Dunleavy,27,35,28,64,CHI,1610612741,13,0.419
327,36.0,4,3,5,"2034,1610612743",47,26,372.96,108,88,123,332,53,6,2034,Mike Miller,11,9,12,4,DEN,1610612743,21,0.447
328,24.0,27,2,5,"203488,1610612737",60,26,564.891666667,138,134,198,512,72,35,203488,Mike Muscala,44,16,31,94,ATL,1610612737,34,0.567
329,27.0,17,12,5,"203118,1610612737",75,29,1145.90833333,262,246,382,912,102,58,203118,Mike Scott,53,80,70,194,ATL,1610612737,46,0.613
330,27.0,50,14,5,"203101,1610612749",61,38,869.896666667,236,222,317,802,73,54,203101,Miles Plumlee,69,24,52,258,MIL,1610612749,23,0.377
331,30.0,21,36,5,"203141,1610612756",79,56,1685.52666667,458,648,692,1664,159,131,203141,Mirza Teletovic,127,95,127,214,PHX,1610612756,23,0.291
332,24.0,2,3,5,"203956,1610612760",20,3,72.45,28,39,37,70,10,6,203956,Mitch McGary,2,3,3,14,OKC,1610612760,17,0.85
333,33.0,5,14,5,"2590,1610612739",41,14,747.946666667,166,186,282,620,60,39,2590,Mo Williams,19,44,52,54,CLE,1610612739,27,0.659
334,30.0,37,33,5,"101145,1610612754",81,37,2734.00666667,746,731,949,2346,174,194,101145,Monta Ellis,96,176,197,394,IND,1610612754,44,0.543
335,22.0,11,8,5,"1626149,1610612745",39,22,378.611666667,98,130,154,340,48,32,1626149,Montrezl Harrell,31,26,23,112,HOU,1610612745,17,0.436
336,20.0,86,24,5,"1626167,1610612754",60,28,1367.185,384,331,438,1220,158,122,1626167,Myles Turner,93,46,85,286,IND,1610612754,32,0.533
337,32.0,0,0,5,"101126,1610612740",2,2,23.2966666667,7,5,11,26,5,0,101126,Nate Robinson,0,0,0,0,NOP,1610612740,0,0.0
338,38.0,0,0,5,"1737,1610612760",5,0,19.4583333333,2,10,12,12,4,1,1737,Nazr Mohammed,2,0,2,4,OKC,1610612760,5,1.0
339,28.0,21,10,5,"202357,1610612750",60,40,1074.80333333,256,276,443,968,154,61,202357,Nemanja Bjelica,45,25,30,116,MIN,1610612750,20,0.333
340,33.0,26,22,5,"2403,1610612764",57,29,1093.91,235,272,351,936,156,165,2403,Nene,41,43,92,318,WAS,1610612764,28,0.491
341,22.0,100,39,5,"203457,1610612755",67,57,1965.26166667,599,711,874,1834,192,195,203457,Nerlens Noel,161,91,115,554,PHI,1610612755,10,0.149
342,35.0,16,10,5,"2555,1610612760",59,20,699.261666667,175,201,265,626,107,42,2555,Nick Collison,39,4,23,84,OKC,1610612760,39,0.661
343,31.0,7,10,5,"201156,1610612747",54,41,1033.39333333,309,318,350,1024,50,45,201156,Nick Young,46,47,56,20,LAL,1610612747,13,0.241
344,27.0,43,27,5,"201587,1610612766",70,29,2447.71,600,640,736,2114,114,151,201587,Nicolas Batum,74,120,179,250,CHA,1610612766,41,0.586
345,22.0,20,34,5,"203917,1610612755",73,65,1808.80333333,530,639,741,1726,115,98,203917,Nik Stauskas,46,99,106,172,PHI,1610612755,8,0.11
346,21.0,50,57,5,"203999,1610612743",80,49,1732.56833333,357,429,558,1398,208,198,203999,Nikola Jokic,164,38,100,492,DEN,1610612743,31,0.388
347,25.0,46,24,5,"202703,1610612741",66,29,1646.11,455,451,549,1630,151,137,202703,Nikola Mirotic,110,69,99,174,CHI,1610612741,37,0.561
348,30.0,0,2,5,"201593,1610612750",12,10,156.315,54,50,64,148,22,18,201593,Nikola Pekovic,10,0,4,36,MIN,1610612750,2,0.167
349,25.0,70,56,5,"202696,1610612753",65,37,2036.73,446,567,660,1756,173,159,202696,Nikola Vucevic,173,38,142,610,ORL,1610612753,28,0.431
350,20.0,26,24,5,"203943,1610612757",78,37,1173.50166667,261,266,402,1016,152,48,203943,Noah Vonleh,76,18,34,170,POR,1610612757,41,0.526
351,23.0,10,24,5,"1626181,1610612761",49,17,725.226666667,166,193,212,612,59,43,1626181,Norman Powell,12,65,54,84,TOR,1610612761,32,0.653
352,27.0,5,17,5,"202708,1610612740",45,25,1198.31333333,294,275,335,1164,102,72,202708,Norris Cole,19,76,75,156,NOP,1610612740,20,0.444
353,28.0,8,17,5,"201564,1610612749",41,24,1089.67666667,328,306,385,962,126,45,201564,O.J. Mayo,27,55,60,64,MIL,1610612749,17,0.415
354,29.0,23,38,5,"201600,1610612740",68,39,1178.10666667,230,297,350,1020,124,104,201600,Omer Asik,83,8,20,208,NOP,1610612740,29,0.426
355,28.0,17,29,5,"201956,1610612758",69,42,1880.405,548,558,726,1694,154,136,201956,Omri Casspi,100,161,180,368,SAC,1610612758,27,0.391
356,27.0,3,3,5,"203111,1610612740",7,6,101.71,13,42,35,106,9,6,203111,Orlando Johnson,4,3,8,12,NOP,1610612740,1,0.143
357,23.0,32,27,5,"203490,1610612764",75,39,2275.90666667,552,616,820,1942,163,115,203490,Otto Porter,123,201,171,280,WAS,1610612764,36,0.48
358,23.0,11,16,5,"203798,1610612763",66,35,1313.09333333,325,339,387,1100,137,65,203798,PJ Hairston,34,80,63,120,MEM,1610612763,31,0.47
359,31.0,20,44,5,"200782,1610612756",82,59,2539.565,659,901,1132,2196,202,155,200782,PJ Tucker,165,84,117,302,PHX,1610612756,23,0.28
360,39.0,1,5,5,"203143,1610612746",59,22,822.603333333,296,240,255,758,82,32,203143,Pablo Prigioni,21,23,37,48,LAC,1610612746,37,0.627
361,23.0,0,5,5,"1626192,1610612757",34,17,143.466666667,33,24,39,72,6,5,1626192,Pat Connaughton,3,3,3,14,POR,1610612757,17,0.5
362,27.0,26,32,5,"201976,1610612745",71,36,2040.7,611,585,798,1814,234,99,201976,Patrick Beverley,95,118,122,216,HOU,1610612745,35,0.493
363,27.0,32,10,5,"202335,1610612761",79,25,2019.59166667,523,418,535,1600,128,54,202335,Patrick Patterson,96,21,84,156,TOR,1610612761,54,0.684
364,27.0,6,12,5,"201988,1610612759",81,15,1662.04333333,388,379,490,1454,102,121,201988,Patty Mills,62,82,98,126,SAS,1610612759,66,0.815
365,35.0,146,59,5,"2200,1610612741",72,36,2291.475,733,657,759,2132,148,261,2200,Pau Gasol,194,38,102,446,CHI,1610612741,36,0.5
366,26.0,29,77,5,"202331,1610612754",81,37,2818.93333333,756,704,957,2402,230,434,202331,Paul George,180,262,377,436,IND,1610612754,44,0.543
367,31.0,139,71,5,"200794,1610612737",81,33,2647.225,772,702,876,2326,237,360,200794,Paul Millsap,154,130,258,692,ATL,1610612737,48,0.593
368,38.0,17,17,5,"1718,1610612746",68,24,1230.51333333,340,349,344,1048,129,61,1718,Paul Pierce,23,53,63,58,LAC,1610612746,44,0.647
369,25.0,4,9,5,"203515,1610612756",23,20,283.443333333,80,105,110,290,28,21,203515,Phil Pressey,1,24,17,46,PHX,1610612756,3,0.13
370,25.0,24,6,5,"203112,1610612758",59,38,875.91,256,286,359,768,103,75,203112,Quincy Acy,74,47,59,162,SAC,1610612758,21,0.356
371,22.0,4,4,5,"1626154,1610612738",36,15,314.568333333,61,102,111,292,29,10,1626154,RJ Hunter,18,6,20,18,BOS,1610612738,21,0.583
372,30.0,10,54,5,"200765,1610612758",72,43,2536.68833333,716,814,1041,2312,175,153,200765,Rajon Rondo,69,103,124,462,SAC,1610612758,29,0.403
373,24.0,0,0,5,"1626176,1610612754",1,0,6.1,3,2,10,8,1,0,1626176,Rakeem Christmas,0,0,0,4,IND,1610612754,1,1.0
374,30.0,5,40,5,"201196,1610612764",82,41,1667.05166667,383,430,502,1490,102,213,201196,Ramon Sessions,35,215,133,406,WAS,1610612764,41,0.5
375,32.0,29,26,5,"200751,1610612760",81,44,1641.52166667,425,471,617,1462,131,69,200751,Randy Foye,45,34,84,124,OKC,1610612760,37,0.457
376,19.0,16,25,5,"1626173,1610612749",70,40,1000.69333333,262,306,393,928,73,18,1626173,Rashad Vaughn,14,39,49,42,MIL,1610612749,30,0.429
377,37.0,23,4,5,"2446,1610612759",46,5,431.528333333,95,114,124,390,11,15,2446,Rasual Butler,6,25,25,38,SAS,1610612759,41,0.891
378,24.0,2,28,5,"203526,1610612762",81,41,1498.65166667,346,353,492,1224,122,108,203526,Raul Neto,46,62,81,166,UTA,1610612762,40,0.494
379,25.0,7,13,5,"203492,1610612763",41,11,474.381666667,111,122,142,386,29,18,203492,Ray McCallum,11,25,24,48,MEM,1610612763,30,0.732
380,32.0,15,32,5,"101109,1610612742",80,40,2192.195,631,758,689,1854,141,154,101109,Raymond Felton,50,84,125,312,DAL,1610612742,40,0.5
381,25.0,2,5,5,"203493,1610612765",37,15,428.845,94,90,138,378,29,15,203493,Reggie Bullock,17,17,14,30,DET,1610612765,22,0.595
382,26.0,11,69,5,"202704,1610612765",79,36,2424.245,542,527,718,2308,187,266,202704,Reggie Jackson,123,132,187,642,DET,1610612765,43,0.544
383,36.0,14,11,5,"2210,1610612739",74,23,1325.65333333,305,266,445,1092,129,79,2210,Richard Jefferson,38,62,56,126,CLE,1610612739,51,0.689
384,22.0,40,19,5,"1626158,1610612755",51,44,702.001666667,210,239,298,624,92,65,1626158,Richaun Holmes,60,29,39,200,PHI,1610612755,7,0.137
385,25.0,10,32,5,"201937,1610612750",76,48,2322.58666667,658,604,777,2166,201,262,201937,Ricky Rubio,35,127,125,144,MIN,1610612750,28,0.368
386,25.0,40,40,5,"203496,1610612755",67,57,1903.01166667,546,581,727,1696,232,132,203496,Robert Covington,101,137,192,184,PHI,1610612755,10,0.149
387,27.0,10,9,5,"203135,1610612747",25,23,320.09,85,121,113,306,43,26,203135,Robert Sacre,19,6,9,40,LAL,1610612747,2,0.08
388,28.0,129,27,5,"201577,1610612752",82,50,2218.91833333,556,614,742,2024,182,141,201577,Robin Lopez,254,24,73,650,NYK,1610612752,32,0.39
389,23.0,16,39,5,"203918,1610612762",79,40,2540.81666667,587,606,828,2074,202,162,203918,Rodney Hood,159,86,177,336,UTA,1610612762,39,0.494
390,30.0,8,30,5,"201155,1610612754",58,25,1275.46333333,361,306,447,1112,77,136,201155,Rodney Stuckey,23,125,96,198,IND,1610612754,33,0.569
391,21.0,16,8,5,"1626178,1610612751",29,22,615.456666667,159,189,221,546,61,47,1626178,Rondae Hollis-Jefferson,27,42,44,80,BKN,1610612751,7,0.241
392,33.0,13,12,5,"101179,1610612756",62,42,1211.18333333,269,395,468,1024,161,72,101179,Ronnie Price,22,58,73,70,PHX,1610612756,20,0.323
393,29.0,110,30,5,"201579,1610612747",81,64,1877.78666667,608,764,674,1892,252,150,201579,Roy Hibbert,116,10,29,238,LAL,1610612747,17,0.21
394,29.0,51,60,5,"200752,1610612758",70,41,2378.71,643,759,914,2190,184,212,200752,Rudy Gay,143,214,201,572,SAC,1610612758,29,0.414
395,24.0,135,42,5,"203497,1610612762",61,28,1932.13,477,442,640,1494,163,240,203497,Rudy Gobert,191,32,72,392,UTA,1610612762,33,0.541
396,25.0,1,5,5,"203893,1610612763",15,9,66.185,12,26,42,52,5,8,203893,Russ Smith,0,4,4,10,MEM,1610612763,6,0.4
397,27.0,20,84,5,"201566,1610612760",80,25,2749.46833333,805,719,969,2590,200,434,201566,Russell Westbrook,175,497,282,822,OKC,1610612760,55,0.688
398,28.0,25,41,5,"201583,1610612740",66,42,2008.32,500,477,615,1878,109,194,201583,Ryan Anderson,173,73,149,286,NOP,1610612740,24,0.364
399,31.0,21,13,5,"200797,1610612763",37,19,459.673333333,102,123,166,362,62,49,200797,Ryan Hollins,43,8,12,94,MEM,1610612763,18,0.486
400,25.0,10,13,5,"203527,1610612747",36,33,469.873333333,144,116,130,458,39,44,203527,Ryan Kelly,30,26,31,58,LAL,1610612747,3,0.083
401,30.0,36,15,5,"1626257,1610612742",34,18,397.23,100,134,112,270,54,44,1626257,Salah Mejri,23,9,14,98,DAL,1610612742,16,0.471
402,22.0,0,0,5,"1626155,1610612745",3,2,6.14833333333,0,0,0,8,0,0,1626155,Sam Dekker,0,0,0,0,HOU,1610612745,1,0.333
403,31.0,5,5,5,"201619,1610612739",25,7,95.395,31,20,32,66,11,6,201619,Sasha Kaun,7,2,6,18,CLE,1610612739,18,0.72
404,32.0,5,8,5,"2756,1610612752",61,39,908.408333333,224,258,275,774,83,53,2756,Sasha Vujacic,37,31,43,34,NYK,1610612752,22,0.361
405,26.0,2,14,5,"203930,1610612751",31,24,616.175,189,194,231,646,37,52,203930,Sean Kilpatrick,39,76,60,126,BKN,1610612751,7,0.226
406,26.0,148,27,5,"201586,1610612760",78,24,2500.29333333,748,646,843,2314,211,102,201586,Serge Ibaka,186,109,134,380,OKC,1610612760,54,0.692
407,22.0,2,3,5,"203508,1610612751",40,31,399.423333333,101,122,152,428,27,33,203508,Sergey Karasev,12,8,9,22,BKN,1610612751,9,0.225
408,25.0,3,12,5,"203552,1610612758",44,27,691.743333333,209,235,246,592,41,40,203552,Seth Curry,26,48,38,58,SAC,1610612758,17,0.386
409,23.0,7,55,5,"203498,1610612750",82,53,1681.915,463,483,683,1656,94,183,203498,Shabazz Muhammad,157,172,153,456,MIN,1610612750,29,0.354
410,24.0,1,7,5,"203894,1610612753",55,32,599.865,138,166,197,512,38,47,203894,Shabazz Napier,11,7,31,30,ORL,1610612753,23,0.418
411,23.0,12,31,5,"203499,1610612751",78,58,1750.56833333,413,507,707,1790,121,123,203499,Shane Larkin,31,93,102,264,BKN,1610612751,20,0.256
412,30.0,27,18,5,"2733,1610612744",78,9,1519.53333333,455,393,480,1434,140,88,2733,Shaun Livingston,36,78,51,236,GSW,1610612744,69,0.885
413,25.0,1,0,5,"203963,1610612754",7,3,40.7166666667,7,9,17,26,7,2,203963,Shayne Whittington,2,0,1,10,IND,1610612754,4,0.571
414,26.0,3,23,5,"202714,1610612762",52,25,1057.88666667,231,242,407,876,72,69,202714,Shelvin Mack,27,64,72,230,UTA,1610612762,27,0.519
415,25.0,11,13,5,"203524,1610612754",59,28,866.15,254,215,272,756,68,37,203524,Solomon Hill,46,27,54,120,IND,1610612754,31,0.525
416,29.0,1,10,5,"201603,1610612755",43,37,498.308333333,121,174,196,442,47,16,201603,Sonny Weems,11,10,11,32,PHI,1610612755,6,0.14
417,23.0,0,4,5,"203915,1610612765",12,7,159.23,28,34,45,126,20,31,203915,Spencer Dinwiddie,5,5,3,26,DET,1610612765,5,0.417
418,28.0,27,13,5,"201150,1610612766",57,27,1034.90333333,236,289,333,790,111,60,201150,Spencer Hawes,55,10,33,132,CHA,1610612766,30,0.526
419,20.0,12,35,5,"1626169,1610612765",73,36,1687.07166667,363,377,541,1480,178,83,1626169,Stanley Johnson,68,119,89,246,DET,1610612765,37,0.507
420,28.0,15,52,5,"201939,1610612744",79,8,2700.025,736,809,915,2460,161,356,201939,Stephen Curry,191,502,376,636,GSW,1610612744,71,0.899
421,36.0,5,10,5,"2581,1610612765",58,24,986.4,222,210,300,858,70,48,2581,Steve Blake,27,14,40,42,DET,1610612765,34,0.586
422,33.0,0,0,5,"200779,1610612749",10,2,44.2883333333,15,18,20,36,3,2,200779,Steve Novak,3,0,0,0,MIL,1610612749,8,0.8
423,22.0,89,31,5,"203500,1610612760",80,26,2014.37666667,553,542,667,1788,223,195,203500,Steven Adams,166,42,74,510,OKC,1610612760,54,0.675
424,24.0,10,24,5,"204456,1610612755",81,71,1605.98666667,451,591,663,1522,114,74,204456,TJ McConnell,36,48,103,220,PHI,1610612755,10,0.123
425,22.0,16,15,5,"203933,1610612756",47,33,1070.19,270,393,466,1022,94,64,203933,TJ Warren,90,96,110,250,PHX,1610612756,14,0.298
426,31.0,77,54,5,"201959,1610612741",73,36,1935.54166667,597,579,641,1734,180,161,201959,Taj Gibson,155,32,83,428,CHI,1610612741,37,0.507
427,24.0,18,9,5,"204028,1610612747",39,33,495.656666667,119,129,158,418,78,38,204028,Tarik Black,36,6,15,112,LAL,1610612747,6,0.154
428,36.0,13,4,5,"2419,1610612750",77,50,1461.59166667,408,349,470,1380,62,28,2419,Tayshaun Prince,30,19,41,70,MIN,1610612750,27,0.351
429,24.0,39,39,5,"203093,1610612745",50,26,1044.25166667,330,310,388,1026,86,82,203093,Terrence Jones,72,70,95,262,HOU,1610612745,24,0.48
430,25.0,25,15,5,"203082,1610612761",73,20,1747.37666667,411,340,507,1414,120,46,203082,Terrence Ross,51,94,130,144,TOR,1610612761,53,0.726
431,22.0,1,4,5,"1626179,1610612738",39,15,311.325,69,117,88,304,23,15,1626179,Terry Rozier,21,6,10,30,BOS,1610612738,24,0.615
432,32.0,37,26,5,"200757,1610612737",75,33,1757.54833333,459,405,596,1508,109,85,200757,Thabo Sefolosha,53,106,151,234,ATL,1610612737,42,0.56
433,28.0,37,77,5,"201152,1610612751",73,52,2407.5,568,738,897,2404,182,157,201152,Thaddeus Young,163,139,181,826,BKN,1610612751,21,0.288
434,23.0,0,0,5,"203648,1610612752",2,1,6.25,2,0,2,2,2,0,203648,Thanasis Antetokounmpo,0,2,0,6,NYK,1610612752,1,0.5
435,25.0,36,26,5,"203080,1610612751",71,55,916.443333333,277,267,376,910,111,90,203080,Thomas Robinson,119,36,56,244,BKN,1610612751,16,0.225
436,31.0,12,19,5,"201168,1610612737",36,15,579.473333333,142,157,207,436,71,46,201168,Tiago Splitter,49,9,36,158,ATL,1610612737,21,0.583
437,26.0,2,4,5,"202353,1610612762",12,5,81.54,24,19,38,64,19,1,202353,Tibor Pleiss,6,0,2,14,UTA,1610612762,7,0.583
438,40.0,78,38,5,"1495,1610612759",61,11,1536.35666667,322,384,404,1160,125,112,1495,Tim Duncan,95,17,66,360,SAS,1610612759,50,0.82
439,25.0,2,22,5,"204025,1610612740",51,26,741.255,190,153,247,588,73,84,204025,Tim Frazier,18,33,44,102,NOP,1610612740,25,0.49
440,24.0,7,15,5,"203501,1610612737",51,22,864.016666667,205,161,286,682,48,47,203501,Tim Hardaway Jr.,26,86,59,94,ATL,1610612737,29,0.569
441,29.0,57,30,5,"202389,1610612739",76,24,1325.575,307,339,452,1084,159,116,202389,Timofey Mozgov,70,33,55,342,CLE,1610612739,52,0.684
442,23.0,40,71,5,"202699,1610612765",76,39,2513.42,568,622,797,2148,153,189,202699,Tobias Harris,161,164,184,554,DET,1610612765,37,0.487
443,30.0,5,29,5,"201962,1610612740",61,39,1262.19833333,283,334,391,1148,131,96,201962,Toney Douglas,28,100,111,136,NOP,1610612740,22,0.361
444,34.0,18,59,5,"2754,1610612763",64,30,1619.82166667,395,479,519,1364,175,105,2754,Tony Allen,74,146,146,348,MEM,1610612763,34,0.531
445,34.0,11,39,5,"2225,1610612759",72,13,1980.45833333,413,533,508,1624,114,147,2225,Tony Parker,40,111,120,408,SAS,1610612759,59,0.819
446,24.0,17,28,5,"203503,1610612741",64,31,1301.01333333,378,315,393,1150,100,38,203503,Tony Snell,50,50,52,96,CHI,1610612741,33,0.516
447,23.0,0,11,5,"203100,1610612752",8,8,144.3,46,61,84,142,11,24,203100,Tony Wroten,7,16,13,36,NYK,1610612752,0,0.0
448,30.0,26,38,5,"2772,1610612745",81,41,2859.03833333,844,857,1179,2646,177,114,2772,Trevor Ariza,106,228,234,292,HOU,1610612745,40,0.494
449,28.0,41,18,5,"202344,1610612762",79,40,1632.1,372,401,577,1352,169,83,202344,Trevor Booker,118,60,72,338,UTA,1610612762,39,0.494
450,23.0,6,33,5,"203504,1610612762",64,33,1365.84333333,351,328,444,1114,86,77,203504,Trey Burke,49,67,112,182,UTA,1610612762,31,0.484
451,20.0,18,15,5,"1626168,1610612762",80,42,1382.34333333,344,341,435,1188,114,77,1626168,Trey Lyles,61,33,83,192,UTA,1610612762,38,0.475
452,25.0,51,38,5,"202684,1610612739",82,25,2269.33,498,469,701,1934,202,224,202684,Tristan Thompson,213,42,91,484,CLE,1610612739,57,0.695
453,24.0,3,3,5,"203584,1610612766",43,18,476.266666667,123,143,159,420,40,11,203584,Troy Daniels,21,12,45,16,CHA,1610612766,25,0.581
454,28.0,7,28,5,"201951,1610612754",66,35,1411.20833333,443,416,555,1414,87,83,201951,Ty Lawson,17,60,75,136,IND,1610612754,31,0.47
455,21.0,1,18,5,"203898,1610612749",46,29,654.478333333,180,157,232,618,64,36,203898,Tyler Ennis,18,22,37,114,MIL,1610612749,17,0.37
456,30.0,7,13,5,"201946,1610612766",44,16,342.741666667,67,90,116,302,55,51,201946,Tyler Hansbrough,32,6,13,60,CHA,1610612766,28,0.636
457,24.0,14,20,5,"204020,1610612748",36,17,862.573333333,227,166,285,732,66,64,204020,Tyler Johnson,28,26,55,126,MIA,1610612748,19,0.528
458,26.0,22,20,5,"203092,1610612738",60,22,709.938333333,216,187,246,640,97,93,203092,Tyler Zeller,56,42,41,212,BOS,1610612738,38,0.633
459,26.0,8,23,5,"201936,1610612740",25,14,765.335,189,153,230,626,66,74,201936,Tyreke Evans,45,58,66,174,NOP,1610612740,11,0.44
460,33.0,44,23,5,"2199,1610612756",66,48,1617.94333333,388,632,725,1352,145,155,2199,Tyson Chandler,170,38,64,358,PHX,1610612756,18,0.273
461,20.0,3,12,5,"1626145,1610612750",37,24,572.72,149,204,236,594,33,35,1626145,Tyus Jones,13,25,29,68,MIN,1610612750,13,0.351
462,36.0,2,1,5,"2617,1610612748",37,12,259.571666667,72,38,79,200,25,22,2617,Udonis Haslem,5,0,9,28,MIA,1610612748,25,0.676
463,24.0,54,68,5,"203506,1610612753",72,40,2379.58,603,650,820,2146,174,206,203506,Victor Oladipo,86,199,245,418,ORL,1610612753,32,0.444
464,39.0,16,14,5,"1713,1610612763",60,27,1005.38666667,251,303,320,686,101,76,1713,Vince Carter,46,37,82,102,MEM,1610612763,33,0.55
465,24.0,6,2,5,"204002,1610612737",11,4,72.5166666667,15,20,43,66,8,4,204002,Walter Tavares,11,4,9,20,ATL,1610612737,7,0.636
466,28.0,5,24,5,"201961,1610612751",76,58,1615.03166667,410,482,579,1630,82,47,201961,Wayne Ellington,51,92,118,108,BKN,1610612751,18,0.237
467,28.0,56,8,5,"202325,1610612746",80,29,1665.895,498,444,516,1438,173,41,202325,Wesley Johnson,54,108,96,120,LAC,1610612746,51,0.638
468,29.0,17,39,5,"202083,1610612742",78,38,2644.30166667,735,818,728,2226,179,151,202083,Wesley Matthews,94,95,150,160,DAL,1610612742,40,0.513
469,25.0,39,58,5,"203115,1610612743",82,49,2353.33833333,618,607,823,2150,147,204,203115,Will Barton,99,266,236,508,DEN,1610612743,33,0.402
470,22.0,66,22,5,"1626161,1610612758",66,40,1411.50833333,425,464,546,1276,146,89,1626161,Willie Cauley-Stein,98,97,53,358,SAC,1610612758,26,0.394
471,26.0,30,8,5,"203186,1610612751",39,31,425.616666667,90,149,189,398,47,63,203186,Willie Reed,61,7,25,146,BKN,1610612751,8,0.205
472,24.0,3,7,5,"204098,1610612763",14,11,244.293333333,51,81,73,172,25,15,204098,Xavier Munford,5,11,14,30,MEM,1610612763,3,0.214
473,21.0,17,61,5,"203897,1610612750",82,53,2293.55,609,659,953,2264,193,153,203897,Zach LaVine,93,273,210,424,MIN,1610612750,29,0.354
474,34.0,13,72,5,"2216,1610612763",68,31,2016.405,530,629,622,1690,146,190,2216,Zach Randolph,236,36,160,576,MEM,1610612763,37,0.544
475,32.0,22,48,5,"2585,1610612742",76,36,2004.09,516,653,578,1702,181,260,2585,Zaza Pachulia,126,39,82,376,DAL,1610612742,40,0.526
