,AGE,BLK,BLKA,CFID,CFPARAMS,GP,L,MIN,OPP_PTS_2ND_CHANCE,OPP_PTS_FB,OPP_PTS_OFF_TOV,OPP_PTS_PAINT,PF,PFD,PLAYER_ID,PLAYER_NAME,PTS_2ND_CHANCE,PTS_FB,PTS_OFF_TOV,PTS_PAINT,TEAM_ABBREVIATION,TEAM_ID,W,W_PCT
0,31.0,0.003,0.005,5,"201166,1610612741",8,4,0.408,0.077,0.072,0.154,0.291,0.048,0.034,201166,Aaron Brooks,0.029,0.021,0.026,0.069,CHI,1610612741,4,0.5
1,20.0,0.014,0.0,5,"203932,1610612753",2,0,0.426,0.083,0.083,0.152,0.249,0.069,0.041,203932,Aaron Gordon,0.055,0.055,0.0,0.111,ORL,1610612753,2,1.0
2,21.0,0.0,0.0,5,"1626151,1610612766",6,1,0.452,0.035,0.223,0.218,0.435,0.041,0.018,1626151,Aaron Harrison,0.0,0.006,0.0,0.0,CHA,1610612766,5,0.833
3,23.0,0.0,0.039,5,"203519,1610612765",1,1,0.383,0.158,0.0,0.079,0.395,0.0,0.0,203519,Adonis Thomas,0.079,0.0,0.0,0.0,DET,1610612765,0,0.0
4,25.0,0.012,0.012,5,"203940,1610612750",6,4,0.42,0.1,0.158,0.152,0.375,0.1,0.041,203940,Adreian Payne,0.023,0.012,0.035,0.047,MIN,1610612750,2,0.333
5,30.0,0.023,0.006,5,"201143,1610612737",6,2,0.456,0.117,0.104,0.162,0.298,0.032,0.036,201143,Al Horford,0.013,0.013,0.016,0.104,ATL,1610612737,4,0.667
6,31.0,0.021,0.003,5,"2744,1610612766",6,0,0.443,0.095,0.129,0.144,0.319,0.034,0.04,2744,Al Jefferson,0.012,0.006,0.021,0.116,CHA,1610612766,6,1.0
7,25.0,0.018,0.014,5,"202329,1610612757",3,1,0.424,0.06,0.179,0.175,0.303,0.041,0.032,202329,Al-Farouq Aminu,0.032,0.028,0.041,0.073,POR,1610612757,2,0.667
8,24.0,0.002,0.016,5,"202692,1610612762",7,4,0.442,0.129,0.124,0.182,0.363,0.034,0.064,202692,Alec Burks,0.014,0.028,0.014,0.092,UTA,1610612762,3,0.429
9,23.0,0.035,0.004,5,"203458,1610612756",5,1,0.429,0.108,0.078,0.095,0.347,0.056,0.065,203458,Alex Len,0.061,0.0,0.026,0.13,PHX,1610612756,4,0.8
10,28.0,0.0,0.043,5,"1627293,1610612763",3,1,0.396,0.043,0.171,0.214,0.171,0.043,0.086,1627293,Alex Stepheson,0.057,0.0,0.0,0.057,MEM,1610612763,2,0.667
11,28.0,0.0,0.0,5,"201582,1610612740",1,0,0.347,0.084,0.084,0.0,0.168,0.042,0.0,201582,Alexis Ajinca,0.0,0.0,0.0,0.0,NOP,1610612740,1,1.0
12,24.0,0.0,0.004,5,"203459,1610612757",7,4,0.439,0.106,0.139,0.172,0.357,0.038,0.024,203459,Allen Crabbe,0.0,0.044,0.042,0.035,POR,1610612757,3,0.429
13,29.0,0.003,0.01,5,"202087,1610612740",6,4,0.423,0.136,0.073,0.113,0.419,0.057,0.04,202087,Alonzo Gee,0.0,0.027,0.02,0.027,NOP,1610612740,2,0.333
14,33.0,0.021,0.014,5,"2405,1610612748",5,2,0.45,0.099,0.155,0.183,0.24,0.049,0.071,2405,Amar'e Stoudemire,0.0,0.014,0.028,0.056,MIA,1610612748,3,0.6
15,29.0,0.023,0.015,5,"101161,1610612738",6,1,0.419,0.111,0.08,0.122,0.337,0.042,0.042,101161,Amir Johnson,0.034,0.011,0.023,0.176,BOS,1610612738,5,0.833
16,33.0,0.009,0.0,5,"2760,1610612744",6,6,0.439,0.112,0.07,0.22,0.318,0.056,0.047,2760,Anderson Varejao,0.014,0.009,0.056,0.093,GSW,1610612744,0,0.0
17,22.0,0.013,0.013,5,"203083,1610612765",8,5,0.437,0.099,0.099,0.148,0.308,0.038,0.038,203083,Andre Drummond,0.051,0.034,0.055,0.205,DET,1610612765,3,0.375
18,32.0,0.014,0.0,5,"2738,1610612744",6,3,0.419,0.191,0.105,0.164,0.327,0.023,0.023,2738,Andre Iguodala,0.0,0.055,0.023,0.055,GSW,1610612744,3,0.5
19,40.0,0.0,0.0,5,"1889,1610612759",3,2,0.477,0.048,0.058,0.126,0.29,0.019,0.097,1889,Andre Miller,0.01,0.0,0.048,0.116,SAS,1610612759,1,0.333
20,24.0,0.004,0.004,5,"203460,1610612760",6,1,0.433,0.1,0.139,0.21,0.342,0.054,0.025,203460,Andre Roberson,0.0,0.032,0.032,0.029,OKC,1610612760,5,0.833
21,31.0,0.031,0.0,5,"101106,1610612744",4,2,0.436,0.197,0.092,0.129,0.394,0.074,0.025,101106,Andrew Bogut,0.0,0.018,0.0,0.099,GSW,1610612744,2,0.5
22,26.0,0.0,0.007,5,"203094,1610612753",6,2,0.454,0.086,0.033,0.093,0.291,0.046,0.053,203094,Andrew Nicholson,0.053,0.02,0.04,0.146,ORL,1610612753,4,0.667
23,21.0,0.011,0.008,5,"203952,1610612750",7,5,0.456,0.124,0.173,0.146,0.396,0.03,0.083,203952,Andrew Wiggins,0.036,0.061,0.03,0.072,MIN,1610612750,2,0.286
24,23.0,0.0,0.005,5,"203461,1610612761",6,2,0.456,0.101,0.122,0.175,0.392,0.048,0.053,203461,Anthony Bennett,0.064,0.0,0.016,0.021,TOR,1610612761,4,0.667
25,23.0,0.0,0.0,5,"1626148,1610612747",7,4,0.43,0.119,0.106,0.163,0.345,0.033,0.01,1626148,Anthony Brown,0.007,0.01,0.027,0.007,LAL,1610612747,3,0.429
26,23.0,0.035,0.012,5,"203076,1610612740",6,3,0.432,0.116,0.089,0.111,0.356,0.03,0.094,203076,Anthony Davis,0.054,0.032,0.032,0.109,NOP,1610612740,3,0.5
27,30.0,0.0,0.004,5,"201627,1610612760",6,1,0.437,0.133,0.081,0.14,0.391,0.022,0.015,201627,Anthony Morrow,0.022,0.018,0.03,0.015,OKC,1610612760,5,0.833
28,31.0,0.003,0.0,5,"201229,1610612765",8,5,0.444,0.14,0.081,0.124,0.292,0.028,0.016,201229,Anthony Tolliver,0.022,0.031,0.022,0.006,DET,1610612765,3,0.375
29,21.0,0.004,0.017,5,"203462,1610612756",6,2,0.406,0.132,0.128,0.179,0.419,0.021,0.026,203462,Archie Goodwin,0.026,0.017,0.043,0.094,PHX,1610612756,4,0.667
30,29.0,0.016,0.0,5,"203382,1610612765",4,2,0.459,0.081,0.081,0.138,0.293,0.057,0.081,203382,Aron Baynes,0.041,0.016,0.024,0.098,DET,1610612765,2,0.5
31,30.0,0.0,0.011,5,"201167,1610612752",3,2,0.438,0.155,0.111,0.089,0.422,0.044,0.022,201167,Arron Afflalo,0.0,0.033,0.056,0.067,NYK,1610612752,1,0.333
32,26.0,0.0,0.0,5,"203529,1610612745",2,1,0.371,0.072,0.144,0.096,0.192,0.12,0.048,203529,Arsalan Kazemi,0.0,0.0,0.0,0.0,HOU,1610612745,1,0.5
33,28.0,0.019,0.013,5,"201948,1610612739",6,5,0.448,0.094,0.125,0.257,0.414,0.094,0.025,201948,Austin Daye,0.013,0.0,0.031,0.013,CLE,1610612739,1,0.167
34,23.0,0.004,0.0,5,"203085,1610612746",5,2,0.429,0.097,0.179,0.158,0.341,0.061,0.057,203085,Austin Rivers,0.008,0.024,0.028,0.081,LAC,1610612746,3,0.6
35,25.0,0.004,0.004,5,"202340,1610612738",6,1,0.416,0.119,0.09,0.112,0.318,0.043,0.014,202340,Avery Bradley,0.04,0.061,0.014,0.051,BOS,1610612738,5,0.833
36,23.0,0.0,0.0,5,"1626253,1610612743",2,1,0.474,0.088,0.044,0.11,0.353,0.066,0.022,1626253,Axel Toupane,0.0,0.0,0.0,0.0,DEN,1610612743,1,0.5
37,33.0,0.0,0.0,5,"2732,1610612744",2,1,0.407,0.0,0.147,0.318,0.196,0.024,0.0,2732,Ben Gordon,0.0,0.0,0.0,0.0,GSW,1610612744,1,0.5
38,23.0,0.0,0.003,5,"203463,1610612758",6,1,0.426,0.102,0.088,0.146,0.305,0.037,0.041,203463,Ben McLemore,0.007,0.044,0.031,0.027,SAC,1610612758,5,0.833
39,33.0,0.0,0.011,5,"2757,1610612748",5,1,0.42,0.061,0.188,0.204,0.364,0.033,0.066,2757,Beno Udrih,0.011,0.0,0.011,0.011,MIA,1610612748,4,0.8
40,23.0,0.022,0.019,5,"202687,1610612761",7,2,0.456,0.07,0.082,0.114,0.253,0.07,0.057,202687,Bismack Biyombo,0.038,0.0,0.022,0.044,TOR,1610612761,5,0.714
41,27.0,0.008,0.019,5,"201933,1610612746",6,3,0.42,0.074,0.119,0.178,0.356,0.037,0.072,201933,Blake Griffin,0.034,0.053,0.061,0.133,LAC,1610612746,3,0.5
42,31.0,0.0,0.038,5,"1627322,1610612740",4,3,0.425,0.123,0.084,0.192,0.368,0.061,0.023,1627322,Bo McCalebb,0.0,0.0,0.0,0.077,NOP,1610612740,1,0.25
43,27.0,0.037,0.007,5,"1626246,1610612759",5,3,0.432,0.037,0.208,0.253,0.223,0.03,0.022,1626246,Boban Marjanovic,0.06,0.0,0.045,0.134,SAS,1610612759,2,0.4
44,21.0,0.013,0.003,5,"1626171,1610612741",7,4,0.409,0.078,0.153,0.167,0.334,0.059,0.038,1626171,Bobby Portis,0.051,0.016,0.016,0.075,CHI,1610612741,3,0.429
45,27.0,0.004,0.017,5,"202711,1610612751",4,3,0.431,0.133,0.104,0.178,0.373,0.012,0.033,202711,Bojan Bogdanovic,0.017,0.025,0.037,0.058,BKN,1610612751,1,0.25
46,34.0,0.014,0.014,5,"2564,1610612759",3,1,0.461,0.122,0.135,0.176,0.271,0.054,0.027,2564,Boris Diaw,0.027,0.0,0.0,0.027,SAS,1610612759,2,0.667
47,22.0,0.003,0.006,5,"203078,1610612764",6,2,0.42,0.055,0.131,0.192,0.305,0.031,0.027,203078,Bradley Beal,0.024,0.073,0.058,0.122,WAS,1610612764,4,0.667
48,28.0,0.027,0.004,5,"201148,1610612763",5,1,0.434,0.098,0.116,0.2,0.302,0.049,0.031,201148,Brandan Wright,0.04,0.018,0.044,0.125,MEM,1610612763,4,0.8
49,23.0,0.0,0.0,5,"1626183,1610612746",2,1,0.438,0.072,0.072,0.143,0.215,0.0,0.0,1626183,Branden Dawson,0.0,0.215,0.215,0.215,LAC,1610612746,1,0.5
50,21.0,0.016,0.005,5,"1626165,1610612742",7,7,0.441,0.141,0.146,0.136,0.407,0.042,0.031,1626165,Brandon Ashley,0.01,0.005,0.021,0.0,DAL,1610612742,0,0.0
51,31.0,0.018,0.013,5,"101138,1610612747",5,4,0.43,0.119,0.132,0.172,0.387,0.048,0.048,101138,Brandon Bass,0.053,0.035,0.044,0.079,LAL,1610612747,1,0.2
52,24.0,0.0,0.003,5,"202688,1610612756",6,2,0.42,0.137,0.101,0.167,0.378,0.03,0.025,202688,Brandon Knight,0.0,0.03,0.036,0.033,PHX,1610612756,4,0.667
53,30.0,0.003,0.006,5,"201575,1610612744",7,4,0.409,0.139,0.139,0.24,0.391,0.041,0.028,201575,Brandon Rush,0.009,0.032,0.032,0.025,GSW,1610612744,3,0.429
54,30.0,0.0,0.003,5,"203148,1610612757",7,1,0.459,0.067,0.141,0.171,0.368,0.007,0.047,203148,Brian Roberts,0.027,0.027,0.033,0.047,POR,1610612757,6,0.857
55,28.0,0.045,0.003,5,"201572,1610612751",5,3,0.428,0.127,0.081,0.153,0.377,0.023,0.091,201572,Brook Lopez,0.032,0.01,0.036,0.123,BKN,1610612751,2,0.4
56,20.0,0.027,0.005,5,"203998,1610612761",6,2,0.457,0.076,0.065,0.179,0.357,0.065,0.022,203998,Bruno Caboclo,0.0,0.022,0.038,0.022,TOR,1610612761,4,0.667
57,23.0,0.0,0.012,5,"203955,1610612763",2,2,0.402,0.234,0.023,0.152,0.374,0.0,0.058,203955,Bryce Cotton,0.023,0.035,0.035,0.07,MEM,1610612763,0,0.0
58,23.0,0.003,0.017,5,"1626214,1610612740",7,4,0.427,0.114,0.137,0.137,0.381,0.057,0.06,1626214,Bryce Dejean-Jones,0.02,0.033,0.027,0.067,NOP,1610612740,3,0.429
59,24.0,0.018,0.009,5,"203927,1610612754",5,1,0.431,0.118,0.118,0.064,0.328,0.009,0.018,203927,CJ Fair,0.0,0.036,0.018,0.055,IND,1610612754,4,0.8
60,24.0,0.004,0.01,5,"203468,1610612757",7,4,0.429,0.101,0.146,0.146,0.308,0.032,0.032,203468,CJ McCollum,0.018,0.026,0.03,0.051,POR,1610612757,3,0.429
61,29.0,0.0,0.0,5,"101139,1610612754",6,2,0.429,0.129,0.078,0.09,0.343,0.035,0.031,101139,CJ Miles,0.031,0.047,0.039,0.062,IND,1610612754,4,0.667
62,32.0,0.008,0.003,5,"201228,1610612753",6,1,0.419,0.076,0.065,0.143,0.248,0.038,0.04,201228,CJ Watson,0.016,0.019,0.027,0.032,ORL,1610612753,5,0.833
63,25.0,0.014,0.014,5,"203912,1610612746",5,3,0.421,0.136,0.136,0.15,0.354,0.027,0.0,203912,CJ Wilcox,0.041,0.0,0.027,0.0,LAC,1610612746,2,0.4
64,25.0,0.011,0.005,5,"203946,1610612741",4,2,0.399,0.102,0.187,0.192,0.31,0.053,0.021,203946,Cameron Bairstow,0.043,0.0,0.011,0.075,CHI,1610612741,2,0.5
65,21.0,0.023,0.006,5,"1626166,1610612760",6,1,0.441,0.142,0.102,0.147,0.396,0.057,0.011,1626166,Cameron Payne,0.04,0.051,0.023,0.068,OKC,1610612760,5,0.833
66,32.0,0.021,0.007,5,"2546,1610612752",5,1,0.417,0.144,0.131,0.127,0.385,0.027,0.031,2546,Carmelo Anthony,0.065,0.031,0.034,0.069,NYK,1610612752,4,0.8
67,36.0,0.008,0.008,5,"2406,1610612758",4,1,0.415,0.031,0.114,0.153,0.305,0.046,0.015,2406,Caron Butler,0.023,0.015,0.023,0.0,SAC,1610612758,3,0.75
68,33.0,0.014,0.0,5,"101112,1610612739",7,1,0.442,0.056,0.104,0.132,0.257,0.052,0.035,101112,Channing Frye,0.031,0.01,0.014,0.049,CLE,1610612739,6,0.857
69,33.0,0.0,0.016,5,"101236,1610612745",4,3,0.43,0.096,0.064,0.175,0.191,0.048,0.0,101236,Charles Hayes,0.0,0.0,0.0,0.032,HOU,1610612745,1,0.25
70,31.0,0.0,0.004,5,"101111,1610612742",6,6,0.407,0.122,0.146,0.146,0.299,0.043,0.028,101111,Charlie Villanueva,0.043,0.055,0.067,0.079,DAL,1610612742,0,0.0
71,26.0,0.0,0.0,5,"203586,1610612749",1,1,0.447,0.351,0.0,0.2,0.401,0.1,0.2,203586,Charlie Westbrook,0.0,0.1,0.05,0.0,MIL,1610612749,0,0.0
72,28.0,0.006,0.0,5,"201978,1610612756",4,1,0.454,0.061,0.109,0.103,0.376,0.03,0.018,201978,Chase Budinger,0.018,0.048,0.048,0.048,PHX,1610612756,3,0.75
73,37.0,0.024,0.012,5,"2365,1610612763",7,4,0.441,0.131,0.11,0.102,0.327,0.02,0.037,2365,Chris Andersen,0.02,0.0,0.004,0.073,MEM,1610612763,3,0.429
74,26.0,0.006,0.0,5,"203569,1610612744",6,4,0.404,0.189,0.116,0.11,0.329,0.055,0.03,203569,Chris Babb,0.0,0.024,0.03,0.012,GSW,1610612744,2,0.333
75,32.0,0.005,0.01,5,"2547,1610612748",7,3,0.45,0.148,0.148,0.181,0.391,0.018,0.05,2547,Chris Bosh,0.005,0.0,0.035,0.06,MIA,1610612748,4,0.571
76,32.0,0.0,0.011,5,"203142,1610612749",3,2,0.418,0.086,0.155,0.138,0.276,0.023,0.052,203142,Chris Copeland,0.029,0.052,0.0,0.034,MIL,1610612749,1,0.333
77,32.0,0.02,0.007,5,"202808,1610612751",5,3,0.436,0.141,0.148,0.181,0.389,0.101,0.06,202808,Chris Daniels,0.06,0.0,0.047,0.081,BKN,1610612751,2,0.4
78,29.0,0.004,0.022,5,"201604,1610612740",5,3,0.431,0.197,0.162,0.131,0.455,0.009,0.066,201604,Chris Douglas-Roberts,0.0,0.061,0.039,0.044,NOP,1610612740,2,0.4
79,30.0,0.034,0.011,5,"202419,1610612739",4,4,0.416,0.159,0.114,0.17,0.477,0.102,0.034,202419,Chris Johnson,0.0,0.0,0.0,0.045,CLE,1610612739,0,0.0
80,26.0,0.0,0.0,5,"203187,1610612762",5,4,0.433,0.167,0.095,0.198,0.428,0.04,0.016,203187,Chris Johnson,0.0,0.016,0.048,0.063,UTA,1610612762,1,0.2
81,34.0,0.037,0.0,5,"2549,1610612757",2,1,0.408,0.092,0.22,0.293,0.22,0.073,0.0,2549,Chris Kaman,0.037,0.0,0.0,0.073,POR,1610612757,1,0.5
82,31.0,0.0,0.0,5,"101108,1610612746",5,2,0.422,0.083,0.126,0.165,0.323,0.043,0.039,101108,Chris Paul,0.025,0.025,0.014,0.043,LAC,1610612746,3,0.6
83,21.0,0.029,0.029,5,"1626217,1610612745",3,1,0.358,0.029,0.145,0.188,0.231,0.058,0.029,1626217,Chris Walker,0.087,0.029,0.0,0.174,HOU,1610612745,2,0.667
84,20.0,0.013,0.02,5,"1626174,1610612755",5,3,0.415,0.066,0.092,0.119,0.317,0.033,0.046,1626174,Christian Wood,0.013,0.013,0.026,0.145,PHI,1610612755,2,0.4
85,25.0,0.018,0.011,5,"203921,1610612752",6,2,0.447,0.14,0.077,0.118,0.375,0.066,0.055,203921,Cleanthony Early,0.004,0.066,0.04,0.088,NYK,1610612752,4,0.667
86,22.0,0.023,0.011,5,"203991,1610612745",6,3,0.408,0.088,0.125,0.119,0.313,0.045,0.04,203991,Clint Capela,0.034,0.026,0.06,0.114,HOU,1610612745,3,0.5
87,23.0,0.005,0.005,5,"203469,1610612766",8,1,0.446,0.121,0.134,0.154,0.323,0.045,0.051,203469,Cody Zeller,0.018,0.025,0.035,0.071,CHA,1610612766,7,0.875
88,27.0,0.019,0.0,5,"202332,1610612746",4,3,0.455,0.076,0.0,0.229,0.305,0.095,0.076,202332,Cole Aldrich,0.019,0.0,0.038,0.038,LAC,1610612746,1,0.25
89,30.0,0.0,0.006,5,"201147,1610612745",6,4,0.412,0.099,0.166,0.193,0.404,0.036,0.066,201147,Corey Brewer,0.015,0.048,0.036,0.114,HOU,1610612745,2,0.333
90,24.0,0.0,0.0,5,"1626186,1610612748",2,0,0.396,0.113,0.057,0.312,0.397,0.0,0.028,1626186,Corey Hawkins,0.0,0.0,0.085,0.0,MIA,1610612748,2,1.0
91,23.0,0.0,0.016,5,"1626258,1610612738",4,1,0.447,0.162,0.097,0.13,0.422,0.081,0.0,1626258,Corey Walden,0.0,0.032,0.032,0.032,BOS,1610612738,3,0.75
92,27.0,0.0,0.0,5,"1626290,1610612740",3,1,0.434,0.364,0.141,0.081,0.404,0.04,0.0,1626290,Corey Webster,0.0,0.0,0.0,0.04,NOP,1610612740,2,0.667
93,25.0,0.074,0.0,5,"203928,1610612756",5,2,0.46,0.167,0.148,0.167,0.445,0.056,0.056,203928,Cory Jefferson,0.0,0.037,0.037,0.148,PHX,1610612756,3,0.6
94,24.0,0.003,0.018,5,"202709,1610612761",7,2,0.453,0.076,0.092,0.137,0.281,0.034,0.067,202709,Cory Joseph,0.024,0.006,0.052,0.11,TOR,1610612761,5,0.714
95,23.0,0.0,0.0,5,"1626262,1610612738",1,0,0.0,0.0,0.0,0.0,0.0,0.0,0.0,1626262,Coty Clarke,0.0,0.0,0.0,0.0,BOS,1610612738,1,1.0
96,30.0,0.004,0.008,5,"201584,1610612766",5,0,0.463,0.059,0.185,0.185,0.276,0.028,0.008,201584,Courtney Lee,0.02,0.032,0.063,0.039,CHA,1610612766,5,1.0
97,23.0,0.009,0.0,5,"1626245,1610612741",5,2,0.374,0.034,0.289,0.247,0.272,0.051,0.026,1626245,Cristiano Felicio,0.06,0.0,0.017,0.068,CHI,1610612741,3,0.6
98,20.0,0.004,0.004,5,"1626156,1610612747",7,4,0.418,0.116,0.137,0.179,0.379,0.025,0.035,1626156,D'Angelo Russell,0.014,0.025,0.063,0.056,LAL,1610612747,3,0.429
99,28.0,0.0,0.019,5,"201571,1610612743",5,1,0.445,0.122,0.099,0.188,0.414,0.038,0.042,201571,D.J. Augustin,0.019,0.009,0.024,0.047,DEN,1610612743,4,0.8
100,25.0,0.0,0.0,5,"203474,1610612739",4,3,0.401,0.136,0.136,0.314,0.436,0.014,0.027,203474,DJ Stephens,0.0,0.0,0.027,0.136,CLE,1610612739,1,0.25
101,28.0,0.0,0.018,5,"201969,1610612752",4,2,0.42,0.217,0.09,0.036,0.362,0.036,0.036,201969,DaJuan Summers,0.0,0.0,0.0,0.072,NYK,1610612752,2,0.5
102,35.0,0.005,0.005,5,"2563,1610612739",4,3,0.441,0.126,0.122,0.162,0.351,0.045,0.059,2563,Dahntay Jones,0.018,0.023,0.05,0.045,CLE,1610612739,1,0.25
103,25.0,0.0,0.026,5,"203081,1610612757",5,3,0.412,0.074,0.121,0.155,0.353,0.032,0.069,203081,Damian Lillard,0.018,0.034,0.045,0.126,POR,1610612757,2,0.4
104,21.0,0.016,0.0,5,"203996,1610612749",3,2,0.426,0.171,0.14,0.171,0.248,0.07,0.062,203996,Damien Inglis,0.008,0.054,0.0,0.093,MIL,1610612749,1,0.333
105,36.0,0.0,0.009,5,"2863,1610612766",3,1,0.471,0.046,0.284,0.183,0.513,0.037,0.018,2863,Damien Wilkins,0.0,0.027,0.037,0.073,CHA,1610612766,2,0.667
106,30.0,0.0,0.0,5,"204014,1610612750",7,5,0.47,0.137,0.137,0.194,0.419,0.038,0.023,204014,Damjan Rudez,0.0,0.004,0.019,0.015,MIN,1610612750,2,0.286
107,27.0,0.0,0.01,5,"201568,1610612743",5,2,0.426,0.09,0.174,0.181,0.395,0.023,0.067,201568,Danilo Gallinari,0.027,0.013,0.037,0.047,DEN,1610612743,3,0.6
108,29.0,0.005,0.0,5,"201980,1610612759",6,4,0.451,0.027,0.167,0.145,0.344,0.032,0.032,201980,Danny Green,0.036,0.05,0.018,0.045,SAS,1610612759,2,0.333
109,29.0,0.009,0.006,5,"201967,1610612740",7,4,0.431,0.121,0.08,0.129,0.358,0.052,0.024,201967,Dante Cunningham,0.019,0.015,0.004,0.03,NOP,1610612740,3,0.429
110,23.0,0.067,0.067,5,"1626276,1610612752",3,2,0.493,0.202,0.134,0.0,0.403,0.202,0.0,1626276,Darion Atkins,0.0,0.0,0.0,0.0,NYK,1610612752,1,0.333
111,28.0,0.0,0.0,5,"201589,1610612743",2,2,0.473,0.082,0.095,0.109,0.408,0.054,0.041,201589,Darrell Arthur,0.027,0.027,0.027,0.027,DEN,1610612743,0,0.0
112,28.0,0.0,0.005,5,"201954,1610612758",6,1,0.424,0.088,0.152,0.152,0.31,0.027,0.061,201954,Darren Collison,0.037,0.035,0.053,0.08,SAC,1610612758,5,0.833
113,23.0,0.0,0.0,5,"1626199,1610612765",3,0,0.499,0.088,0.088,0.264,0.308,0.066,0.066,1626199,Darrun Hilliard,0.0,0.044,0.0,0.0,DET,1610612765,3,1.0
114,33.0,0.008,0.038,5,"101135,1610612742",5,1,0.421,0.08,0.13,0.143,0.353,0.038,0.025,101135,David Lee,0.008,0.029,0.008,0.126,DAL,1610612742,4,0.8
115,25.0,0.0,0.055,5,"204065,1610612758",3,0,0.431,0.111,0.111,0.416,0.222,0.028,0.083,204065,David Stockton,0.0,0.0,0.055,0.0,SAC,1610612758,3,1.0
116,35.0,0.026,0.009,5,"2561,1610612759",6,4,0.455,0.097,0.206,0.189,0.342,0.075,0.039,2561,David West,0.009,0.009,0.0,0.079,SAS,1610612759,2,0.333
117,27.0,0.027,0.003,5,"201599,1610612746",6,3,0.422,0.065,0.106,0.158,0.332,0.049,0.057,201599,DeAndre Jordan,0.011,0.035,0.049,0.103,LAC,1610612746,3,0.5
118,27.0,0.016,0.0,5,"201971,1610612764",3,0,0.387,0.079,0.181,0.165,0.41,0.079,0.047,201971,DeJuan Blair,0.118,0.016,0.0,0.236,WAS,1610612764,3,1.0
119,26.0,0.0,0.012,5,"201942,1610612761",6,2,0.452,0.091,0.121,0.118,0.322,0.049,0.055,201942,DeMar DeRozan,0.018,0.027,0.036,0.061,TOR,1610612761,4,0.667
120,25.0,0.007,0.018,5,"202326,1610612758",5,1,0.42,0.053,0.13,0.141,0.247,0.067,0.141,202326,DeMarcus Cousins,0.046,0.021,0.049,0.155,SAC,1610612758,4,0.8
121,29.0,0.005,0.016,5,"201960,1610612761",7,2,0.451,0.103,0.116,0.113,0.322,0.042,0.037,201960,DeMarre Carroll,0.013,0.034,0.058,0.058,TOR,1610612761,5,0.714
122,26.0,0.0,0.054,5,"203199,1610612737",4,1,0.495,0.0,0.162,0.216,0.379,0.054,0.081,203199,DeQuan Jones,0.0,0.162,0.108,0.108,ATL,1610612737,3,0.75
123,24.0,0.0,0.025,5,"1626153,1610612761",7,2,0.458,0.025,0.139,0.158,0.443,0.013,0.032,1626153,Delon Wright,0.032,0.025,0.013,0.089,TOR,1610612761,5,0.714
124,22.0,0.004,0.017,5,"203471,1610612737",6,2,0.445,0.082,0.133,0.18,0.309,0.047,0.073,203471,Dennis Schroder,0.009,0.06,0.064,0.094,ATL,1610612737,4,0.667
125,23.0,0.0,0.016,5,"1626269,1610612745",4,2,0.373,0.113,0.113,0.105,0.372,0.016,0.049,1626269,Denzel Livingston,0.024,0.008,0.049,0.081,HOU,1610612745,2,0.5
126,32.0,0.0,0.0,5,"101114,1610612742",1,1,0.478,0.123,0.123,0.185,0.308,0.031,0.062,101114,Deron Williams,0.0,0.0,0.062,0.062,DAL,1610612742,0,0.0
127,24.0,0.038,0.031,5,"202324,1610612762",5,3,0.446,0.096,0.131,0.151,0.303,0.038,0.055,202324,Derrick Favors,0.052,0.021,0.017,0.11,UTA,1610612762,2,0.4
128,27.0,0.0,0.0,5,"201565,1610612741",1,0,0.447,0.217,0.0,0.0,0.087,0.0,0.043,201565,Derrick Rose,0.087,0.087,0.087,0.26,CHI,1610612741,1,1.0
129,25.0,0.007,0.003,5,"202682,1610612752",6,2,0.431,0.108,0.105,0.135,0.366,0.027,0.068,202682,Derrick Williams,0.007,0.088,0.071,0.115,NYK,1610612752,4,0.667
130,24.0,0.015,0.0,5,"203472,1610612759",2,2,0.437,0.164,0.328,0.358,0.447,0.045,0.045,203472,Deshaun Thomas,0.03,0.045,0.0,0.06,SAS,1610612759,0,0.0
131,19.0,0.0,0.011,5,"1626164,1610612756",6,2,0.401,0.145,0.114,0.152,0.365,0.027,0.046,1626164,Devin Booker,0.0,0.053,0.015,0.046,PHX,1610612756,4,0.667
132,33.0,0.004,0.009,5,"2734,1610612742",6,6,0.433,0.119,0.115,0.14,0.289,0.03,0.038,2734,Devin Harris,0.017,0.068,0.043,0.085,DAL,1610612742,0,0.0
133,28.0,0.0,0.0,5,"202464,1610612743",4,2,0.431,0.226,0.0,0.065,0.323,0.065,0.032,202464,Devin Sweetney,0.0,0.065,0.065,0.065,DEN,1610612743,2,0.5
134,23.0,0.006,0.006,5,"203906,1610612753",7,2,0.414,0.084,0.078,0.112,0.255,0.04,0.047,203906,Devyn Marble,0.025,0.006,0.028,0.044,ORL,1610612753,5,0.714
135,26.0,0.043,0.004,5,"203473,1610612753",7,2,0.464,0.081,0.094,0.163,0.214,0.06,0.038,203473,Dewayne Dedmon,0.034,0.009,0.021,0.068,ORL,1610612753,5,0.714
136,24.0,0.0,0.0,5,"1626190,1610612760",1,0,0.475,0.0,0.0,0.104,0.207,0.0,0.104,1626190,Dez Wells,0.0,0.104,0.0,0.0,OKC,1610612760,1,1.0
137,24.0,0.0,0.0,5,"203079,1610612760",6,1,0.431,0.11,0.096,0.216,0.405,0.052,0.052,203079,Dion Waiters,0.01,0.048,0.058,0.069,OKC,1610612760,5,0.833
138,29.0,0.0,0.011,5,"202091,1610612739",4,3,0.44,0.094,0.16,0.243,0.409,0.022,0.033,202091,Dionte Christmas,0.011,0.022,0.011,0.055,CLE,1610612739,1,0.25
139,38.0,0.0,0.0,5,"1717,1610612742",3,3,0.477,0.07,0.14,0.133,0.336,0.042,0.028,1717,Dirk Nowitzki,0.0,0.014,0.07,0.042,DAL,1610612742,0,0.0
140,28.0,0.007,0.014,5,"202388,1610612751",3,2,0.436,0.135,0.129,0.169,0.474,0.014,0.068,202388,Donald Sloan,0.027,0.02,0.014,0.027,BKN,1610612751,1,0.333
141,24.0,0.0,0.005,5,"203926,1610612741",8,4,0.405,0.087,0.139,0.166,0.342,0.03,0.018,203926,Doug McDermott,0.02,0.037,0.02,0.039,CHI,1610612741,4,0.5
142,26.0,0.009,0.006,5,"203110,1610612744",7,4,0.43,0.183,0.119,0.204,0.372,0.07,0.061,203110,Draymond Green,0.012,0.032,0.02,0.064,GSW,1610612744,3,0.429
143,34.0,0.008,0.004,5,"2400,1610612764",6,2,0.417,0.063,0.11,0.138,0.339,0.083,0.008,2400,Drew Gooden,0.02,0.008,0.016,0.016,WAS,1610612764,4,0.667
144,24.0,0.0,0.0,5,"1626251,1610612758",1,0,0.437,0.154,0.205,0.359,0.307,0.102,0.051,1626251,Duje Dukan,0.0,0.0,0.0,0.0,SAC,1610612758,1,1.0
145,30.0,0.036,0.018,5,"2730,1610612745",1,1,0.413,0.107,0.071,0.124,0.355,0.018,0.053,2730,Dwight Howard,0.0,0.0,0.018,0.071,HOU,1610612745,0,0.0
146,24.0,0.006,0.006,5,"203939,1610612742",3,3,0.429,0.144,0.137,0.194,0.437,0.069,0.1,203939,Dwight Powell,0.025,0.025,0.006,0.05,DAL,1610612742,0,0.0
147,34.0,0.003,0.003,5,"2548,1610612748",7,3,0.451,0.132,0.124,0.17,0.368,0.026,0.072,2548,Dwyane Wade,0.017,0.02,0.017,0.075,MIA,1610612748,4,0.571
148,27.0,0.006,0.002,5,"202734,1610612741",8,4,0.421,0.103,0.151,0.189,0.357,0.048,0.023,202734,E'Twaun Moore,0.011,0.027,0.019,0.08,CHI,1610612741,4,0.5
149,34.0,0.0,0.0,5,"2853,1610612737",4,1,0.449,0.079,0.174,0.127,0.507,0.032,0.016,2853,Earl Barron,0.0,0.032,0.0,0.032,ATL,1610612737,3,0.75
150,27.0,0.028,0.022,5,"202334,1610612757",7,4,0.437,0.092,0.134,0.125,0.374,0.039,0.033,202334,Ed Davis,0.053,0.008,0.014,0.084,POR,1610612757,3,0.429
151,28.0,0.0,0.0,5,"1626293,1610612737",1,0,0.457,0.0,0.41,0.41,0.82,0.0,0.0,1626293,Edgar Sosa,0.0,0.0,0.0,0.0,ATL,1610612737,1,1.0
152,22.0,0.0,0.015,5,"203901,1610612753",3,2,0.472,0.141,0.097,0.186,0.327,0.067,0.059,203901,Elfrid Payton,0.0,0.045,0.015,0.119,ORL,1610612753,1,0.333
153,28.0,0.0,0.004,5,"202407,1610612762",7,4,0.461,0.144,0.076,0.148,0.327,0.064,0.076,202407,Elijah Millsap,0.02,0.036,0.036,0.032,UTA,1610612762,3,0.429
154,27.0,0.0,0.032,5,"202343,1610612763",2,1,0.416,0.0,0.256,0.16,0.415,0.048,0.016,202343,Elliot Williams,0.048,0.048,0.0,0.032,MEM,1610612763,1,0.5
155,20.0,0.006,0.003,5,"1626144,1610612743",5,2,0.423,0.11,0.166,0.183,0.407,0.032,0.044,1626144,Emmanuel Mudiay,0.012,0.035,0.038,0.081,DEN,1610612743,3,0.6
156,24.0,0.009,0.009,5,"202683,1610612760",4,0,0.43,0.089,0.108,0.168,0.346,0.047,0.042,202683,Enes Kanter,0.122,0.061,0.051,0.225,OKC,1610612760,4,1.0
157,26.0,0.011,0.017,5,"202339,1610612756",3,0,0.423,0.159,0.068,0.125,0.374,0.04,0.074,202339,Eric Bledsoe,0.034,0.057,0.068,0.079,PHX,1610612756,3,1.0
158,27.0,0.0,0.014,5,"201569,1610612740",5,3,0.419,0.133,0.072,0.089,0.348,0.034,0.055,201569,Eric Gordon,0.024,0.034,0.068,0.041,NOP,1610612740,2,0.4
159,24.0,0.069,0.0,5,"203961,1610612758",2,1,0.432,0.042,0.18,0.264,0.305,0.028,0.056,203961,Eric Moreland,0.056,0.028,0.056,0.194,SAC,1610612758,1,0.5
160,25.0,0.0,0.005,5,"203475,1610612762",5,3,0.435,0.118,0.109,0.16,0.387,0.019,0.033,203475,Erick Green,0.014,0.019,0.047,0.038,UTA,1610612762,2,0.4
161,29.0,0.006,0.006,5,"101141,1610612753",6,5,0.448,0.089,0.081,0.187,0.299,0.037,0.055,101141,Ersan Ilyasova,0.02,0.017,0.029,0.075,ORL,1610612753,1,0.167
162,23.0,0.003,0.013,5,"203095,1610612753",7,1,0.438,0.123,0.12,0.138,0.267,0.044,0.036,203095,Evan Fournier,0.023,0.028,0.038,0.056,ORL,1610612753,6,0.857
163,27.0,0.008,0.012,5,"202323,1610612738",5,1,0.422,0.121,0.085,0.105,0.355,0.012,0.036,202323,Evan Turner,0.028,0.008,0.02,0.065,BOS,1610612738,4,0.8
164,26.0,0.037,0.011,5,"203105,1610612744",7,4,0.416,0.132,0.132,0.221,0.316,0.074,0.074,203105,Festus Ezeli,0.04,0.007,0.029,0.088,GSW,1610612744,3,0.429
165,23.0,0.009,0.012,5,"1626163,1610612766",8,1,0.455,0.064,0.182,0.15,0.388,0.026,0.029,1626163,Frank Kaminsky,0.032,0.02,0.023,0.058,CHA,1610612766,7,0.875
166,24.0,0.011,0.0,5,"203128,1610612755",6,4,0.402,0.058,0.175,0.226,0.423,0.062,0.047,203128,Furkan Aldemir,0.022,0.0,0.011,0.051,PHI,1610612755,2,0.333
167,30.0,0.008,0.023,5,"202066,1610612764",3,2,0.426,0.055,0.101,0.101,0.312,0.039,0.016,202066,Garrett Temple,0.016,0.023,0.016,0.031,WAS,1610612764,1,0.333
168,21.0,0.0,0.012,5,"203914,1610612743",6,2,0.41,0.112,0.149,0.137,0.268,0.034,0.017,203914,Gary Harris,0.007,0.061,0.044,0.078,DEN,1610612743,4,0.667
169,31.0,0.0,0.014,5,"202390,1610612764",7,3,0.426,0.111,0.119,0.144,0.361,0.019,0.014,202390,Gary Neal,0.014,0.014,0.022,0.039,WAS,1610612764,4,0.571
170,30.0,0.013,0.0,5,"201588,1610612754",6,2,0.434,0.125,0.113,0.135,0.338,0.034,0.041,201588,George Hill,0.028,0.016,0.019,0.05,IND,1610612754,4,0.667
171,30.0,0.005,0.017,5,"101123,1610612748",8,4,0.43,0.138,0.116,0.15,0.281,0.039,0.076,101123,Gerald Green,0.015,0.057,0.059,0.089,MIA,1610612748,4,0.5
172,21.0,0.024,0.017,5,"203507,1610612749",5,4,0.44,0.098,0.105,0.213,0.272,0.052,0.07,203507,Giannis Antetokounmpo,0.017,0.052,0.035,0.091,MIL,1610612749,1,0.2
173,22.0,0.0,0.009,5,"203922,1610612754",6,1,0.444,0.113,0.104,0.141,0.358,0.031,0.025,203922,Glenn Robinson,0.016,0.028,0.044,0.075,IND,1610612754,5,0.833
174,30.0,0.003,0.01,5,"201609,1610612748",6,2,0.455,0.15,0.138,0.176,0.422,0.045,0.029,201609,Goran Dragic,0.01,0.026,0.035,0.083,MIA,1610612748,4,0.667
175,26.0,0.003,0.014,5,"202330,1610612762",6,3,0.439,0.127,0.127,0.156,0.334,0.042,0.057,202330,Gordon Hayward,0.02,0.054,0.048,0.057,UTA,1610612762,3,0.5
176,26.0,0.013,0.013,5,"203476,1610612750",7,5,0.446,0.121,0.154,0.164,0.398,0.033,0.058,203476,Gorgui Dieng,0.028,0.02,0.033,0.081,MIN,1610612750,2,0.286
177,26.0,0.006,0.018,5,"202328,1610612749",6,4,0.435,0.107,0.12,0.172,0.306,0.043,0.089,202328,Greg Monroe,0.067,0.018,0.049,0.159,MIL,1610612749,2,0.333
178,30.0,0.0,0.0,5,"201880,1610612753",2,0,0.432,0.052,0.078,0.26,0.467,0.13,0.052,201880,Greg Stiemsma,0.0,0.0,0.0,0.0,ORL,1610612753,2,1.0
179,23.0,0.013,0.007,5,"204222,1610612748",4,3,0.433,0.115,0.121,0.142,0.283,0.047,0.007,204222,Greg Whittington,0.047,0.013,0.0,0.054,MIA,1610612748,1,0.25
180,29.0,0.004,0.0,5,"202349,1610612749",6,4,0.439,0.112,0.1,0.177,0.27,0.042,0.015,202349,Greivis Vasquez,0.015,0.015,0.019,0.046,MIL,1610612749,2,0.333
181,24.0,0.004,0.008,5,"203084,1610612744",5,3,0.416,0.124,0.082,0.136,0.305,0.033,0.033,203084,Harrison Barnes,0.025,0.008,0.029,0.041,GSW,1610612744,2,0.4
182,27.0,0.075,0.023,5,"202355,1610612748",3,1,0.434,0.156,0.133,0.167,0.346,0.069,0.075,202355,Hassan Whiteside,0.04,0.0,0.023,0.162,MIA,1610612748,2,0.667
183,26.0,0.0,0.028,5,"203156,1610612751",6,2,0.4,0.113,0.127,0.141,0.339,0.099,0.028,203156,Henry Sims,0.028,0.0,0.028,0.085,BKN,1610612751,4,0.667
184,25.0,0.013,0.005,5,"203138,1610612755",6,4,0.411,0.068,0.138,0.219,0.372,0.04,0.02,203138,Hollis Thompson,0.025,0.028,0.045,0.025,PHI,1610612755,2,0.333
185,25.0,0.004,0.013,5,"203546,1610612744",7,4,0.398,0.096,0.143,0.222,0.321,0.052,0.026,203546,Ian Clark,0.039,0.026,0.039,0.061,GSW,1610612744,3,0.429
186,29.0,0.046,0.014,5,"101133,1610612754",6,2,0.438,0.106,0.095,0.127,0.318,0.053,0.06,101133,Ian Mahinmi,0.021,0.014,0.028,0.099,IND,1610612754,4,0.667
187,25.0,0.003,0.009,5,"203477,1610612755",5,3,0.406,0.119,0.122,0.145,0.273,0.023,0.032,203477,Isaiah Canaan,0.009,0.052,0.073,0.064,PHI,1610612755,2,0.4
188,27.0,0.003,0.007,5,"202738,1610612738",5,1,0.4,0.099,0.106,0.116,0.3,0.017,0.051,202738,Isaiah Thomas,0.048,0.055,0.079,0.096,BOS,1610612738,4,0.8
189,27.0,0.007,0.015,5,"202397,1610612755",5,2,0.417,0.146,0.153,0.197,0.48,0.036,0.08,202397,Ish Smith,0.0,0.007,0.0,0.058,PHI,1610612755,3,0.6
190,24.0,0.0,0.0,5,"1626266,1610612762",1,1,0.338,0.615,0.0,0.0,0.41,0.205,0.0,1626266,J.J. O'Brien,0.0,0.0,0.0,0.0,UTA,1610612762,0,0.0
191,30.0,0.01,0.0,5,"2747,1610612739",4,3,0.453,0.047,0.078,0.152,0.355,0.052,0.016,2747,J.R. Smith,0.016,0.037,0.031,0.073,CLE,1610612739,1,0.25
192,27.0,0.0,0.043,5,"201581,1610612764",4,2,0.456,0.141,0.196,0.293,0.5,0.054,0.054,201581,JJ Hickson,0.022,0.0,0.022,0.043,WAS,1610612764,2,0.5
193,32.0,0.0,0.0,5,"200755,1610612746",6,3,0.415,0.06,0.124,0.165,0.311,0.032,0.032,200755,JJ Redick,0.016,0.051,0.063,0.006,LAC,1610612746,3,0.5
194,22.0,0.0,0.0,5,"1626160,1610612755",5,4,0.373,0.079,0.093,0.114,0.5,0.036,0.043,1626160,JP Tokoto,0.007,0.021,0.021,0.043,PHI,1610612755,1,0.2
195,23.0,0.0,0.015,5,"203960,1610612743",6,4,0.412,0.127,0.149,0.2,0.291,0.058,0.058,203960,JaKarr Sampson,0.015,0.055,0.044,0.073,DEN,1610612743,2,0.333
196,26.0,0.005,0.016,5,"203210,1610612763",6,1,0.437,0.093,0.145,0.217,0.248,0.036,0.041,203210,JaMychal Green,0.052,0.021,0.041,0.114,MEM,1610612763,5,0.833
197,23.0,0.0,0.01,5,"203913,1610612747",6,3,0.439,0.138,0.097,0.184,0.368,0.056,0.072,203913,Jabari Brown,0.0,0.066,0.087,0.031,LAL,1610612747,3,0.5
198,25.0,0.013,0.0,5,"204022,1610612739",4,2,0.39,0.14,0.089,0.076,0.433,0.064,0.051,204022,Jack Cooley,0.089,0.0,0.0,0.076,CLE,1610612739,2,0.5
199,25.0,0.0,0.007,5,"203109,1610612738",6,1,0.411,0.08,0.073,0.111,0.327,0.042,0.052,203109,Jae Crowder,0.035,0.038,0.021,0.049,BOS,1610612738,5,0.833
200,20.0,0.02,0.028,5,"1626143,1610612755",5,3,0.424,0.13,0.122,0.122,0.349,0.065,0.065,1626143,Jahlil Okafor,0.032,0.008,0.053,0.146,PHI,1610612755,2,0.4
201,29.0,0.0,0.0,5,"202815,1610612741",1,0,0.472,0.0,0.0,1.0,0.0,0.0,0.0,202815,Jake Anderson,0.0,0.0,0.0,0.0,CHI,1610612741,1,1.0
202,23.0,0.042,0.0,5,"1626294,1610612764",3,1,0.43,0.083,0.042,0.166,0.374,0.042,0.062,1626294,Jaleel Roberts,0.042,0.0,0.042,0.166,WAS,1610612764,2,0.667
203,36.0,0.004,0.004,5,"2037,1610612746",5,3,0.432,0.11,0.156,0.198,0.396,0.03,0.059,2037,Jamal Crawford,0.0,0.017,0.017,0.017,LAC,1610612746,2,0.4
204,34.0,0.0,0.0,5,"2749,1610612743",5,1,0.404,0.118,0.122,0.126,0.22,0.057,0.037,2749,Jameer Nelson,0.008,0.041,0.049,0.016,DEN,1610612743,4,0.8
205,27.0,0.0,0.0,5,"202341,1610612758",5,1,0.445,0.074,0.078,0.12,0.277,0.028,0.009,202341,James Anderson,0.0,0.014,0.023,0.028,SAC,1610612758,4,0.8
206,25.0,0.0,0.004,5,"203516,1610612740",6,3,0.404,0.085,0.107,0.098,0.241,0.027,0.045,203516,James Ennis,0.058,0.049,0.058,0.125,NOP,1610612740,3,0.5
207,26.0,0.006,0.009,5,"201935,1610612745",6,4,0.415,0.119,0.14,0.125,0.379,0.044,0.05,201935,James Harden,0.012,0.05,0.029,0.07,HOU,1610612745,2,0.333
208,29.0,0.016,0.0,5,"201949,1610612761",3,1,0.477,0.111,0.032,0.143,0.446,0.08,0.016,201949,James Johnson,0.032,0.0,0.0,0.159,TOR,1610612761,2,0.667
209,35.0,0.01,0.0,5,"2592,1610612739",7,6,0.453,0.124,0.137,0.202,0.359,0.042,0.033,2592,James Jones,0.039,0.0,0.026,0.0,CLE,1610612739,1,0.143
210,23.0,0.031,0.004,5,"203949,1610612744",7,4,0.412,0.174,0.094,0.165,0.312,0.049,0.08,203949,James Michael McAdoo,0.018,0.04,0.031,0.125,GSW,1610612744,3,0.429
211,20.0,0.009,0.0,5,"203923,1610612738",7,1,0.416,0.078,0.091,0.16,0.312,0.039,0.048,203923,James Young,0.0,0.022,0.03,0.009,BOS,1610612738,6,0.857
212,25.0,0.0,0.011,5,"203966,1610612742",7,7,0.431,0.158,0.175,0.137,0.414,0.025,0.021,203966,Jamil Wilson,0.0,0.007,0.032,0.021,DAL,1610612742,0,0.0
213,25.0,0.002,0.02,5,"203099,1610612749",7,6,0.433,0.103,0.115,0.239,0.347,0.054,0.122,203099,Jared Cunningham,0.01,0.042,0.027,0.073,MIL,1610612749,1,0.143
214,30.0,0.0,0.0,5,"201162,1610612764",2,2,0.479,0.107,0.053,0.107,0.321,0.125,0.036,201162,Jared Dudley,0.0,0.053,0.036,0.036,WAS,1610612764,0,0.0
215,24.0,0.022,0.025,5,"203096,1610612738",7,1,0.4,0.047,0.106,0.106,0.262,0.062,0.055,203096,Jared Sullinger,0.066,0.011,0.015,0.109,BOS,1610612738,6,0.857
216,24.0,0.0,0.0,5,"204067,1610612764",3,1,0.42,0.327,0.157,0.196,0.444,0.026,0.039,204067,Jarell Eddie,0.0,0.065,0.039,0.026,WAS,1610612764,2,0.667
217,22.0,0.0,0.023,5,"203950,1610612748",6,1,0.422,0.064,0.142,0.229,0.302,0.087,0.037,203950,Jarnell Stokes,0.009,0.005,0.027,0.092,MIA,1610612748,5,0.833
218,24.0,0.013,0.013,5,"204189,1610612764",6,2,0.365,0.116,0.18,0.154,0.489,0.0,0.051,204189,Jaron Johnson,0.051,0.077,0.039,0.103,WAS,1610612764,4,0.667
219,32.0,0.0,0.005,5,"101127,1610612751",4,3,0.424,0.143,0.074,0.169,0.328,0.037,0.074,101127,Jarrett Jack,0.021,0.042,0.048,0.053,BKN,1610612751,1,0.25
220,27.0,0.01,0.01,5,"202820,1610612742",5,5,0.464,0.135,0.173,0.135,0.424,0.029,0.029,202820,Jarrid Famous,0.019,0.0,0.039,0.077,DAL,1610612742,0,0.0
221,30.0,0.0,0.004,5,"201160,1610612753",7,1,0.434,0.13,0.072,0.108,0.274,0.032,0.029,201160,Jason Smith,0.007,0.007,0.014,0.022,ORL,1610612753,6,0.857
222,38.0,0.0,0.0,5,"1891,1610612745",4,1,0.409,0.085,0.099,0.114,0.369,0.028,0.0,1891,Jason Terry,0.035,0.0,0.021,0.0,HOU,1610612745,3,0.75
223,29.0,0.031,0.01,5,"201574,1610612761",6,4,0.408,0.142,0.121,0.205,0.252,0.073,0.042,201574,Jason Thompson,0.031,0.0,0.021,0.084,TOR,1610612761,2,0.333
224,26.0,0.077,0.0,5,"1626279,1610612766",4,1,0.466,0.0,0.128,0.179,0.358,0.026,0.0,1626279,Jason Washburn,0.0,0.0,0.0,0.0,CHA,1610612766,3,0.75
225,30.0,0.006,0.006,5,"202399,1610612740",4,3,0.418,0.154,0.172,0.189,0.438,0.077,0.059,202399,Jeff Adrien,0.012,0.0,0.012,0.059,NOP,1610612740,1,0.25
226,29.0,0.0,0.003,5,"201145,1610612746",6,1,0.449,0.059,0.149,0.171,0.311,0.034,0.056,201145,Jeff Green,0.028,0.012,0.059,0.044,LAC,1610612746,5,0.833
227,28.0,0.007,0.011,5,"201952,1610612737",5,2,0.461,0.108,0.146,0.153,0.344,0.03,0.052,201952,Jeff Teague,0.0,0.086,0.03,0.067,ATL,1610612737,3,0.6
228,26.0,0.052,0.0,5,"203481,1610612762",7,4,0.463,0.244,0.105,0.151,0.406,0.058,0.041,203481,Jeff Withey,0.035,0.0,0.012,0.093,UTA,1610612762,3,0.429
229,22.0,0.017,0.008,5,"203924,1610612755",6,4,0.415,0.076,0.147,0.178,0.355,0.037,0.059,203924,Jerami Grant,0.014,0.023,0.014,0.068,PHI,1610612755,2,0.333
230,28.0,0.019,0.009,5,"202379,1610612742",7,7,0.425,0.112,0.112,0.137,0.325,0.031,0.022,202379,Jeremy Evans,0.0,0.019,0.012,0.062,DAL,1610612742,0,0.0
231,24.0,0.004,0.0,5,"203087,1610612766",6,0,0.451,0.09,0.127,0.142,0.367,0.034,0.034,203087,Jeremy Lamb,0.026,0.007,0.041,0.052,CHA,1610612766,6,1.0
232,27.0,0.0,0.012,5,"202391,1610612766",6,0,0.453,0.114,0.105,0.15,0.347,0.051,0.102,202391,Jeremy Lin,0.009,0.027,0.06,0.054,CHA,1610612766,6,1.0
233,25.0,0.0,0.0,5,"202719,1610612745",2,1,0.412,0.157,0.142,0.242,0.484,0.128,0.043,202719,Jeremy Tyler,0.028,0.0,0.0,0.0,HOU,1610612745,1,0.5
234,23.0,0.003,0.013,5,"1626170,1610612752",6,2,0.441,0.165,0.079,0.13,0.342,0.032,0.044,1626170,Jerian Grant,0.0,0.032,0.009,0.082,NYK,1610612752,4,0.667
235,27.0,0.009,0.004,5,"201573,1610612749",5,3,0.421,0.115,0.158,0.18,0.325,0.043,0.047,201573,Jerryd Bayless,0.017,0.009,0.038,0.06,MIL,1610612749,2,0.4
236,27.0,0.0,0.016,5,"202690,1610612752",2,2,0.42,0.111,0.27,0.381,0.35,0.016,0.0,202690,Jimmer Fredette,0.032,0.0,0.032,0.032,NYK,1610612752,0,0.0
237,26.0,0.004,0.012,5,"202710,1610612741",8,4,0.438,0.104,0.114,0.146,0.323,0.026,0.052,202710,Jimmy Butler,0.01,0.032,0.038,0.068,CHI,1610612741,4,0.5
238,31.0,0.003,0.013,5,"201149,1610612741",6,3,0.414,0.066,0.092,0.21,0.302,0.062,0.053,201149,Joakim Noah,0.053,0.007,0.013,0.072,CHI,1610612741,3,0.5
239,28.0,0.003,0.003,5,"201975,1610612765",7,5,0.435,0.139,0.099,0.141,0.317,0.02,0.031,201975,Jodie Meeks,0.006,0.017,0.025,0.045,DET,1610612765,2,0.286
240,24.0,0.003,0.01,5,"203925,1610612739",7,6,0.445,0.114,0.111,0.245,0.369,0.037,0.027,203925,Joe Harris,0.003,0.03,0.054,0.04,CLE,1610612739,1,0.143
241,28.0,0.0,0.0,5,"204060,1610612762",6,3,0.461,0.143,0.112,0.186,0.38,0.035,0.017,204060,Joe Ingles,0.0,0.017,0.017,0.052,UTA,1610612762,3,0.5
242,34.0,0.0,0.0,5,"2207,1610612748",4,3,0.42,0.111,0.091,0.162,0.356,0.012,0.055,2207,Joe Johnson,0.032,0.0,0.047,0.024,MIA,1610612748,1,0.25
243,24.0,0.0,0.0,5,"1626202,1610612754",6,2,0.43,0.111,0.093,0.115,0.344,0.039,0.032,1626202,Joe Young,0.018,0.043,0.029,0.064,IND,1610612754,4,0.667
244,33.0,0.043,0.009,5,"201202,1610612765",5,3,0.434,0.171,0.033,0.166,0.294,0.038,0.033,201202,Joel Anthony,0.019,0.0,0.0,0.038,DET,1610612765,2,0.4
245,24.0,0.0,0.011,5,"203530,1610612743",6,2,0.42,0.12,0.133,0.172,0.373,0.044,0.031,203530,Joffrey Lauvergne,0.064,0.011,0.042,0.145,DEN,1610612743,4,0.667
246,25.0,0.039,0.01,5,"203089,1610612749",6,4,0.419,0.117,0.083,0.186,0.195,0.054,0.054,203089,John Henson,0.073,0.02,0.02,0.205,MIL,1610612749,2,0.333
247,25.0,0.007,0.011,5,"203098,1610612756",7,7,0.438,0.14,0.149,0.158,0.399,0.013,0.046,203098,John Jenkins,0.013,0.046,0.048,0.079,PHX,1610612756,0,0.0
248,33.0,0.0,0.0,5,"101249,1610612748",1,1,0.462,0.117,0.058,0.205,0.409,0.0,0.088,101249,John Lucas III,0.0,0.0,0.0,0.0,MIA,1610612748,0,0.0
249,25.0,0.0,0.009,5,"202322,1610612764",6,3,0.414,0.061,0.131,0.183,0.323,0.024,0.052,202322,John Wall,0.024,0.034,0.034,0.049,WAS,1610612764,3,0.5
250,23.0,0.0,0.009,5,"203948,1610612749",6,4,0.436,0.158,0.176,0.163,0.344,0.086,0.023,203948,Johnny O'Bryant,0.045,0.018,0.018,0.072,MIL,1610612749,2,0.333
251,24.0,0.0,0.0,5,"1626281,1610612749",1,1,0.494,0.601,0.0,0.0,0.515,0.0,0.0,1626281,Jon Horford,0.0,0.0,0.0,0.0,MIL,1610612749,0,0.0
252,27.0,0.008,0.004,5,"202720,1610612756",6,2,0.424,0.129,0.149,0.162,0.406,0.058,0.054,202720,Jon Leuer,0.021,0.008,0.05,0.083,PHX,1610612756,4,0.667
253,29.0,0.007,0.0,5,"201973,1610612738",7,1,0.416,0.096,0.099,0.162,0.251,0.059,0.048,201973,Jonas Jerebko,0.029,0.011,0.037,0.074,BOS,1610612738,6,0.857
254,24.0,0.01,0.013,5,"202685,1610612761",7,2,0.449,0.108,0.127,0.152,0.33,0.051,0.064,202685,Jonas Valanciunas,0.051,0.0,0.038,0.146,TOR,1610612761,5,0.714
255,23.0,0.032,0.064,5,"1626182,1610612747",2,1,0.481,0.16,0.0,0.128,0.448,0.064,0.032,1626182,Jonathan Holmes,0.064,0.0,0.0,0.064,LAL,1610612747,1,0.5
256,26.0,0.0,0.0,5,"203613,1610612759",6,4,0.455,0.144,0.213,0.251,0.341,0.048,0.043,203613,Jonathon Simmons,0.011,0.021,0.011,0.043,SAS,1610612759,2,0.333
257,21.0,0.0,0.0,5,"203919,1610612763",1,1,0.427,0.0,0.274,0.299,0.299,0.075,0.075,203919,Jordan Adams,0.075,0.05,0.0,0.05,MEM,1610612763,0,0.0
258,26.0,0.0,0.0,5,"203947,1610612765",2,0,0.54,0.086,0.172,0.344,0.0,0.0,0.172,203947,Jordan Bachynski,0.0,0.172,0.0,0.172,DET,1610612765,2,1.0
259,24.0,0.002,0.012,5,"203903,1610612747",8,5,0.433,0.09,0.105,0.151,0.395,0.034,0.044,203903,Jordan Clarkson,0.032,0.034,0.039,0.122,LAL,1610612747,3,0.375
260,27.0,0.0,0.0,5,"202348,1610612741",5,3,0.383,0.01,0.252,0.252,0.315,0.042,0.021,202348,Jordan Crawford,0.031,0.0,0.0,0.0,CHI,1610612741,2,0.4
261,28.0,0.031,0.006,5,"201941,1610612754",5,1,0.437,0.154,0.135,0.129,0.393,0.049,0.037,201941,Jordan Hill,0.031,0.0,0.037,0.086,IND,1610612754,4,0.8
262,25.0,0.006,0.015,5,"203895,1610612739",7,5,0.421,0.066,0.133,0.187,0.422,0.045,0.048,203895,Jordan McRae,0.009,0.042,0.036,0.078,CLE,1610612739,2,0.286
263,21.0,0.049,0.012,5,"1626175,1610612738",7,1,0.419,0.11,0.092,0.166,0.294,0.025,0.043,1626175,Jordan Mickey,0.049,0.025,0.055,0.209,BOS,1610612738,6,0.857
264,23.0,0.0,0.015,5,"1626296,1610612753",5,2,0.454,0.09,0.075,0.134,0.418,0.045,0.0,1626296,Jordan Sibert,0.0,0.045,0.0,0.0,ORL,1610612753,3,0.6
265,27.0,0.0,0.019,5,"203268,1610612766",4,3,0.45,0.154,0.193,0.154,0.231,0.058,0.039,203268,Jorge Gutierrez,0.0,0.019,0.039,0.039,CHA,1610612766,1,0.25
266,34.0,0.0,0.0,5,"101181,1610612752",5,1,0.411,0.128,0.117,0.114,0.367,0.037,0.022,101181,Jose Calderon,0.011,0.018,0.048,0.015,NYK,1610612752,4,0.8
267,32.0,0.0,0.019,5,"200826,1610612742",6,6,0.42,0.132,0.121,0.124,0.366,0.035,0.058,200826,Jose Juan Barea,0.016,0.047,0.023,0.047,DAL,1610612742,0,0.0
268,27.0,0.049,0.0,5,"202725,1610612764",7,3,0.42,0.123,0.106,0.098,0.327,0.074,0.008,202725,Josh Harrellson,0.041,0.0,0.049,0.065,WAS,1610612764,4,0.571
269,24.0,0.025,0.0,5,"203962,1610612760",4,1,0.452,0.038,0.038,0.075,0.276,0.013,0.0,203962,Josh Huestis,0.0,0.0,0.0,0.0,OKC,1610612760,3,0.75
270,29.0,0.006,0.0,5,"201177,1610612748",5,3,0.451,0.146,0.061,0.146,0.183,0.037,0.024,201177,Josh McRoberts,0.037,0.0,0.024,0.012,MIA,1610612748,2,0.4
271,33.0,0.0,0.019,5,"2694,1610612749",4,3,0.425,0.093,0.185,0.315,0.334,0.13,0.0,2694,Josh Powell,0.0,0.0,0.0,0.0,MIL,1610612749,1,0.25
272,22.0,0.004,0.013,5,"1626196,1610612748",6,4,0.425,0.079,0.14,0.131,0.279,0.031,0.039,1626196,Josh Richardson,0.009,0.022,0.035,0.052,MIA,1610612748,2,0.333
273,30.0,0.011,0.011,5,"2746,1610612745",6,3,0.439,0.126,0.195,0.164,0.413,0.069,0.073,2746,Josh Smith,0.031,0.023,0.015,0.107,HOU,1610612745,3,0.5
274,24.0,0.007,0.021,5,"1626288,1610612745",7,4,0.396,0.086,0.143,0.185,0.385,0.103,0.011,1626288,Joshua Smith,0.064,0.0,0.029,0.157,HOU,1610612745,3,0.429
275,26.0,0.014,0.014,5,"201950,1610612740",7,4,0.415,0.083,0.11,0.06,0.312,0.046,0.073,201950,Jrue Holiday,0.0,0.009,0.028,0.083,NOP,1610612740,3,0.429
276,21.0,0.008,0.015,5,"203944,1610612747",8,5,0.427,0.105,0.098,0.155,0.375,0.045,0.06,203944,Julius Randle,0.075,0.025,0.048,0.18,LAL,1610612747,3,0.375
277,27.0,0.0,0.0,5,"202933,1610612760",1,0,0.448,0.0,0.0,0.104,0.207,0.104,0.0,202933,Julyan Stone,0.0,0.0,0.0,0.0,OKC,1610612760,1,1.0
278,22.0,0.015,0.015,5,"1626147,1610612742",7,7,0.429,0.161,0.156,0.146,0.377,0.033,0.025,1626147,Justin Anderson,0.01,0.045,0.05,0.075,DAL,1610612742,0,0.0
279,26.0,0.004,0.008,5,"202712,1610612765",6,4,0.432,0.091,0.113,0.189,0.393,0.079,0.026,202712,Justin Harper,0.011,0.019,0.057,0.023,DET,1610612765,2,0.333
280,27.0,0.014,0.0,5,"203200,1610612741",5,1,0.427,0.07,0.163,0.173,0.326,0.014,0.051,203200,Justin Holiday,0.023,0.028,0.009,0.009,CHI,1610612741,4,0.8
281,20.0,0.008,0.008,5,"1626159,1610612748",6,4,0.446,0.094,0.091,0.135,0.219,0.044,0.039,1626159,Justise Winslow,0.008,0.034,0.016,0.042,MIA,1610612748,2,0.333
282,24.0,0.0,0.0,5,"1626219,1610612744",1,0,0.436,0.58,0.0,0.089,0.625,0.089,0.089,1626219,Juwan Staten,0.0,0.089,0.0,0.0,GSW,1610612744,1,1.0
283,23.0,0.021,0.011,5,"203909,1610612745",8,5,0.387,0.116,0.169,0.161,0.369,0.055,0.063,203909,KJ McDaniels,0.026,0.037,0.032,0.069,HOU,1610612745,3,0.375
284,23.0,0.131,0.0,5,"1627292,1610612754",1,0,0.476,0.0,0.0,0.0,0.262,0.262,0.0,1627292,Kadeem Jack,0.0,0.0,0.0,0.0,IND,1610612754,1,1.0
285,20.0,0.02,0.014,5,"1626157,1610612750",7,5,0.465,0.153,0.185,0.127,0.41,0.055,0.058,1626157,Karl-Anthony Towns,0.035,0.017,0.04,0.104,MIN,1610612750,2,0.286
286,24.0,0.006,0.006,5,"202695,1610612759",6,4,0.443,0.044,0.205,0.145,0.36,0.028,0.063,202695,Kawhi Leonard,0.044,0.041,0.038,0.051,SAS,1610612759,2,0.333
287,22.0,0.0,0.0,5,"1626208,1610612759",3,2,0.429,0.046,0.183,0.137,0.275,0.023,0.0,1626208,Keifer Sykes,0.0,0.0,0.0,0.0,SAS,1610612759,1,0.333
288,24.0,0.009,0.019,5,"203951,1610612753",5,2,0.402,0.074,0.065,0.149,0.26,0.056,0.019,203951,Keith Appling,0.0,0.019,0.037,0.019,ORL,1610612753,3,0.6
289,27.0,0.014,0.035,5,"202728,1610612748",5,2,0.408,0.076,0.104,0.124,0.263,0.028,0.069,202728,Keith Benson,0.062,0.014,0.055,0.069,MIA,1610612748,3,0.6
290,25.0,0.004,0.0,5,"203482,1610612738",6,1,0.401,0.102,0.079,0.139,0.278,0.064,0.03,203482,Kelly Olynyk,0.008,0.015,0.015,0.075,BOS,1610612738,5,0.833
291,20.0,0.01,0.003,5,"1626162,1610612764",6,3,0.43,0.123,0.158,0.147,0.384,0.051,0.051,1626162,Kelly Oubre,0.007,0.062,0.041,0.055,WAS,1610612764,3,0.5
292,26.0,0.0,0.014,5,"202689,1610612766",7,1,0.441,0.064,0.134,0.112,0.28,0.022,0.07,202689,Kemba Walker,0.014,0.045,0.036,0.067,CHA,1610612766,6,0.857
293,31.0,0.015,0.008,5,"2570,1610612740",7,4,0.435,0.087,0.125,0.129,0.334,0.061,0.008,2570,Kendrick Perkins,0.03,0.0,0.023,0.061,NOP,1610612740,3,0.429
294,26.0,0.024,0.01,5,"202702,1610612743",6,2,0.413,0.099,0.167,0.194,0.327,0.058,0.089,202702,Kenneth Faried,0.058,0.02,0.031,0.116,DEN,1610612743,4,0.667
295,26.0,0.008,0.012,5,"203145,1610612737",5,2,0.448,0.097,0.181,0.181,0.29,0.052,0.052,203145,Kent Bazemore,0.008,0.044,0.048,0.081,ATL,1610612737,3,0.6
296,23.0,0.0,0.003,5,"203484,1610612765",7,5,0.443,0.117,0.072,0.181,0.287,0.016,0.027,203484,Kentavious Caldwell-Pope,0.005,0.037,0.061,0.043,DET,1610612765,2,0.286
297,27.0,0.017,0.01,5,"201142,1610612760",5,0,0.435,0.094,0.129,0.206,0.315,0.031,0.045,201142,Kevin Durant,0.031,0.024,0.052,0.126,OKC,1610612760,5,1.0
298,40.0,0.013,0.0,5,"708,1610612750",6,4,0.487,0.139,0.101,0.139,0.365,0.076,0.025,708,Kevin Garnett,0.0,0.013,0.013,0.038,MIN,1610612750,2,0.333
299,27.0,0.013,0.0,5,"201567,1610612739",2,1,0.467,0.054,0.054,0.094,0.376,0.04,0.121,201567,Kevin Love,0.027,0.027,0.027,0.054,CLE,1610612739,1,0.5
300,33.0,0.0,0.01,5,"2755,1610612759",5,4,0.416,0.115,0.198,0.115,0.449,0.031,0.063,2755,Kevin Martin,0.031,0.031,0.047,0.073,SAS,1610612759,1,0.2
301,26.0,0.0,0.008,5,"202338,1610612752",4,2,0.452,0.089,0.072,0.089,0.29,0.064,0.016,202338,Kevin Seraphin,0.048,0.0,0.064,0.097,NYK,1610612752,2,0.5
302,24.0,0.006,0.0,5,"203114,1610612749",6,4,0.433,0.114,0.099,0.204,0.258,0.069,0.03,203114,Khris Middleton,0.006,0.018,0.03,0.06,MIL,1610612749,2,0.333
303,35.0,0.0,0.0,5,"2550,1610612737",6,3,0.438,0.078,0.177,0.173,0.314,0.054,0.017,2550,Kirk Hinrich,0.008,0.008,0.017,0.025,ATL,1610612737,3,0.5
304,26.0,0.006,0.009,5,"202691,1610612744",6,3,0.422,0.168,0.107,0.206,0.348,0.029,0.055,202691,Klay Thompson,0.029,0.026,0.052,0.064,GSW,1610612744,3,0.5
305,29.0,0.0,0.0,5,"1626285,1610612750",3,3,0.541,0.0,0.0,0.0,0.263,0.197,0.0,1626285,Kleon Penn,0.0,0.0,0.0,0.0,MIN,1610612750,0,0.0
306,37.0,0.0,0.005,5,"977,1610612747",5,4,0.47,0.073,0.104,0.177,0.323,0.036,0.073,977,Kobe Bryant,0.01,0.052,0.057,0.062,LAL,1610612747,1,0.2
307,27.0,0.035,0.007,5,"201585,1610612758",5,0,0.425,0.088,0.099,0.145,0.331,0.032,0.035,201585,Kosta Koufos,0.028,0.007,0.014,0.134,SAC,1610612758,5,1.0
308,31.0,0.005,0.007,5,"2743,1610612737",7,3,0.428,0.089,0.134,0.188,0.342,0.042,0.032,2743,Kris Humphries,0.032,0.015,0.062,0.04,ATL,1610612737,4,0.571
309,20.0,0.022,0.011,5,"204001,1610612752",4,2,0.435,0.112,0.129,0.129,0.37,0.045,0.022,204001,Kristaps Porzingis,0.011,0.0,0.011,0.056,NYK,1610612752,2,0.5
310,22.0,0.007,0.004,5,"203937,1610612759",6,4,0.46,0.077,0.183,0.19,0.3,0.062,0.04,203937,Kyle Anderson,0.0,0.029,0.018,0.044,SAS,1610612759,2,0.333
311,25.0,0.0,0.0,5,"1626271,1610612756",1,0,0.409,0.0,0.0,0.0,0.432,0.0,0.0,1626271,Kyle Casey,0.0,0.0,0.0,0.0,PHX,1610612756,1,1.0
312,35.0,0.004,0.004,5,"2594,1610612737",6,2,0.465,0.118,0.132,0.173,0.272,0.015,0.029,2594,Kyle Korver,0.0,0.048,0.048,0.007,ATL,1610612737,4,0.667
313,30.0,0.0,0.003,5,"200768,1610612761",5,0,0.442,0.135,0.108,0.095,0.325,0.027,0.081,200768,Kyle Lowry,0.007,0.051,0.081,0.108,TOR,1610612761,5,1.0
314,26.0,0.027,0.004,5,"203124,1610612752",5,1,0.443,0.169,0.129,0.134,0.33,0.053,0.058,203124,Kyle O'Quinn,0.036,0.009,0.018,0.116,NYK,1610612752,4,0.8
315,28.0,0.025,0.0,5,"202713,1610612760",5,1,0.435,0.243,0.117,0.168,0.419,0.084,0.017,202713,Kyle Singler,0.025,0.0,0.017,0.017,OKC,1610612760,4,0.8
316,30.0,0.007,0.011,5,"200746,1610612759",5,3,0.454,0.065,0.205,0.147,0.417,0.04,0.05,200746,LaMarcus Aldridge,0.032,0.007,0.018,0.079,SAS,1610612759,2,0.4
317,24.0,0.004,0.013,5,"203934,1610612737",6,2,0.438,0.051,0.119,0.23,0.298,0.038,0.047,203934,Lamar Patterson,0.013,0.038,0.017,0.034,ATL,1610612737,4,0.667
318,25.0,0.0,0.006,5,"202362,1610612763",6,3,0.43,0.109,0.154,0.167,0.373,0.051,0.013,202362,Lance Stephenson,0.016,0.013,0.019,0.045,MEM,1610612763,3,0.5
319,28.0,0.005,0.0,5,"202498,1610612752",6,2,0.43,0.115,0.095,0.11,0.341,0.03,0.015,202498,Lance Thomas,0.0,0.01,0.02,0.01,NYK,1610612752,4,0.667
320,24.0,0.003,0.008,5,"204038,1610612752",6,2,0.445,0.137,0.113,0.126,0.373,0.025,0.019,204038,Langston Galloway,0.008,0.011,0.036,0.011,NYK,1610612752,4,0.667
321,23.0,0.0,0.0,5,"1626204,1610612747",5,2,0.453,0.099,0.074,0.165,0.446,0.058,0.041,1626204,Larry Nance Jr.,0.033,0.0,0.017,0.083,LAL,1610612747,3,0.6
322,27.0,0.014,0.003,5,"202730,1610612754",7,2,0.444,0.105,0.122,0.091,0.322,0.024,0.01,202730,Lavoy Allen,0.014,0.014,0.007,0.049,IND,1610612754,5,0.714
323,25.0,0.0,0.0,5,"1626272,1610612763",6,1,0.447,0.073,0.141,0.187,0.239,0.021,0.036,1626272,Lazeric Jones,0.01,0.01,0.026,0.01,MEM,1610612763,5,0.833
324,31.0,0.0,0.0,5,"2544,1610612739",2,2,0.477,0.099,0.119,0.148,0.297,0.049,0.069,2544,LeBron James,0.0,0.059,0.059,0.079,CLE,1610612739,0,0.0
325,33.0,0.005,0.015,5,"2571,1610612744",7,4,0.423,0.158,0.079,0.103,0.315,0.034,0.044,2571,Leandro Barbosa,0.025,0.069,0.103,0.167,GSW,1610612744,3,0.429
326,23.0,0.0,0.0,5,"1626260,1610612738",2,1,0.26,0.0,0.0,0.0,0.82,0.0,0.41,1626260,Levi Randolph,1.23,0.0,0.0,0.82,BOS,1610612738,1,0.5
327,25.0,0.007,0.007,5,"203485,1610612765",5,4,0.461,0.162,0.077,0.12,0.31,0.042,0.014,203485,Lorenzo Brown,0.0,0.056,0.056,0.084,DET,1610612765,1,0.2
328,33.0,0.044,0.011,5,"200811,1610612752",3,1,0.447,0.177,0.133,0.122,0.509,0.089,0.055,200811,Lou Amundson,0.022,0.044,0.066,0.133,NYK,1610612752,2,0.667
329,29.0,0.006,0.014,5,"101150,1610612747",6,5,0.426,0.102,0.153,0.187,0.392,0.048,0.097,101150,Lou Williams,0.017,0.028,0.057,0.068,LAL,1610612747,1,0.167
330,29.0,0.013,0.026,5,"201601,1610612746",4,2,0.429,0.153,0.102,0.191,0.306,0.038,0.051,201601,Luc Mbah a Moute,0.051,0.0,0.038,0.077,LAC,1610612746,2,0.5
331,23.0,0.0,0.0,5,"1626242,1610612757",2,2,0.42,0.0,0.0,0.222,0.111,0.0,0.0,1626242,Luis Montero,0.0,0.111,0.0,0.111,POR,1610612757,0,0.0
332,36.0,0.0,0.008,5,"2449,1610612761",6,1,0.439,0.086,0.098,0.082,0.336,0.049,0.053,2449,Luis Scola,0.045,0.016,0.045,0.148,TOR,1610612761,5,0.833
333,27.0,0.0,0.0,5,"202337,1610612740",3,1,0.405,0.153,0.202,0.087,0.328,0.022,0.022,202337,Luke Babbitt,0.027,0.016,0.066,0.033,NOP,1610612740,2,0.667
334,31.0,0.0,0.003,5,"2736,1610612748",6,2,0.443,0.148,0.154,0.187,0.406,0.019,0.042,2736,Luol Deng,0.006,0.035,0.026,0.058,MIA,1610612748,4,0.667
335,23.0,0.0,0.0,5,"1626259,1610612738",1,0,0.0,0.0,0.0,0.0,0.0,0.0,0.0,1626259,Malcolm Miller,0.0,0.0,0.0,0.0,BOS,1610612738,1,1.0
336,38.0,0.012,0.0,5,"1938,1610612759",5,3,0.456,0.053,0.175,0.099,0.35,0.047,0.053,1938,Manu Ginobili,0.018,0.041,0.053,0.093,SAS,1610612759,2,0.4
337,31.0,0.033,0.013,5,"201188,1610612763",5,0,0.456,0.044,0.164,0.164,0.261,0.05,0.057,201188,Marc Gasol,0.013,0.003,0.027,0.08,MEM,1610612763,5,1.0
338,33.0,0.008,0.0,5,"1626273,1610612747",3,1,0.42,0.157,0.157,0.133,0.392,0.055,0.031,1626273,Marcelo Huertas,0.0,0.016,0.031,0.047,LAL,1610612747,2,0.667
339,32.0,0.017,0.012,5,"101162,1610612764",7,3,0.418,0.077,0.106,0.173,0.293,0.034,0.065,101162,Marcin Gortat,0.017,0.05,0.024,0.168,WAS,1610612764,4,0.571
340,30.0,0.0,0.005,5,"201158,1610612758",6,1,0.437,0.1,0.123,0.189,0.336,0.024,0.06,201158,Marco Belinelli,0.01,0.026,0.055,0.021,SAC,1610612758,5,0.833
341,30.0,0.022,0.011,5,"202068,1610612749",4,3,0.455,0.086,0.205,0.173,0.216,0.043,0.022,202068,Marcus Landry,0.0,0.022,0.0,0.022,MIL,1610612749,1,0.25
342,26.0,0.007,0.005,5,"202694,1610612765",8,5,0.443,0.096,0.073,0.141,0.272,0.063,0.038,202694,Marcus Morris,0.021,0.033,0.063,0.052,DET,1610612765,3,0.375
343,28.0,0.0,0.0,5,"204136,1610612741",2,0,0.459,0.0,0.429,0.857,0.286,0.0,0.0,204136,Marcus Simmons,0.0,0.0,0.0,0.0,CHI,1610612741,2,1.0
344,22.0,0.0,0.003,5,"203935,1610612738",5,0,0.396,0.065,0.088,0.101,0.301,0.036,0.043,203935,Marcus Smart,0.023,0.023,0.052,0.065,BOS,1610612738,5,1.0
345,29.0,0.0,0.012,5,"201977,1610612764",6,4,0.411,0.109,0.097,0.103,0.35,0.03,0.027,201977,Marcus Thornton,0.042,0.006,0.039,0.054,WAS,1610612764,2,0.333
346,30.0,0.0,0.013,5,"201596,1610612763",5,3,0.414,0.117,0.117,0.139,0.243,0.057,0.078,201596,Mario Chalmers,0.009,0.017,0.052,0.043,MEM,1610612763,2,0.4
347,21.0,0.003,0.005,5,"1626209,1610612753",8,2,0.446,0.11,0.102,0.184,0.24,0.051,0.026,1626209,Mario Hezonja,0.023,0.018,0.056,0.046,ORL,1610612753,6,0.75
348,26.0,0.019,0.016,5,"202693,1610612764",6,2,0.432,0.219,0.097,0.21,0.407,0.056,0.053,202693,Markieff Morris,0.028,0.006,0.075,0.075,WAS,1610612764,4,0.667
349,28.0,0.015,0.004,5,"201578,1610612744",7,4,0.404,0.169,0.101,0.21,0.397,0.052,0.067,201578,Marreese Speights,0.064,0.022,0.022,0.097,GSW,1610612744,3,0.429
350,25.0,0.0,0.0,5,"1626289,1610612758",1,0,0.361,0.0,0.581,0.727,0.291,0.0,0.0,1626289,Marshall Henderson,0.0,0.0,0.0,0.0,SAC,1610612758,1,1.0
351,30.0,0.003,0.009,5,"101107,1610612766",7,0,0.449,0.075,0.12,0.126,0.311,0.024,0.03,101107,Marvin Williams,0.015,0.012,0.018,0.036,CHA,1610612766,7,1.0
352,26.0,0.008,0.0,5,"203486,1610612757",7,4,0.418,0.087,0.193,0.19,0.302,0.053,0.05,203486,Mason Plumlee,0.006,0.02,0.025,0.101,POR,1610612757,3,0.429
353,36.0,0.015,0.019,5,"2440,1610612763",5,0,0.422,0.063,0.097,0.194,0.204,0.053,0.024,2440,Matt Barnes,0.024,0.029,0.005,0.029,MEM,1610612763,5,1.0
354,36.0,0.0,0.0,5,"2588,1610612759",2,2,0.412,0.0,0.067,0.134,0.269,0.0,0.0,2588,Matt Bonner,0.0,0.0,0.0,0.0,SAS,1610612759,0,0.0
355,28.0,0.0,0.0,5,"202394,1610612743",2,0,0.409,0.309,0.133,0.0,0.265,0.133,0.0,202394,Matt Janning,0.0,0.088,0.088,0.0,DEN,1610612743,2,1.0
356,25.0,0.0,0.013,5,"203521,1610612739",6,5,0.449,0.14,0.105,0.194,0.369,0.038,0.01,203521,Matthew Dellavedova,0.025,0.013,0.022,0.064,CLE,1610612739,1,0.167
357,23.0,0.007,0.004,5,"203090,1610612757",5,3,0.436,0.072,0.148,0.151,0.317,0.025,0.043,203090,Maurice Harkless,0.047,0.04,0.054,0.079,POR,1610612757,2,0.4
358,24.0,0.015,0.0,5,"1626254,1610612742",4,4,0.455,0.179,0.169,0.154,0.388,0.05,0.04,1626254,Maurice Ndour,0.0,0.025,0.04,0.04,DAL,1610612742,0,0.0
359,25.0,0.0,0.012,5,"203929,1610612753",4,1,0.38,0.048,0.083,0.202,0.381,0.071,0.024,203929,Melvin Ejim,0.059,0.0,0.036,0.095,ORL,1610612753,3,0.75
360,36.0,0.005,0.005,5,"1897,1610612747",6,3,0.438,0.106,0.138,0.223,0.404,0.059,0.048,1897,Metta World Peace,0.0,0.0,0.027,0.053,LAL,1610612747,3,0.5
361,24.0,0.012,0.0,5,"203086,1610612757",7,4,0.423,0.09,0.159,0.171,0.303,0.044,0.032,203086,Meyers Leonard,0.015,0.007,0.051,0.015,POR,1610612757,3,0.429
362,24.0,0.023,0.011,5,"203487,1610612749",5,3,0.423,0.132,0.094,0.211,0.241,0.053,0.03,203487,Michael Carter-Williams,0.023,0.041,0.045,0.09,MIL,1610612749,2,0.4
363,22.0,0.0,0.018,5,"1626187,1610612747",4,1,0.46,0.054,0.054,0.143,0.465,0.036,0.036,1626187,Michael Frazier,0.0,0.0,0.018,0.0,LAL,1610612747,3,0.75
364,23.0,0.0,0.0,5,"1626261,1610612763",1,0,0.499,0.313,0.251,0.376,0.627,0.125,0.0,1626261,Michael Holyfield,0.0,0.0,0.0,0.0,MEM,1610612763,1,1.0
365,22.0,0.0,0.0,5,"203077,1610612766",1,0,0.481,0.0,0.267,0.153,0.382,0.0,0.076,203077,Michael Kidd-Gilchrist,0.0,0.076,0.0,0.153,CHA,1610612766,1,1.0
366,24.0,0.0,0.0,5,"1626252,1610612761",1,0,0.408,0.0,0.353,0.353,0.53,0.0,0.0,1626252,Michale Kyser,0.0,0.0,0.0,0.0,TOR,1610612761,1,1.0
367,28.0,0.0,0.02,5,"201144,1610612763",5,0,0.471,0.048,0.162,0.17,0.277,0.016,0.079,201144,Mike Conley,0.016,0.0,0.024,0.055,MEM,1610612763,5,1.0
368,36.0,0.0,0.0,5,"2034,1610612743",3,1,0.427,0.165,0.126,0.185,0.33,0.087,0.0,2034,Mike Miller,0.0,0.029,0.029,0.0,DEN,1610612743,2,0.667
369,24.0,0.013,0.009,5,"203488,1610612737",6,3,0.45,0.067,0.147,0.178,0.383,0.045,0.018,203488,Mike Muscala,0.027,0.0,0.018,0.045,ATL,1610612737,3,0.5
370,27.0,0.004,0.008,5,"203118,1610612737",6,2,0.446,0.102,0.141,0.191,0.274,0.039,0.027,203118,Mike Scott,0.023,0.039,0.02,0.133,ATL,1610612737,4,0.667
371,27.0,0.027,0.014,5,"203101,1610612749",3,3,0.416,0.192,0.233,0.192,0.329,0.027,0.11,203101,Miles Plumlee,0.055,0.055,0.027,0.055,MIL,1610612749,0,0.0
372,30.0,0.003,0.007,5,"203141,1610612756",6,2,0.381,0.114,0.121,0.18,0.345,0.045,0.021,203141,Mirza Teletovic,0.014,0.007,0.017,0.028,PHX,1610612756,4,0.667
373,24.0,0.014,0.007,5,"203956,1610612760",4,1,0.433,0.115,0.086,0.173,0.331,0.036,0.036,203956,Mitch McGary,0.014,0.043,0.043,0.129,OKC,1610612760,3,0.75
374,33.0,0.0,0.012,5,"2590,1610612739",5,5,0.458,0.139,0.114,0.216,0.368,0.033,0.029,2590,Mo Williams,0.02,0.025,0.02,0.025,CLE,1610612739,0,0.0
375,30.0,0.003,0.003,5,"101145,1610612754",6,2,0.433,0.125,0.099,0.147,0.34,0.013,0.032,101145,Monta Ellis,0.0,0.045,0.08,0.064,IND,1610612754,4,0.667
376,22.0,0.009,0.003,5,"1626149,1610612745",6,4,0.406,0.153,0.197,0.182,0.451,0.075,0.044,1626149,Montrezl Harrell,0.041,0.041,0.031,0.094,HOU,1610612745,2,0.333
377,20.0,0.064,0.004,5,"1626167,1610612754",6,1,0.433,0.106,0.081,0.132,0.324,0.043,0.055,1626167,Myles Turner,0.009,0.004,0.017,0.051,IND,1610612754,5,0.833
378,32.0,0.0,0.016,5,"101126,1610612740",4,3,0.443,0.167,0.092,0.172,0.463,0.043,0.032,101126,Nate Robinson,0.0,0.022,0.054,0.032,NOP,1610612740,1,0.25
379,28.0,0.003,0.006,5,"202357,1610612750",7,5,0.458,0.151,0.122,0.148,0.411,0.061,0.019,202357,Nemanja Bjelica,0.019,0.006,0.039,0.039,MIN,1610612750,2,0.286
380,33.0,0.009,0.0,5,"2403,1610612764",3,1,0.423,0.056,0.149,0.093,0.336,0.019,0.065,2403,Nene,0.0,0.093,0.037,0.168,WAS,1610612764,2,0.667
381,22.0,0.021,0.003,5,"203457,1610612755",5,4,0.404,0.099,0.155,0.185,0.4,0.033,0.069,203457,Nerlens Noel,0.018,0.027,0.054,0.102,PHI,1610612755,1,0.2
382,35.0,0.0,0.005,5,"2555,1610612760",5,1,0.438,0.086,0.117,0.243,0.456,0.035,0.015,2555,Nick Collison,0.02,0.0,0.01,0.061,OKC,1610612760,4,0.8
383,23.0,0.0,0.008,5,"203910,1610612743",6,2,0.441,0.1,0.116,0.145,0.34,0.05,0.033,203910,Nick Johnson,0.021,0.008,0.0,0.008,DEN,1610612743,4,0.667
384,27.0,0.0,0.0,5,"1626305,1610612739",3,3,0.431,0.133,0.103,0.383,0.501,0.059,0.029,1626305,Nick Minnerath,0.029,0.0,0.029,0.029,CLE,1610612739,0,0.0
385,25.0,0.0,0.04,5,"1626287,1610612750",4,4,0.53,0.0,0.238,0.0,0.159,0.04,0.04,1626287,Nick Wiggins,0.0,0.079,0.119,0.238,MIN,1610612750,0,0.0
386,31.0,0.0,0.003,5,"201156,1610612747",8,5,0.43,0.104,0.091,0.137,0.441,0.046,0.02,201156,Nick Young,0.005,0.028,0.03,0.015,LAL,1610612747,3,0.375
387,27.0,0.003,0.003,5,"201587,1610612766",6,0,0.443,0.094,0.127,0.154,0.327,0.015,0.057,201587,Nicolas Batum,0.003,0.018,0.051,0.073,CHA,1610612766,6,1.0
388,21.0,0.011,0.003,5,"203999,1610612743",7,3,0.419,0.102,0.123,0.154,0.296,0.063,0.069,203999,Nikola Jokic,0.058,0.022,0.038,0.165,DEN,1610612743,4,0.571
389,25.0,0.007,0.002,5,"202703,1610612741",8,4,0.442,0.083,0.132,0.15,0.348,0.051,0.066,202703,Nikola Mirotic,0.042,0.029,0.027,0.054,CHI,1610612741,4,0.5
390,25.0,0.019,0.013,5,"202696,1610612753",7,1,0.444,0.098,0.077,0.157,0.26,0.053,0.058,202696,Nikola Vucevic,0.064,0.005,0.077,0.18,ORL,1610612753,6,0.857
391,23.0,0.018,0.0,5,"1626295,1610612753",5,2,0.38,0.063,0.082,0.109,0.272,0.063,0.027,1626295,Nnanna Egwu,0.036,0.0,0.0,0.054,ORL,1610612753,3,0.6
392,20.0,0.008,0.011,5,"203943,1610612757",7,4,0.431,0.076,0.128,0.171,0.343,0.044,0.03,203943,Noah Vonleh,0.06,0.011,0.011,0.093,POR,1610612757,3,0.429
393,23.0,0.009,0.009,5,"1626181,1610612761",6,2,0.441,0.09,0.103,0.193,0.414,0.045,0.027,1626181,Norman Powell,0.022,0.067,0.081,0.099,TOR,1610612761,4,0.667
394,27.0,0.0,0.021,5,"202708,1610612740",2,1,0.402,0.053,0.106,0.127,0.148,0.053,0.042,202708,Norris Cole,0.064,0.064,0.021,0.021,NOP,1610612740,1,0.5
395,28.0,0.004,0.0,5,"201564,1610612749",6,4,0.405,0.119,0.082,0.131,0.254,0.041,0.025,201564,O.J. Mayo,0.0,0.008,0.025,0.016,MIL,1610612749,2,0.333
396,30.0,0.0,0.0,5,"200762,1610612743",1,0,0.41,0.277,0.0,0.0,0.221,0.0,0.055,200762,Oleksiy Pecherov,0.0,0.0,0.221,0.221,DEN,1610612743,1,1.0
397,27.0,0.0,0.015,5,"204179,1610612757",4,3,0.349,0.059,0.119,0.193,0.208,0.03,0.0,204179,Omari Johnson,0.0,0.074,0.059,0.089,POR,1610612757,1,0.25
398,29.0,0.0,0.0,5,"201600,1610612740",1,0,0.371,0.21,0.07,0.105,0.281,0.035,0.035,201600,Omer Asik,0.035,0.0,0.035,0.07,NOP,1610612740,1,1.0
399,28.0,0.0,0.005,5,"201956,1610612758",5,1,0.41,0.057,0.175,0.212,0.382,0.026,0.031,201956,Omri Casspi,0.021,0.041,0.01,0.124,SAC,1610612758,4,0.8
400,23.0,0.007,0.01,5,"203490,1610612764",7,3,0.413,0.05,0.095,0.15,0.28,0.029,0.033,203490,Otto Porter,0.038,0.052,0.043,0.086,WAS,1610612764,4,0.571
401,23.0,0.0,0.005,5,"203798,1610612763",5,1,0.46,0.07,0.174,0.127,0.375,0.08,0.033,203798,PJ Hairston,0.019,0.014,0.033,0.009,MEM,1610612763,4,0.8
402,31.0,0.004,0.008,5,"200782,1610612756",6,2,0.433,0.211,0.109,0.223,0.406,0.047,0.031,200782,PJ Tucker,0.0,0.004,0.004,0.008,PHX,1610612756,4,0.667
403,39.0,0.0,0.0,5,"203143,1610612746",6,3,0.454,0.107,0.117,0.163,0.408,0.041,0.031,203143,Pablo Prigioni,0.0,0.01,0.0,0.01,LAC,1610612746,3,0.5
404,23.0,0.003,0.0,5,"1626192,1610612757",7,4,0.417,0.074,0.177,0.187,0.264,0.051,0.01,1626192,Pat Connaughton,0.006,0.029,0.016,0.032,POR,1610612757,3,0.429
405,27.0,0.005,0.002,5,"201976,1610612745",7,5,0.404,0.125,0.135,0.183,0.341,0.043,0.034,201976,Patrick Beverley,0.0,0.026,0.012,0.014,HOU,1610612745,2,0.286
406,27.0,0.003,0.003,5,"202335,1610612761",7,2,0.442,0.078,0.069,0.16,0.294,0.02,0.013,202335,Patrick Patterson,0.007,0.007,0.007,0.026,TOR,1610612761,5,0.714
407,27.0,0.0,0.005,5,"201988,1610612759",5,3,0.446,0.04,0.212,0.152,0.384,0.025,0.015,201988,Patty Mills,0.015,0.066,0.051,0.081,SAS,1610612759,2,0.4
408,35.0,0.012,0.0,5,"2200,1610612741",5,2,0.466,0.123,0.127,0.11,0.36,0.041,0.057,2200,Pau Gasol,0.012,0.0,0.008,0.033,CHI,1610612741,3,0.6
409,26.0,0.008,0.01,5,"202331,1610612754",7,2,0.44,0.131,0.095,0.131,0.314,0.031,0.093,202331,Paul George,0.044,0.021,0.057,0.077,IND,1610612754,5,0.714
410,31.0,0.015,0.019,5,"200794,1610612737",5,2,0.456,0.105,0.138,0.157,0.291,0.049,0.049,200794,Paul Millsap,0.0,0.037,0.026,0.082,ATL,1610612737,3,0.6
411,38.0,0.019,0.009,5,"1718,1610612746",6,3,0.444,0.108,0.151,0.146,0.33,0.047,0.047,1718,Paul Pierce,0.0,0.014,0.014,0.019,LAC,1610612746,3,0.5
412,24.0,0.01,0.021,5,"203103,1610612738",5,0,0.428,0.093,0.114,0.166,0.331,0.072,0.0,203103,Perry Jones,0.0,0.0,0.0,0.0,BOS,1610612738,5,1.0
413,25.0,0.006,0.006,5,"203515,1610612756",4,3,0.404,0.061,0.196,0.202,0.331,0.074,0.055,203515,Phil Pressey,0.0,0.018,0.0,0.025,PHX,1610612756,1,0.25
414,24.0,0.0,0.009,5,"203510,1610612755",3,3,0.403,0.056,0.122,0.169,0.433,0.028,0.019,203510,Pierre Jackson,0.0,0.019,0.0,0.0,PHI,1610612755,0,0.0
415,25.0,0.036,0.0,5,"203112,1610612758",2,0,0.484,0.132,0.132,0.216,0.384,0.036,0.024,203112,Quincy Acy,0.0,0.024,0.024,0.048,SAC,1610612758,2,1.0
416,23.0,0.0,0.028,5,"203113,1610612751",4,3,0.417,0.098,0.084,0.14,0.336,0.056,0.014,203113,Quincy Miller,0.028,0.0,0.056,0.056,BKN,1610612751,1,0.25
417,23.0,0.0,0.018,5,"1626188,1610612739",6,6,0.459,0.083,0.149,0.339,0.487,0.071,0.024,1626188,Quinn Cook,0.018,0.024,0.012,0.059,CLE,1610612739,0,0.0
418,22.0,0.01,0.007,5,"1626154,1610612738",7,1,0.435,0.099,0.102,0.161,0.328,0.03,0.013,1626154,RJ Hunter,0.007,0.023,0.016,0.026,BOS,1610612738,6,0.857
419,30.0,0.003,0.003,5,"200765,1610612758",6,1,0.439,0.038,0.118,0.147,0.306,0.016,0.038,200765,Rajon Rondo,0.006,0.01,0.022,0.045,SAC,1610612758,5,0.833
420,24.0,0.018,0.009,5,"1626176,1610612754",6,1,0.455,0.1,0.091,0.072,0.308,0.063,0.045,1626176,Rakeem Christmas,0.045,0.036,0.027,0.091,IND,1610612754,5,0.833
421,30.0,0.003,0.006,5,"201196,1610612764",7,3,0.43,0.079,0.107,0.119,0.292,0.021,0.076,201196,Ramon Sessions,0.006,0.043,0.043,0.085,WAS,1610612764,4,0.571
422,32.0,0.008,0.0,5,"200751,1610612760",3,1,0.428,0.094,0.195,0.258,0.438,0.047,0.0,200751,Randy Foye,0.0,0.0,0.023,0.016,OKC,1610612760,2,0.667
423,19.0,0.0,0.009,5,"1626173,1610612749",6,4,0.427,0.126,0.178,0.175,0.3,0.031,0.018,1626173,Rashad Vaughn,0.009,0.0,0.021,0.055,MIL,1610612749,2,0.333
424,37.0,0.0,0.0,5,"2446,1610612759",5,3,0.463,0.016,0.163,0.139,0.278,0.049,0.008,2446,Rasual Butler,0.016,0.016,0.033,0.065,SAS,1610612759,2,0.4
425,24.0,0.004,0.016,5,"203526,1610612762",7,4,0.482,0.146,0.122,0.211,0.405,0.045,0.036,203526,Raul Neto,0.0,0.008,0.024,0.049,UTA,1610612762,3,0.429
426,25.0,0.006,0.017,5,"203492,1610612763",6,4,0.462,0.114,0.183,0.229,0.286,0.052,0.029,203492,Ray McCallum,0.011,0.023,0.052,0.069,MEM,1610612763,2,0.333
427,32.0,0.004,0.008,5,"101109,1610612742",5,5,0.437,0.156,0.118,0.143,0.337,0.038,0.017,101109,Raymond Felton,0.03,0.025,0.008,0.143,DAL,1610612742,0,0.0
428,25.0,0.0,0.004,5,"203493,1610612765",6,3,0.438,0.106,0.072,0.125,0.318,0.038,0.011,203493,Reggie Bullock,0.008,0.057,0.049,0.068,DET,1610612765,3,0.5
429,26.0,0.008,0.018,5,"202704,1610612765",6,4,0.439,0.098,0.088,0.163,0.31,0.033,0.053,202704,Reggie Jackson,0.013,0.03,0.04,0.08,DET,1610612765,2,0.333
430,29.0,0.007,0.0,5,"202130,1610612759",6,4,0.446,0.096,0.269,0.234,0.331,0.007,0.028,202130,Reggie Williams,0.0,0.0,0.041,0.014,SAS,1610612759,2,0.333
431,36.0,0.0,0.003,5,"2210,1610612739",6,5,0.449,0.102,0.095,0.246,0.321,0.049,0.049,2210,Richard Jefferson,0.02,0.007,0.033,0.052,CLE,1610612739,1,0.167
432,22.0,0.012,0.004,5,"1626158,1610612755",7,5,0.41,0.052,0.104,0.185,0.321,0.08,0.032,1626158,Richaun Holmes,0.012,0.0,0.012,0.04,PHI,1610612755,2,0.286
433,25.0,0.0,0.0,5,"201937,1610612750",3,2,0.467,0.113,0.156,0.138,0.363,0.056,0.063,201937,Ricky Rubio,0.013,0.006,0.013,0.025,MIN,1610612750,1,0.333
434,25.0,0.009,0.009,5,"203496,1610612755",7,5,0.399,0.092,0.16,0.158,0.311,0.047,0.04,203496,Robert Covington,0.038,0.024,0.054,0.042,PHI,1610612755,2,0.286
435,27.0,0.02,0.0,5,"203135,1610612747",4,2,0.449,0.123,0.164,0.133,0.348,0.082,0.041,203135,Robert Sacre,0.01,0.0,0.0,0.061,LAL,1610612747,2,0.5
436,22.0,0.026,0.0,5,"1626193,1610612747",4,1,0.463,0.111,0.077,0.171,0.463,0.086,0.017,1626193,Robert Upshaw,0.0,0.0,0.0,0.051,LAL,1610612747,3,0.75
437,28.0,0.018,0.004,5,"201577,1610612752",5,1,0.405,0.147,0.089,0.102,0.382,0.044,0.044,201577,Robin Lopez,0.031,0.009,0.027,0.062,NYK,1610612752,4,0.8
438,23.0,0.003,0.006,5,"203918,1610612762",7,4,0.453,0.154,0.098,0.159,0.318,0.047,0.045,203918,Rodney Hood,0.014,0.02,0.047,0.095,UTA,1610612762,3,0.429
439,30.0,0.004,0.004,5,"201155,1610612754",6,2,0.43,0.119,0.143,0.087,0.293,0.028,0.028,201155,Rodney Stuckey,0.016,0.04,0.028,0.063,IND,1610612754,4,0.667
440,24.0,0.0,0.0,5,"204040,1610612761",3,1,0.432,0.113,0.094,0.17,0.567,0.076,0.057,204040,Ronald Roberts,0.038,0.0,0.019,0.076,TOR,1610612761,2,0.667
441,21.0,0.006,0.006,5,"1626178,1610612751",5,3,0.47,0.144,0.072,0.177,0.377,0.05,0.039,1626178,Rondae Hollis-Jefferson,0.0,0.022,0.022,0.033,BKN,1610612751,2,0.4
442,33.0,0.0,0.007,5,"101179,1610612756",3,1,0.424,0.151,0.131,0.157,0.367,0.066,0.052,101179,Ronnie Price,0.013,0.0,0.013,0.039,PHX,1610612756,2,0.667
443,29.0,0.03,0.007,5,"201579,1610612747",8,5,0.429,0.096,0.111,0.162,0.379,0.039,0.057,201579,Roy Hibbert,0.052,0.0,0.015,0.079,LAL,1610612747,3,0.375
444,29.0,0.009,0.009,5,"200752,1610612758",5,1,0.424,0.074,0.115,0.158,0.323,0.025,0.047,200752,Rudy Gay,0.025,0.056,0.065,0.099,SAC,1610612758,4,0.8
445,24.0,0.023,0.003,5,"203497,1610612762",6,3,0.457,0.134,0.138,0.21,0.334,0.049,0.062,203497,Rudy Gobert,0.023,0.023,0.036,0.098,UTA,1610612762,3,0.5
446,25.0,0.004,0.016,5,"203893,1610612763",5,1,0.441,0.097,0.118,0.203,0.301,0.032,0.057,203893,Russ Smith,0.02,0.037,0.024,0.089,MEM,1610612763,4,0.8
447,27.0,0.003,0.02,5,"201566,1610612760",5,0,0.424,0.091,0.125,0.189,0.325,0.044,0.078,201566,Russell Westbrook,0.024,0.061,0.047,0.142,OKC,1610612760,5,1.0
448,28.0,0.005,0.01,5,"201583,1610612740",7,4,0.415,0.117,0.115,0.132,0.343,0.037,0.034,201583,Ryan Anderson,0.015,0.02,0.015,0.054,NOP,1610612740,3,0.429
449,23.0,0.008,0.008,5,"1626207,1610612751",4,3,0.421,0.053,0.113,0.182,0.257,0.038,0.023,1626207,Ryan Boatright,0.0,0.015,0.015,0.015,BKN,1610612751,1,0.25
450,31.0,0.017,0.006,5,"200797,1610612763",7,1,0.445,0.066,0.127,0.165,0.265,0.044,0.088,200797,Ryan Hollins,0.039,0.011,0.028,0.143,MEM,1610612763,6,0.857
451,25.0,0.016,0.016,5,"203527,1610612747",7,4,0.429,0.128,0.171,0.187,0.396,0.043,0.051,203527,Ryan Kelly,0.019,0.023,0.043,0.078,LAL,1610612747,3,0.429
452,30.0,0.022,0.011,5,"1626257,1610612742",5,5,0.416,0.108,0.108,0.108,0.304,0.043,0.054,1626257,Salah Mejri,0.038,0.016,0.049,0.065,DAL,1610612742,0,0.0
453,22.0,0.003,0.008,5,"1626155,1610612745",8,5,0.373,0.106,0.159,0.166,0.342,0.028,0.02,1626155,Sam Dekker,0.03,0.018,0.005,0.04,HOU,1610612745,3,0.375
454,23.0,0.0,0.015,5,"1626280,1610612766",5,1,0.463,0.046,0.107,0.183,0.245,0.031,0.0,1626280,Sam Thompson,0.0,0.0,0.0,0.061,CHA,1610612766,4,0.8
455,25.0,0.018,0.0,5,"1627258,1610612763",5,1,0.44,0.0,0.164,0.219,0.219,0.055,0.018,1627258,Sampson Carter,0.0,0.037,0.037,0.037,MEM,1610612763,4,0.8
456,36.0,0.043,0.0,5,"2223,1610612742",4,4,0.439,0.189,0.154,0.163,0.412,0.06,0.026,2223,Samuel Dalembert,0.017,0.0,0.034,0.086,DAL,1610612742,0,0.0
457,31.0,0.008,0.004,5,"201619,1610612739",6,6,0.458,0.093,0.102,0.292,0.331,0.064,0.038,201619,Sasha Kaun,0.017,0.0,0.025,0.042,CLE,1610612739,0,0.0
458,32.0,0.004,0.004,5,"2756,1610612752",5,1,0.418,0.091,0.124,0.115,0.371,0.041,0.054,2756,Sasha Vujacic,0.029,0.021,0.021,0.025,NYK,1610612752,4,0.8
459,23.0,0.0,0.005,5,"203959,1610612755",5,4,0.404,0.06,0.156,0.193,0.431,0.014,0.032,203959,Scottie Wilbekin,0.0,0.037,0.073,0.064,PHI,1610612755,1,0.2
460,26.0,0.0,0.011,5,"203930,1610612751",5,3,0.391,0.115,0.17,0.143,0.461,0.027,0.033,203930,Sean Kilpatrick,0.022,0.044,0.071,0.088,BKN,1610612751,2,0.4
461,26.0,0.028,0.003,5,"201586,1610612760",5,0,0.438,0.098,0.125,0.202,0.348,0.035,0.024,201586,Serge Ibaka,0.031,0.021,0.017,0.077,OKC,1610612760,5,1.0
462,22.0,0.008,0.008,5,"203508,1610612751",3,3,0.409,0.12,0.165,0.188,0.271,0.045,0.03,203508,Sergey Karasev,0.015,0.008,0.0,0.03,BKN,1610612751,0,0.0
463,25.0,0.0,0.0,5,"203552,1610612758",3,0,0.455,0.079,0.126,0.221,0.221,0.063,0.047,203552,Seth Curry,0.0,0.047,0.016,0.063,SAC,1610612758,3,1.0
464,23.0,0.0,0.021,5,"203498,1610612750",7,5,0.441,0.129,0.14,0.143,0.408,0.032,0.068,203498,Shabazz Muhammad,0.032,0.021,0.057,0.107,MIN,1610612750,2,0.286
465,24.0,0.0,0.008,5,"203894,1610612753",6,2,0.454,0.07,0.07,0.115,0.288,0.045,0.045,203894,Shabazz Napier,0.025,0.045,0.037,0.049,ORL,1610612753,4,0.667
466,23.0,0.0,0.015,5,"203499,1610612751",5,3,0.446,0.12,0.116,0.16,0.371,0.044,0.029,203499,Shane Larkin,0.015,0.004,0.011,0.051,BKN,1610612751,2,0.4
467,23.0,0.0,0.0,5,"1626263,1610612761",2,2,0.426,0.163,0.082,0.354,0.327,0.082,0.054,1626263,Shannon Scott,0.0,0.054,0.0,0.054,TOR,1610612761,0,0.0
468,30.0,0.0,0.004,5,"2733,1610612744",6,3,0.433,0.167,0.111,0.179,0.342,0.026,0.034,2733,Shaun Livingston,0.021,0.017,0.0,0.068,GSW,1610612744,3,0.5
469,25.0,0.008,0.008,5,"203963,1610612754",7,2,0.432,0.156,0.148,0.109,0.342,0.101,0.047,203963,Shayne Whittington,0.016,0.0,0.016,0.093,IND,1610612754,5,0.714
470,26.0,0.0,0.0,5,"202714,1610612762",6,2,0.445,0.085,0.132,0.217,0.33,0.009,0.033,202714,Shelvin Mack,0.014,0.033,0.047,0.066,UTA,1610612762,4,0.667
471,25.0,0.0,0.01,5,"203524,1610612754",3,2,0.404,0.147,0.098,0.186,0.352,0.02,0.059,203524,Solomon Hill,0.088,0.0,0.02,0.098,IND,1610612754,1,0.333
472,29.0,0.0,0.003,5,"201603,1610612755",6,2,0.416,0.184,0.117,0.184,0.381,0.038,0.016,201603,Sonny Weems,0.016,0.032,0.025,0.07,PHI,1610612755,4,0.667
473,23.0,0.006,0.008,5,"203915,1610612765",8,5,0.449,0.122,0.067,0.142,0.295,0.05,0.05,203915,Spencer Dinwiddie,0.022,0.022,0.017,0.039,DET,1610612765,3,0.375
474,28.0,0.017,0.004,5,"201150,1610612766",6,0,0.469,0.083,0.112,0.174,0.339,0.041,0.017,201150,Spencer Hawes,0.0,0.0,0.0,0.058,CHA,1610612766,6,1.0
475,20.0,0.006,0.014,5,"1626169,1610612765",8,5,0.427,0.125,0.092,0.166,0.296,0.045,0.043,1626169,Stanley Johnson,0.025,0.031,0.045,0.09,DET,1610612765,3,0.375
476,31.0,0.0,0.0,5,"202513,1610612741",1,0,0.472,0.0,0.0,1.0,0.0,0.333,0.0,202513,Stefhon Hannah,0.0,0.0,0.0,0.0,CHI,1610612741,1,1.0
477,28.0,0.003,0.0,5,"201939,1610612744",6,3,0.414,0.175,0.116,0.199,0.362,0.047,0.053,201939,Stephen Curry,0.0,0.083,0.047,0.071,GSW,1610612744,3,0.5
478,36.0,0.0,0.0,5,"2581,1610612765",1,0,0.454,0.057,0.151,0.095,0.303,0.038,0.019,2581,Steve Blake,0.0,0.0,0.0,0.038,DET,1610612765,1,1.0
479,33.0,0.01,0.0,5,"200779,1610612749",6,1,0.43,0.163,0.122,0.163,0.346,0.0,0.01,200779,Steve Novak,0.02,0.0,0.0,0.0,MIL,1610612749,5,0.833
480,22.0,0.017,0.01,5,"203500,1610612760",5,1,0.435,0.133,0.112,0.191,0.388,0.048,0.085,203500,Steven Adams,0.065,0.0,0.034,0.129,OKC,1610612760,4,0.8
481,24.0,0.004,0.004,5,"204456,1610612755",5,3,0.4,0.072,0.119,0.17,0.42,0.036,0.036,204456,TJ McConnell,0.0,0.014,0.033,0.065,PHI,1610612755,2,0.4
482,22.0,0.0,0.008,5,"203933,1610612756",6,2,0.405,0.125,0.125,0.147,0.357,0.048,0.035,203933,TJ Warren,0.032,0.101,0.085,0.144,PHX,1610612756,4,0.667
483,31.0,0.035,0.006,5,"201959,1610612741",4,2,0.417,0.1,0.082,0.17,0.247,0.029,0.065,201959,Taj Gibson,0.088,0.023,0.012,0.141,CHI,1610612741,2,0.5
484,25.0,0.039,0.0,5,"204075,1610612760",4,1,0.46,0.137,0.039,0.059,0.234,0.02,0.02,204075,Talib Zanna,0.039,0.117,0.039,0.117,OKC,1610612760,3,0.75
485,24.0,0.01,0.019,5,"204028,1610612747",3,1,0.417,0.068,0.077,0.155,0.31,0.048,0.029,204028,Tarik Black,0.058,0.039,0.077,0.194,LAL,1610612747,2,0.667
486,36.0,0.0,0.005,5,"2419,1610612750",6,4,0.47,0.06,0.076,0.147,0.338,0.027,0.022,2419,Tayshaun Prince,0.0,0.016,0.033,0.033,MIN,1610612750,2,0.333
487,23.0,0.0,0.0,5,"1626189,1610612737",3,0,0.457,0.0,0.085,0.276,0.298,0.085,0.021,1626189,Terran Petteway,0.0,0.0,0.0,0.0,ATL,1610612737,3,1.0
488,24.0,0.008,0.02,5,"203093,1610612745",6,5,0.402,0.079,0.156,0.161,0.402,0.02,0.042,203093,Terrence Jones,0.04,0.045,0.025,0.119,HOU,1610612745,1,0.167
489,25.0,0.018,0.0,5,"203082,1610612761",6,1,0.429,0.089,0.06,0.135,0.262,0.039,0.014,203082,Terrence Ross,0.007,0.018,0.011,0.021,TOR,1610612761,5,0.833
490,26.0,0.048,0.0,5,"202358,1610612756",2,0,0.387,0.095,0.238,0.238,0.286,0.0,0.0,202358,Terrico White,0.0,0.0,0.0,0.0,PHX,1610612756,2,1.0
491,22.0,0.0,0.009,5,"1626179,1610612738",5,0,0.411,0.066,0.075,0.12,0.248,0.027,0.044,1626179,Terry Rozier,0.022,0.04,0.071,0.062,BOS,1610612738,5,1.0
492,32.0,0.023,0.008,5,"200757,1610612737",4,2,0.448,0.147,0.085,0.163,0.31,0.031,0.031,200757,Thabo Sefolosha,0.0,0.0,0.015,0.062,ATL,1610612737,2,0.5
493,28.0,0.0,0.011,5,"201152,1610612751",5,3,0.452,0.125,0.089,0.178,0.35,0.039,0.057,201152,Thaddeus Young,0.014,0.018,0.025,0.171,BKN,1610612751,2,0.4
494,23.0,0.034,0.034,5,"203648,1610612752",3,2,0.442,0.27,0.236,0.0,0.472,0.034,0.034,203648,Thanasis Antetokounmpo,0.0,0.0,0.0,0.0,NYK,1610612752,1,0.333
495,25.0,0.026,0.021,5,"203080,1610612751",4,3,0.441,0.128,0.108,0.211,0.39,0.051,0.036,203080,Thomas Robinson,0.062,0.031,0.031,0.154,BKN,1610612751,1,0.25
496,31.0,0.022,0.011,5,"201168,1610612737",5,1,0.439,0.094,0.183,0.133,0.299,0.05,0.066,201168,Tiago Splitter,0.006,0.022,0.039,0.044,ATL,1610612737,4,0.8
497,26.0,0.007,0.014,5,"202353,1610612762",6,3,0.44,0.108,0.065,0.202,0.317,0.072,0.029,202353,Tibor Pleiss,0.014,0.0,0.0,0.058,UTA,1610612762,3,0.5
498,40.0,0.015,0.01,5,"1495,1610612759",5,3,0.453,0.035,0.197,0.172,0.343,0.02,0.03,1495,Tim Duncan,0.02,0.01,0.03,0.141,SAS,1610612759,2,0.4
499,25.0,0.0,0.0,5,"204025,1610612740",4,2,0.411,0.098,0.112,0.202,0.265,0.077,0.035,204025,Tim Frazier,0.014,0.014,0.014,0.028,NOP,1610612740,2,0.5
500,24.0,0.0,0.01,5,"203501,1610612737",7,3,0.449,0.099,0.112,0.172,0.297,0.03,0.02,203501,Tim Hardaway Jr.,0.007,0.0,0.036,0.02,ATL,1610612737,4,0.571
501,29.0,0.011,0.015,5,"202389,1610612739",5,4,0.472,0.087,0.132,0.204,0.356,0.038,0.076,202389,Timofey Mozgov,0.026,0.015,0.015,0.144,CLE,1610612739,1,0.2
502,23.0,0.008,0.008,5,"202699,1610612765",7,2,0.456,0.118,0.098,0.165,0.286,0.055,0.035,202699,Tobias Harris,0.02,0.043,0.028,0.125,DET,1610612765,5,0.714
503,30.0,0.007,0.015,5,"201962,1610612740",5,1,0.435,0.12,0.135,0.105,0.344,0.052,0.067,201962,Toney Douglas,0.03,0.03,0.045,0.06,NOP,1610612740,4,0.8
504,34.0,0.0,0.012,5,"2754,1610612763",4,0,0.45,0.012,0.159,0.17,0.294,0.065,0.041,2754,Tony Allen,0.0,0.035,0.076,0.082,MEM,1610612763,4,1.0
505,34.0,0.0,0.01,5,"2225,1610612759",4,3,0.45,0.063,0.204,0.17,0.36,0.034,0.054,2225,Tony Parker,0.01,0.039,0.049,0.058,SAS,1610612759,1,0.25
506,24.0,0.004,0.011,5,"203503,1610612741",7,3,0.425,0.08,0.144,0.148,0.292,0.034,0.019,203503,Tony Snell,0.008,0.03,0.032,0.055,CHI,1610612741,4,0.571
507,26.0,0.0,0.0,5,"203315,1610612764",4,1,0.376,0.1,0.174,0.224,0.548,0.062,0.037,203315,Toure Murry,0.0,0.05,0.05,0.075,WAS,1610612764,3,0.75
508,23.0,0.0,0.033,5,"1626275,1610612752",2,2,0.464,0.295,0.098,0.0,0.393,0.066,0.033,1626275,Travis Trice II,0.0,0.066,0.0,0.0,NYK,1610612752,0,0.0
509,31.0,0.0,0.0,5,"201645,1610612748",2,1,0.452,0.131,0.263,0.279,0.361,0.033,0.016,201645,Tre Kelley,0.0,0.0,0.033,0.066,MIA,1610612748,1,0.5
510,22.0,0.0,0.042,5,"1626203,1610612762",2,2,0.38,0.271,0.042,0.146,0.459,0.021,0.042,1626203,Treveon Graham,0.021,0.0,0.021,0.0,UTA,1610612762,0,0.0
511,30.0,0.003,0.003,5,"2772,1610612745",6,4,0.41,0.118,0.113,0.147,0.34,0.018,0.015,2772,Trevor Ariza,0.023,0.072,0.059,0.093,HOU,1610612745,2,0.333
512,28.0,0.008,0.012,5,"202344,1610612762",7,4,0.453,0.172,0.133,0.222,0.374,0.035,0.039,202344,Trevor Booker,0.019,0.019,0.023,0.078,UTA,1610612762,3,0.429
513,23.0,0.0,0.018,5,"203504,1610612762",6,3,0.449,0.152,0.119,0.198,0.348,0.015,0.037,203504,Trey Burke,0.006,0.061,0.091,0.104,UTA,1610612762,3,0.5
514,20.0,0.005,0.005,5,"1626168,1610612762",6,3,0.446,0.154,0.072,0.135,0.337,0.048,0.029,1626168,Trey Lyles,0.01,0.019,0.038,0.106,UTA,1610612762,3,0.5
515,24.0,0.0,0.0,5,"203584,1610612766",3,1,0.453,0.081,0.118,0.096,0.311,0.037,0.022,203584,Troy Daniels,0.015,0.022,0.022,0.015,CHA,1610612766,2,0.667
516,28.0,0.0,0.004,5,"201951,1610612754",5,4,0.409,0.105,0.116,0.167,0.406,0.04,0.043,201951,Ty Lawson,0.007,0.043,0.054,0.065,IND,1610612754,1,0.2
517,30.0,0.01,0.025,5,"201946,1610612766",4,1,0.443,0.039,0.182,0.128,0.384,0.064,0.079,201946,Tyler Hansbrough,0.049,0.0,0.034,0.069,CHA,1610612766,3,0.75
518,24.0,0.003,0.013,5,"204020,1610612748",8,4,0.42,0.097,0.063,0.081,0.225,0.038,0.031,204020,Tyler Johnson,0.025,0.031,0.034,0.075,MIA,1610612748,4,0.5
519,26.0,0.02,0.012,5,"203092,1610612738",7,1,0.424,0.104,0.06,0.104,0.393,0.06,0.048,203092,Tyler Zeller,0.06,0.032,0.048,0.169,BOS,1610612738,6,0.857
520,26.0,0.0,0.009,5,"201936,1610612740",2,1,0.443,0.055,0.147,0.166,0.276,0.037,0.064,201936,Tyreke Evans,0.037,0.083,0.0,0.166,NOP,1610612740,1,0.5
521,33.0,0.014,0.0,5,"2199,1610612756",4,1,0.441,0.199,0.085,0.156,0.426,0.05,0.028,2199,Tyson Chandler,0.043,0.007,0.028,0.071,PHX,1610612756,3,0.75
522,20.0,0.0,0.005,5,"1626145,1610612750",6,4,0.44,0.131,0.235,0.171,0.496,0.027,0.036,1626145,Tyus Jones,0.0,0.009,0.009,0.036,MIN,1610612750,2,0.333
523,36.0,0.007,0.015,5,"2617,1610612748",5,2,0.472,0.14,0.125,0.221,0.368,0.096,0.015,2617,Udonis Haslem,0.0,0.0,0.015,0.044,MIA,1610612748,3,0.6
524,24.0,0.005,0.016,5,"203506,1610612753",8,2,0.455,0.111,0.099,0.158,0.292,0.04,0.028,203506,Victor Oladipo,0.026,0.071,0.068,0.075,ORL,1610612753,6,0.75
525,39.0,0.011,0.0,5,"1713,1610612763",5,1,0.434,0.103,0.172,0.235,0.378,0.074,0.04,1713,Vince Carter,0.017,0.0,0.0,0.023,MEM,1610612763,4,0.8
526,21.0,0.0,0.0,5,"1626205,1610612758",1,0,0.361,0.0,0.581,0.727,0.291,0.0,0.0,1626205,Vincent Hunter,0.0,0.0,0.0,0.0,SAC,1610612758,1,1.0
527,24.0,0.038,0.009,5,"204002,1610612737",6,2,0.437,0.064,0.073,0.243,0.222,0.085,0.055,204002,Walter Tavares,0.047,0.026,0.03,0.128,ATL,1610612737,4,0.667
528,28.0,0.0,0.008,5,"201961,1610612751",5,3,0.446,0.149,0.08,0.209,0.418,0.028,0.032,201961,Wayne Ellington,0.024,0.032,0.064,0.016,BKN,1610612751,2,0.4
529,28.0,0.008,0.0,5,"202325,1610612746",6,3,0.435,0.081,0.128,0.116,0.387,0.046,0.019,202325,Wesley Johnson,0.0,0.008,0.015,0.015,LAC,1610612746,3,0.5
530,29.0,0.0,0.031,5,"202083,1610612742",1,1,0.478,0.123,0.123,0.185,0.308,0.031,0.0,202083,Wesley Matthews,0.0,0.0,0.0,0.062,DAL,1610612742,0,0.0
531,23.0,0.0,0.0,5,"1626201,1610612752",2,2,0.43,0.119,0.179,0.0,0.477,0.06,0.0,1626201,Wesley Saunders,0.0,0.0,0.119,0.119,NYK,1610612752,0,0.0
532,25.0,0.01,0.019,5,"203115,1610612743",7,3,0.433,0.139,0.11,0.129,0.312,0.022,0.044,203115,Will Barton,0.022,0.046,0.039,0.083,DEN,1610612743,4,0.571
533,23.0,0.0,0.01,5,"1626270,1610612745",6,3,0.383,0.061,0.245,0.158,0.419,0.066,0.077,1626270,Will Cummings,0.026,0.02,0.0,0.031,HOU,1610612745,3,0.5
534,22.0,0.026,0.013,5,"1626161,1610612758",6,1,0.45,0.067,0.182,0.16,0.262,0.051,0.029,1626161,Willie Cauley-Stein,0.035,0.01,0.026,0.083,SAC,1610612758,5,0.833
535,26.0,0.0,0.0,5,"203186,1610612751",1,1,0.432,0.0,0.085,0.085,0.0,0.0,0.085,203186,Willie Reed,0.0,0.0,0.0,0.0,BKN,1610612751,0,0.0
536,29.0,0.009,0.009,5,"201163,1610612743",5,2,0.421,0.089,0.145,0.174,0.323,0.032,0.041,201163,Wilson Chandler,0.025,0.013,0.028,0.051,DEN,1610612743,3,0.6
537,33.0,0.0,0.005,5,"200821,1610612763",6,1,0.442,0.088,0.116,0.217,0.24,0.028,0.009,200821,Yakhouba Diawara,0.0,0.0,0.0,0.0,MEM,1610612763,5,0.833
538,24.0,0.0,0.0,5,"1626304,1610612759",3,3,0.44,0.146,0.263,0.176,0.41,0.088,0.132,1626304,Youssou Ndoye,0.0,0.044,0.088,0.029,SAS,1610612759,0,0.0
539,21.0,0.008,0.019,5,"203897,1610612750",7,5,0.454,0.161,0.15,0.136,0.427,0.017,0.033,203897,Zach LaVine,0.011,0.036,0.044,0.033,MIN,1610612750,2,0.286
540,34.0,0.008,0.008,5,"2216,1610612763",5,0,0.479,0.038,0.173,0.173,0.287,0.042,0.038,2216,Zach Randolph,0.03,0.004,0.025,0.051,MEM,1610612763,5,1.0
541,32.0,0.004,0.004,5,"2585,1610612742",6,6,0.428,0.15,0.158,0.18,0.315,0.059,0.055,2585,Zaza Pachulia,0.051,0.015,0.015,0.066,DAL,1610612742,0,0.0
