,AGE,BLK,BLKA,CFID,CFPARAMS,GP,L,MIN,OPP_PTS_2ND_CHANCE,OPP_PTS_FB,OPP_PTS_OFF_TOV,OPP_PTS_PAINT,PF,PFD,PLAYER_ID,PLAYER_NAME,PTS_2ND_CHANCE,PTS_FB,PTS_OFF_TOV,PTS_PAINT,TEAM_ABBREVIATION,TEAM_ID,W,W_PCT
0,31.0,0.004,0.013,5,"201166,1610612741",69,33,0.441,0.114,0.126,0.144,0.379,0.053,0.031,201166,Aaron Brooks,0.006,0.016,0.015,0.073,CHI,1610612741,36,0.522
1,20.0,0.013,0.008,5,"203932,1610612753",78,46,0.438,0.096,0.122,0.143,0.402,0.036,0.034,203932,Aaron Gordon,0.041,0.03,0.035,0.094,ORL,1610612753,32,0.41
2,21.0,0.0,0.0,5,"1626151,1610612766",21,6,0.455,0.097,0.229,0.195,0.429,0.049,0.039,1626151,Aaron Harrison,0.015,0.01,0.005,0.019,CHA,1610612766,15,0.714
3,25.0,0.01,0.007,5,"203940,1610612750",52,34,0.454,0.141,0.152,0.193,0.499,0.072,0.031,203940,Adreian Payne,0.015,0.007,0.019,0.052,MIN,1610612750,18,0.346
4,30.0,0.021,0.006,5,"201143,1610612737",82,34,0.447,0.121,0.106,0.14,0.372,0.028,0.02,201143,Al Horford,0.026,0.019,0.031,0.1,ATL,1610612737,48,0.585
5,31.0,0.017,0.015,5,"2744,1610612766",47,14,0.457,0.108,0.111,0.117,0.399,0.049,0.034,2744,Al Jefferson,0.015,0.006,0.033,0.136,CHA,1610612766,33,0.702
6,25.0,0.01,0.007,5,"202329,1610612757",82,38,0.435,0.114,0.099,0.152,0.399,0.032,0.026,202329,Al-Farouq Aminu,0.022,0.018,0.021,0.051,POR,1610612757,44,0.537
7,33.0,0.002,0.007,5,"101187,1610612764",13,5,0.447,0.086,0.088,0.102,0.288,0.058,0.026,101187,Alan Anderson,0.023,0.021,0.016,0.028,WAS,1610612764,8,0.615
8,23.0,0.028,0.017,5,"1626210,1610612756",10,7,0.378,0.105,0.155,0.111,0.422,0.083,0.067,1626210,Alan Williams,0.055,0.0,0.0,0.1,PHX,1610612756,3,0.3
9,24.0,0.002,0.015,5,"202692,1610612762",31,18,0.448,0.098,0.122,0.133,0.346,0.04,0.061,202692,Alec Burks,0.02,0.029,0.029,0.083,UTA,1610612762,13,0.419
10,23.0,0.014,0.014,5,"203458,1610612756",78,55,0.425,0.115,0.146,0.182,0.376,0.054,0.041,203458,Alex Len,0.033,0.007,0.021,0.093,PHX,1610612756,23,0.295
11,28.0,0.026,0.032,5,"1627293,1610612763",8,6,0.38,0.089,0.205,0.105,0.316,0.063,0.042,1627293,Alex Stepheson,0.074,0.011,0.021,0.084,MEM,1610612763,2,0.25
12,28.0,0.019,0.006,5,"201582,1610612740",59,39,0.447,0.087,0.096,0.129,0.355,0.07,0.035,201582,Alexis Ajinca,0.035,0.003,0.017,0.091,NOP,1610612740,20,0.339
13,24.0,0.003,0.003,5,"203459,1610612757",81,38,0.433,0.115,0.101,0.144,0.359,0.039,0.017,203459,Allen Crabbe,0.022,0.026,0.033,0.035,POR,1610612757,43,0.531
14,29.0,0.004,0.006,5,"202087,1610612740",73,46,0.444,0.12,0.106,0.134,0.416,0.046,0.015,202087,Alonzo Gee,0.012,0.029,0.026,0.059,NOP,1610612740,27,0.37
15,33.0,0.025,0.018,5,"2405,1610612748",52,22,0.461,0.104,0.13,0.146,0.41,0.056,0.045,2405,Amar'e Stoudemire,0.038,0.006,0.028,0.127,MIA,1610612748,30,0.577
16,29.0,0.02,0.006,5,"101161,1610612738",79,34,0.431,0.127,0.09,0.135,0.381,0.051,0.028,101161,Amir Johnson,0.034,0.019,0.026,0.112,BOS,1610612738,45,0.57
17,33.0,0.009,0.004,5,"2760,1610612744",53,12,0.433,0.121,0.106,0.154,0.351,0.061,0.057,2760,Anderson Varejao,0.017,0.005,0.01,0.068,GSW,1610612744,41,0.774
18,22.0,0.018,0.012,5,"203083,1610612765",81,38,0.434,0.094,0.093,0.127,0.403,0.04,0.066,203083,Andre Drummond,0.069,0.015,0.029,0.174,DET,1610612765,43,0.531
19,32.0,0.005,0.002,5,"2738,1610612744",65,6,0.429,0.126,0.127,0.153,0.404,0.025,0.022,2738,Andre Iguodala,0.011,0.029,0.03,0.047,GSW,1610612744,59,0.908
20,40.0,0.0,0.011,5,"1889,1610612759",39,19,0.477,0.121,0.13,0.173,0.374,0.048,0.029,1889,Andre Miller,0.007,0.011,0.03,0.089,SAS,1610612759,20,0.513
21,24.0,0.012,0.005,5,"203460,1610612760",70,22,0.433,0.126,0.106,0.153,0.397,0.037,0.012,203460,Andre Roberson,0.018,0.024,0.018,0.058,OKC,1610612760,48,0.686
22,30.0,0.006,0.01,5,"200745,1610612751",46,35,0.449,0.097,0.111,0.169,0.45,0.043,0.037,200745,Andrea Bargnani,0.026,0.007,0.029,0.068,BKN,1610612751,11,0.239
23,31.0,0.034,0.002,5,"101106,1610612744",70,8,0.438,0.117,0.122,0.147,0.371,0.067,0.022,101106,Andrew Bogut,0.027,0.009,0.013,0.103,GSW,1610612744,62,0.886
24,27.0,0.017,0.0,5,"202726,1610612745",8,3,0.42,0.27,0.11,0.262,0.405,0.034,0.025,202726,Andrew Goudelock,0.017,0.0,0.034,0.068,HOU,1610612745,5,0.625
25,26.0,0.012,0.004,5,"203094,1610612753",56,34,0.453,0.122,0.099,0.132,0.372,0.038,0.034,203094,Andrew Nicholson,0.02,0.006,0.03,0.096,ORL,1610612753,22,0.393
26,21.0,0.007,0.014,5,"203952,1610612750",81,52,0.444,0.12,0.125,0.155,0.425,0.026,0.061,203952,Andrew Wiggins,0.029,0.033,0.043,0.119,MIN,1610612750,29,0.358
27,23.0,0.0,0.01,5,"203461,1610612761",19,7,0.43,0.031,0.148,0.179,0.367,0.041,0.026,203461,Anthony Bennett,0.041,0.0,0.026,0.051,TOR,1610612761,12,0.632
28,23.0,0.004,0.007,5,"1626148,1610612747",29,25,0.438,0.107,0.142,0.13,0.417,0.025,0.013,1626148,Anthony Brown,0.012,0.01,0.015,0.013,LAL,1610612747,4,0.138
29,23.0,0.026,0.011,5,"203076,1610612740",61,37,0.443,0.104,0.113,0.134,0.396,0.03,0.074,203076,Anthony Davis,0.04,0.027,0.042,0.137,NOP,1610612740,24,0.393
30,30.0,0.002,0.004,5,"201627,1610612760",68,22,0.432,0.126,0.123,0.163,0.426,0.03,0.014,201627,Anthony Morrow,0.024,0.013,0.026,0.025,OKC,1610612760,46,0.676
31,31.0,0.005,0.004,5,"201229,1610612765",72,36,0.442,0.095,0.093,0.114,0.398,0.028,0.018,201229,Anthony Tolliver,0.015,0.006,0.019,0.015,DET,1610612765,36,0.5
32,21.0,0.005,0.017,5,"203462,1610612756",57,43,0.423,0.118,0.167,0.188,0.406,0.032,0.06,203462,Archie Goodwin,0.018,0.045,0.033,0.103,PHX,1610612756,14,0.246
33,29.0,0.019,0.009,5,"203382,1610612765",81,38,0.44,0.099,0.098,0.14,0.389,0.054,0.055,203382,Aron Baynes,0.043,0.01,0.025,0.113,DET,1610612765,43,0.531
34,30.0,0.002,0.009,5,"201167,1610612752",71,44,0.458,0.123,0.122,0.139,0.42,0.027,0.024,201167,Arron Afflalo,0.013,0.015,0.018,0.051,NYK,1610612752,27,0.38
35,23.0,0.003,0.01,5,"203085,1610612746",67,25,0.456,0.159,0.126,0.162,0.407,0.043,0.03,203085,Austin Rivers,0.013,0.027,0.035,0.08,LAC,1610612746,42,0.627
36,25.0,0.003,0.007,5,"202340,1610612738",76,31,0.428,0.137,0.095,0.13,0.382,0.028,0.017,202340,Avery Bradley,0.02,0.043,0.047,0.06,BOS,1610612738,45,0.592
37,23.0,0.009,0.001,5,"1626253,1610612743",21,12,0.457,0.133,0.121,0.169,0.449,0.06,0.019,1626253,Axel Toupane,0.003,0.022,0.013,0.027,DEN,1610612743,9,0.429
38,23.0,0.003,0.007,5,"203463,1610612758",68,40,0.42,0.108,0.133,0.176,0.369,0.041,0.026,203463,Ben McLemore,0.018,0.038,0.026,0.058,SAC,1610612758,28,0.412
39,33.0,0.001,0.005,5,"2757,1610612748",44,18,0.468,0.1,0.083,0.145,0.37,0.034,0.026,2757,Beno Udrih,0.009,0.011,0.019,0.045,MIA,1610612748,26,0.591
40,23.0,0.034,0.011,5,"202687,1610612761",82,26,0.461,0.11,0.099,0.138,0.367,0.057,0.046,202687,Bismack Biyombo,0.034,0.005,0.016,0.072,TOR,1610612761,56,0.683
41,27.0,0.006,0.005,5,"201933,1610612746",35,13,0.443,0.111,0.1,0.13,0.372,0.036,0.07,201933,Blake Griffin,0.031,0.037,0.039,0.132,LAC,1610612746,22,0.629
42,27.0,0.021,0.012,5,"1626246,1610612759",54,7,0.46,0.097,0.145,0.162,0.373,0.049,0.074,1626246,Boban Marjanovic,0.091,0.004,0.049,0.161,SAS,1610612759,47,0.87
43,21.0,0.009,0.009,5,"1626171,1610612741",62,33,0.44,0.12,0.125,0.145,0.406,0.04,0.026,1626171,Bobby Portis,0.04,0.019,0.019,0.094,CHI,1610612741,29,0.468
44,27.0,0.001,0.016,5,"202711,1610612751",79,58,0.446,0.109,0.148,0.179,0.463,0.025,0.024,202711,Bojan Bogdanovic,0.016,0.034,0.029,0.064,BKN,1610612751,21,0.266
45,34.0,0.007,0.005,5,"2564,1610612759",76,12,0.453,0.103,0.104,0.139,0.412,0.033,0.029,2564,Boris Diaw,0.014,0.006,0.02,0.104,SAS,1610612759,64,0.842
46,22.0,0.003,0.007,5,"203078,1610612764",55,27,0.433,0.104,0.116,0.147,0.372,0.03,0.035,203078,Bradley Beal,0.018,0.04,0.035,0.088,WAS,1610612764,28,0.509
47,28.0,0.032,0.002,5,"201148,1610612763",12,6,0.456,0.131,0.131,0.185,0.383,0.045,0.054,201148,Brandan Wright,0.032,0.013,0.013,0.133,MEM,1610612763,6,0.5
48,23.0,0.017,0.034,5,"1626183,1610612746",6,1,0.489,0.203,0.372,0.237,0.711,0.034,0.017,1626183,Branden Dawson,0.0,0.051,0.0,0.068,LAC,1610612746,5,0.833
49,31.0,0.018,0.011,5,"101138,1610612747",66,50,0.438,0.126,0.132,0.141,0.443,0.041,0.038,101138,Brandon Bass,0.027,0.021,0.027,0.097,LAL,1610612747,16,0.242
50,26.0,0.003,0.004,5,"201943,1610612753",48,28,0.434,0.092,0.111,0.134,0.38,0.028,0.032,201943,Brandon Jennings,0.009,0.025,0.021,0.038,ORL,1610612753,20,0.417
51,24.0,0.005,0.008,5,"202688,1610612756",52,36,0.426,0.113,0.151,0.175,0.387,0.028,0.046,202688,Brandon Knight,0.013,0.039,0.043,0.075,PHX,1610612756,16,0.308
52,30.0,0.01,0.004,5,"201575,1610612744",72,9,0.442,0.148,0.146,0.168,0.439,0.024,0.008,201575,Brandon Rush,0.009,0.03,0.019,0.029,GSW,1610612744,63,0.875
53,30.0,0.002,0.007,5,"203148,1610612757",51,25,0.442,0.097,0.113,0.13,0.346,0.033,0.046,203148,Brian Roberts,0.026,0.022,0.029,0.051,POR,1610612757,26,0.51
54,23.0,0.007,0.005,5,"1627362,1610612748",7,4,0.399,0.097,0.149,0.147,0.369,0.028,0.019,1627362,Briante Weber,0.009,0.009,0.012,0.033,MIA,1610612748,3,0.429
55,28.0,0.023,0.011,5,"201572,1610612751",73,52,0.449,0.105,0.134,0.166,0.421,0.039,0.061,201572,Brook Lopez,0.045,0.006,0.028,0.163,BKN,1610612751,21,0.288
56,20.0,0.01,0.02,5,"203998,1610612761",6,0,0.437,0.133,0.113,0.133,0.451,0.02,0.0,203998,Bruno Caboclo,0.0,0.0,0.031,0.0,TOR,1610612761,6,1.0
57,23.0,0.0,0.0,5,"203955,1610612763",8,7,0.461,0.202,0.119,0.226,0.548,0.024,0.0,203955,Bryce Cotton,0.0,0.0,0.0,0.024,MEM,1610612763,1,0.125
58,23.0,0.003,0.009,5,"1626214,1610612740",14,6,0.439,0.079,0.102,0.117,0.429,0.027,0.028,1626214,Bryce Dejean-Jones,0.013,0.02,0.009,0.032,NOP,1610612740,8,0.571
59,24.0,0.004,0.014,5,"203468,1610612757",80,36,0.435,0.108,0.1,0.143,0.366,0.029,0.032,203468,CJ McCollum,0.019,0.027,0.039,0.074,POR,1610612757,44,0.55
60,29.0,0.009,0.008,5,"101139,1610612754",64,30,0.434,0.124,0.114,0.152,0.387,0.042,0.031,101139,CJ Miles,0.019,0.036,0.041,0.048,IND,1610612754,34,0.531
61,32.0,0.003,0.002,5,"201228,1610612753",33,19,0.439,0.115,0.109,0.148,0.439,0.033,0.027,201228,CJ Watson,0.003,0.018,0.021,0.024,ORL,1610612753,14,0.424
62,25.0,0.005,0.005,5,"203912,1610612746",23,8,0.455,0.155,0.144,0.134,0.42,0.041,0.035,203912,CJ Wilcox,0.011,0.03,0.033,0.044,LAC,1610612746,15,0.652
63,25.0,0.012,0.021,5,"203946,1610612741",18,14,0.426,0.112,0.154,0.145,0.249,0.079,0.025,203946,Cameron Bairstow,0.008,0.008,0.042,0.058,CHI,1610612741,4,0.222
64,21.0,0.004,0.007,5,"1626166,1610612760",57,13,0.431,0.123,0.135,0.161,0.393,0.049,0.017,1626166,Cameron Payne,0.01,0.019,0.024,0.054,OKC,1610612760,44,0.772
65,32.0,0.007,0.012,5,"201171,1610612755",36,31,0.436,0.136,0.142,0.159,0.44,0.053,0.047,201171,Carl Landry,0.053,0.008,0.027,0.121,PHI,1610612755,5,0.139
66,32.0,0.007,0.014,5,"2546,1610612752",72,40,0.449,0.118,0.123,0.142,0.402,0.032,0.056,2546,Carmelo Anthony,0.034,0.013,0.026,0.069,NYK,1610612752,32,0.444
67,36.0,0.002,0.0,5,"2406,1610612758",17,15,0.426,0.119,0.133,0.172,0.393,0.046,0.022,2406,Caron Butler,0.019,0.015,0.0,0.015,SAC,1610612758,2,0.118
68,27.0,0.005,0.011,5,"202718,1610612742",61,32,0.464,0.126,0.156,0.139,0.408,0.029,0.034,202718,Chandler Parsons,0.018,0.038,0.034,0.091,DAL,1610612742,29,0.475
69,33.0,0.011,0.002,5,"101112,1610612739",70,35,0.46,0.102,0.112,0.148,0.367,0.049,0.025,101112,Channing Frye,0.02,0.004,0.028,0.029,CLE,1610612739,35,0.5
70,33.0,0.0,0.0,5,"101236,1610612745",2,1,0.454,0.19,0.171,0.248,0.571,0.114,0.019,101236,Charles Hayes,0.0,0.0,0.0,0.038,HOU,1610612745,1,0.5
71,31.0,0.01,0.008,5,"101111,1610612742",62,33,0.441,0.105,0.146,0.127,0.395,0.047,0.011,101111,Charlie Villanueva,0.022,0.021,0.027,0.089,DAL,1610612742,29,0.468
72,28.0,0.005,0.006,5,"201978,1610612756",66,37,0.43,0.121,0.121,0.153,0.407,0.029,0.022,201978,Chase Budinger,0.027,0.03,0.024,0.064,PHX,1610612756,29,0.439
73,37.0,0.015,0.007,5,"2365,1610612763",27,16,0.455,0.125,0.131,0.132,0.38,0.033,0.04,2365,Chris Andersen,0.029,0.016,0.018,0.07,MEM,1610612763,11,0.407
74,32.0,0.009,0.008,5,"2547,1610612748",53,24,0.468,0.127,0.093,0.146,0.374,0.027,0.054,2547,Chris Bosh,0.026,0.008,0.035,0.078,MIA,1610612748,29,0.547
75,32.0,0.0,0.006,5,"203142,1610612749",24,14,0.46,0.13,0.112,0.198,0.396,0.05,0.021,203142,Chris Copeland,0.021,0.006,0.021,0.041,MIL,1610612749,10,0.417
76,26.0,0.011,0.008,5,"203187,1610612762",70,32,0.466,0.115,0.098,0.151,0.366,0.054,0.016,203187,Chris Johnson,0.016,0.02,0.025,0.037,UTA,1610612762,38,0.543
77,34.0,0.004,0.008,5,"2549,1610612757",16,5,0.455,0.094,0.098,0.175,0.326,0.061,0.012,2549,Chris Kaman,0.033,0.0,0.02,0.081,POR,1610612757,11,0.688
78,21.0,0.014,0.011,5,"1626191,1610612751",24,17,0.433,0.141,0.137,0.195,0.485,0.047,0.02,1626191,Chris McCullough,0.029,0.014,0.032,0.048,BKN,1610612751,7,0.292
79,31.0,0.002,0.005,5,"101108,1610612746",74,24,0.448,0.111,0.104,0.122,0.371,0.034,0.055,101108,Chris Paul,0.019,0.03,0.049,0.068,LAC,1610612746,50,0.676
80,20.0,0.02,0.029,5,"1626174,1610612755",17,17,0.422,0.186,0.175,0.148,0.431,0.032,0.058,1626174,Christian Wood,0.032,0.02,0.058,0.093,PHI,1610612755,0,0.0
81,25.0,0.009,0.012,5,"203921,1610612752",17,11,0.449,0.111,0.111,0.123,0.368,0.047,0.012,203921,Cleanthony Early,0.012,0.029,0.006,0.035,NYK,1610612752,6,0.353
82,20.0,0.028,0.014,5,"1626146,1610612757",8,5,0.494,0.165,0.11,0.138,0.33,0.014,0.0,1626146,Cliff Alexander,0.055,0.0,0.028,0.11,POR,1610612757,3,0.375
83,22.0,0.027,0.013,5,"203991,1610612745",77,38,0.424,0.123,0.12,0.167,0.38,0.055,0.043,203991,Clint Capela,0.049,0.015,0.026,0.133,HOU,1610612745,39,0.506
84,23.0,0.016,0.015,5,"203469,1610612766",73,31,0.45,0.104,0.111,0.134,0.359,0.052,0.047,203469,Cody Zeller,0.029,0.019,0.027,0.107,CHA,1610612766,42,0.575
85,27.0,0.04,0.01,5,"202332,1610612746",60,19,0.465,0.152,0.122,0.154,0.405,0.081,0.043,202332,Cole Aldrich,0.035,0.003,0.028,0.154,LAC,1610612746,41,0.683
86,30.0,0.005,0.007,5,"201147,1610612745",82,41,0.426,0.138,0.123,0.176,0.388,0.043,0.035,201147,Corey Brewer,0.012,0.051,0.032,0.07,HOU,1610612745,41,0.5
87,25.0,0.008,0.025,5,"203928,1610612756",8,6,0.424,0.102,0.212,0.178,0.44,0.068,0.034,203928,Cory Jefferson,0.051,0.017,0.0,0.135,PHX,1610612756,2,0.25
88,24.0,0.004,0.01,5,"202709,1610612761",80,26,0.456,0.11,0.098,0.119,0.363,0.029,0.036,202709,Cory Joseph,0.008,0.017,0.026,0.073,TOR,1610612761,54,0.675
89,23.0,0.0,0.0,5,"1626262,1610612738",3,3,0.422,0.0,0.145,0.145,0.436,0.0,0.0,1626262,Coty Clarke,0.0,0.0,0.0,0.0,BOS,1610612738,0,0.0
90,30.0,0.006,0.005,5,"201584,1610612766",79,30,0.459,0.111,0.141,0.134,0.391,0.026,0.015,201584,Courtney Lee,0.008,0.025,0.029,0.043,CHA,1610612766,49,0.62
91,23.0,0.018,0.007,5,"1626245,1610612741",31,17,0.435,0.102,0.117,0.147,0.35,0.042,0.03,1626245,Cristiano Felicio,0.027,0.014,0.033,0.081,CHI,1610612741,14,0.452
92,20.0,0.003,0.01,5,"1626156,1610612747",80,63,0.44,0.13,0.17,0.161,0.446,0.028,0.034,1626156,D'Angelo Russell,0.018,0.031,0.025,0.069,LAL,1610612747,17,0.213
93,28.0,0.001,0.012,5,"201571,1610612743",62,27,0.44,0.124,0.127,0.167,0.422,0.032,0.05,201571,D.J. Augustin,0.013,0.025,0.025,0.046,DEN,1610612743,35,0.565
94,35.0,0.022,0.022,5,"2563,1610612739",1,1,0.474,0.168,0.078,0.157,0.268,0.067,0.011,2563,Dahntay Jones,0.045,0.0,0.022,0.045,CLE,1610612739,0,0.0
95,25.0,0.005,0.015,5,"203081,1610612757",75,35,0.432,0.112,0.104,0.148,0.394,0.027,0.062,203081,Damian Lillard,0.025,0.024,0.033,0.086,POR,1610612757,40,0.533
96,21.0,0.009,0.009,5,"203996,1610612749",20,15,0.478,0.113,0.067,0.208,0.471,0.034,0.021,203996,Damien Inglis,0.015,0.031,0.037,0.055,MIL,1610612749,5,0.25
97,30.0,0.002,0.006,5,"204014,1610612750",33,24,0.446,0.108,0.132,0.194,0.405,0.053,0.01,204014,Damjan Rudez,0.021,0.01,0.021,0.026,MIN,1610612750,9,0.273
98,27.0,0.004,0.012,5,"201568,1610612743",53,31,0.433,0.103,0.118,0.147,0.39,0.02,0.079,201568,Danilo Gallinari,0.029,0.028,0.032,0.059,DEN,1610612743,22,0.415
99,29.0,0.014,0.005,5,"201980,1610612759",79,14,0.456,0.099,0.106,0.117,0.362,0.031,0.014,201980,Danny Green,0.016,0.027,0.024,0.03,SAS,1610612759,65,0.823
100,29.0,0.007,0.005,5,"201967,1610612740",80,52,0.447,0.088,0.099,0.141,0.407,0.039,0.014,201967,Dante Cunningham,0.009,0.021,0.019,0.044,NOP,1610612740,28,0.35
101,28.0,0.014,0.006,5,"201589,1610612743",70,44,0.44,0.121,0.125,0.157,0.362,0.054,0.015,201589,Darrell Arthur,0.024,0.013,0.021,0.044,DEN,1610612743,26,0.371
102,28.0,0.001,0.011,5,"201954,1610612758",74,45,0.427,0.121,0.122,0.145,0.386,0.027,0.032,201954,Darren Collison,0.011,0.057,0.046,0.071,SAC,1610612758,29,0.392
103,23.0,0.001,0.005,5,"1626199,1610612765",38,21,0.452,0.117,0.089,0.132,0.366,0.033,0.034,1626199,Darrun Hilliard,0.017,0.009,0.037,0.045,DET,1610612765,17,0.447
104,33.0,0.014,0.02,5,"101135,1610612742",55,28,0.44,0.12,0.127,0.164,0.373,0.056,0.036,101135,David Lee,0.042,0.018,0.031,0.158,DAL,1610612742,27,0.491
105,35.0,0.018,0.009,5,"2561,1610612759",78,15,0.457,0.103,0.11,0.126,0.377,0.046,0.031,2561,David West,0.028,0.006,0.024,0.088,SAS,1610612759,63,0.808
106,27.0,0.031,0.003,5,"201599,1610612746",77,26,0.452,0.12,0.111,0.126,0.376,0.036,0.081,201599,DeAndre Jordan,0.034,0.015,0.023,0.124,LAC,1610612746,51,0.662
107,27.0,0.004,0.008,5,"201971,1610612764",29,17,0.423,0.095,0.097,0.12,0.404,0.103,0.039,201971,DeJuan Blair,0.014,0.019,0.019,0.081,WAS,1610612764,12,0.414
108,26.0,0.003,0.016,5,"201942,1610612761",78,25,0.453,0.111,0.108,0.139,0.384,0.027,0.07,201942,DeMar DeRozan,0.018,0.023,0.039,0.115,TOR,1610612761,53,0.679
109,25.0,0.017,0.022,5,"202326,1610612758",65,36,0.423,0.115,0.128,0.162,0.373,0.044,0.109,202326,DeMarcus Cousins,0.044,0.026,0.042,0.164,SAC,1610612758,29,0.446
110,29.0,0.003,0.01,5,"201960,1610612761",26,10,0.44,0.088,0.119,0.139,0.349,0.035,0.025,201960,DeMarre Carroll,0.025,0.029,0.039,0.058,TOR,1610612761,16,0.615
111,24.0,0.006,0.016,5,"1626153,1610612761",27,8,0.464,0.126,0.085,0.14,0.372,0.014,0.045,1626153,Delon Wright,0.008,0.04,0.014,0.113,TOR,1610612761,19,0.704
112,22.0,0.003,0.019,5,"203471,1610612737",80,33,0.455,0.121,0.098,0.142,0.364,0.039,0.05,203471,Dennis Schroder,0.017,0.024,0.043,0.1,ATL,1610612737,47,0.588
113,32.0,0.003,0.009,5,"101114,1610612742",65,34,0.459,0.124,0.14,0.146,0.389,0.034,0.039,101114,Deron Williams,0.012,0.025,0.031,0.061,DAL,1610612742,31,0.477
114,24.0,0.021,0.015,5,"202324,1610612762",62,32,0.461,0.098,0.121,0.15,0.378,0.035,0.046,202324,Derrick Favors,0.044,0.004,0.026,0.149,UTA,1610612762,30,0.484
115,27.0,0.003,0.016,5,"201565,1610612741",66,34,0.436,0.136,0.125,0.143,0.422,0.017,0.032,201565,Derrick Rose,0.014,0.025,0.026,0.106,CHI,1610612741,32,0.485
116,25.0,0.003,0.012,5,"202682,1610612752",80,48,0.455,0.121,0.126,0.138,0.427,0.022,0.055,202682,Derrick Williams,0.026,0.041,0.036,0.102,NYK,1610612752,32,0.4
117,19.0,0.004,0.013,5,"1626164,1610612756",76,56,0.428,0.124,0.156,0.184,0.392,0.046,0.049,1626164,Devin Booker,0.016,0.045,0.037,0.067,PHX,1610612756,20,0.263
118,33.0,0.005,0.006,5,"2734,1610612742",64,29,0.447,0.128,0.153,0.145,0.372,0.043,0.049,2734,Devin Harris,0.014,0.037,0.034,0.065,DAL,1610612742,35,0.547
119,23.0,0.002,0.005,5,"203906,1610612753",28,16,0.435,0.122,0.091,0.093,0.384,0.044,0.03,203906,Devyn Marble,0.01,0.019,0.012,0.038,ORL,1610612753,12,0.429
120,26.0,0.029,0.009,5,"203473,1610612753",58,37,0.443,0.12,0.107,0.171,0.425,0.068,0.039,203473,Dewayne Dedmon,0.036,0.011,0.03,0.113,ORL,1610612753,21,0.362
121,24.0,0.003,0.007,5,"203079,1610612760",78,25,0.423,0.124,0.119,0.161,0.403,0.028,0.025,203079,Dion Waiters,0.013,0.023,0.026,0.05,OKC,1610612760,53,0.679
122,38.0,0.01,0.003,5,"1717,1610612742",75,37,0.457,0.126,0.147,0.134,0.362,0.031,0.058,1717,Dirk Nowitzki,0.026,0.017,0.037,0.043,DAL,1610612742,38,0.507
123,28.0,0.001,0.008,5,"202388,1610612751",61,48,0.456,0.119,0.133,0.152,0.464,0.025,0.034,202388,Donald Sloan,0.009,0.027,0.019,0.064,BKN,1610612751,13,0.213
124,25.0,0.004,0.007,5,"202700,1610612745",37,18,0.436,0.138,0.167,0.188,0.438,0.055,0.053,202700,Donatas Motiejunas,0.029,0.013,0.026,0.104,HOU,1610612745,19,0.514
125,24.0,0.001,0.008,5,"203926,1610612741",81,40,0.432,0.123,0.13,0.152,0.389,0.03,0.015,203926,Doug McDermott,0.022,0.022,0.027,0.057,CHI,1610612741,41,0.506
126,26.0,0.017,0.008,5,"203110,1610612744",81,8,0.428,0.116,0.127,0.143,0.386,0.037,0.047,203110,Draymond Green,0.021,0.031,0.021,0.088,GSW,1610612744,73,0.901
127,34.0,0.016,0.009,5,"2400,1610612764",30,12,0.436,0.136,0.157,0.131,0.417,0.057,0.027,2400,Drew Gooden,0.039,0.009,0.011,0.051,WAS,1610612764,18,0.6
128,24.0,0.0,0.0,5,"1626251,1610612758",1,1,0.388,0.144,0.192,0.096,0.481,0.032,0.0,1626251,Duje Dukan,0.0,0.0,0.048,0.0,SAC,1610612758,0,0.0
129,30.0,0.022,0.009,5,"2730,1610612745",71,37,0.436,0.128,0.124,0.184,0.387,0.042,0.074,2730,Dwight Howard,0.041,0.014,0.026,0.139,HOU,1610612745,34,0.479
130,24.0,0.011,0.009,5,"203939,1610612742",69,34,0.453,0.117,0.148,0.146,0.399,0.054,0.053,203939,Dwight Powell,0.027,0.015,0.029,0.102,DAL,1610612742,35,0.507
131,34.0,0.008,0.008,5,"2548,1610612748",74,31,0.455,0.125,0.116,0.158,0.418,0.023,0.055,2548,Dwyane Wade,0.031,0.036,0.044,0.145,MIA,1610612748,43,0.581
132,27.0,0.006,0.009,5,"202734,1610612741",59,30,0.442,0.136,0.135,0.152,0.418,0.036,0.014,202734,E'Twaun Moore,0.016,0.02,0.027,0.069,CHI,1610612741,29,0.492
133,27.0,0.019,0.007,5,"202334,1610612757",81,38,0.438,0.116,0.105,0.14,0.343,0.053,0.04,202334,Ed Davis,0.052,0.003,0.012,0.106,POR,1610612757,43,0.531
134,22.0,0.004,0.018,5,"203901,1610612753",73,41,0.435,0.102,0.124,0.145,0.401,0.032,0.034,203901,Elfrid Payton,0.019,0.023,0.025,0.098,ORL,1610612753,32,0.438
135,28.0,0.008,0.01,5,"202407,1610612762",20,11,0.45,0.115,0.107,0.128,0.297,0.086,0.039,202407,Elijah Millsap,0.01,0.016,0.023,0.052,UTA,1610612762,9,0.45
136,27.0,0.0,0.0,5,"202343,1610612763",5,1,0.484,0.075,0.096,0.107,0.321,0.021,0.054,202343,Elliot Williams,0.0,0.0,0.0,0.0,MEM,1610612763,4,0.8
137,37.0,0.016,0.004,5,"1882,1610612755",17,15,0.449,0.124,0.13,0.132,0.407,0.064,0.034,1882,Elton Brand,0.024,0.01,0.02,0.072,PHI,1610612755,2,0.118
138,20.0,0.007,0.017,5,"1626144,1610612743",68,39,0.431,0.102,0.12,0.151,0.383,0.029,0.032,1626144,Emmanuel Mudiay,0.014,0.026,0.026,0.074,DEN,1610612743,29,0.426
139,24.0,0.008,0.02,5,"202683,1610612760",82,27,0.426,0.122,0.114,0.166,0.412,0.041,0.051,202683,Enes Kanter,0.075,0.026,0.036,0.171,OKC,1610612760,55,0.671
140,26.0,0.008,0.01,5,"202339,1610612756",31,19,0.426,0.114,0.137,0.16,0.386,0.03,0.06,202339,Eric Bledsoe,0.017,0.049,0.049,0.095,PHX,1610612756,12,0.387
141,27.0,0.004,0.009,5,"201569,1610612740",45,31,0.447,0.112,0.119,0.143,0.383,0.03,0.034,201569,Eric Gordon,0.015,0.032,0.032,0.053,NOP,1610612740,14,0.311
142,24.0,0.036,0.018,5,"203961,1610612758",8,7,0.426,0.233,0.161,0.125,0.34,0.036,0.027,203961,Eric Moreland,0.0,0.036,0.0,0.054,SAC,1610612758,1,0.125
143,25.0,0.0,0.0,5,"203475,1610612762",9,3,0.457,0.065,0.108,0.152,0.412,0.043,0.022,203475,Erick Green,0.0,0.022,0.022,0.043,UTA,1610612762,6,0.667
144,29.0,0.008,0.009,5,"101141,1610612753",74,39,0.428,0.1,0.112,0.148,0.422,0.039,0.04,101141,Ersan Ilyasova,0.032,0.016,0.025,0.061,ORL,1610612753,35,0.473
145,23.0,0.0,0.012,5,"203095,1610612753",79,46,0.446,0.106,0.129,0.154,0.408,0.037,0.037,203095,Evan Fournier,0.019,0.032,0.043,0.08,ORL,1610612753,33,0.418
146,27.0,0.005,0.008,5,"202323,1610612738",81,34,0.425,0.112,0.093,0.141,0.382,0.026,0.03,202323,Evan Turner,0.013,0.021,0.027,0.077,BOS,1610612738,47,0.58
147,26.0,0.028,0.011,5,"203105,1610612744",46,4,0.427,0.095,0.13,0.156,0.404,0.052,0.061,203105,Festus Ezeli,0.029,0.018,0.016,0.138,GSW,1610612744,42,0.913
148,23.0,0.011,0.013,5,"1626163,1610612766",81,34,0.449,0.106,0.121,0.133,0.366,0.033,0.029,1626163,Frank Kaminsky,0.028,0.009,0.017,0.069,CHA,1610612766,47,0.58
149,30.0,0.004,0.008,5,"202066,1610612764",80,40,0.444,0.103,0.106,0.134,0.364,0.044,0.031,202066,Garrett Temple,0.014,0.043,0.028,0.039,WAS,1610612764,40,0.5
150,21.0,0.003,0.008,5,"203914,1610612743",76,45,0.432,0.105,0.116,0.151,0.399,0.025,0.018,203914,Gary Harris,0.013,0.038,0.033,0.069,DEN,1610612743,31,0.408
151,31.0,0.001,0.006,5,"202390,1610612764",40,22,0.451,0.12,0.123,0.15,0.408,0.031,0.023,202390,Gary Neal,0.012,0.022,0.035,0.055,WAS,1610612764,18,0.45
152,30.0,0.003,0.006,5,"201588,1610612754",74,33,0.446,0.114,0.101,0.143,0.37,0.026,0.034,201588,George Hill,0.017,0.027,0.036,0.048,IND,1610612754,41,0.554
153,30.0,0.006,0.006,5,"101123,1610612748",69,29,0.459,0.123,0.085,0.143,0.389,0.036,0.023,101123,Gerald Green,0.011,0.026,0.025,0.044,MIA,1610612748,40,0.58
154,28.0,0.006,0.006,5,"201945,1610612757",72,33,0.44,0.116,0.1,0.147,0.348,0.027,0.041,201945,Gerald Henderson,0.019,0.02,0.026,0.05,POR,1610612757,39,0.542
155,21.0,0.018,0.01,5,"203507,1610612749",80,48,0.449,0.134,0.118,0.158,0.408,0.041,0.053,203507,Giannis Antetokounmpo,0.026,0.051,0.05,0.133,MIL,1610612749,32,0.4
156,22.0,0.008,0.012,5,"203922,1610612754",45,21,0.44,0.1,0.141,0.149,0.393,0.018,0.03,203922,Glenn Robinson,0.016,0.033,0.042,0.067,IND,1610612754,24,0.533
157,30.0,0.003,0.008,5,"201609,1610612748",72,28,0.448,0.128,0.104,0.139,0.401,0.036,0.035,201609,Goran Dragic,0.013,0.04,0.035,0.098,MIA,1610612748,44,0.611
158,26.0,0.004,0.009,5,"202330,1610612762",80,42,0.458,0.109,0.115,0.151,0.378,0.029,0.06,202330,Gordon Hayward,0.022,0.035,0.051,0.085,UTA,1610612762,38,0.475
159,26.0,0.02,0.01,5,"203476,1610612750",82,53,0.452,0.121,0.122,0.161,0.42,0.045,0.042,203476,Gorgui Dieng,0.028,0.014,0.027,0.087,MIN,1610612750,29,0.354
160,26.0,0.013,0.019,5,"202328,1610612749",79,47,0.45,0.134,0.125,0.159,0.418,0.032,0.049,202328,Greg Monroe,0.05,0.01,0.036,0.169,MIL,1610612749,32,0.405
161,25.0,0.002,0.019,5,"202962,1610612750",18,10,0.444,0.086,0.155,0.197,0.486,0.065,0.032,202962,Greg Smith,0.012,0.005,0.014,0.083,MIN,1610612750,8,0.444
162,29.0,0.0,0.008,5,"202349,1610612749",23,14,0.458,0.121,0.131,0.191,0.438,0.042,0.028,202349,Greivis Vasquez,0.014,0.012,0.02,0.036,MIL,1610612749,9,0.391
163,24.0,0.002,0.008,5,"203084,1610612744",66,7,0.435,0.119,0.12,0.136,0.407,0.029,0.028,203084,Harrison Barnes,0.019,0.026,0.027,0.056,GSW,1610612744,59,0.894
164,27.0,0.057,0.009,5,"202355,1610612748",73,31,0.453,0.134,0.095,0.146,0.402,0.043,0.059,202355,Hassan Whiteside,0.062,0.006,0.025,0.155,MIA,1610612748,42,0.575
165,26.0,0.023,0.002,5,"203156,1610612751",14,12,0.437,0.125,0.146,0.174,0.535,0.061,0.035,203156,Henry Sims,0.027,0.008,0.022,0.07,BKN,1610612751,2,0.143
166,25.0,0.005,0.003,5,"203138,1610612755",77,67,0.435,0.144,0.151,0.184,0.416,0.038,0.018,203138,Hollis Thompson,0.013,0.017,0.021,0.033,PHI,1610612755,10,0.13
167,25.0,0.01,0.009,5,"203546,1610612744",66,7,0.447,0.145,0.172,0.186,0.445,0.045,0.017,203546,Ian Clark,0.026,0.023,0.031,0.066,GSW,1610612744,59,0.894
168,29.0,0.018,0.01,5,"101133,1610612754",71,30,0.444,0.103,0.104,0.146,0.36,0.054,0.042,101133,Ian Mahinmi,0.025,0.01,0.027,0.122,IND,1610612754,41,0.577
169,26.0,0.007,0.006,5,"202697,1610612739",54,15,0.455,0.103,0.106,0.143,0.37,0.041,0.021,202697,Iman Shumpert,0.006,0.017,0.018,0.028,CLE,1610612739,39,0.722
170,25.0,0.003,0.009,5,"203477,1610612755",77,67,0.437,0.136,0.153,0.174,0.417,0.03,0.029,203477,Isaiah Canaan,0.015,0.028,0.035,0.028,PHI,1610612755,10,0.13
171,27.0,0.001,0.017,5,"202738,1610612738",82,34,0.421,0.128,0.092,0.127,0.379,0.027,0.072,202738,Isaiah Thomas,0.023,0.067,0.048,0.111,BOS,1610612738,48,0.585
172,27.0,0.005,0.011,5,"202397,1610612755",77,61,0.437,0.136,0.138,0.161,0.419,0.026,0.033,202397,Ish Smith,0.014,0.032,0.028,0.097,PHI,1610612755,16,0.208
173,24.0,0.0,0.0,5,"1626266,1610612762",2,0,0.482,0.308,0.308,0.308,0.308,0.077,0.0,1626266,J.J. O'Brien,0.0,0.0,0.0,0.0,UTA,1610612762,2,1.0
174,30.0,0.004,0.004,5,"2747,1610612739",77,24,0.448,0.107,0.109,0.142,0.396,0.039,0.019,2747,J.R. Smith,0.023,0.013,0.025,0.032,CLE,1610612739,53,0.688
175,27.0,0.014,0.015,5,"201581,1610612764",35,18,0.43,0.129,0.132,0.146,0.38,0.046,0.062,201581,JJ Hickson,0.044,0.028,0.024,0.148,WAS,1610612764,17,0.486
176,32.0,0.001,0.004,5,"200755,1610612746",75,25,0.448,0.112,0.104,0.117,0.377,0.029,0.041,200755,JJ Redick,0.018,0.03,0.039,0.029,LAC,1610612746,50,0.667
177,23.0,0.013,0.012,5,"203960,1610612743",73,55,0.441,0.119,0.135,0.17,0.403,0.054,0.032,203960,JaKarr Sampson,0.021,0.023,0.026,0.09,DEN,1610612743,18,0.247
178,26.0,0.01,0.014,5,"203210,1610612763",78,39,0.437,0.097,0.127,0.144,0.336,0.057,0.034,203210,JaMychal Green,0.043,0.021,0.034,0.095,MEM,1610612763,39,0.5
179,28.0,0.032,0.012,5,"201580,1610612742",34,19,0.459,0.154,0.145,0.129,0.38,0.061,0.047,201580,JaVale McGee,0.045,0.011,0.03,0.174,DAL,1610612742,15,0.441
180,21.0,0.005,0.014,5,"203953,1610612749",76,44,0.449,0.136,0.126,0.165,0.421,0.029,0.032,203953,Jabari Parker,0.023,0.036,0.041,0.124,MIL,1610612749,32,0.421
181,25.0,0.006,0.004,5,"203109,1610612738",73,30,0.424,0.137,0.086,0.118,0.378,0.036,0.034,203109,Jae Crowder,0.023,0.035,0.044,0.063,BOS,1610612738,43,0.589
182,20.0,0.017,0.019,5,"1626143,1610612755",53,47,0.446,0.128,0.165,0.203,0.42,0.039,0.046,1626143,Jahlil Okafor,0.045,0.014,0.04,0.186,PHI,1610612755,6,0.113
183,36.0,0.003,0.005,5,"2037,1610612746",79,28,0.446,0.138,0.118,0.147,0.377,0.026,0.046,2037,Jamal Crawford,0.016,0.026,0.04,0.056,LAC,1610612746,51,0.646
184,34.0,0.002,0.005,5,"2749,1610612743",39,27,0.443,0.105,0.108,0.141,0.37,0.043,0.023,2749,Jameer Nelson,0.007,0.012,0.016,0.032,DEN,1610612743,12,0.308
185,27.0,0.008,0.006,5,"202341,1610612758",51,32,0.424,0.149,0.135,0.165,0.382,0.032,0.018,202341,James Anderson,0.012,0.019,0.022,0.046,SAC,1610612758,19,0.373
186,25.0,0.007,0.007,5,"203516,1610612740",22,11,0.447,0.129,0.094,0.19,0.392,0.038,0.044,203516,James Ennis,0.037,0.049,0.042,0.071,NOP,1610612740,11,0.5
187,26.0,0.007,0.013,5,"201935,1610612745",82,41,0.431,0.128,0.132,0.173,0.393,0.032,0.077,201935,James Harden,0.023,0.063,0.054,0.095,HOU,1610612745,41,0.5
188,29.0,0.016,0.006,5,"201949,1610612761",57,22,0.458,0.107,0.107,0.133,0.41,0.042,0.027,201949,James Johnson,0.018,0.016,0.023,0.086,TOR,1610612761,35,0.614
189,35.0,0.01,0.003,5,"2592,1610612739",48,15,0.453,0.122,0.085,0.139,0.371,0.049,0.025,2592,James Jones,0.018,0.003,0.022,0.012,CLE,1610612739,33,0.688
190,23.0,0.013,0.025,5,"203949,1610612744",41,4,0.431,0.115,0.173,0.206,0.412,0.064,0.051,203949,James Michael McAdoo,0.049,0.049,0.033,0.135,GSW,1610612744,37,0.902
191,20.0,0.002,0.004,5,"203923,1610612738",29,17,0.443,0.082,0.109,0.111,0.396,0.038,0.007,203923,James Young,0.007,0.009,0.016,0.018,BOS,1610612738,12,0.414
192,25.0,0.002,0.019,5,"203099,1610612749",44,13,0.463,0.109,0.087,0.206,0.392,0.046,0.052,203099,Jared Cunningham,0.024,0.034,0.03,0.05,MIL,1610612749,31,0.705
193,30.0,0.004,0.001,5,"201162,1610612764",81,41,0.443,0.107,0.105,0.14,0.38,0.04,0.023,201162,Jared Dudley,0.015,0.017,0.023,0.022,WAS,1610612764,40,0.494
194,24.0,0.01,0.011,5,"203096,1610612738",81,34,0.425,0.132,0.091,0.126,0.378,0.046,0.036,203096,Jared Sullinger,0.046,0.005,0.02,0.091,BOS,1610612738,47,0.58
195,24.0,0.003,0.009,5,"204067,1610612764",26,13,0.425,0.113,0.139,0.153,0.353,0.014,0.014,204067,Jarell Eddie,0.017,0.017,0.026,0.006,WAS,1610612764,13,0.5
196,22.0,0.008,0.017,5,"1626185,1610612763",27,17,0.425,0.1,0.134,0.15,0.329,0.065,0.047,1626185,Jarell Martin,0.044,0.015,0.02,0.085,MEM,1610612763,10,0.37
197,22.0,0.0,0.0,5,"203950,1610612748",7,6,0.446,0.0,0.216,0.168,0.288,0.024,0.024,203950,Jarnell Stokes,0.048,0.072,0.0,0.144,MIA,1610612748,1,0.143
198,32.0,0.003,0.01,5,"101127,1610612751",32,22,0.436,0.105,0.136,0.165,0.404,0.033,0.035,101127,Jarrett Jack,0.01,0.017,0.022,0.047,BKN,1610612751,10,0.313
199,30.0,0.025,0.008,5,"201160,1610612753",76,43,0.448,0.098,0.114,0.141,0.392,0.062,0.03,201160,Jason Smith,0.021,0.008,0.025,0.045,ORL,1610612753,33,0.434
200,38.0,0.003,0.001,5,"1891,1610612745",72,35,0.428,0.126,0.126,0.175,0.393,0.031,0.011,1891,Jason Terry,0.013,0.021,0.02,0.028,HOU,1610612745,37,0.514
201,29.0,0.019,0.008,5,"201574,1610612761",47,9,0.451,0.122,0.148,0.131,0.413,0.076,0.037,201574,Jason Thompson,0.031,0.009,0.019,0.076,TOR,1610612761,38,0.809
202,29.0,0.013,0.013,5,"201965,1610612746",17,6,0.479,0.22,0.157,0.166,0.512,0.081,0.031,201965,Jeff Ayres,0.036,0.009,0.018,0.063,LAC,1610612746,11,0.647
203,29.0,0.008,0.011,5,"201145,1610612746",80,32,0.461,0.124,0.121,0.135,0.374,0.034,0.037,201145,Jeff Green,0.02,0.029,0.032,0.091,LAC,1610612746,48,0.6
204,28.0,0.005,0.017,5,"201952,1610612737",79,32,0.442,0.126,0.12,0.149,0.39,0.033,0.049,201952,Jeff Teague,0.014,0.04,0.041,0.108,ATL,1610612737,47,0.595
205,26.0,0.038,0.011,5,"203481,1610612762",51,26,0.467,0.109,0.09,0.125,0.364,0.053,0.035,203481,Jeff Withey,0.036,0.007,0.018,0.111,UTA,1610612762,25,0.49
206,22.0,0.027,0.016,5,"203924,1610612755",77,68,0.444,0.137,0.149,0.189,0.418,0.046,0.061,203924,Jerami Grant,0.016,0.026,0.029,0.089,PHI,1610612755,9,0.117
207,28.0,0.016,0.004,5,"202379,1610612742",30,14,0.452,0.115,0.126,0.187,0.349,0.034,0.036,202379,Jeremy Evans,0.023,0.007,0.02,0.072,DAL,1610612742,16,0.533
208,24.0,0.011,0.007,5,"203087,1610612766",66,26,0.448,0.104,0.109,0.124,0.331,0.038,0.031,203087,Jeremy Lamb,0.023,0.026,0.05,0.088,CHA,1610612766,40,0.606
209,27.0,0.009,0.014,5,"202391,1610612766",78,31,0.448,0.107,0.12,0.134,0.362,0.036,0.068,202391,Jeremy Lin,0.014,0.026,0.026,0.073,CHA,1610612766,47,0.603
210,23.0,0.004,0.01,5,"1626170,1610612752",76,47,0.45,0.125,0.101,0.143,0.403,0.035,0.04,1626170,Jerian Grant,0.008,0.024,0.021,0.069,NYK,1610612752,29,0.382
211,27.0,0.003,0.006,5,"201573,1610612749",52,31,0.457,0.134,0.128,0.173,0.417,0.034,0.027,201573,Jerryd Bayless,0.015,0.023,0.027,0.03,MIL,1610612749,21,0.404
212,27.0,0.0,0.0,5,"202690,1610612752",6,5,0.461,0.131,0.0,0.158,0.578,0.053,0.053,202690,Jimmer Fredette,0.0,0.053,0.158,0.053,NYK,1610612752,1,0.167
213,26.0,0.008,0.01,5,"202710,1610612741",67,30,0.441,0.134,0.122,0.138,0.399,0.022,0.066,202710,Jimmy Butler,0.028,0.031,0.039,0.095,CHI,1610612741,37,0.552
214,31.0,0.02,0.011,5,"201149,1610612741",29,14,0.431,0.124,0.107,0.144,0.354,0.052,0.029,201149,Joakim Noah,0.033,0.005,0.015,0.065,CHI,1610612741,15,0.517
215,28.0,0.0,0.021,5,"201975,1610612765",3,0,0.464,0.107,0.075,0.16,0.406,0.021,0.021,201975,Jodie Meeks,0.053,0.032,0.053,0.043,DET,1610612765,3,1.0
216,24.0,0.0,0.0,5,"203925,1610612739",5,0,0.428,0.142,0.198,0.283,0.793,0.028,0.0,203925,Joe Harris,0.0,0.0,0.0,0.0,CLE,1610612739,5,1.0
217,28.0,0.001,0.003,5,"204060,1610612762",81,41,0.454,0.105,0.106,0.159,0.372,0.036,0.016,204060,Joe Ingles,0.003,0.012,0.02,0.021,UTA,1610612762,40,0.494
218,34.0,0.001,0.005,5,"2207,1610612748",81,50,0.451,0.117,0.128,0.156,0.425,0.024,0.023,2207,Joe Johnson,0.014,0.011,0.024,0.055,MIA,1610612748,31,0.383
219,24.0,0.0,0.007,5,"1626202,1610612754",41,22,0.433,0.118,0.112,0.135,0.413,0.034,0.029,1626202,Joe Young,0.01,0.028,0.034,0.061,IND,1610612754,19,0.463
220,33.0,0.057,0.005,5,"201202,1610612765",19,7,0.456,0.129,0.043,0.148,0.353,0.071,0.029,201202,Joel Anthony,0.029,0.005,0.01,0.038,DET,1610612765,12,0.632
221,24.0,0.006,0.014,5,"203530,1610612743",59,35,0.447,0.126,0.138,0.17,0.449,0.049,0.028,203530,Joffrey Lauvergne,0.032,0.014,0.018,0.125,DEN,1610612743,24,0.407
222,25.0,0.051,0.006,5,"203089,1610612749",57,35,0.453,0.124,0.115,0.183,0.379,0.062,0.04,203089,John Henson,0.04,0.009,0.031,0.147,MIL,1610612749,22,0.386
223,25.0,0.001,0.005,5,"203098,1610612756",43,25,0.423,0.122,0.164,0.159,0.439,0.019,0.02,203098,John Jenkins,0.017,0.018,0.015,0.046,PHX,1610612756,18,0.419
224,25.0,0.009,0.011,5,"202322,1610612764",77,40,0.435,0.109,0.11,0.142,0.366,0.025,0.046,202322,John Wall,0.017,0.059,0.047,0.084,WAS,1610612764,37,0.481
225,23.0,0.004,0.01,5,"203948,1610612749",66,39,0.462,0.122,0.115,0.168,0.427,0.054,0.021,203948,Johnny O'Bryant,0.02,0.009,0.021,0.051,MIL,1610612749,27,0.409
226,27.0,0.01,0.01,5,"202720,1610612756",67,45,0.426,0.111,0.139,0.174,0.393,0.042,0.032,202720,Jon Leuer,0.026,0.02,0.029,0.094,PHX,1610612756,22,0.328
227,29.0,0.009,0.008,5,"201973,1610612738",78,31,0.43,0.121,0.104,0.141,0.383,0.05,0.026,201973,Jonas Jerebko,0.015,0.01,0.021,0.046,BOS,1610612738,47,0.603
228,24.0,0.023,0.014,5,"202685,1610612761",60,20,0.451,0.104,0.111,0.135,0.392,0.046,0.054,202685,Jonas Valanciunas,0.058,0.004,0.029,0.152,TOR,1610612761,40,0.667
229,26.0,0.003,0.014,5,"203613,1610612759",55,8,0.46,0.121,0.128,0.158,0.436,0.058,0.051,203613,Jonathon Simmons,0.017,0.042,0.031,0.105,SAS,1610612759,47,0.855
230,21.0,0.0,0.0,5,"203919,1610612763",2,2,0.411,0.056,0.14,0.14,0.336,0.056,0.056,203919,Jordan Adams,0.0,0.028,0.112,0.056,MEM,1610612763,0,0.0
231,24.0,0.001,0.015,5,"203903,1610612747",79,62,0.439,0.135,0.156,0.149,0.448,0.029,0.032,203903,Jordan Clarkson,0.021,0.028,0.028,0.089,LAL,1610612747,17,0.215
232,29.0,0.003,0.01,5,"200770,1610612763",12,10,0.433,0.11,0.162,0.14,0.407,0.033,0.025,200770,Jordan Farmar,0.018,0.033,0.039,0.039,MEM,1610612763,2,0.167
233,25.0,0.004,0.007,5,"202706,1610612740",11,7,0.444,0.124,0.117,0.155,0.386,0.035,0.026,202706,Jordan Hamilton,0.026,0.032,0.016,0.079,NOP,1610612740,4,0.364
234,28.0,0.011,0.009,5,"201941,1610612754",73,33,0.443,0.13,0.123,0.153,0.387,0.045,0.027,201941,Jordan Hill,0.045,0.003,0.022,0.12,IND,1610612754,40,0.548
235,25.0,0.002,0.019,5,"203895,1610612739",22,12,0.471,0.142,0.079,0.134,0.327,0.041,0.055,203895,Jordan McRae,0.019,0.041,0.019,0.072,CLE,1610612739,10,0.455
236,21.0,0.083,0.038,5,"1626175,1610612738",16,7,0.433,0.068,0.144,0.129,0.424,0.038,0.053,1626175,Jordan Mickey,0.091,0.0,0.015,0.121,BOS,1610612738,9,0.563
237,27.0,0.0,0.0,5,"203268,1610612766",12,3,0.449,0.128,0.177,0.177,0.439,0.021,0.071,203268,Jorge Gutierrez,0.0,0.0,0.021,0.057,CHA,1610612766,9,0.75
238,34.0,0.002,0.002,5,"101181,1610612752",72,43,0.454,0.116,0.133,0.154,0.408,0.03,0.017,101181,Jose Calderon,0.008,0.009,0.02,0.017,NYK,1610612752,29,0.403
239,32.0,0.001,0.012,5,"200826,1610612742",74,36,0.452,0.136,0.161,0.134,0.378,0.03,0.035,200826,Jose Juan Barea,0.018,0.022,0.039,0.087,DAL,1610612742,38,0.514
240,24.0,0.016,0.0,5,"203962,1610612760",5,3,0.433,0.11,0.102,0.142,0.378,0.024,0.016,203962,Josh Huestis,0.0,0.0,0.0,0.016,OKC,1610612760,2,0.4
241,29.0,0.005,0.006,5,"201177,1610612748",42,15,0.467,0.119,0.093,0.14,0.379,0.053,0.027,201177,Josh McRoberts,0.011,0.005,0.014,0.052,MIA,1610612748,27,0.643
242,22.0,0.01,0.008,5,"1626196,1610612748",52,23,0.454,0.125,0.1,0.16,0.38,0.044,0.025,1626196,Josh Richardson,0.01,0.014,0.014,0.039,MIA,1610612748,29,0.558
243,30.0,0.023,0.007,5,"2746,1610612745",55,24,0.436,0.122,0.126,0.168,0.383,0.058,0.032,2746,Josh Smith,0.017,0.019,0.026,0.075,HOU,1610612745,31,0.564
244,26.0,0.005,0.012,5,"201950,1610612740",65,38,0.439,0.103,0.095,0.127,0.374,0.036,0.044,201950,Jrue Holiday,0.017,0.027,0.033,0.114,NOP,1610612740,27,0.415
245,21.0,0.006,0.016,5,"203944,1610612747",81,64,0.439,0.132,0.178,0.158,0.451,0.046,0.041,203944,Julius Randle,0.037,0.029,0.033,0.119,LAL,1610612747,17,0.21
246,22.0,0.017,0.008,5,"1626147,1610612742",55,27,0.449,0.106,0.152,0.13,0.347,0.031,0.024,1626147,Justin Anderson,0.01,0.036,0.04,0.054,DAL,1610612742,28,0.509
247,26.0,0.0,0.0,5,"202712,1610612765",5,1,0.482,0.096,0.165,0.233,0.439,0.041,0.014,202712,Justin Harper,0.0,0.0,0.0,0.0,DET,1610612765,4,0.8
248,27.0,0.011,0.012,5,"203200,1610612741",53,25,0.447,0.113,0.14,0.168,0.395,0.035,0.027,203200,Justin Holiday,0.009,0.023,0.02,0.039,CHI,1610612741,28,0.528
249,20.0,0.005,0.009,5,"1626159,1610612748",78,32,0.456,0.113,0.091,0.15,0.379,0.038,0.019,1626159,Justise Winslow,0.014,0.024,0.017,0.055,MIA,1610612748,46,0.59
250,21.0,0.035,0.021,5,"203994,1610612743",32,18,0.437,0.126,0.122,0.139,0.394,0.073,0.074,203994,Jusuf Nurkic,0.042,0.007,0.029,0.145,DEN,1610612743,14,0.438
251,23.0,0.011,0.006,5,"203909,1610612745",37,20,0.432,0.132,0.108,0.134,0.323,0.055,0.039,203909,KJ McDaniels,0.029,0.05,0.037,0.073,HOU,1610612745,17,0.459
252,20.0,0.023,0.012,5,"1626157,1610612750",82,53,0.445,0.126,0.127,0.157,0.423,0.042,0.041,1626157,Karl-Anthony Towns,0.049,0.015,0.039,0.136,MIN,1610612750,29,0.354
253,24.0,0.014,0.006,5,"202695,1610612759",72,12,0.457,0.095,0.119,0.116,0.373,0.026,0.054,202695,Kawhi Leonard,0.022,0.036,0.047,0.098,SAS,1610612759,60,0.833
254,24.0,0.0,0.0,5,"203951,1610612753",5,5,0.455,0.017,0.102,0.152,0.305,0.085,0.034,203951,Keith Appling,0.0,0.034,0.034,0.068,ORL,1610612753,0,0.0
255,25.0,0.01,0.01,5,"203482,1610612738",69,29,0.421,0.122,0.095,0.119,0.362,0.049,0.036,203482,Kelly Olynyk,0.026,0.026,0.034,0.089,BOS,1610612738,40,0.58
256,20.0,0.005,0.013,5,"1626162,1610612764",63,32,0.436,0.119,0.146,0.12,0.367,0.065,0.033,1626162,Kelly Oubre,0.021,0.025,0.025,0.079,WAS,1610612764,31,0.492
257,26.0,0.006,0.016,5,"202689,1610612766",81,34,0.451,0.109,0.106,0.124,0.376,0.017,0.054,202689,Kemba Walker,0.025,0.04,0.044,0.082,CHA,1610612766,47,0.58
258,24.0,0.002,0.005,5,"203088,1610612755",30,27,0.434,0.15,0.152,0.186,0.406,0.033,0.023,203088,Kendall Marshall,0.0,0.003,0.01,0.037,PHI,1610612755,3,0.1
259,31.0,0.009,0.006,5,"2570,1610612740",37,24,0.451,0.113,0.125,0.166,0.405,0.053,0.022,2570,Kendrick Perkins,0.011,0.002,0.004,0.06,NOP,1610612740,13,0.351
260,26.0,0.015,0.015,5,"202702,1610612743",67,41,0.43,0.098,0.117,0.152,0.395,0.043,0.053,202702,Kenneth Faried,0.054,0.033,0.031,0.167,DEN,1610612743,26,0.388
261,26.0,0.008,0.008,5,"203145,1610612737",75,31,0.446,0.133,0.12,0.148,0.381,0.038,0.037,203145,Kent Bazemore,0.018,0.043,0.037,0.079,ATL,1610612737,44,0.587
262,23.0,0.003,0.005,5,"203484,1610612765",76,35,0.43,0.098,0.087,0.126,0.402,0.026,0.029,203484,Kentavious Caldwell-Pope,0.015,0.038,0.035,0.059,DET,1610612765,41,0.539
263,27.0,0.014,0.006,5,"201142,1610612760",72,20,0.424,0.128,0.119,0.153,0.398,0.023,0.054,201142,Kevin Durant,0.026,0.055,0.035,0.104,OKC,1610612760,52,0.722
264,40.0,0.008,0.002,5,"708,1610612750",38,24,0.464,0.117,0.079,0.112,0.391,0.058,0.022,708,Kevin Garnett,0.005,0.007,0.01,0.037,MIN,1610612750,14,0.368
265,27.0,0.008,0.01,5,"201567,1610612739",77,24,0.452,0.104,0.115,0.146,0.394,0.03,0.052,201567,Kevin Love,0.034,0.014,0.032,0.065,CLE,1610612739,53,0.688
266,33.0,0.001,0.009,5,"2755,1610612759",55,31,0.444,0.118,0.133,0.168,0.399,0.034,0.043,2755,Kevin Martin,0.012,0.037,0.029,0.05,SAS,1610612759,24,0.436
267,26.0,0.031,0.01,5,"202338,1610612752",48,33,0.455,0.121,0.117,0.162,0.381,0.058,0.017,202338,Kevin Seraphin,0.017,0.01,0.021,0.088,NYK,1610612752,15,0.313
268,20.0,0.0,0.019,5,"1626172,1610612744",5,1,0.398,0.135,0.309,0.232,0.425,0.039,0.0,1626172,Kevon Looney,0.077,0.0,0.0,0.077,GSW,1610612744,4,0.8
269,24.0,0.003,0.007,5,"203114,1610612749",79,46,0.447,0.135,0.118,0.155,0.406,0.032,0.039,203114,Khris Middleton,0.013,0.031,0.042,0.055,MIL,1610612749,33,0.418
270,35.0,0.001,0.004,5,"2550,1610612737",46,20,0.444,0.133,0.102,0.142,0.38,0.045,0.023,2550,Kirk Hinrich,0.004,0.023,0.02,0.023,ATL,1610612737,26,0.565
271,26.0,0.008,0.007,5,"202691,1610612744",80,9,0.433,0.122,0.127,0.151,0.407,0.025,0.027,202691,Klay Thompson,0.026,0.053,0.04,0.081,GSW,1610612744,71,0.888
272,37.0,0.003,0.008,5,"977,1610612747",66,53,0.435,0.145,0.173,0.155,0.456,0.027,0.041,977,Kobe Bryant,0.023,0.025,0.033,0.061,LAL,1610612747,13,0.197
273,27.0,0.02,0.009,5,"201585,1610612758",78,46,0.427,0.11,0.131,0.169,0.377,0.053,0.027,201585,Kosta Koufos,0.039,0.009,0.019,0.131,SAC,1610612758,32,0.41
274,25.0,0.008,0.012,5,"203123,1610612743",26,18,0.459,0.125,0.114,0.181,0.356,0.037,0.027,203123,Kostas Papanikolaou,0.009,0.012,0.022,0.034,DEN,1610612743,8,0.308
275,31.0,0.012,0.009,5,"2743,1610612737",53,24,0.434,0.11,0.133,0.14,0.401,0.049,0.04,2743,Kris Humphries,0.025,0.024,0.034,0.057,ATL,1610612737,29,0.547
276,20.0,0.03,0.006,5,"204001,1610612752",72,44,0.451,0.114,0.107,0.139,0.392,0.045,0.049,204001,Kristaps Porzingis,0.041,0.009,0.023,0.075,NYK,1610612752,28,0.389
277,22.0,0.011,0.006,5,"203937,1610612759",78,14,0.468,0.108,0.116,0.131,0.399,0.036,0.03,203937,Kyle Anderson,0.006,0.015,0.024,0.054,SAS,1610612759,64,0.821
278,35.0,0.006,0.002,5,"2594,1610612737",80,34,0.44,0.119,0.112,0.143,0.372,0.03,0.012,2594,Kyle Korver,0.016,0.019,0.021,0.01,ATL,1610612737,46,0.575
279,30.0,0.005,0.012,5,"200768,1610612761",77,23,0.452,0.11,0.098,0.135,0.372,0.033,0.069,200768,Kyle Lowry,0.026,0.045,0.045,0.07,TOR,1610612761,54,0.701
280,26.0,0.029,0.011,5,"203124,1610612752",65,39,0.452,0.138,0.129,0.144,0.39,0.063,0.034,203124,Kyle O'Quinn,0.038,0.009,0.024,0.085,NYK,1610612752,26,0.4
281,28.0,0.004,0.006,5,"202713,1610612760",68,25,0.42,0.117,0.126,0.17,0.401,0.052,0.018,202713,Kyle Singler,0.016,0.016,0.015,0.04,OKC,1610612760,43,0.632
282,24.0,0.005,0.015,5,"202681,1610612739",53,16,0.449,0.103,0.118,0.134,0.419,0.029,0.041,202681,Kyrie Irving,0.025,0.033,0.04,0.1,CLE,1610612739,37,0.698
283,30.0,0.016,0.008,5,"200746,1610612759",74,13,0.46,0.099,0.117,0.118,0.379,0.031,0.049,200746,LaMarcus Aldridge,0.046,0.014,0.041,0.125,SAS,1610612759,61,0.824
284,24.0,0.002,0.006,5,"203934,1610612737",35,12,0.441,0.092,0.123,0.127,0.4,0.05,0.026,203934,Lamar Patterson,0.007,0.023,0.025,0.031,ATL,1610612737,23,0.657
285,25.0,0.003,0.01,5,"202362,1610612763",69,33,0.442,0.119,0.125,0.152,0.379,0.043,0.03,202362,Lance Stephenson,0.02,0.024,0.035,0.096,MEM,1610612763,36,0.522
286,28.0,0.002,0.008,5,"202498,1610612752",59,34,0.459,0.125,0.126,0.166,0.432,0.038,0.038,202498,Lance Thomas,0.017,0.013,0.022,0.052,NYK,1610612752,25,0.424
287,24.0,0.005,0.005,5,"204038,1610612752",82,50,0.45,0.118,0.11,0.137,0.391,0.039,0.019,204038,Langston Galloway,0.011,0.029,0.023,0.048,NYK,1610612752,32,0.39
288,23.0,0.008,0.007,5,"1626204,1610612747",63,49,0.442,0.119,0.128,0.15,0.41,0.043,0.02,1626204,Larry Nance Jr.,0.026,0.021,0.023,0.082,LAL,1610612747,14,0.222
289,27.0,0.012,0.006,5,"202730,1610612754",79,36,0.444,0.116,0.113,0.146,0.353,0.041,0.02,202730,Lavoy Allen,0.036,0.004,0.022,0.082,IND,1610612754,43,0.544
290,31.0,0.008,0.011,5,"2544,1610612739",76,20,0.448,0.104,0.106,0.142,0.377,0.024,0.068,2544,LeBron James,0.03,0.068,0.067,0.176,CLE,1610612739,56,0.737
291,33.0,0.004,0.008,5,"2571,1610612744",68,8,0.429,0.125,0.129,0.138,0.392,0.042,0.026,2571,Leandro Barbosa,0.015,0.05,0.037,0.078,GSW,1610612744,60,0.882
292,25.0,0.007,0.0,5,"203485,1610612765",8,7,0.443,0.058,0.168,0.255,0.393,0.029,0.022,203485,Lorenzo Brown,0.029,0.022,0.051,0.058,DET,1610612765,1,0.125
293,33.0,0.015,0.007,5,"200811,1610612752",29,18,0.447,0.116,0.105,0.116,0.324,0.096,0.048,200811,Lou Amundson,0.033,0.011,0.011,0.079,NYK,1610612752,11,0.379
294,29.0,0.004,0.009,5,"101150,1610612747",67,53,0.438,0.138,0.149,0.151,0.443,0.025,0.059,101150,Lou Williams,0.022,0.035,0.031,0.046,LAL,1610612747,14,0.209
295,29.0,0.007,0.012,5,"201601,1610612746",75,26,0.466,0.114,0.11,0.127,0.378,0.037,0.017,201601,Luc Mbah a Moute,0.01,0.019,0.013,0.052,LAC,1610612746,49,0.653
296,23.0,0.024,0.006,5,"203512,1610612761",29,12,0.457,0.138,0.081,0.079,0.407,0.059,0.022,203512,Lucas Nogueira,0.012,0.016,0.022,0.11,TOR,1610612761,17,0.586
297,23.0,0.0,0.021,5,"1626242,1610612757",12,6,0.451,0.14,0.086,0.215,0.193,0.011,0.032,1626242,Luis Montero,0.0,0.011,0.043,0.043,POR,1610612757,6,0.5
298,36.0,0.007,0.01,5,"2449,1610612761",76,26,0.45,0.104,0.117,0.154,0.397,0.049,0.029,2449,Luis Scola,0.024,0.021,0.039,0.091,TOR,1610612761,50,0.658
299,27.0,0.004,0.013,5,"202337,1610612740",47,31,0.436,0.097,0.125,0.143,0.393,0.046,0.025,202337,Luke Babbitt,0.02,0.01,0.019,0.064,NOP,1610612740,16,0.34
300,31.0,0.005,0.006,5,"2736,1610612748",74,29,0.45,0.115,0.114,0.141,0.411,0.023,0.031,2736,Luol Deng,0.024,0.025,0.028,0.075,MIA,1610612748,45,0.608
301,38.0,0.004,0.009,5,"1938,1610612759",58,11,0.449,0.104,0.108,0.139,0.383,0.039,0.055,1938,Manu Ginobili,0.027,0.02,0.036,0.074,SAS,1610612759,47,0.81
302,31.0,0.018,0.006,5,"201188,1610612763",52,22,0.459,0.109,0.144,0.141,0.355,0.036,0.059,201188,Marc Gasol,0.018,0.006,0.03,0.094,MEM,1610612763,30,0.577
303,33.0,0.004,0.007,5,"1626273,1610612747",53,45,0.445,0.113,0.139,0.139,0.391,0.039,0.017,1626273,Marcelo Huertas,0.007,0.01,0.014,0.058,LAL,1610612747,8,0.151
304,32.0,0.018,0.01,5,"101162,1610612764",75,40,0.434,0.111,0.114,0.145,0.363,0.037,0.041,101162,Marcin Gortat,0.031,0.013,0.024,0.14,WAS,1610612764,35,0.467
305,30.0,0.001,0.002,5,"201158,1610612758",68,41,0.428,0.117,0.128,0.162,0.407,0.023,0.033,201158,Marco Belinelli,0.01,0.027,0.033,0.024,SAC,1610612758,27,0.397
306,26.0,0.004,0.004,5,"202694,1610612765",80,38,0.437,0.094,0.097,0.129,0.405,0.026,0.04,202694,Marcus Morris,0.017,0.016,0.029,0.043,DET,1610612765,42,0.525
307,22.0,0.005,0.01,5,"203935,1610612738",61,25,0.42,0.126,0.093,0.129,0.367,0.046,0.047,203935,Marcus Smart,0.025,0.018,0.025,0.056,BOS,1610612738,36,0.59
308,29.0,0.002,0.008,5,"201977,1610612764",61,29,0.424,0.132,0.145,0.157,0.416,0.034,0.022,201977,Marcus Thornton,0.031,0.031,0.035,0.068,WAS,1610612764,32,0.525
309,30.0,0.004,0.009,5,"201596,1610612763",61,23,0.447,0.123,0.124,0.144,0.34,0.059,0.078,201596,Mario Chalmers,0.017,0.034,0.04,0.072,MEM,1610612763,38,0.623
310,21.0,0.005,0.005,5,"1626209,1610612753",79,46,0.444,0.096,0.106,0.137,0.405,0.039,0.018,1626209,Mario Hezonja,0.013,0.024,0.032,0.044,ORL,1610612753,33,0.418
311,24.0,0.007,0.004,5,"203900,1610612751",62,50,0.441,0.127,0.12,0.174,0.44,0.042,0.039,203900,Markel Brown,0.02,0.031,0.029,0.052,BKN,1610612751,12,0.194
312,26.0,0.009,0.011,5,"202693,1610612764",64,42,0.432,0.1,0.133,0.163,0.361,0.049,0.035,202693,Markieff Morris,0.025,0.011,0.026,0.081,WAS,1610612764,22,0.344
313,28.0,0.018,0.016,5,"201578,1610612744",72,8,0.44,0.142,0.135,0.147,0.435,0.062,0.06,201578,Marreese Speights,0.034,0.02,0.031,0.088,GSW,1610612744,64,0.889
314,30.0,0.015,0.005,5,"101107,1610612766",81,34,0.452,0.106,0.109,0.126,0.375,0.026,0.025,101107,Marvin Williams,0.03,0.009,0.024,0.053,CHA,1610612766,47,0.58
315,26.0,0.018,0.014,5,"203486,1610612757",82,38,0.44,0.11,0.098,0.159,0.403,0.053,0.057,203486,Mason Plumlee,0.028,0.02,0.031,0.108,POR,1610612757,44,0.537
316,36.0,0.012,0.007,5,"2440,1610612763",76,38,0.444,0.108,0.14,0.133,0.353,0.047,0.021,2440,Matt Barnes,0.016,0.033,0.027,0.053,MEM,1610612763,38,0.5
317,36.0,0.002,0.005,5,"2588,1610612759",30,5,0.487,0.123,0.156,0.159,0.393,0.038,0.012,2588,Matt Bonner,0.007,0.005,0.028,0.033,SAS,1610612759,25,0.833
318,25.0,0.002,0.005,5,"203521,1610612739",76,22,0.453,0.101,0.093,0.141,0.35,0.043,0.022,203521,Matthew Dellavedova,0.013,0.008,0.02,0.036,CLE,1610612739,54,0.711
319,23.0,0.01,0.009,5,"203090,1610612757",78,38,0.433,0.123,0.098,0.148,0.361,0.037,0.022,203090,Maurice Harkless,0.032,0.026,0.026,0.09,POR,1610612757,40,0.513
320,36.0,0.008,0.011,5,"1897,1610612747",35,29,0.448,0.106,0.134,0.146,0.381,0.051,0.032,1897,Metta World Peace,0.02,0.008,0.027,0.032,LAL,1610612747,6,0.171
321,24.0,0.006,0.003,5,"203086,1610612757",61,28,0.441,0.107,0.1,0.149,0.336,0.061,0.02,203086,Meyers Leonard,0.014,0.011,0.014,0.034,POR,1610612757,33,0.541
322,27.0,0.01,0.015,5,"201563,1610612745",20,10,0.42,0.145,0.123,0.179,0.373,0.045,0.037,201563,Michael Beasley,0.044,0.029,0.046,0.164,HOU,1610612745,10,0.5
323,24.0,0.011,0.012,5,"203487,1610612749",54,33,0.445,0.128,0.12,0.168,0.38,0.044,0.047,203487,Michael Carter-Williams,0.009,0.023,0.027,0.099,MIL,1610612749,21,0.389
324,22.0,0.007,0.018,5,"203077,1610612766",7,2,0.449,0.068,0.138,0.118,0.368,0.02,0.048,203077,Michael Kidd-Gilchrist,0.029,0.066,0.026,0.114,CHA,1610612766,5,0.714
325,28.0,0.004,0.009,5,"201144,1610612763",56,23,0.462,0.11,0.134,0.126,0.363,0.026,0.048,201144,Mike Conley,0.015,0.026,0.04,0.081,MEM,1610612763,33,0.589
326,35.0,0.006,0.007,5,"2399,1610612741",31,18,0.441,0.13,0.116,0.14,0.418,0.041,0.021,2399,Mike Dunleavy,0.017,0.022,0.018,0.04,CHI,1610612741,13,0.419
327,36.0,0.005,0.003,5,"2034,1610612743",47,26,0.435,0.126,0.103,0.143,0.387,0.062,0.007,2034,Mike Miller,0.013,0.01,0.014,0.005,DEN,1610612743,21,0.447
328,24.0,0.022,0.002,5,"203488,1610612737",60,26,0.456,0.111,0.108,0.16,0.414,0.058,0.028,203488,Mike Muscala,0.036,0.013,0.025,0.076,ATL,1610612737,34,0.567
329,27.0,0.007,0.005,5,"203118,1610612737",75,29,0.452,0.103,0.097,0.151,0.359,0.04,0.023,203118,Mike Scott,0.021,0.032,0.028,0.076,ATL,1610612737,46,0.613
330,27.0,0.026,0.007,5,"203101,1610612749",61,38,0.449,0.122,0.115,0.164,0.414,0.038,0.028,203101,Miles Plumlee,0.036,0.012,0.027,0.133,MIL,1610612749,23,0.377
331,30.0,0.005,0.009,5,"203141,1610612756",79,56,0.422,0.115,0.162,0.173,0.417,0.04,0.033,203141,Mirza Teletovic,0.032,0.024,0.032,0.054,PHX,1610612756,23,0.291
332,24.0,0.012,0.018,5,"203956,1610612760",20,3,0.438,0.169,0.236,0.223,0.423,0.06,0.036,203956,Mitch McGary,0.012,0.018,0.018,0.085,OKC,1610612760,17,0.85
333,33.0,0.003,0.008,5,"2590,1610612739",41,14,0.45,0.1,0.112,0.17,0.373,0.036,0.023,2590,Mo Williams,0.011,0.026,0.031,0.033,CLE,1610612739,27,0.659
334,30.0,0.006,0.005,5,"101145,1610612754",81,37,0.437,0.119,0.117,0.152,0.375,0.028,0.031,101145,Monta Ellis,0.015,0.028,0.031,0.063,IND,1610612754,44,0.543
335,22.0,0.012,0.009,5,"1626149,1610612745",39,22,0.429,0.111,0.147,0.175,0.385,0.054,0.036,1626149,Montrezl Harrell,0.035,0.029,0.026,0.127,HOU,1610612745,17,0.436
336,20.0,0.028,0.008,5,"1626167,1610612754",60,28,0.443,0.124,0.107,0.142,0.395,0.051,0.04,1626167,Myles Turner,0.03,0.015,0.028,0.093,IND,1610612754,32,0.533
337,32.0,0.0,0.0,5,"101126,1610612740",2,2,0.432,0.13,0.093,0.204,0.482,0.093,0.0,101126,Nate Robinson,0.0,0.0,0.0,0.0,NOP,1610612740,0,0.0
338,38.0,0.0,0.0,5,"1737,1610612760",5,0,0.452,0.046,0.232,0.279,0.279,0.093,0.023,1737,Nazr Mohammed,0.046,0.0,0.046,0.093,OKC,1610612760,5,1.0
339,28.0,0.009,0.004,5,"202357,1610612750",60,40,0.444,0.106,0.114,0.183,0.4,0.064,0.025,202357,Nemanja Bjelica,0.019,0.01,0.012,0.048,MIN,1610612750,20,0.333
340,33.0,0.011,0.009,5,"2403,1610612764",57,29,0.45,0.097,0.112,0.144,0.385,0.064,0.068,2403,Nene,0.017,0.018,0.038,0.131,WAS,1610612764,28,0.491
341,22.0,0.022,0.009,5,"203457,1610612755",67,57,0.44,0.134,0.159,0.196,0.411,0.043,0.044,203457,Nerlens Noel,0.036,0.02,0.026,0.124,PHI,1610612755,10,0.149
342,35.0,0.01,0.006,5,"2555,1610612760",59,20,0.432,0.108,0.124,0.164,0.386,0.066,0.026,2555,Nick Collison,0.024,0.002,0.014,0.052,OKC,1610612760,39,0.661
343,31.0,0.003,0.004,5,"201156,1610612747",54,41,0.446,0.133,0.137,0.151,0.442,0.022,0.019,201156,Nick Young,0.02,0.02,0.024,0.009,LAL,1610612747,13,0.241
344,27.0,0.008,0.005,5,"201587,1610612766",70,29,0.452,0.111,0.118,0.136,0.39,0.021,0.028,201587,Nicolas Batum,0.014,0.022,0.033,0.046,CHA,1610612766,41,0.586
345,22.0,0.005,0.008,5,"203917,1610612755",73,65,0.434,0.127,0.153,0.178,0.414,0.028,0.024,203917,Nik Stauskas,0.011,0.024,0.025,0.041,PHI,1610612755,8,0.11
346,21.0,0.013,0.014,5,"203999,1610612743",80,49,0.437,0.09,0.108,0.141,0.352,0.052,0.05,203999,Nikola Jokic,0.041,0.01,0.025,0.124,DEN,1610612743,31,0.388
347,25.0,0.012,0.006,5,"202703,1610612741",66,29,0.44,0.122,0.121,0.147,0.436,0.04,0.037,202703,Nikola Mirotic,0.029,0.018,0.026,0.047,CHI,1610612741,37,0.561
348,30.0,0.0,0.006,5,"201593,1610612750",12,10,0.479,0.165,0.153,0.196,0.453,0.067,0.055,201593,Nikola Pekovic,0.031,0.0,0.012,0.11,MIN,1610612750,2,0.167
349,25.0,0.015,0.012,5,"202696,1610612753",65,37,0.441,0.097,0.123,0.143,0.38,0.037,0.034,202696,Nikola Vucevic,0.037,0.008,0.031,0.132,ORL,1610612753,28,0.431
350,20.0,0.01,0.009,5,"203943,1610612757",78,37,0.443,0.099,0.1,0.152,0.384,0.057,0.018,203943,Noah Vonleh,0.029,0.007,0.013,0.064,POR,1610612757,41,0.526
351,23.0,0.006,0.015,5,"1626181,1610612761",49,17,0.455,0.104,0.121,0.133,0.384,0.037,0.027,1626181,Norman Powell,0.008,0.041,0.034,0.053,TOR,1610612761,32,0.653
352,27.0,0.002,0.006,5,"202708,1610612740",45,25,0.44,0.108,0.101,0.123,0.427,0.037,0.026,202708,Norris Cole,0.007,0.028,0.028,0.057,NOP,1610612740,20,0.444
353,28.0,0.003,0.007,5,"201564,1610612749",41,24,0.449,0.135,0.126,0.159,0.396,0.052,0.019,201564,O.J. Mayo,0.011,0.023,0.025,0.026,MIL,1610612749,17,0.415
354,29.0,0.009,0.014,5,"201600,1610612740",68,39,0.444,0.087,0.112,0.132,0.385,0.047,0.039,201600,Omer Asik,0.031,0.003,0.008,0.078,NOP,1610612740,29,0.426
355,28.0,0.004,0.007,5,"201956,1610612758",69,42,0.423,0.123,0.125,0.163,0.381,0.035,0.031,201956,Omri Casspi,0.022,0.036,0.04,0.083,SAC,1610612758,27,0.391
356,27.0,0.012,0.012,5,"203111,1610612740",7,6,0.415,0.053,0.171,0.143,0.432,0.037,0.024,203111,Orlando Johnson,0.016,0.012,0.033,0.049,NOP,1610612740,1,0.143
357,23.0,0.006,0.005,5,"203490,1610612764",75,39,0.433,0.105,0.117,0.156,0.37,0.031,0.022,203490,Otto Porter,0.023,0.038,0.033,0.053,WAS,1610612764,36,0.48
358,23.0,0.004,0.006,5,"203798,1610612763",66,35,0.453,0.112,0.117,0.133,0.379,0.047,0.022,203798,PJ Hairston,0.012,0.028,0.022,0.041,MEM,1610612763,31,0.47
359,31.0,0.003,0.007,5,"200782,1610612756",82,59,0.427,0.111,0.152,0.19,0.369,0.034,0.026,200782,PJ Tucker,0.028,0.014,0.02,0.051,PHX,1610612756,23,0.28
360,39.0,0.001,0.003,5,"203143,1610612746",59,22,0.461,0.166,0.135,0.143,0.425,0.046,0.018,203143,Pablo Prigioni,0.012,0.013,0.021,0.027,LAC,1610612746,37,0.627
361,23.0,0.0,0.015,5,"1626192,1610612757",34,17,0.44,0.101,0.074,0.12,0.221,0.018,0.015,1626192,Pat Connaughton,0.009,0.009,0.009,0.043,POR,1610612757,17,0.5
362,27.0,0.006,0.007,5,"201976,1610612745",71,36,0.436,0.13,0.125,0.17,0.387,0.05,0.021,201976,Patrick Beverley,0.02,0.025,0.026,0.046,HOU,1610612745,35,0.493
363,27.0,0.007,0.002,5,"202335,1610612761",79,25,0.46,0.119,0.095,0.122,0.364,0.029,0.012,202335,Patrick Patterson,0.022,0.005,0.019,0.036,TOR,1610612761,54,0.684
364,27.0,0.002,0.003,5,"201988,1610612759",81,15,0.45,0.105,0.103,0.133,0.394,0.028,0.033,201988,Patty Mills,0.017,0.022,0.027,0.034,SAS,1610612759,66,0.815
365,35.0,0.028,0.011,5,"2200,1610612741",72,36,0.438,0.14,0.126,0.145,0.407,0.028,0.05,2200,Pau Gasol,0.037,0.007,0.019,0.085,CHI,1610612741,36,0.5
366,26.0,0.004,0.012,5,"202331,1610612754",81,37,0.437,0.117,0.109,0.148,0.372,0.036,0.067,202331,Paul George,0.028,0.041,0.058,0.068,IND,1610612754,44,0.543
367,31.0,0.023,0.012,5,"200794,1610612737",81,33,0.442,0.129,0.117,0.146,0.388,0.04,0.06,200794,Paul Millsap,0.026,0.022,0.043,0.116,ATL,1610612737,48,0.593
368,38.0,0.006,0.006,5,"1718,1610612746",68,24,0.459,0.127,0.13,0.128,0.391,0.048,0.023,1718,Paul Pierce,0.009,0.02,0.023,0.022,LAC,1610612746,44,0.647
369,25.0,0.006,0.013,5,"203515,1610612756",23,20,0.414,0.117,0.153,0.161,0.424,0.041,0.031,203515,Phil Pressey,0.001,0.035,0.025,0.067,PHX,1610612756,3,0.13
370,25.0,0.012,0.003,5,"203112,1610612758",59,38,0.424,0.124,0.138,0.174,0.372,0.05,0.036,203112,Quincy Acy,0.036,0.023,0.029,0.078,SAC,1610612758,21,0.356
371,22.0,0.006,0.006,5,"1626154,1610612738",36,15,0.434,0.084,0.141,0.153,0.403,0.04,0.014,1626154,RJ Hunter,0.025,0.008,0.028,0.025,BOS,1610612738,21,0.583
372,30.0,0.002,0.009,5,"200765,1610612758",72,43,0.421,0.119,0.135,0.173,0.384,0.029,0.025,200765,Rajon Rondo,0.011,0.017,0.021,0.077,SAC,1610612758,29,0.403
373,24.0,0.0,0.0,5,"1626176,1610612754",1,0,0.469,0.231,0.154,0.769,0.615,0.077,0.0,1626176,Rakeem Christmas,0.0,0.0,0.0,0.308,IND,1610612754,1,1.0
374,30.0,0.001,0.011,5,"201196,1610612764",82,41,0.441,0.101,0.114,0.133,0.394,0.027,0.056,201196,Ramon Sessions,0.009,0.057,0.035,0.107,WAS,1610612764,41,0.5
375,32.0,0.008,0.007,5,"200751,1610612760",81,44,0.438,0.113,0.126,0.165,0.39,0.035,0.018,200751,Randy Foye,0.012,0.009,0.022,0.033,OKC,1610612760,37,0.457
376,19.0,0.007,0.011,5,"1626173,1610612749",70,40,0.444,0.116,0.136,0.175,0.412,0.032,0.008,1626173,Rashad Vaughn,0.006,0.017,0.022,0.019,MIL,1610612749,30,0.429
377,37.0,0.025,0.004,5,"2446,1610612759",46,5,0.469,0.103,0.124,0.135,0.424,0.012,0.016,2446,Rasual Butler,0.007,0.027,0.027,0.041,SAS,1610612759,41,0.891
378,24.0,0.001,0.009,5,"203526,1610612762",81,41,0.473,0.109,0.112,0.155,0.387,0.039,0.034,203526,Raul Neto,0.015,0.02,0.026,0.052,UTA,1610612762,40,0.494
379,25.0,0.007,0.012,5,"203492,1610612763",41,11,0.451,0.106,0.116,0.135,0.367,0.028,0.017,203492,Ray McCallum,0.01,0.024,0.023,0.046,MEM,1610612763,30,0.732
380,32.0,0.003,0.007,5,"101109,1610612742",80,40,0.459,0.132,0.159,0.144,0.388,0.03,0.032,101109,Raymond Felton,0.01,0.018,0.026,0.065,DAL,1610612742,40,0.5
381,25.0,0.002,0.005,5,"203493,1610612765",37,15,0.446,0.098,0.094,0.144,0.393,0.03,0.016,203493,Reggie Bullock,0.018,0.018,0.015,0.031,DET,1610612765,22,0.595
382,26.0,0.002,0.012,5,"202704,1610612765",79,36,0.432,0.097,0.094,0.128,0.411,0.033,0.047,202704,Reggie Jackson,0.022,0.024,0.033,0.114,DET,1610612765,43,0.544
383,36.0,0.005,0.004,5,"2210,1610612739",74,23,0.459,0.106,0.092,0.154,0.378,0.045,0.027,2210,Richard Jefferson,0.013,0.021,0.019,0.044,CLE,1610612739,51,0.689
384,22.0,0.024,0.012,5,"1626158,1610612755",51,44,0.43,0.129,0.146,0.182,0.382,0.056,0.04,1626158,Richaun Holmes,0.037,0.018,0.024,0.122,PHI,1610612755,7,0.137
385,25.0,0.002,0.006,5,"201937,1610612750",76,48,0.446,0.126,0.116,0.149,0.416,0.039,0.05,201937,Ricky Rubio,0.007,0.024,0.024,0.028,MIN,1610612750,28,0.368
386,25.0,0.009,0.009,5,"203496,1610612755",67,57,0.434,0.124,0.132,0.166,0.387,0.053,0.03,203496,Robert Covington,0.023,0.031,0.044,0.042,PHI,1610612755,10,0.149
387,27.0,0.013,0.012,5,"203135,1610612747",25,23,0.426,0.113,0.161,0.15,0.407,0.057,0.035,203135,Robert Sacre,0.025,0.008,0.012,0.053,LAL,1610612747,2,0.08
388,28.0,0.026,0.006,5,"201577,1610612752",82,50,0.452,0.113,0.125,0.151,0.412,0.037,0.029,201577,Robin Lopez,0.052,0.005,0.015,0.132,NYK,1610612752,32,0.39
389,23.0,0.003,0.007,5,"203918,1610612762",79,40,0.468,0.108,0.112,0.152,0.382,0.037,0.03,203918,Rodney Hood,0.029,0.016,0.033,0.062,UTA,1610612762,39,0.494
390,30.0,0.003,0.011,5,"201155,1610612754",58,25,0.449,0.127,0.108,0.157,0.391,0.027,0.048,201155,Rodney Stuckey,0.008,0.044,0.034,0.07,IND,1610612754,33,0.569
391,21.0,0.011,0.006,5,"1626178,1610612751",29,22,0.435,0.112,0.134,0.156,0.386,0.043,0.033,1626178,Rondae Hollis-Jefferson,0.019,0.03,0.031,0.057,BKN,1610612751,7,0.241
392,33.0,0.005,0.004,5,"101179,1610612756",62,42,0.426,0.095,0.139,0.165,0.36,0.057,0.025,101179,Ronnie Price,0.008,0.02,0.026,0.025,PHX,1610612756,20,0.323
393,29.0,0.026,0.007,5,"201579,1610612747",81,64,0.444,0.144,0.181,0.159,0.447,0.06,0.035,201579,Roy Hibbert,0.027,0.002,0.007,0.056,LAL,1610612747,17,0.21
394,29.0,0.009,0.011,5,"200752,1610612758",70,41,0.426,0.115,0.136,0.164,0.392,0.033,0.038,200752,Rudy Gay,0.026,0.038,0.036,0.103,SAC,1610612758,29,0.414
395,24.0,0.033,0.01,5,"203497,1610612762",61,28,0.466,0.115,0.107,0.154,0.36,0.039,0.058,203497,Rudy Gobert,0.046,0.008,0.017,0.095,UTA,1610612762,33,0.541
396,25.0,0.007,0.034,5,"203893,1610612763",15,9,0.455,0.082,0.179,0.289,0.357,0.034,0.055,203893,Russ Smith,0.0,0.027,0.027,0.069,MEM,1610612763,6,0.4
397,27.0,0.003,0.013,5,"201566,1610612760",80,25,0.423,0.124,0.111,0.149,0.398,0.031,0.067,201566,Russell Westbrook,0.027,0.076,0.043,0.126,OKC,1610612760,55,0.688
398,28.0,0.005,0.009,5,"201583,1610612740",66,42,0.434,0.108,0.103,0.133,0.405,0.024,0.042,201583,Ryan Anderson,0.037,0.016,0.032,0.062,NOP,1610612740,24,0.364
399,31.0,0.02,0.013,5,"200797,1610612763",37,19,0.442,0.098,0.118,0.16,0.348,0.06,0.047,200797,Ryan Hollins,0.041,0.008,0.012,0.09,MEM,1610612763,18,0.486
400,25.0,0.009,0.012,5,"203527,1610612747",36,33,0.433,0.133,0.107,0.12,0.422,0.036,0.041,203527,Ryan Kelly,0.028,0.024,0.029,0.053,LAL,1610612747,3,0.083
401,30.0,0.042,0.018,5,"1626257,1610612742",34,18,0.464,0.117,0.156,0.131,0.315,0.063,0.051,1626257,Salah Mejri,0.027,0.011,0.016,0.114,DAL,1610612742,16,0.471
402,22.0,0.0,0.0,5,"1626155,1610612745",3,2,0.427,0.0,0.0,0.0,0.556,0.0,0.0,1626155,Sam Dekker,0.0,0.0,0.0,0.0,HOU,1610612745,1,0.333
403,31.0,0.023,0.023,5,"201619,1610612739",25,7,0.445,0.145,0.093,0.149,0.308,0.051,0.028,201619,Sasha Kaun,0.033,0.009,0.028,0.084,CLE,1610612739,18,0.72
404,32.0,0.002,0.004,5,"2756,1610612752",61,39,0.441,0.109,0.125,0.134,0.376,0.04,0.026,2756,Sasha Vujacic,0.018,0.015,0.021,0.017,NYK,1610612752,22,0.361
405,26.0,0.001,0.01,5,"203930,1610612751",31,24,0.43,0.132,0.135,0.161,0.45,0.026,0.036,203930,Sean Kilpatrick,0.027,0.053,0.042,0.088,BKN,1610612751,7,0.226
406,26.0,0.025,0.005,5,"201586,1610612760",78,24,0.426,0.128,0.11,0.144,0.394,0.036,0.017,201586,Serge Ibaka,0.032,0.019,0.023,0.065,OKC,1610612760,54,0.692
407,22.0,0.002,0.003,5,"203508,1610612751",40,31,0.444,0.112,0.136,0.169,0.476,0.03,0.037,203508,Sergey Karasev,0.013,0.009,0.01,0.024,BKN,1610612751,9,0.225
408,25.0,0.002,0.007,5,"203552,1610612758",44,27,0.429,0.13,0.146,0.152,0.367,0.025,0.025,203552,Seth Curry,0.016,0.03,0.024,0.036,SAC,1610612758,17,0.386
409,23.0,0.002,0.015,5,"203498,1610612750",82,53,0.449,0.124,0.129,0.182,0.442,0.025,0.049,203498,Shabazz Muhammad,0.042,0.046,0.041,0.122,MIN,1610612750,29,0.354
410,24.0,0.001,0.005,5,"203894,1610612753",55,32,0.454,0.104,0.126,0.149,0.388,0.029,0.036,203894,Shabazz Napier,0.008,0.005,0.023,0.023,ORL,1610612753,23,0.418
411,23.0,0.003,0.008,5,"203499,1610612751",78,58,0.441,0.104,0.128,0.178,0.451,0.03,0.031,203499,Shane Larkin,0.008,0.023,0.026,0.067,BKN,1610612751,20,0.256
412,30.0,0.008,0.005,5,"2733,1610612744",78,9,0.441,0.132,0.114,0.139,0.416,0.041,0.026,2733,Shaun Livingston,0.01,0.023,0.015,0.069,GSW,1610612744,69,0.885
413,25.0,0.011,0.0,5,"203963,1610612754",7,3,0.44,0.076,0.097,0.184,0.281,0.076,0.022,203963,Shayne Whittington,0.022,0.0,0.011,0.108,IND,1610612754,4,0.571
414,26.0,0.001,0.01,5,"202714,1610612762",52,25,0.46,0.101,0.105,0.177,0.381,0.031,0.03,202714,Shelvin Mack,0.012,0.028,0.031,0.1,UTA,1610612762,27,0.519
415,25.0,0.006,0.007,5,"203524,1610612754",59,28,0.437,0.128,0.108,0.137,0.381,0.034,0.019,203524,Solomon Hill,0.023,0.014,0.027,0.061,IND,1610612754,31,0.525
416,29.0,0.001,0.008,5,"201603,1610612755",43,37,0.417,0.101,0.146,0.164,0.37,0.039,0.013,201603,Sonny Weems,0.009,0.008,0.009,0.027,PHI,1610612755,6,0.14
417,23.0,0.0,0.011,5,"203915,1610612765",12,7,0.449,0.079,0.096,0.127,0.355,0.056,0.087,203915,Spencer Dinwiddie,0.014,0.014,0.008,0.073,DET,1610612765,5,0.417
418,28.0,0.012,0.006,5,"201150,1610612766",57,27,0.45,0.103,0.126,0.145,0.343,0.048,0.026,201150,Spencer Hawes,0.024,0.004,0.014,0.057,CHA,1610612766,30,0.526
419,20.0,0.003,0.009,5,"1626169,1610612765",73,36,0.436,0.094,0.097,0.14,0.382,0.046,0.021,1626169,Stanley Johnson,0.018,0.031,0.023,0.064,DET,1610612765,37,0.507
420,28.0,0.002,0.008,5,"201939,1610612744",79,8,0.424,0.116,0.127,0.144,0.386,0.025,0.056,201939,Stephen Curry,0.03,0.079,0.059,0.1,GSW,1610612744,71,0.899
421,36.0,0.002,0.004,5,"2581,1610612765",58,24,0.443,0.1,0.094,0.135,0.385,0.031,0.022,2581,Steve Blake,0.012,0.006,0.018,0.019,DET,1610612765,34,0.586
422,33.0,0.0,0.0,5,"200779,1610612749",10,2,0.41,0.139,0.167,0.185,0.334,0.028,0.019,200779,Steve Novak,0.028,0.0,0.0,0.0,MIL,1610612749,8,0.8
423,22.0,0.019,0.007,5,"203500,1610612760",80,26,0.428,0.117,0.115,0.142,0.38,0.047,0.041,203500,Steven Adams,0.035,0.009,0.016,0.108,OKC,1610612760,54,0.675
424,24.0,0.003,0.007,5,"204456,1610612755",81,71,0.442,0.124,0.163,0.182,0.419,0.031,0.02,204456,TJ McConnell,0.01,0.013,0.028,0.061,PHI,1610612755,10,0.123
425,22.0,0.006,0.006,5,"203933,1610612756",47,33,0.423,0.107,0.155,0.184,0.404,0.037,0.025,203933,TJ Warren,0.036,0.038,0.043,0.099,PHX,1610612756,14,0.298
426,31.0,0.018,0.012,5,"201959,1610612741",73,36,0.446,0.137,0.133,0.148,0.399,0.041,0.037,201959,Taj Gibson,0.036,0.007,0.019,0.099,CHI,1610612741,37,0.507
427,24.0,0.016,0.008,5,"204028,1610612747",39,33,0.443,0.106,0.115,0.141,0.373,0.07,0.034,204028,Tarik Black,0.032,0.005,0.013,0.1,LAL,1610612747,6,0.154
428,36.0,0.004,0.001,5,"2419,1610612750",77,50,0.461,0.129,0.11,0.148,0.435,0.02,0.009,2419,Tayshaun Prince,0.009,0.006,0.013,0.022,MIN,1610612750,27,0.351
429,24.0,0.016,0.016,5,"203093,1610612745",50,26,0.435,0.138,0.129,0.162,0.428,0.036,0.034,203093,Terrence Jones,0.03,0.029,0.04,0.109,HOU,1610612745,24,0.48
430,25.0,0.007,0.004,5,"203082,1610612761",73,20,0.458,0.108,0.089,0.133,0.37,0.031,0.012,203082,Terrence Ross,0.013,0.025,0.034,0.038,TOR,1610612761,53,0.726
431,22.0,0.001,0.005,5,"1626179,1610612738",39,15,0.423,0.094,0.159,0.119,0.413,0.031,0.02,1626179,Terry Rozier,0.029,0.008,0.014,0.041,BOS,1610612738,24,0.615
432,32.0,0.01,0.007,5,"200757,1610612737",75,33,0.454,0.119,0.105,0.154,0.39,0.028,0.022,200757,Thabo Sefolosha,0.014,0.027,0.039,0.06,ATL,1610612737,42,0.56
433,28.0,0.007,0.014,5,"201152,1610612751",73,52,0.45,0.106,0.138,0.168,0.449,0.034,0.029,201152,Thaddeus Young,0.03,0.026,0.034,0.154,BKN,1610612751,21,0.288
434,23.0,0.0,0.0,5,"203648,1610612752",2,1,0.45,0.144,0.0,0.144,0.144,0.144,0.0,203648,Thanasis Antetokounmpo,0.0,0.144,0.0,0.432,NYK,1610612752,1,0.5
435,25.0,0.017,0.012,5,"203080,1610612751",71,55,0.432,0.131,0.126,0.177,0.429,0.052,0.042,203080,Thomas Robinson,0.056,0.017,0.026,0.115,BKN,1610612751,16,0.225
436,31.0,0.009,0.015,5,"201168,1610612737",36,15,0.446,0.109,0.121,0.159,0.336,0.055,0.035,201168,Tiago Splitter,0.038,0.007,0.028,0.122,ATL,1610612737,21,0.583
437,26.0,0.012,0.023,5,"202353,1610612762",12,5,0.478,0.141,0.111,0.223,0.375,0.111,0.006,202353,Tibor Pleiss,0.035,0.0,0.012,0.082,UTA,1610612762,7,0.583
438,40.0,0.023,0.011,5,"1495,1610612759",61,11,0.455,0.095,0.114,0.12,0.344,0.037,0.033,1495,Tim Duncan,0.028,0.005,0.02,0.107,SAS,1610612759,50,0.82
439,25.0,0.001,0.013,5,"204025,1610612740",51,26,0.448,0.115,0.093,0.149,0.356,0.044,0.051,204025,Tim Frazier,0.011,0.02,0.027,0.062,NOP,1610612740,25,0.49
440,24.0,0.004,0.008,5,"203501,1610612737",51,22,0.453,0.108,0.084,0.15,0.358,0.025,0.025,203501,Tim Hardaway Jr.,0.014,0.045,0.031,0.049,ATL,1610612737,29,0.569
441,29.0,0.02,0.01,5,"202389,1610612739",76,24,0.462,0.107,0.118,0.158,0.378,0.055,0.04,202389,Timofey Mozgov,0.024,0.012,0.019,0.119,CLE,1610612739,52,0.684
442,23.0,0.007,0.013,5,"202699,1610612765",76,39,0.444,0.1,0.11,0.141,0.38,0.027,0.033,202699,Tobias Harris,0.028,0.029,0.033,0.098,DET,1610612765,37,0.487
443,30.0,0.002,0.01,5,"201962,1610612740",61,39,0.439,0.098,0.116,0.136,0.399,0.046,0.033,201962,Toney Douglas,0.01,0.035,0.039,0.047,NOP,1610612740,22,0.361
444,34.0,0.005,0.016,5,"2754,1610612763",64,30,0.452,0.11,0.134,0.145,0.381,0.049,0.029,2754,Tony Allen,0.021,0.041,0.041,0.097,MEM,1610612763,34,0.531
445,34.0,0.003,0.009,5,"2225,1610612759",72,13,0.462,0.096,0.124,0.118,0.379,0.027,0.034,2225,Tony Parker,0.009,0.026,0.028,0.095,SAS,1610612759,59,0.819
446,24.0,0.006,0.009,5,"203503,1610612741",64,31,0.439,0.128,0.106,0.133,0.388,0.034,0.013,203503,Tony Snell,0.017,0.017,0.018,0.032,CHI,1610612741,33,0.516
447,23.0,0.0,0.032,5,"203100,1610612752",8,8,0.419,0.133,0.177,0.244,0.412,0.032,0.07,203100,Tony Wroten,0.02,0.046,0.038,0.104,NYK,1610612752,0,0.0
448,30.0,0.004,0.006,5,"2772,1610612745",81,41,0.433,0.128,0.13,0.179,0.401,0.027,0.017,2772,Trevor Ariza,0.016,0.035,0.035,0.044,HOU,1610612745,40,0.494
449,28.0,0.011,0.005,5,"202344,1610612762",79,40,0.455,0.104,0.112,0.161,0.377,0.047,0.023,202344,Trevor Booker,0.033,0.017,0.02,0.094,UTA,1610612762,39,0.494
450,23.0,0.002,0.011,5,"203504,1610612762",64,33,0.45,0.116,0.108,0.146,0.367,0.028,0.025,203504,Trey Burke,0.016,0.022,0.037,0.06,UTA,1610612762,31,0.484
451,20.0,0.006,0.005,5,"1626168,1610612762",80,42,0.471,0.117,0.116,0.148,0.404,0.039,0.026,1626168,Trey Lyles,0.021,0.011,0.028,0.065,UTA,1610612762,38,0.475
452,25.0,0.01,0.007,5,"202684,1610612739",82,25,0.448,0.098,0.093,0.138,0.382,0.04,0.044,202684,Tristan Thompson,0.042,0.008,0.018,0.096,CLE,1610612739,57,0.695
453,24.0,0.003,0.003,5,"203584,1610612766",43,18,0.447,0.115,0.134,0.149,0.394,0.038,0.01,203584,Troy Daniels,0.02,0.011,0.042,0.015,CHA,1610612766,25,0.581
454,28.0,0.002,0.008,5,"201951,1610612754",66,35,0.427,0.134,0.126,0.168,0.428,0.026,0.025,201951,Ty Lawson,0.005,0.018,0.023,0.041,IND,1610612754,31,0.47
455,21.0,0.001,0.013,5,"203898,1610612749",46,29,0.456,0.126,0.109,0.162,0.431,0.045,0.025,203898,Tyler Ennis,0.013,0.015,0.026,0.08,MIL,1610612749,17,0.37
456,30.0,0.009,0.017,5,"201946,1610612766",44,16,0.448,0.088,0.118,0.152,0.395,0.072,0.067,201946,Tyler Hansbrough,0.042,0.008,0.017,0.078,CHA,1610612766,28,0.636
457,24.0,0.008,0.011,5,"204020,1610612748",36,17,0.465,0.122,0.089,0.154,0.395,0.036,0.035,204020,Tyler Johnson,0.015,0.014,0.03,0.068,MIA,1610612748,19,0.528
458,26.0,0.013,0.012,5,"203092,1610612738",60,22,0.426,0.13,0.112,0.148,0.384,0.058,0.056,203092,Tyler Zeller,0.034,0.025,0.025,0.127,BOS,1610612738,38,0.633
459,26.0,0.005,0.014,5,"201936,1610612740",25,14,0.455,0.112,0.091,0.137,0.372,0.039,0.044,201936,Tyreke Evans,0.027,0.034,0.039,0.103,NOP,1610612740,11,0.44
460,33.0,0.012,0.006,5,"2199,1610612756",66,48,0.43,0.103,0.168,0.193,0.359,0.039,0.041,2199,Tyson Chandler,0.045,0.01,0.017,0.095,PHX,1610612756,18,0.273
461,20.0,0.002,0.009,5,"1626145,1610612750",37,24,0.443,0.115,0.158,0.182,0.459,0.026,0.027,1626145,Tyus Jones,0.01,0.019,0.022,0.053,MIN,1610612750,13,0.351
462,36.0,0.004,0.002,5,"2617,1610612748",37,12,0.49,0.136,0.072,0.149,0.378,0.047,0.042,2617,Udonis Haslem,0.009,0.0,0.017,0.053,MIA,1610612748,25,0.676
463,24.0,0.01,0.013,5,"203506,1610612753",72,40,0.44,0.111,0.12,0.152,0.397,0.032,0.038,203506,Victor Oladipo,0.016,0.037,0.045,0.077,ORL,1610612753,32,0.444
464,39.0,0.007,0.006,5,"1713,1610612763",60,27,0.439,0.11,0.132,0.14,0.3,0.044,0.033,1713,Vince Carter,0.02,0.016,0.036,0.045,MEM,1610612763,33,0.55
465,24.0,0.037,0.012,5,"204002,1610612737",11,4,0.442,0.091,0.122,0.262,0.402,0.049,0.024,204002,Walter Tavares,0.067,0.024,0.055,0.122,ATL,1610612737,7,0.636
466,28.0,0.001,0.007,5,"201961,1610612751",76,58,0.448,0.114,0.134,0.161,0.452,0.023,0.013,201961,Wayne Ellington,0.014,0.026,0.033,0.03,BKN,1610612751,18,0.237
467,28.0,0.015,0.002,5,"202325,1610612746",80,29,0.445,0.133,0.119,0.138,0.384,0.046,0.011,202325,Wesley Johnson,0.014,0.029,0.026,0.032,LAC,1610612746,51,0.638
468,29.0,0.003,0.007,5,"202083,1610612742",78,38,0.463,0.129,0.143,0.127,0.39,0.031,0.026,202083,Wesley Matthews,0.016,0.017,0.026,0.028,DAL,1610612742,40,0.513
469,25.0,0.007,0.011,5,"203115,1610612743",82,49,0.439,0.115,0.113,0.153,0.401,0.027,0.038,203115,Will Barton,0.018,0.05,0.044,0.095,DEN,1610612743,33,0.402
470,22.0,0.02,0.007,5,"1626161,1610612758",66,40,0.428,0.129,0.141,0.165,0.386,0.044,0.027,1626161,Willie Cauley-Stein,0.03,0.029,0.016,0.108,SAC,1610612758,26,0.394
471,26.0,0.031,0.008,5,"203186,1610612751",39,31,0.443,0.094,0.155,0.197,0.414,0.049,0.066,203186,Willie Reed,0.064,0.007,0.026,0.152,BKN,1610612751,8,0.205
472,24.0,0.005,0.012,5,"204098,1610612763",14,11,0.428,0.089,0.142,0.128,0.301,0.044,0.026,204098,Xavier Munford,0.009,0.019,0.025,0.053,MEM,1610612763,3,0.214
473,21.0,0.003,0.012,5,"203897,1610612750",82,53,0.445,0.118,0.128,0.185,0.439,0.037,0.03,203897,Zach LaVine,0.018,0.053,0.041,0.082,MIN,1610612750,29,0.354
474,34.0,0.003,0.016,5,"2216,1610612763",68,31,0.45,0.118,0.14,0.139,0.377,0.033,0.042,2216,Zach Randolph,0.053,0.008,0.036,0.129,MEM,1610612763,37,0.544
475,32.0,0.005,0.011,5,"2585,1610612742",76,36,0.464,0.119,0.151,0.134,0.394,0.042,0.06,2585,Zaza Pachulia,0.029,0.009,0.019,0.087,DAL,1610612742,40,0.526
