,AGE,CFID,CFPARAMS,GP,L,MIN,PCT_AST_2PM,PCT_AST_3PM,PCT_AST_FGM,PCT_FGA_2PT,PCT_FGA_3PT,PCT_PTS_2PT,PCT_PTS_2PT_MR,PCT_PTS_3PT,PCT_PTS_FB,PCT_PTS_FT,PCT_PTS_OFF_TOV,PCT_PTS_PAINT,PCT_UAST_2PM,PCT_UAST_3PM,PCT_UAST_FGM,PLAYER_ID,PLAYER_NAME,TEAM_ABBREVIATION,TEAM_ID,W,W_PCT
0,30.0,5,"201143,1610612737",1,1,9.4,0.5,1.0,0.667,0.667,0.333,0.571,0.571,0.429,0.429,0.0,0.0,0.0,0.5,0.0,0.333,201143,Al Horford,ATL,1610612737,0,0.0
1,22.0,5,"203083,1610612765",1,1,18.2,0.375,0.0,0.375,0.909,0.091,1.0,0.0,0.0,0.25,0.0,0.125,1.0,0.625,0.0,0.625,203083,Andre Drummond,DET,1610612765,0,0.0
2,23.0,5,"203076,1610612740",1,0,15.2,0.833,0.0,0.833,1.0,0.0,1.0,0.083,0.0,0.167,0.0,0.0,0.917,0.167,0.0,0.167,203076,Anthony Davis,NOP,1610612740,1,1.0
3,32.0,5,"2546,1610612752",1,1,22.9,0.2,1.0,0.333,0.545,0.455,0.769,0.154,0.231,0.231,0.0,0.154,0.615,0.8,0.0,0.667,2546,Carmelo Anthony,NYK,1610612752,0,0.0
4,31.0,5,"101108,1610612746",1,0,19.0,0.0,0.5,0.4,0.143,0.857,0.143,0.0,0.857,0.143,0.0,0.0,0.143,1.0,0.5,0.6,101108,Chris Paul,LAC,1610612746,1,1.0
5,26.0,5,"201942,1610612761",1,1,18.9,0.333,0.0,0.333,0.8,0.2,1.0,0.222,0.0,0.222,0.0,0.222,0.778,0.667,0.0,0.667,201942,DeMar DeRozan,TOR,1610612761,0,0.0
6,25.0,5,"202326,1610612758",1,0,11.6,0.75,1.0,0.8,0.8,0.2,0.727,0.0,0.273,0.364,0.0,0.0,0.727,0.25,0.0,0.2,202326,DeMarcus Cousins,SAC,1610612758,1,1.0
7,26.0,5,"203110,1610612744",1,0,12.1,0.5,0.0,0.5,0.833,0.167,1.0,0.0,0.0,0.0,0.0,0.5,1.0,0.5,0.0,0.5,203110,Draymond Green,GSW,1610612744,1,1.0
8,34.0,5,"2548,1610612748",1,1,22.9,0.0,0.0,0.0,0.857,0.143,1.0,0.0,0.0,0.5,0.0,0.5,1.0,1.0,0.0,1.0,2548,Dwyane Wade,MIA,1610612748,0,0.0
9,27.0,5,"202738,1610612738",1,1,19.0,0.333,0.0,0.25,0.545,0.455,0.667,0.0,0.333,0.333,0.0,0.333,0.667,0.667,1.0,0.75,202738,Isaiah Thomas,BOS,1610612738,0,0.0
10,26.0,5,"201935,1610612745",1,0,20.9,1.0,0.714,0.75,0.143,0.857,0.087,0.0,0.913,0.087,0.0,0.0,0.087,0.0,0.286,0.25,201935,James Harden,HOU,1610612745,1,1.0
11,25.0,5,"202322,1610612764",1,1,19.5,0.25,0.5,0.3,0.714,0.286,0.727,0.091,0.273,0.091,0.0,0.0,0.636,0.75,0.5,0.7,202322,John Wall,WAS,1610612764,0,0.0
12,24.0,5,"202695,1610612759",1,0,25.8,0.571,1.0,0.625,0.6,0.4,0.824,0.235,0.176,0.118,0.0,0.176,0.588,0.429,0.0,0.375,202695,Kawhi Leonard,SAS,1610612759,1,1.0
13,27.0,5,"201142,1610612760",1,0,23.1,0.8,0.0,0.727,0.556,0.444,0.87,0.0,0.13,0.522,0.0,0.348,0.87,0.2,1.0,0.273,201142,Kevin Durant,OKC,1610612760,1,1.0
14,26.0,5,"202691,1610612744",1,0,20.9,0.0,1.0,1.0,0.091,0.909,0.0,0.0,1.0,0.667,0.0,0.0,0.0,0.0,0.0,0.0,202691,Klay Thompson,GSW,1610612744,1,1.0
15,37.0,5,"977,1610612747",1,0,26.0,0.0,0.0,0.0,0.545,0.455,0.6,0.4,0.3,0.0,0.1,0.0,0.2,1.0,1.0,1.0,977,Kobe Bryant,LAL,1610612747,1,1.0
16,30.0,5,"200768,1610612761",1,1,28.5,1.0,0.5,0.6,0.077,0.923,0.143,0.0,0.857,0.0,0.0,0.0,0.143,0.0,0.5,0.4,200768,Kyle Lowry,TOR,1610612761,0,0.0
17,30.0,5,"200746,1610612759",1,0,14.1,0.5,0.0,0.5,0.875,0.125,1.0,1.0,0.0,0.5,0.0,0.5,0.0,0.5,0.0,0.5,200746,LaMarcus Aldridge,SAS,1610612759,1,1.0
18,31.0,5,"2544,1610612739",1,1,20.2,1.0,0.0,0.833,0.615,0.385,0.769,0.0,0.231,0.154,0.0,0.154,0.769,0.0,1.0,0.167,2544,LeBron James,CLE,1610612739,0,0.0
19,35.0,5,"2200,1610612741",1,1,14.5,0.667,0.0,0.667,0.857,0.143,0.667,0.222,0.0,0.0,0.333,0.222,0.444,0.333,0.0,0.333,2200,Pau Gasol,CHI,1610612741,0,0.0
20,26.0,5,"202331,1610612754",1,1,26.8,0.571,0.556,0.563,0.269,0.731,0.341,0.0,0.659,0.122,0.0,0.0,0.341,0.429,0.444,0.438,202331,Paul George,IND,1610612754,0,0.0
21,31.0,5,"200794,1610612737",1,1,19.1,0.0,1.0,1.0,0.667,0.333,0.0,0.0,1.0,0.0,0.0,0.0,0.0,0.0,0.0,0.0,200794,Paul Millsap,ATL,1610612737,0,0.0
22,27.0,5,"201566,1610612760",1,0,22.3,0.8,0.429,0.583,0.261,0.739,0.323,0.0,0.677,0.258,0.0,0.258,0.323,0.2,0.571,0.417,201566,Russell Westbrook,OKC,1610612760,1,1.0
23,28.0,5,"201939,1610612744",1,0,29.0,0.75,0.167,0.4,0.278,0.722,0.308,0.0,0.692,0.077,0.0,0.077,0.308,0.25,0.833,0.6,201939,Stephen Curry,GSW,1610612744,1,1.0
