,AGE,AST,BLK,BLKA,CFID,CFPARAMS,DD2,DREB,FG3A,FG3M,FG3_PCT,FGA,FGM,FG_PCT,FTA,FTM,FT_PCT,GP,L,MIN,OREB,PF,PFD,PLAYER_ID,PLAYER_NAME,PLUS_MINUS,PTS,REB,STL,TD3,TEAM_ABBREVIATION,TEAM_ID,TOV,W,W_PCT
0,31.0,180,10,33,5,"201166,1610612741",0,80,185,66,0.357,469,188,0.401,64,49,0.766,69,33,1107.61,21,132,77,201166,Aaron Brooks,-10,491,101,30,0,CHI,1610612741,82,36,0.522
1,20.0,128,55,34,5,"203932,1610612753",12,353,142,42,0.296,579,274,0.473,193,129,0.668,78,46,1862.92,154,153,146,203932,Aaron Gordon,-76,719,507,59,0,ORL,1610612753,66,32,0.41
2,21.0,2,0,0,5,"1626151,1610612766",0,11,10,3,0.3,19,5,0.263,12,5,0.417,21,6,93.3,4,10,8,1626151,Aaron Harrison,-7,18,15,6,0,CHA,1610612766,4,15,0.714
3,25.0,29,11,8,5,"203940,1610612750",0,91,32,9,0.281,145,53,0.366,26,17,0.654,52,34,485.59,20,77,33,203940,Adreian Payne,-120,132,111,16,0,MIN,1610612750,36,18,0.346
4,30.0,263,121,34,5,"201143,1610612737",17,448,256,88,0.344,1048,529,0.505,129,103,0.798,82,34,2631.29833333,148,163,118,201143,Al Horford,231,1249,596,68,0,ATL,1610612737,107,48,0.585
5,31.0,70,41,36,5,"2744,1610612766",7,244,0,0,0.0,505,245,0.485,111,72,0.649,47,14,1096.47166667,57,117,81,2744,Al Jefferson,46,562,301,30,0,CHA,1610612766,34,33,0.702
6,25.0,138,53,35,5,"202329,1610612757",8,401,349,126,0.361,719,299,0.416,156,115,0.737,82,38,2340.88833333,98,171,139,202329,Al-Farouq Aminu,58,839,499,72,0,POR,1610612757,120,44,0.537
7,33.0,14,1,3,5,"101187,1610612764",0,26,37,12,0.324,59,21,0.356,15,11,0.733,13,5,192.183333333,1,25,11,101187,Alan Anderson,30,65,27,4,0,WAS,1610612764,2,8,0.615
8,23.0,5,5,3,5,"1626210,1610612756",1,24,0,0,0.0,24,10,0.417,14,9,0.643,10,7,68.15,14,15,12,1626210,Alan Williams,1,29,38,4,0,PHX,1610612756,6,3,0.3
9,24.0,63,4,27,5,"202692,1610612762",0,93,79,32,0.405,334,137,0.41,141,106,0.752,31,18,797.24,16,71,108,202692,Alec Burks,-13,412,109,18,0,UTA,1610612762,51,13,0.419
10,23.0,97,62,60,5,"203458,1610612756",19,416,7,1,0.143,624,264,0.423,239,174,0.728,78,55,1820.795,178,230,176,203458,Alex Len,-289,703,594,38,0,PHX,1610612756,145,23,0.295
11,28.0,2,5,6,5,"1627293,1610612763",1,9,0,0,0.0,27,9,0.333,12,4,0.333,8,6,72.1516666667,19,12,8,1627293,Alex Stepheson,-2,22,28,1,0,MEM,1610612763,0,2,0.25
12,28.0,31,36,12,5,"201582,1610612740",4,194,1,0,0.0,315,150,0.476,62,52,0.839,59,39,860.715,75,134,68,201582,Alexis Ajinca,-65,352,269,19,0,NOP,1610612740,54,20,0.339
13,24.0,99,16,14,5,"203459,1610612757",0,189,285,112,0.393,678,311,0.459,113,98,0.867,81,38,2104.925,27,192,82,203459,Allen Crabbe,43,832,216,63,0,POR,1610612757,64,43,0.531
14,29.0,72,13,23,5,"202087,1610612740",0,185,60,17,0.283,255,132,0.518,66,44,0.667,73,46,1631.985,60,169,54,202087,Alonzo Gee,-195,325,245,63,0,NOP,1610612740,55,27,0.37
15,33.0,27,41,29,5,"2405,1610612748",2,157,0,0,0.0,221,125,0.566,67,50,0.746,52,22,762.285,65,92,74,2405,Amar'e Stoudemire,11,300,222,18,0,MIA,1610612748,47,30,0.577
16,29.0,138,83,26,5,"101161,1610612738",8,327,43,10,0.233,426,249,0.585,121,69,0.57,79,34,1800.16166667,178,214,117,101161,Amir Johnson,136,577,505,52,0,BOS,1610612738,94,45,0.57
17,33.0,35,10,5,5,"2760,1610612744",0,104,1,0,0.0,124,53,0.427,50,32,0.64,53,12,495.573333333,37,70,65,2760,Anderson Varejao,21,138,141,16,0,GSW,1610612744,22,41,0.774
18,22.0,67,112,72,5,"203083,1610612765",66,803,6,2,0.333,1060,552,0.521,586,208,0.355,81,38,2665.52333333,395,245,404,203083,Andre Drummond,126,1314,1198,119,0,DET,1610612765,155,43,0.531
19,32.0,219,19,10,5,"2738,1610612744",1,211,154,54,0.351,368,176,0.478,83,51,0.614,65,6,1731.65833333,52,102,90,2738,Andre Iguodala,458,457,263,73,0,GSW,1610612744,79,59,0.908
20,40.0,87,0,11,5,"1889,1610612759",0,39,8,2,0.25,106,59,0.557,32,24,0.75,39,19,461.19,12,46,28,1889,Andre Miller,32,144,51,16,0,SAS,1610612759,37,20,0.513
21,24.0,47,42,18,5,"203460,1610612760",0,172,103,32,0.311,274,136,0.496,54,33,0.611,70,22,1553.30833333,79,133,44,203460,Andre Roberson,261,337,251,53,0,OKC,1610612760,35,48,0.686
22,30.0,18,9,14,5,"200745,1610612751",0,69,16,3,0.188,279,127,0.455,57,47,0.825,46,35,633.676666667,28,61,52,200745,Andrea Bargnani,-191,304,97,4,0,BKN,1610612751,26,11,0.239
23,31.0,162,114,7,5,"101106,1610612744",5,371,1,1,1.0,279,175,0.627,50,24,0.48,70,8,1451.26,121,221,74,101106,Andrew Bogut,397,375,492,33,0,GSW,1610612744,83,62,0.886
24,27.0,4,2,0,5,"202726,1610612745",0,1,9,1,0.111,20,9,0.45,4,3,0.75,8,3,49.7083333333,1,4,3,202726,Andrew Goudelock,10,22,2,6,0,HOU,1610612745,7,5,0.625
25,26.0,25,22,8,5,"203094,1610612753",0,167,114,41,0.36,310,146,0.471,65,51,0.785,56,34,822.755,34,69,61,203094,Andrew Nicholson,34,384,201,10,0,ORL,1610612753,41,22,0.393
26,21.0,164,46,88,5,"203952,1610612750",1,186,190,57,0.3,1294,594,0.459,565,430,0.761,81,52,2844.55666667,105,165,394,203952,Andrew Wiggins,-67,1675,291,78,0,MIN,1610612750,182,29,0.358
27,23.0,0,0,2,5,"203461,1610612761",0,17,14,3,0.214,27,8,0.296,10,9,0.9,19,7,84.2133333333,6,8,5,203461,Anthony Bennett,-30,28,23,5,0,TOR,1610612761,4,12,0.632
28,23.0,19,5,10,5,"1626148,1610612747",0,61,70,20,0.286,126,39,0.31,20,17,0.85,29,25,598.65,9,34,18,1626148,Anthony Brown,-35,115,70,14,0,LAL,1610612747,15,4,0.138
29,23.0,116,125,54,5,"203076,1610612740",36,497,108,35,0.324,1136,560,0.493,430,326,0.758,61,37,2164.24333333,130,148,360,203076,Anthony Davis,-200,1481,627,78,0,NOP,1610612740,121,24,0.393
30,30.0,24,5,8,5,"201627,1610612760",0,52,204,79,0.387,333,136,0.408,39,29,0.744,68,22,926.431666667,10,64,30,201627,Anthony Morrow,110,380,62,22,0,OKC,1610612760,17,46,0.676
31,31.0,52,16,13,5,"201229,1610612765",0,190,272,98,0.36,332,128,0.386,47,29,0.617,72,36,1340.57666667,39,86,56,201229,Anthony Tolliver,8,383,229,26,0,DET,1610612765,28,36,0.5
32,21.0,118,13,45,5,"203462,1610612756",1,115,99,23,0.232,422,176,0.417,193,130,0.674,57,43,1113.82833333,27,84,157,203462,Archie Goodwin,-209,505,142,27,0,PHX,1610612756,100,14,0.246
33,29.0,51,52,26,5,"203382,1610612765",1,244,2,0,0.0,384,194,0.505,165,126,0.764,81,38,1232.89,140,151,154,203382,Aron Baynes,-55,514,384,21,0,DET,1610612765,67,43,0.531
34,30.0,144,10,47,5,"201167,1610612752",1,243,238,91,0.382,799,354,0.443,131,110,0.84,71,44,2370.90666667,23,142,123,201167,Arron Afflalo,-149,909,266,25,0,NYK,1610612752,82,27,0.38
35,23.0,99,9,32,5,"203085,1610612746",0,108,185,62,0.335,516,226,0.438,116,79,0.681,67,25,1463.825,22,137,96,203085,Austin Rivers,-161,593,130,48,0,LAC,1610612746,61,42,0.627
36,25.0,158,19,44,5,"202340,1610612738",0,172,407,147,0.361,1019,456,0.447,123,96,0.78,76,31,2536.12333333,48,164,100,202340,Avery Bradley,212,1155,220,117,0,BOS,1610612738,109,45,0.592
37,23.0,15,6,1,5,"1626253,1610612743",0,23,40,13,0.325,70,25,0.357,17,13,0.765,21,12,305.325,8,40,13,1626253,Axel Toupane,-17,76,31,7,0,DEN,1610612743,6,9,0.429
38,23.0,79,10,24,5,"203463,1610612758",0,114,185,67,0.362,455,195,0.429,103,74,0.718,68,40,1442.86666667,34,140,89,203463,Ben McLemore,20,531,148,52,0,SAC,1610612758,99,28,0.412
39,33.0,116,1,7,5,"2757,1610612748",1,64,44,15,0.341,198,86,0.434,20,18,0.9,44,18,707.645,8,51,39,2757,Beno Udrih,-23,205,72,14,0,MIA,1610612748,53,26,0.591
40,23.0,29,133,45,5,"202687,1610612761",9,473,1,0,0.0,288,156,0.542,226,142,0.628,82,26,1807.82,182,225,182,202687,Bismack Biyombo,85,454,655,19,0,TOR,1610612761,71,56,0.683
41,27.0,170,17,12,5,"201933,1610612746",13,243,18,6,0.333,603,301,0.499,194,141,0.727,35,13,1170.28166667,51,95,185,201933,Blake Griffin,182,749,294,28,0,LAC,1610612746,83,22,0.629
42,27.0,21,23,13,5,"1626246,1610612759",3,121,0,0,0.0,174,105,0.603,114,87,0.763,54,7,507.805,73,54,82,1626246,Boban Marjanovic,55,297,194,12,0,SAS,1610612759,29,47,0.87
43,21.0,52,22,23,5,"1626171,1610612741",6,214,52,16,0.308,436,186,0.427,66,48,0.727,62,33,1102.08,123,100,66,1626171,Bobby Portis,-178,436,337,25,0,CHI,1610612741,54,29,0.468
44,27.0,99,5,74,5,"202711,1610612751",1,219,338,129,0.382,749,324,0.433,132,110,0.833,79,58,2114.645,36,119,114,202711,Bojan Bogdanovic,-391,887,255,29,0,BKN,1610612751,115,21,0.266
45,34.0,176,21,16,5,"2564,1610612759",0,175,69,25,0.362,383,202,0.527,76,56,0.737,76,12,1385.54666667,58,102,89,2564,Boris Diaw,292,485,233,26,0,SAS,1610612759,97,64,0.842
46,22.0,162,11,27,5,"203078,1610612764",0,147,271,105,0.387,799,359,0.449,176,135,0.767,55,27,1708.245,41,117,137,203078,Bradley Beal,-24,958,188,54,0,WAS,1610612764,112,28,0.509
47,28.0,6,15,1,5,"201148,1610612763",0,29,0,0,0.0,52,35,0.673,24,13,0.542,12,6,212.123333333,14,21,25,201148,Brandan Wright,-57,83,43,5,0,MEM,1610612763,10,6,0.5
48,23.0,0,1,2,5,"1626183,1610612746",0,2,0,0,0.0,5,2,0.4,1,1,1.0,6,1,28.865,2,2,1,1626183,Branden Dawson,-15,5,4,0,0,LAC,1610612746,0,5,0.833
49,31.0,74,55,35,5,"101138,1610612747",0,181,2,0,0.0,317,174,0.549,148,125,0.845,66,50,1342.41166667,104,125,115,101138,Brandon Bass,-22,473,285,33,0,LAL,1610612747,42,16,0.242
50,26.0,170,7,8,5,"201943,1610612753",1,80,155,51,0.329,304,112,0.368,78,57,0.731,48,28,867.455,16,57,65,201943,Brandon Jennings,13,332,96,29,0,ORL,1610612753,57,20,0.417
51,24.0,263,20,34,5,"202688,1610612756",4,166,351,120,0.342,895,371,0.415,183,156,0.852,52,36,1870.38666667,36,124,204,202688,Brandon Knight,-208,1018,202,61,1,PHX,1610612756,177,16,0.308
52,30.0,57,23,9,5,"201575,1610612744",0,160,157,65,0.414,260,111,0.427,28,18,0.643,72,9,1054.74166667,21,57,18,201575,Brandon Rush,-33,305,181,20,0,GSW,1610612744,33,63,0.875
53,30.0,54,2,7,5,"203148,1610612757",0,35,42,15,0.357,165,74,0.448,47,42,0.894,51,25,470.146666667,6,35,49,203148,Brian Roberts,-63,205,41,10,0,POR,1610612757,23,26,0.51
54,23.0,21,3,2,5,"1627362,1610612748",0,17,5,0,0.0,39,14,0.359,4,3,0.75,7,4,168.638333333,8,12,8,1627362,Briante Weber,-67,31,25,9,0,MIA,1610612748,9,3,0.429
55,28.0,146,124,61,5,"201572,1610612751",26,369,14,2,0.143,1157,591,0.511,403,317,0.787,73,52,2456.57,204,215,333,201572,Brook Lopez,-121,1501,573,58,0,BKN,1610612751,175,21,0.288
56,20.0,1,1,2,5,"203998,1610612761",0,1,7,1,0.143,12,1,0.083,0,0,0.0,6,0,42.6833333333,1,2,0,203998,Bruno Caboclo,-8,3,2,2,0,TOR,1610612761,4,6,1.0
57,23.0,3,0,0,5,"203955,1610612763",0,0,3,0,0.0,10,4,0.4,0,0,0.0,8,7,38.7583333333,0,2,0,203955,Bryce Cotton,-24,8,0,3,0,MEM,1610612763,5,1,0.125
58,23.0,15,2,6,5,"1626214,1610612740",0,40,32,12,0.375,69,28,0.406,21,11,0.524,14,6,278.556666667,8,17,18,1626214,Bryce Dejean-Jones,-39,79,48,10,0,NOP,1610612740,11,8,0.571
59,24.0,341,23,91,5,"203468,1610612757",2,212,472,197,0.417,1431,641,0.448,226,187,0.827,80,36,2779.895,47,187,206,203468,CJ McCollum,154,1666,259,97,0,POR,1610612757,196,44,0.55
60,29.0,63,29,28,5,"101139,1610612754",0,150,387,142,0.367,634,259,0.409,124,93,0.75,64,30,1463.60666667,25,142,106,101139,CJ Miles,2,753,175,53,0,IND,1610612754,70,34,0.531
61,32.0,88,5,3,5,"201228,1610612753",0,56,48,14,0.292,137,47,0.343,39,34,0.872,33,19,655.686666667,10,49,40,201228,CJ Watson,-51,142,66,19,0,ORL,1610612753,25,14,0.424
62,25.0,10,2,2,5,"203912,1610612746",0,11,23,9,0.391,66,26,0.394,12,9,0.75,23,8,166.818333333,1,15,13,203912,CJ Wilcox,22,70,12,10,0,LAC,1610612746,2,15,0.652
63,25.0,6,3,5,5,"203946,1610612741",0,24,5,1,0.2,40,13,0.325,8,7,0.875,18,14,102.6,4,19,6,203946,Cameron Bairstow,-8,34,28,2,0,CHI,1610612741,4,4,0.222
64,21.0,108,6,11,5,"1626166,1610612760",0,76,111,36,0.324,278,114,0.41,24,19,0.792,57,13,697.613333333,9,80,28,1626166,Cameron Payne,-28,283,85,36,0,OKC,1610612760,44,44,0.772
65,32.0,32,9,16,5,"201171,1610612755",0,97,13,6,0.462,250,139,0.556,91,67,0.736,36,31,569.39,49,69,61,201171,Carl Landry,-111,351,146,12,0,PHI,1610612755,22,5,0.139
66,32.0,299,38,76,5,"2546,1610612752",22,458,310,105,0.339,1307,567,0.434,403,334,0.829,72,40,2529.8,98,180,317,2546,Carmelo Anthony,-41,1573,556,62,0,NYK,1610612752,176,32,0.444
67,36.0,10,1,0,5,"2406,1610612758",0,17,18,3,0.167,59,25,0.424,12,10,0.833,17,15,175.668333333,5,19,9,2406,Caron Butler,-41,63,22,9,0,SAC,1610612758,3,2,0.118
68,27.0,169,21,42,5,"202718,1610612742",3,256,251,104,0.414,651,320,0.492,136,93,0.684,61,32,1799.20666667,29,114,131,202718,Chandler Parsons,-5,837,285,46,0,DAL,1610612742,95,29,0.475
69,33.0,71,28,6,5,"101112,1610612739",0,199,235,91,0.387,347,152,0.438,35,30,0.857,70,35,1199.15666667,35,127,64,101112,Channing Frye,104,425,234,29,0,CLE,1610612739,43,35,0.5
70,33.0,2,0,0,5,"101236,1610612745",0,8,0,0,0.0,2,1,0.5,2,2,1.0,2,1,23.8333333333,0,6,1,101236,Charles Hayes,-3,4,8,0,0,HOU,1610612745,3,1,0.5
71,31.0,24,15,12,5,"101111,1610612742",0,128,172,47,0.273,327,125,0.382,24,22,0.917,62,33,665.036666667,24,71,16,101111,Charlie Villanueva,-88,319,152,18,0,DAL,1610612742,31,29,0.468
72,28.0,64,10,12,5,"201978,1610612756",0,107,86,24,0.279,239,104,0.435,56,39,0.696,66,37,929.716666667,43,62,47,201978,Chase Budinger,0,271,150,32,0,PHX,1610612756,44,29,0.439
73,37.0,12,13,6,5,"2365,1610612763",0,62,14,4,0.286,72,38,0.528,36,25,0.694,27,16,402.531666667,36,29,35,2365,Chris Andersen,-70,105,98,15,0,MEM,1610612763,9,11,0.407
74,32.0,128,34,32,5,"2547,1610612748",15,342,222,81,0.365,767,358,0.467,268,213,0.795,53,24,1777.92666667,48,101,205,2547,Chris Bosh,31,1010,390,36,0,MIA,1610612748,78,29,0.547
75,32.0,11,0,2,5,"203142,1610612749",0,9,36,10,0.278,51,17,0.333,7,6,0.857,24,14,155.93,1,17,7,203142,Chris Copeland,-80,50,10,2,0,MIL,1610612749,6,10,0.417
76,26.0,45,20,14,5,"203187,1610612762",0,105,99,27,0.273,194,72,0.371,42,34,0.81,70,32,856.803333333,27,100,29,203187,Chris Johnson,0,205,132,32,0,UTA,1610612762,40,38,0.543
77,34.0,11,1,2,5,"2549,1610612757",0,17,4,1,0.25,43,20,0.465,3,3,1.0,16,5,111.766666667,7,15,3,2549,Chris Kaman,-31,44,24,1,0,POR,1610612757,8,11,0.688
78,21.0,9,12,9,5,"1626191,1610612751",0,43,34,13,0.382,109,44,0.404,23,11,0.478,24,17,362.12,25,39,17,1626191,Chris McCullough,-119,112,68,28,0,BKN,1610612751,15,7,0.292
79,31.0,738,13,29,5,"101108,1610612746",38,271,329,122,0.371,1114,515,0.462,328,294,0.896,74,24,2420.27166667,39,185,295,101108,Chris Paul,553,1446,310,152,0,LAC,1610612746,194,50,0.676
80,20.0,3,7,10,5,"1626174,1610612755",0,25,11,4,0.364,53,22,0.415,21,13,0.619,17,17,144.781666667,13,11,20,1626174,Christian Wood,-49,61,38,5,0,PHI,1610612755,2,0,0.0
81,25.0,6,3,4,5,"203921,1610612752",0,22,15,4,0.267,40,12,0.3,4,3,0.75,17,11,153.823333333,4,16,4,203921,Cleanthony Early,0,31,26,2,0,NYK,1610612752,9,6,0.353
82,20.0,0,2,1,5,"1626146,1610612757",0,4,0,0,0.0,10,5,0.5,0,0,0.0,8,5,35.9583333333,2,1,0,1626146,Cliff Alexander,-13,10,6,1,0,POR,1610612757,1,3,0.375
83,22.0,47,92,46,5,"203991,1610612745",10,300,1,0,0.0,397,231,0.582,211,80,0.379,77,38,1470.71,194,190,148,203991,Clint Capela,99,542,494,59,0,HOU,1610612745,60,39,0.506
84,23.0,71,63,60,5,"203469,1610612766",5,317,10,1,0.1,437,231,0.529,232,175,0.754,73,31,1773.715,138,204,184,203469,Cody Zeller,162,638,455,57,0,CHA,1610612766,68,42,0.575
85,27.0,50,68,18,5,"202332,1610612746",3,202,0,0,0.0,225,134,0.596,84,60,0.714,60,19,799.703333333,86,139,74,202332,Cole Aldrich,-26,328,288,47,0,LAC,1610612746,64,41,0.683
86,30.0,109,19,27,5,"201147,1610612745",0,157,224,61,0.272,552,212,0.384,140,105,0.75,82,41,1668.86666667,42,168,138,201147,Corey Brewer,-89,590,199,84,0,HOU,1610612745,78,41,0.5
87,25.0,0,1,3,5,"203928,1610612756",0,10,1,0,0.0,22,9,0.409,6,4,0.667,8,6,50.0633333333,6,8,4,203928,Cory Jefferson,-5,22,16,0,0,PHX,1610612756,0,2,0.25
88,24.0,250,20,46,5,"202709,1610612761",0,171,110,30,0.273,585,257,0.439,174,133,0.764,80,26,2046.185,38,131,160,202709,Cory Joseph,274,677,209,63,0,TOR,1610612761,102,54,0.675
89,23.0,0,0,0,5,"1626262,1610612738",0,1,2,2,1.0,4,2,0.5,0,0,0.0,3,3,5.80166666667,0,0,0,1626262,Coty Clarke,4,6,1,0,0,BOS,1610612738,1,0,0.0
90,30.0,136,28,27,5,"201584,1610612766",0,176,217,82,0.378,639,290,0.454,118,99,0.839,79,30,2334.47333333,29,134,74,201584,Courtney Lee,151,761,205,85,0,CHA,1610612766,72,49,0.62
91,23.0,26,13,5,5,"1626245,1610612741",0,72,4,0,0.0,72,40,0.556,35,25,0.714,31,17,320.603333333,30,31,22,1626245,Cristiano Felicio,53,105,102,6,0,CHI,1610612741,13,14,0.452
92,20.0,266,13,50,5,"1626156,1610612747",1,227,370,130,0.351,956,392,0.41,190,140,0.737,80,63,2259.03,47,142,174,1626156,D'Angelo Russell,-546,1054,274,93,0,LAL,1610612747,196,17,0.213
93,28.0,198,4,32,5,"201571,1610612743",2,87,168,68,0.405,350,148,0.423,128,103,0.805,62,27,1177.74,8,85,135,201571,D.J. Augustin,-32,467,95,38,0,DEN,1610612743,84,35,0.565
94,35.0,2,2,2,5,"2563,1610612739",0,4,2,1,0.5,14,6,0.429,0,0,0.0,1,1,42.35,1,6,1,2563,Dahntay Jones,-1,13,5,1,0,CLE,1610612739,0,0,0.0
95,25.0,512,28,93,5,"203081,1610612757",15,257,610,229,0.375,1474,618,0.419,464,414,0.892,75,35,2675.62,45,165,383,203081,Damian Lillard,94,1879,302,65,0,POR,1610612757,242,40,0.533
96,21.0,10,3,3,5,"203996,1610612749",0,29,13,3,0.231,37,13,0.351,8,7,0.875,20,15,156.351666667,2,11,7,203996,Damien Inglis,-44,36,31,6,0,MIL,1610612749,11,5,0.25
97,30.0,11,1,4,5,"204014,1610612750",0,15,50,17,0.34,62,25,0.403,8,8,1.0,33,24,277.285,5,33,6,204014,Damjan Rudez,-13,75,20,3,0,MIN,1610612750,13,9,0.273
98,27.0,135,19,49,5,"201568,1610612743",3,229,239,87,0.364,700,287,0.41,432,375,0.868,53,31,1838.70666667,52,87,334,201568,Danilo Gallinari,-103,1036,281,42,0,DEN,1610612743,77,22,0.415
99,29.0,141,64,21,5,"201980,1610612759",0,255,349,116,0.332,561,211,0.376,46,34,0.739,79,14,2061.57,48,141,63,201980,Danny Green,506,572,303,79,0,SAS,1610612759,75,65,0.823
100,29.0,77,33,24,5,"201967,1610612740",0,179,174,55,0.316,412,186,0.451,82,57,0.695,80,52,1970.94833333,57,173,63,201967,Dante Cunningham,-282,484,236,42,0,NOP,1610612740,41,28,0.35
101,28.0,96,48,21,5,"201589,1610612743",2,207,117,45,0.385,489,221,0.452,53,40,0.755,70,44,1516.04166667,86,185,52,201589,Darrell Arthur,-52,527,293,53,0,DEN,1610612743,66,26,0.371
102,28.0,318,4,59,5,"201954,1610612758",4,141,217,87,0.401,776,377,0.486,226,194,0.858,74,45,2218.83666667,28,142,168,201954,Darren Collison,-70,1035,169,77,0,SAC,1610612758,130,29,0.392
103,23.0,27,1,4,5,"1626199,1610612765",0,40,50,19,0.38,131,52,0.397,40,29,0.725,38,21,382.983333333,5,28,29,1626199,Darrun Hilliard,-4,152,45,9,0,DET,1610612765,19,17,0.447
104,33.0,84,28,42,5,"101135,1610612742",4,204,1,0,0.0,335,178,0.531,93,71,0.763,55,28,902.93,101,114,73,101135,David Lee,-82,427,305,22,0,DAL,1610612742,66,27,0.491
105,35.0,143,55,27,5,"2561,1610612759",1,237,7,3,0.429,448,244,0.545,80,63,0.788,78,15,1404.22833333,72,142,96,2561,David West,330,554,309,44,0,SAS,1610612759,68,63,0.808
106,27.0,90,177,20,5,"201599,1610612746",49,792,1,0,0.0,508,357,0.703,619,266,0.43,77,26,2597.615,267,207,465,201599,DeAndre Jordan,440,980,1059,51,0,LAC,1610612746,107,51,0.662
107,27.0,11,2,4,5,"201971,1610612764",0,37,1,0,0.0,68,28,0.412,13,5,0.385,29,17,218.07,20,53,20,201971,DeJuan Blair,-40,61,57,8,0,WAS,1610612764,15,12,0.414
108,26.0,315,21,97,5,"201942,1610612761",3,285,139,47,0.338,1377,614,0.446,653,555,0.85,78,25,2803.795,64,167,432,201942,DeMar DeRozan,175,1830,349,81,0,TOR,1610612761,175,53,0.679
109,25.0,214,92,119,5,"202326,1610612758",47,589,210,70,0.333,1332,601,0.451,663,476,0.718,65,36,2245.83833333,158,236,577,202326,DeMarcus Cousins,42,1748,747,101,1,SAC,1610612758,249,29,0.446
110,29.0,27,6,18,5,"201960,1610612761",0,91,118,46,0.39,270,105,0.389,50,30,0.6,26,10,786.441666667,31,63,45,201960,DeMarre Carroll,45,286,122,44,0,TOR,1610612761,28,16,0.615
111,24.0,31,3,8,5,"1626153,1610612761",0,29,13,5,0.385,80,36,0.45,35,26,0.743,27,8,229.241666667,8,7,22,1626153,Delon Wright,13,103,37,8,0,TOR,1610612761,16,19,0.704
112,22.0,349,9,69,5,"203471,1610612737",2,179,239,77,0.322,781,329,0.421,182,144,0.791,80,33,1620.95833333,25,138,177,203471,Dennis Schroder,225,879,204,70,0,ATL,1610612737,183,47,0.588
113,32.0,378,14,39,5,"101114,1610612742",4,171,282,97,0.344,775,321,0.414,206,179,0.869,65,34,2106.02166667,19,155,177,101114,Deron Williams,2,918,190,61,0,DAL,1610612742,150,31,0.477
114,24.0,94,91,63,5,"202324,1610612762",19,334,4,0,0.0,811,418,0.515,254,180,0.709,62,32,1983.16833333,169,150,200,202324,Derrick Favors,97,1016,503,74,0,UTA,1610612762,104,30,0.484
115,27.0,311,14,76,5,"201565,1610612741",1,179,150,44,0.293,1048,447,0.427,179,142,0.793,66,34,2097.42333333,46,84,153,201565,Derrick Rose,-166,1080,225,44,0,CHI,1610612741,175,32,0.485
116,25.0,75,9,37,5,"202682,1610612752",4,249,150,44,0.293,565,254,0.45,256,194,0.758,80,48,1434.865,47,69,175,202682,Derrick Williams,-206,746,296,29,0,NYK,1610612752,61,32,0.4
117,19.0,200,20,64,5,"1626164,1610612756",3,160,289,99,0.343,867,367,0.423,256,215,0.84,76,56,2107.68166667,27,225,243,1626164,Devin Booker,-374,1048,187,44,0,PHX,1610612756,160,20,0.263
118,33.0,118,13,17,5,"2734,1610612742",0,120,158,52,0.329,374,167,0.447,140,101,0.721,64,29,1280.45,18,124,141,2734,Devin Harris,-92,487,138,60,0,DAL,1610612742,66,35,0.547
119,23.0,12,1,3,5,"203906,1610612753",0,32,32,8,0.25,71,21,0.296,24,10,0.417,28,16,248.88,6,25,17,203906,Devyn Marble,-13,60,38,13,0,ORL,1610612753,7,12,0.429
120,26.0,13,46,15,5,"203473,1610612753",1,161,0,0,0.0,177,99,0.559,76,57,0.75,58,37,705.091666667,67,109,62,203473,Dewayne Dedmon,-36,255,228,22,0,ORL,1610612753,32,21,0.362
121,24.0,154,15,34,5,"203079,1610612760",0,166,240,86,0.358,706,282,0.399,157,112,0.713,78,25,2151.61833333,36,143,128,203079,Dion Waiters,212,762,202,81,0,OKC,1610612760,120,53,0.679
122,38.0,132,52,14,5,"1717,1610612742",10,437,342,126,0.368,1112,498,0.448,280,250,0.893,75,37,2363.49,52,161,302,1717,Dirk Nowitzki,257,1372,489,52,0,DAL,1610612742,84,38,0.507
123,28.0,268,4,24,5,"202388,1610612751",3,156,99,38,0.384,350,154,0.44,104,78,0.75,61,48,1317.88666667,17,73,97,202388,Donald Sloan,-125,424,173,32,0,BKN,1610612751,80,13,0.213
124,25.0,41,5,9,5,"202700,1610612745",0,72,57,16,0.281,205,90,0.439,53,34,0.642,37,18,546.643333333,37,69,67,202700,Donatas Motiejunas,45,230,109,17,0,HOU,1610612745,44,19,0.514
125,24.0,59,6,33,5,"203926,1610612741",0,158,259,110,0.425,644,291,0.452,84,72,0.857,81,40,1860.56,37,127,66,203926,Doug McDermott,-68,764,195,14,0,CHI,1610612741,53,41,0.506
126,26.0,598,113,55,5,"203110,1610612744",33,635,258,100,0.388,819,401,0.49,329,229,0.696,81,8,2807.99833333,134,240,310,203110,Draymond Green,1070,1131,769,119,13,GSW,1610612744,259,73,0.901
127,34.0,13,11,6,5,"2400,1610612764",2,57,41,7,0.171,103,33,0.32,14,9,0.643,30,12,305.178333333,28,40,19,2400,Drew Gooden,-83,82,85,8,0,WAS,1610612764,13,18,0.6
128,24.0,1,0,0,5,"1626251,1610612758",0,2,5,2,0.4,10,2,0.2,0,0,0.0,1,1,24.2333333333,2,2,0,1626251,Duje Dukan,-8,6,4,1,0,SAC,1610612758,0,0,0.0
129,30.0,98,113,48,5,"2730,1610612745",38,597,6,0,0.0,600,372,0.62,474,232,0.489,71,37,2279.69666667,238,219,385,2730,Dwight Howard,17,976,835,69,0,HOU,1610612745,166,34,0.479
130,24.0,44,24,20,5,"203939,1610612742",3,189,16,2,0.125,296,146,0.493,142,105,0.739,69,34,991.628333333,84,118,116,203939,Dwight Powell,-81,399,273,36,0,DAL,1610612742,40,35,0.507
131,34.0,344,42,42,5,"2548,1610612748",2,220,44,7,0.159,1183,540,0.456,406,322,0.793,74,31,2257.795,82,116,274,2548,Dwyane Wade,-8,1409,302,79,0,MIA,1610612748,203,43,0.581
132,27.0,99,18,25,5,"202734,1610612741",0,114,104,47,0.452,389,187,0.481,35,22,0.629,59,30,1263.2,19,103,41,202734,E'Twaun Moore,-37,443,133,37,0,CHI,1610612741,53,29,0.492
133,27.0,88,72,25,5,"202334,1610612757",9,375,0,0,0.0,337,206,0.611,204,114,0.559,81,38,1684.37,224,202,155,202334,Ed Davis,26,526,599,57,0,POR,1610612757,64,43,0.531
134,22.0,467,20,87,5,"203901,1610612753",14,184,92,30,0.326,730,318,0.436,190,112,0.589,73,41,2144.93666667,77,159,168,203901,Elfrid Payton,-69,778,261,89,1,ORL,1610612753,177,32,0.438
135,28.0,19,3,4,5,"202407,1610612762",0,29,12,1,0.083,39,11,0.282,18,13,0.722,20,11,172.775,6,33,15,202407,Elijah Millsap,21,36,35,7,0,UTA,1610612762,9,9,0.45
136,27.0,4,0,0,5,"202343,1610612763",0,3,4,1,0.25,10,2,0.2,4,3,0.75,5,1,45.1383333333,1,2,5,202343,Elliot Williams,-3,8,4,0,0,MEM,1610612763,1,4,0.8
137,37.0,18,8,2,5,"1882,1610612755",1,54,1,0,0.0,72,31,0.431,9,8,0.889,17,15,224.695,9,32,17,1882,Elton Brand,-38,70,63,9,0,PHI,1610612755,11,2,0.118
138,20.0,372,35,84,5,"1626144,1610612743",4,200,232,74,0.319,905,329,0.364,209,140,0.67,68,39,2067.78666667,32,141,156,1626144,Emmanuel Mudiay,-118,872,232,65,0,DEN,1610612743,217,29,0.426
139,24.0,33,33,79,5,"202683,1610612760",25,415,21,10,0.476,719,414,0.576,251,200,0.797,82,27,1720.67833333,249,166,208,202683,Enes Kanter,127,1038,664,26,0,OKC,1610612760,115,55,0.671
140,26.0,190,19,25,5,"202339,1610612756",3,107,129,48,0.372,492,223,0.453,172,138,0.802,31,19,1058.77166667,18,75,149,202339,Eric Bledsoe,-49,632,125,63,0,PHX,1610612756,110,12,0.387
141,27.0,121,14,30,5,"201569,1610612740",0,89,294,113,0.384,552,231,0.418,125,111,0.888,45,31,1481.35166667,10,98,113,201569,Eric Gordon,-70,686,99,43,0,NOP,1610612740,73,14,0.311
142,24.0,1,4,2,5,"203961,1610612758",0,8,0,0,0.0,6,3,0.5,4,2,0.5,8,7,47.5833333333,3,4,3,203961,Eric Moreland,6,8,11,0,0,SAC,1610612758,3,1,0.125
143,25.0,3,0,0,5,"203475,1610612762",0,3,5,1,0.2,13,5,0.385,2,2,1.0,9,3,42.1333333333,3,4,2,203475,Erick Green,-1,13,6,1,0,UTA,1610612762,0,6,0.667
144,29.0,67,33,41,5,"101141,1610612753",4,259,259,96,0.371,661,280,0.424,154,111,0.721,74,39,1880.37,144,171,177,101141,Ersan Ilyasova,-136,767,403,52,0,ORL,1610612753,71,35,0.473
145,23.0,214,2,70,5,"203095,1610612753",0,192,390,156,0.4,929,429,0.462,238,199,0.836,79,46,2565.97166667,33,214,213,203095,Evan Fournier,-191,1213,225,96,0,ORL,1610612753,133,33,0.418
146,27.0,359,28,43,5,"202323,1610612738",4,347,83,20,0.241,753,343,0.456,179,148,0.827,81,34,2270.715,50,139,159,202323,Evan Turner,101,854,397,80,0,BOS,1610612738,169,47,0.58
147,26.0,32,50,20,5,"203105,1610612744",6,166,0,0,0.0,228,125,0.548,132,70,0.53,46,4,770.188333333,91,94,110,203105,Festus Ezeli,223,320,257,18,0,GSW,1610612744,38,42,0.913
148,23.0,98,43,48,5,"1626163,1610612766",1,266,202,68,0.337,525,215,0.41,148,108,0.73,81,34,1707.65666667,69,126,109,1626163,Frank Kaminsky,-17,606,335,38,0,CHA,1610612766,58,47,0.58
149,30.0,140,18,35,5,"202066,1610612764",0,176,258,89,0.345,505,201,0.398,125,91,0.728,80,40,1951.16166667,36,195,135,202066,Garrett Temple,-39,582,212,69,0,WAS,1610612764,64,40,0.5
150,21.0,147,18,46,5,"203914,1610612743",0,166,297,105,0.354,765,359,0.469,133,109,0.82,76,45,2438.67,54,143,100,203914,Gary Harris,-211,932,220,97,0,DEN,1610612743,98,31,0.408
151,31.0,47,1,11,5,"202390,1610612764",0,72,100,41,0.41,325,151,0.465,55,47,0.855,40,22,807.43,11,55,42,202390,Gary Neal,-162,390,83,20,0,WAS,1610612764,29,18,0.45
152,30.0,259,17,33,5,"201588,1610612754",0,240,314,128,0.408,739,326,0.441,150,114,0.76,74,33,2524.39166667,58,149,195,201588,George Hill,95,894,298,83,0,IND,1610612754,101,41,0.554
153,30.0,56,19,19,5,"101123,1610612748",0,138,260,84,0.323,587,230,0.392,92,72,0.783,69,29,1557.21833333,25,123,79,101123,Gerald Green,45,616,163,38,0,MIA,1610612748,46,40,0.58
154,28.0,75,19,18,5,"201945,1610612757",0,181,136,48,0.353,529,232,0.439,146,112,0.767,72,33,1431.1,30,87,133,201945,Gerald Henderson,25,624,211,39,0,POR,1610612757,68,39,0.542
155,21.0,345,113,62,5,"203507,1610612749",21,499,109,28,0.257,1013,513,0.506,409,296,0.724,80,48,2823.41333333,113,258,331,203507,Giannis Antetokounmpo,-169,1350,612,94,5,MIL,1610612749,208,32,0.4
156,22.0,26,9,14,5,"203922,1610612754",0,56,37,14,0.378,151,65,0.43,39,27,0.692,45,21,508.181666667,12,21,35,203922,Glenn Robinson,-37,171,68,17,0,IND,1610612754,18,24,0.533
157,30.0,419,17,40,5,"201609,1610612748",5,223,205,64,0.312,875,417,0.477,165,120,0.727,72,28,2362.66166667,54,188,184,201609,Goran Dragic,205,1018,277,71,0,MIA,1610612748,185,44,0.611
158,26.0,296,27,57,5,"202330,1610612762",4,336,410,143,0.349,1202,521,0.433,477,393,0.824,80,42,2892.95666667,61,183,377,202330,Gordon Hayward,95,1578,397,95,0,UTA,1610612762,202,38,0.475
159,26.0,143,96,51,5,"203476,1610612750",15,428,20,6,0.3,579,308,0.532,248,205,0.827,82,53,2220.05166667,157,219,208,203476,Gorgui Dieng,-7,827,585,94,0,MIN,1610612750,140,29,0.354
160,26.0,178,67,98,5,"202328,1610612749",32,478,1,0,0.0,941,491,0.522,308,228,0.74,79,47,2314.185,218,163,253,202328,Greg Monroe,-111,1210,696,72,0,MIL,1610612749,129,32,0.405
161,25.0,6,1,8,5,"202962,1610612750",0,30,0,0,0.0,32,18,0.563,17,7,0.412,18,10,191.94,12,28,14,202962,Greg Smith,-77,43,42,4,0,MIN,1610612750,7,8,0.444
162,29.0,91,0,8,5,"202349,1610612749",0,42,73,18,0.247,138,45,0.326,26,22,0.846,23,14,459.911666667,5,42,28,202349,Greivis Vasquez,-94,130,47,10,0,MIL,1610612749,40,9,0.391
163,24.0,117,10,36,5,"203084,1610612744",1,248,214,82,0.383,633,295,0.466,134,102,0.761,66,7,2041.57666667,77,136,132,203084,Harrison Barnes,453,774,325,41,0,GSW,1610612744,57,59,0.894
164,27.0,29,269,41,5,"202355,1610612748",41,627,0,0,0.0,682,413,0.606,329,214,0.65,73,31,2125.32333333,238,201,275,202355,Hassan Whiteside,85,1040,865,44,3,MIA,1610612748,137,42,0.575
165,26.0,9,14,1,5,"203156,1610612751",0,51,0,0,0.0,77,33,0.429,30,25,0.833,14,12,263.038333333,21,37,21,203156,Henry Sims,-94,91,72,9,0,BKN,1610612751,12,2,0.143
166,25.0,99,24,17,5,"203138,1610612755",0,218,392,149,0.38,680,270,0.397,96,69,0.719,77,67,2153.9,54,187,88,203138,Hollis Thompson,-370,758,272,36,0,PHI,1610612755,76,10,0.13
167,25.0,64,13,11,5,"203546,1610612744",0,55,84,30,0.357,202,89,0.441,34,28,0.824,66,7,578.496666667,13,58,22,203546,Ian Clark,-80,236,68,17,0,GSW,1610612744,43,59,0.894
168,29.0,104,75,41,5,"101133,1610612754",9,369,0,0,0.0,448,264,0.589,225,132,0.587,71,30,1815.74666667,138,220,173,101133,Ian Mahinmi,112,660,507,65,0,IND,1610612754,100,41,0.577
169,26.0,92,19,16,5,"202697,1610612739",1,171,146,43,0.295,305,114,0.374,51,40,0.784,54,15,1316.33,32,119,60,202697,Iman Shumpert,182,311,203,54,0,CLE,1610612739,57,39,0.722
170,25.0,137,12,39,5,"203477,1610612755",0,154,485,176,0.363,722,260,0.36,180,150,0.833,77,67,1966.08166667,20,133,131,203477,Isaiah Canaan,-484,846,174,56,0,PHI,1610612755,91,10,0.13
171,27.0,509,9,109,5,"202738,1610612738",7,197,465,167,0.359,1382,591,0.428,544,474,0.871,82,34,2644.38666667,46,167,452,202738,Isaiah Thomas,299,1823,243,91,0,BOS,1610612738,220,48,0.585
172,27.0,502,24,54,5,"202397,1610612755",12,262,170,56,0.329,967,397,0.411,176,122,0.693,77,61,2238.79833333,43,133,170,202397,Ish Smith,-345,972,305,88,0,PHI,1610612755,175,16,0.208
173,24.0,0,0,0,5,"1626266,1610612762",0,1,0,0,0.0,1,0,0.0,0,0,0.0,2,0,6.26666666667,0,1,0,1626266,J.J. O'Brien,-8,0,1,1,0,UTA,1610612762,0,2,1.0
174,30.0,130,21,20,5,"2747,1610612739",1,174,510,204,0.4,850,353,0.415,71,45,0.634,77,24,2362.00166667,43,204,98,2747,J.R. Smith,310,955,217,81,0,CLE,1610612739,59,53,0.688
175,27.0,23,14,15,5,"201581,1610612764",2,93,1,0,0.0,155,80,0.516,103,46,0.447,35,18,436.546666667,39,47,63,201581,JJ Hickson,-59,206,132,15,0,WAS,1610612764,25,17,0.486
176,32.0,106,5,21,5,"200755,1610612746",0,129,421,200,0.475,880,422,0.48,205,182,0.888,75,25,2096.78166667,10,135,193,200755,JJ Redick,509,1226,139,42,0,LAC,1610612746,78,50,0.667
177,23.0,46,33,32,5,"203960,1610612743",0,144,63,14,0.222,317,140,0.442,122,80,0.656,73,55,1159.695,46,142,85,203960,JaKarr Sampson,-232,374,190,23,0,DEN,1610612743,70,18,0.247
178,26.0,67,33,48,5,"203210,1610612763",7,234,45,15,0.333,495,230,0.465,137,103,0.752,78,39,1446.12,139,189,111,203210,JaMychal Green,-43,578,373,46,0,MEM,1610612763,83,39,0.5
179,28.0,3,26,10,5,"201580,1610612742",1,80,1,0,0.0,134,77,0.575,36,18,0.5,34,19,369.8,53,49,38,201580,JaVale McGee,-54,172,133,5,0,DAL,1610612742,21,15,0.441
180,21.0,130,29,77,5,"203953,1610612749",6,272,35,9,0.257,899,443,0.493,228,175,0.768,76,44,2407.97166667,123,154,171,203953,Jabari Parker,-191,1070,395,69,0,MIL,1610612749,116,32,0.421
181,25.0,135,35,20,5,"203109,1610612738",5,303,363,122,0.336,813,360,0.443,239,196,0.82,73,30,2308.25166667,70,198,183,203109,Jae Crowder,215,1038,373,126,0,BOS,1610612738,83,43,0.589
182,20.0,65,61,68,5,"1626143,1610612755",11,251,6,1,0.167,781,397,0.508,194,133,0.686,53,47,1590.565,122,140,163,1626143,Jahlil Okafor,-497,928,373,22,0,PHI,1610612755,124,6,0.113
183,36.0,183,12,26,5,"2037,1610612746",0,125,344,117,0.34,939,379,0.404,271,245,0.904,79,28,2126.16666667,20,122,220,2037,Jamal Crawford,168,1120,145,52,0,LAC,1610612746,113,51,0.646
184,34.0,190,5,11,5,"2749,1610612743",0,96,144,43,0.299,307,113,0.368,35,30,0.857,39,27,1035.655,19,100,54,2749,Jameer Nelson,-132,299,115,25,0,DEN,1610612743,66,12,0.308
185,27.0,41,14,11,5,"202341,1610612758",0,73,86,23,0.267,178,67,0.376,29,22,0.759,51,32,721.01,13,54,30,202341,James Anderson,-82,179,86,21,0,SAC,1610612758,42,19,0.373
186,25.0,21,5,5,5,"203516,1610612740",0,21,58,26,0.448,113,54,0.478,34,25,0.735,22,11,328.515,21,28,32,203516,James Ennis,-45,159,42,16,0,NOP,1610612740,19,11,0.5
187,26.0,612,51,95,5,"201935,1610612745",23,438,657,236,0.359,1617,710,0.439,837,720,0.86,82,41,3124.635,63,229,555,201935,James Harden,125,2376,501,139,3,HOU,1610612745,374,41,0.5
188,29.0,67,33,13,5,"201949,1610612761",0,98,66,20,0.303,240,114,0.475,68,39,0.574,57,22,925.72,28,84,54,201949,James Johnson,4,287,126,29,0,TOR,1610612761,54,35,0.614
189,35.0,14,10,3,5,"2592,1610612739",0,42,104,41,0.394,142,58,0.408,26,21,0.808,48,15,463.42,8,50,26,2592,James Jones,-22,178,50,11,0,CLE,1610612739,13,33,0.688
190,23.0,17,8,15,5,"203949,1610612744",0,28,2,1,0.5,84,45,0.536,49,26,0.531,41,4,261.525,30,39,31,203949,James Michael McAdoo,-88,117,58,10,0,GSW,1610612744,16,37,0.902
191,20.0,9,1,2,5,"203923,1610612738",0,22,26,6,0.231,36,11,0.306,4,1,0.25,29,17,198.901666667,4,17,3,203923,James Young,-27,29,26,6,0,BOS,1610612738,5,12,0.414
192,25.0,20,2,17,5,"203099,1610612749",0,35,39,12,0.308,105,36,0.343,55,36,0.655,44,13,410.368333333,3,41,46,203099,Jared Cunningham,-44,120,38,14,0,MIL,1610612749,21,31,0.705
193,30.0,171,18,6,5,"201162,1610612764",0,232,238,100,0.42,487,233,0.478,98,72,0.735,81,41,2097.655,54,190,107,201162,Jared Dudley,61,638,286,75,0,WAS,1610612764,80,40,0.494
194,24.0,187,47,50,5,"203096,1610612738",25,479,103,29,0.282,806,351,0.435,161,103,0.64,81,34,1914.63333333,194,209,163,203096,Jared Sullinger,210,834,673,75,0,BOS,1610612738,102,47,0.58
195,24.0,5,1,3,5,"204067,1610612764",0,21,47,15,0.319,65,20,0.308,8,8,1.0,26,13,146.766666667,2,5,5,204067,Jarell Eddie,-33,63,23,5,0,WAS,1610612764,1,13,0.5
196,22.0,15,7,15,5,"1626185,1610612763",0,47,2,0,0.0,116,54,0.466,62,45,0.726,27,17,379.54,39,58,42,1626185,Jarell Martin,-39,153,86,8,0,MEM,1610612763,19,10,0.37
197,22.0,1,0,0,5,"203950,1610612748",0,3,0,0,0.0,5,3,0.6,2,1,0.5,7,6,18.5833333333,1,1,1,203950,Jarnell Stokes,9,7,4,1,0,MIA,1610612748,0,1,0.143
198,32.0,236,7,23,5,"101127,1610612751",6,127,102,31,0.304,358,140,0.391,112,100,0.893,32,22,1026.65333333,9,77,83,101127,Jarrett Jack,-131,411,136,34,0,BKN,1610612751,94,10,0.313
199,30.0,62,65,21,5,"201160,1610612753",1,166,16,4,0.25,503,244,0.485,67,54,0.806,76,43,1180.995,53,163,78,201160,Jason Smith,-38,546,219,33,0,ORL,1610612753,57,33,0.434
200,38.0,103,9,4,5,"1891,1610612745",0,65,261,93,0.356,376,151,0.402,33,27,0.818,72,35,1257.65,14,91,32,1891,Jason Terry,33,422,79,47,0,HOU,1610612745,49,37,0.514
201,29.0,29,20,8,5,"201574,1610612761",0,102,15,5,0.333,108,52,0.481,54,38,0.704,47,9,471.381666667,32,80,39,201574,Jason Thompson,-7,147,134,12,0,TOR,1610612761,15,38,0.809
202,29.0,5,3,3,5,"201965,1610612746",0,18,1,0,0.0,23,12,0.522,6,6,1.0,17,6,106.618333333,4,18,7,201965,Jeff Ayres,-46,30,22,0,0,LAC,1610612746,6,11,0.647
203,29.0,138,40,56,5,"201145,1610612746",1,258,213,67,0.315,824,354,0.43,220,164,0.745,80,32,2253.245,74,164,182,201145,Jeff Green,-42,939,332,58,0,LAC,1610612746,93,48,0.6
204,28.0,470,24,88,5,"201952,1610612737",4,181,274,110,0.401,988,434,0.439,312,261,0.837,79,32,2254.76833333,33,167,249,201952,Jeff Teague,67,1239,214,97,0,ATL,1610612737,218,47,0.595
205,26.0,20,53,16,5,"203481,1610612762",2,117,2,0,0.0,162,87,0.537,59,43,0.729,51,26,657.783333333,56,75,49,203481,Jeff Withey,56,217,173,21,0,UTA,1610612762,28,25,0.49
206,22.0,135,127,76,5,"203924,1610612755",3,262,146,35,0.24,599,251,0.419,322,212,0.658,77,68,2066.35833333,99,215,284,203924,Jerami Grant,-491,749,361,54,0,PHI,1610612755,110,9,0.117
207,28.0,2,9,2,5,"202379,1610612742",0,43,16,4,0.25,48,26,0.542,21,15,0.714,30,14,251.408333333,11,19,20,202379,Jeremy Evans,-42,71,54,6,0,DAL,1610612742,7,16,0.533
208,24.0,77,30,20,5,"203087,1610612766",1,208,181,56,0.309,510,230,0.451,88,64,0.727,66,26,1227.255,44,105,85,203087,Jeremy Lamb,152,580,252,42,0,CHA,1610612766,50,40,0.606
209,27.0,235,42,65,5,"202391,1610612766",1,211,226,76,0.336,728,300,0.412,292,238,0.815,78,31,2047.53833333,42,165,311,202391,Jeremy Lin,84,914,253,58,0,CHA,1610612766,150,47,0.603
210,23.0,177,10,29,5,"1626170,1610612752",0,120,100,22,0.22,391,154,0.394,123,96,0.78,76,47,1264.89,23,97,112,1626170,Jerian Grant,-165,426,143,50,0,NYK,1610612752,87,29,0.382
211,27.0,163,11,20,5,"201573,1610612749",1,120,231,101,0.437,437,185,0.423,90,70,0.778,52,31,1504.81833333,21,111,88,201573,Jerryd Bayless,-186,541,141,47,0,MIL,1610612749,73,21,0.404
212,27.0,1,0,0,5,"202690,1610612752",0,0,2,1,0.5,5,2,0.4,5,4,0.8,6,5,17.5583333333,0,2,2,202690,Jimmer Fredette,-25,9,0,1,0,NYK,1610612752,2,1,0.167
213,26.0,321,43,56,5,"202710,1610612741",10,279,205,64,0.312,1035,470,0.454,475,395,0.832,67,30,2473.725,79,124,368,202710,Jimmy Butler,-13,1399,358,110,2,CHI,1610612741,132,37,0.552
214,31.0,110,29,16,5,"201149,1610612741",1,168,1,0,0.0,133,51,0.383,45,22,0.489,29,14,635.423333333,87,77,43,201149,Joakim Noah,-35,124,255,18,0,CHI,1610612741,52,15,0.517
215,28.0,3,0,2,5,"201975,1610612765",0,4,9,4,0.444,20,7,0.35,4,4,1.0,3,0,43.4866666667,1,2,2,201975,Jodie Meeks,9,22,5,0,0,DET,1610612765,1,3,1.0
216,24.0,2,0,0,5,"203925,1610612739",0,3,4,1,0.25,4,1,0.25,0,0,0.0,5,0,15.1033333333,0,1,0,203925,Joe Harris,-21,3,3,0,0,CLE,1610612739,1,5,1.0
217,28.0,96,4,7,5,"204060,1610612762",0,132,210,81,0.386,291,124,0.426,18,13,0.722,81,41,1241.39166667,19,98,43,204060,Joe Ingles,2,342,151,55,0,UTA,1610612762,65,40,0.494
218,34.0,318,4,28,5,"2207,1610612748",3,243,313,120,0.383,859,377,0.439,142,118,0.831,81,50,2703.23333333,49,146,137,2207,Joe Johnson,-54,992,292,61,0,MIA,1610612748,159,31,0.383
219,24.0,65,0,6,5,"1626202,1610612754",0,44,46,10,0.217,169,62,0.367,25,20,0.8,41,22,383.496666667,6,30,26,1626202,Joe Young,-33,154,50,15,0,IND,1610612754,33,19,0.463
220,33.0,1,12,1,5,"201202,1610612765",0,13,0,0,0.0,10,6,0.6,8,6,0.75,19,7,95.7033333333,8,15,6,201202,Joel Anthony,-17,18,21,2,0,DET,1610612765,2,12,0.632
221,24.0,56,15,32,5,"203530,1610612743",5,213,53,13,0.245,380,195,0.513,69,62,0.899,59,35,1041.24333333,77,115,66,203530,Joffrey Lauvergne,-221,465,290,13,0,DEN,1610612743,54,24,0.407
222,25.0,54,109,12,5,"203089,1610612749",3,134,1,0,0.0,291,164,0.564,117,69,0.59,57,35,959.473333333,87,131,85,203089,John Henson,-146,397,221,18,0,MIL,1610612749,64,22,0.386
223,25.0,35,1,6,5,"203098,1610612756",0,49,51,16,0.314,160,71,0.444,24,20,0.833,43,25,480.303333333,8,22,23,203098,John Jenkins,-65,178,57,8,0,PHX,1610612756,27,18,0.419
224,25.0,789,59,73,5,"202322,1610612764",49,337,328,115,0.351,1349,572,0.424,344,272,0.791,77,40,2783.99833333,42,159,292,202322,John Wall,101,1531,379,145,4,WAS,1610612764,318,37,0.481
225,23.0,32,8,18,5,"203948,1610612749",0,111,1,1,1.0,209,86,0.411,38,26,0.684,66,39,857.085,65,100,39,203948,Johnny O'Bryant,-131,199,176,18,0,MIL,1610612749,31,27,0.409
226,27.0,72,30,30,5,"202720,1610612756",10,297,110,42,0.382,466,224,0.481,101,77,0.762,67,45,1255.30166667,76,125,95,202720,Jon Leuer,-67,567,373,38,0,PHX,1610612756,75,22,0.328
227,29.0,62,24,23,5,"201973,1610612738",1,211,108,43,0.398,286,118,0.413,78,61,0.782,78,31,1176.48,77,137,71,201973,Jonas Jerebko,33,340,288,20,0,BOS,1610612738,52,47,0.603
228,24.0,42,80,48,5,"202685,1610612761",22,363,0,0,0.0,536,303,0.565,213,162,0.761,60,20,1556.955,184,158,188,202685,Jonas Valanciunas,146,768,547,25,0,TOR,1610612761,85,40,0.667
229,26.0,58,5,24,5,"203613,1610612759",0,80,47,18,0.383,242,122,0.504,92,69,0.75,55,8,812.813333333,16,103,90,203613,Jonathon Simmons,94,331,96,24,0,SAS,1610612759,53,47,0.855
230,21.0,3,0,0,5,"203919,1610612763",0,2,1,0,0.0,6,2,0.333,5,3,0.6,2,2,14.6666666667,0,2,2,203919,Jordan Adams,4,7,2,3,0,MEM,1610612763,2,0,0.0
231,24.0,192,7,87,5,"203903,1610612747",1,220,320,111,0.347,1098,475,0.433,204,164,0.804,79,62,2552.485,93,168,185,203903,Jordan Clarkson,-628,1225,313,88,0,LAL,1610612747,135,17,0.215
232,29.0,37,2,7,5,"200770,1610612763",0,21,45,16,0.356,100,42,0.42,10,10,1.0,12,10,291.293333333,4,22,17,200770,Jordan Farmar,-64,110,25,15,0,MEM,1610612763,18,2,0.167
233,25.0,25,3,5,5,"202706,1610612740",1,50,45,13,0.289,116,49,0.422,21,14,0.667,11,7,303.658333333,12,24,18,202706,Jordan Hamilton,-64,125,62,8,0,NOP,1610612740,17,4,0.364
234,28.0,87,37,31,5,"201941,1610612754",9,295,1,0,0.0,549,278,0.506,125,89,0.712,73,33,1512.68333333,156,155,91,201941,Jordan Hill,48,645,451,36,0,IND,1610612754,92,40,0.548
235,25.0,25,1,8,5,"203895,1610612739",0,16,22,10,0.455,78,34,0.436,28,21,0.75,22,12,195.935,4,17,23,203895,Jordan McRae,44,99,20,3,0,CLE,1610612739,15,10,0.455
236,21.0,1,11,5,5,"1626175,1610612738",0,7,0,0,0.0,22,8,0.364,10,5,0.5,16,7,57.1783333333,6,5,7,1626175,Jordan Mickey,6,21,13,0,0,BOS,1610612738,1,9,0.563
237,27.0,17,0,0,5,"203268,1610612766",0,7,2,0,0.0,11,6,0.545,11,10,0.909,12,3,63.3,0,3,10,203268,Jorge Gutierrez,8,22,7,3,0,CHA,1610612766,6,9,0.75
238,34.0,298,7,10,5,"101181,1610612752",1,207,203,84,0.414,455,209,0.459,48,42,0.875,72,43,2023.72166667,22,135,76,101181,Jose Calderon,-74,544,229,63,0,NYK,1610612752,87,29,0.403
239,32.0,302,2,45,5,"200826,1610612742",2,126,260,100,0.385,711,317,0.446,96,74,0.771,74,36,1666.90833333,26,110,129,200826,Jose Juan Barea,-73,808,152,26,0,DAL,1610612742,113,38,0.514
240,24.0,0,2,0,5,"203962,1610612760",0,8,6,4,0.667,12,5,0.417,4,0,0.0,5,3,54.9833333333,2,3,2,203962,Josh Huestis,2,14,10,1,0,OKC,1610612760,3,2,0.4
241,29.0,81,7,8,5,"201177,1610612748",1,83,49,12,0.245,148,55,0.372,40,28,0.7,42,15,594.676666667,22,68,34,201177,Josh McRoberts,6,150,105,18,0,MIA,1610612748,30,27,0.643
242,22.0,73,25,20,5,"1626196,1610612748",0,86,115,53,0.461,272,123,0.452,63,42,0.667,52,23,1106.96666667,21,107,61,1626196,Josh Richardson,39,341,107,36,0,MIA,1610612748,35,29,0.558
243,30.0,90,47,15,5,"2746,1610612745",0,141,143,41,0.287,349,127,0.364,67,37,0.552,55,24,879.973333333,51,118,64,2746,Josh Smith,-84,332,192,34,0,HOU,1610612745,77,31,0.564
244,26.0,391,22,49,5,"201950,1610612740",5,168,259,87,0.336,935,410,0.439,216,182,0.843,65,38,1830.915,27,148,184,201950,Jrue Holiday,27,1089,195,88,0,NOP,1610612740,167,27,0.415
245,21.0,144,29,81,5,"203944,1610612747",34,657,36,10,0.278,835,358,0.429,270,193,0.715,81,64,2286.13,172,242,212,203944,Julius Randle,-681,919,829,53,1,LAL,1610612747,149,17,0.21
246,22.0,29,25,11,5,"1626147,1610612742",1,114,83,22,0.265,175,71,0.406,55,44,0.8,55,27,646.876666667,18,45,34,1626147,Justin Anderson,8,208,132,19,0,DAL,1610612742,24,28,0.509
247,26.0,0,0,0,5,"202712,1610612765",0,1,9,4,0.444,10,4,0.4,2,1,0.5,5,1,35.0833333333,0,3,1,202712,Justin Harper,-32,13,1,1,0,DET,1610612765,2,4,0.8
248,27.0,56,19,20,5,"203200,1610612741",0,78,105,36,0.343,228,88,0.386,37,27,0.73,53,25,772.486666667,12,61,47,203200,Justin Holiday,-89,239,90,32,0,CHI,1610612741,39,28,0.528
249,20.0,118,26,43,5,"1626159,1610612748",0,322,116,32,0.276,462,195,0.422,117,80,0.684,78,32,2232.285,81,184,92,1626159,Justise Winslow,105,502,403,68,0,MIA,1610612748,95,46,0.59
250,21.0,40,44,26,5,"203994,1610612743",4,110,3,0,0.0,242,101,0.417,99,61,0.616,32,18,547.091666667,65,91,93,203994,Jusuf Nurkic,-7,263,175,24,0,DEN,1610612743,55,14,0.438
251,23.0,10,6,3,5,"203909,1610612745",0,26,25,7,0.28,72,29,0.403,30,24,0.8,37,20,235.39,16,30,21,203909,KJ McDaniels,75,89,42,7,0,HOU,1610612745,17,17,0.459
252,20.0,161,138,69,5,"1626157,1610612750",52,629,88,30,0.341,1153,625,0.542,275,223,0.811,82,53,2626.54166667,229,245,244,1626157,Karl-Anthony Towns,-131,1503,858,58,0,MIN,1610612750,183,29,0.354
253,24.0,186,71,29,5,"202695,1610612759",12,398,291,129,0.443,1090,551,0.506,334,292,0.874,72,12,2379.62166667,95,133,281,202695,Kawhi Leonard,653,1523,493,128,0,SAS,1610612759,105,60,0.833
254,24.0,1,0,0,5,"203951,1610612753",0,1,3,0,0.0,8,2,0.25,2,2,1.0,5,5,26.85,0,5,2,203951,Keith Appling,14,6,1,1,0,ORL,1610612753,3,0,0.0
255,25.0,105,33,33,5,"203482,1610612738",1,209,210,85,0.405,556,253,0.455,128,96,0.75,69,29,1394.785,72,163,119,203482,Kelly Olynyk,218,687,281,52,0,BOS,1610612738,74,40,0.58
256,20.0,13,7,20,5,"1626162,1610612764",0,108,79,25,0.316,211,90,0.427,49,31,0.633,63,32,671.381666667,25,100,51,1626162,Kelly Oubre,-46,236,133,22,0,WAS,1610612764,34,31,0.492
257,26.0,421,39,103,5,"202689,1610612766",3,301,490,182,0.371,1331,568,0.427,438,371,0.847,81,34,2885.01666667,56,111,346,202689,Kemba Walker,239,1689,357,126,0,CHA,1610612766,171,47,0.58
258,24.0,73,2,5,5,"203088,1610612755",0,26,49,16,0.327,118,43,0.364,13,9,0.692,30,27,399.63,2,30,21,203088,Kendall Marshall,-114,111,28,16,0,PHI,1610612755,43,3,0.1
259,31.0,31,11,7,5,"2570,1610612740",0,103,0,0,0.0,75,40,0.533,25,11,0.44,37,24,542.008333333,25,64,26,2570,Kendrick Perkins,-76,91,128,11,0,NOP,1610612740,41,13,0.351
260,26.0,79,60,59,5,"202702,1610612743",21,346,2,1,0.5,626,349,0.558,222,136,0.613,67,41,1694.46833333,235,169,209,202702,Kenneth Faried,-109,835,581,32,0,DEN,1610612743,91,26,0.388
261,26.0,171,38,38,5,"203145,1610612737",1,351,305,109,0.357,725,320,0.441,151,123,0.815,75,31,2082.66333333,28,176,172,203145,Kent Bazemore,76,872,379,98,0,ATL,1610612737,138,44,0.587
262,23.0,138,17,35,5,"203484,1610612765",1,212,369,114,0.309,960,403,0.42,228,185,0.811,76,35,2788.73166667,70,167,189,203484,Kentavious Caldwell-Pope,177,1105,282,110,0,DET,1610612765,105,41,0.539
263,27.0,361,85,38,5,"201142,1610612760",27,544,481,186,0.387,1381,698,0.505,498,447,0.898,72,20,2577.58666667,45,137,326,201142,Kevin Durant,647,2029,589,69,1,OKC,1610612760,250,52,0.722
264,40.0,62,10,2,5,"708,1610612750",0,135,1,0,0.0,115,54,0.47,21,14,0.667,38,24,555.705,15,70,26,708,Kevin Garnett,56,122,150,28,0,MIN,1610612750,16,14,0.368
265,27.0,185,41,53,5,"201567,1610612739",35,613,439,158,0.36,977,409,0.419,314,258,0.822,77,24,2424.38333333,149,159,281,201567,Kevin Love,428,1234,762,58,0,CLE,1610612739,142,53,0.688
266,33.0,58,3,21,5,"2755,1610612759",0,96,136,49,0.36,419,156,0.372,172,153,0.89,55,31,1094.95,14,83,105,2755,Kevin Martin,-123,514,110,26,0,SAS,1610612759,54,24,0.436
267,26.0,47,36,12,5,"202338,1610612752",0,95,2,0,0.0,205,84,0.41,23,19,0.826,48,33,526.521666667,31,67,20,202338,Kevin Seraphin,-87,187,126,8,0,NYK,1610612752,43,15,0.313
268,20.0,0,0,1,5,"1626172,1610612744",0,6,2,1,0.5,7,4,0.571,0,0,0.0,5,1,20.5983333333,4,2,0,1626172,Kevon Looney,-22,9,10,0,0,GSW,1610612744,1,4,0.8
269,24.0,331,19,42,5,"203114,1610612749",1,258,361,143,0.396,1142,507,0.444,312,277,0.888,79,46,2852.0,44,204,249,203114,Khris Middleton,-29,1434,302,131,0,MIL,1610612749,180,33,0.418
270,35.0,73,2,6,5,"2550,1610612737",0,62,62,24,0.387,129,49,0.38,16,15,0.938,46,20,630.998333333,8,64,33,2550,Kirk Hinrich,13,137,70,15,0,ATL,1610612737,30,26,0.565
271,26.0,166,49,42,5,"202691,1610612744",0,271,650,276,0.425,1386,651,0.47,221,193,0.873,80,9,2666.08166667,35,152,167,202691,Klay Thompson,836,1771,306,60,0,GSW,1610612744,138,71,0.888
272,37.0,184,13,36,5,"977,1610612747",2,206,467,133,0.285,1113,398,0.358,281,232,0.826,66,53,1863.32333333,41,115,174,977,Kobe Bryant,-571,1161,247,62,0,LAL,1610612747,129,13,0.197
273,27.0,33,70,30,5,"201585,1610612758",5,254,0,0,0.0,444,236,0.532,104,57,0.548,78,46,1482.41666667,169,185,92,201585,Kosta Koufos,-229,529,423,40,0,SAC,1610612758,48,32,0.41
274,25.0,16,5,8,5,"203123,1610612743",0,32,32,10,0.313,66,24,0.364,14,9,0.643,26,18,294.015,8,24,17,203123,Kostas Papanikolaou,-9,67,40,13,0,DEN,1610612743,21,8,0.308
275,31.0,36,23,17,5,"2743,1610612737",1,161,108,34,0.315,295,121,0.41,84,67,0.798,53,24,834.695,57,94,76,2743,Kris Humphries,-102,343,218,16,0,ATL,1610612737,38,29,0.547
276,20.0,94,134,26,5,"204001,1610612752",21,394,243,81,0.333,886,373,0.421,240,201,0.838,72,44,2046.47,132,205,224,204001,Kristaps Porzingis,15,1028,526,53,0,NYK,1610612752,121,28,0.389
277,22.0,123,29,16,5,"203937,1610612759",1,219,37,12,0.324,295,138,0.468,83,62,0.747,78,14,1244.96166667,25,97,80,203937,Kyle Anderson,202,350,244,60,0,SAS,1610612759,59,64,0.821
278,35.0,164,35,12,5,"2594,1610612737",0,246,397,158,0.398,617,268,0.434,54,45,0.833,80,34,2400.815,14,161,66,2594,Kyle Korver,427,739,260,60,0,ATL,1610612737,98,46,0.575
279,30.0,494,34,74,5,"200768,1610612761",12,310,547,212,0.388,1198,512,0.427,491,398,0.811,77,23,2851.405,55,211,433,200768,Kyle Lowry,380,1634,365,158,1,TOR,1610612761,225,54,0.701
280,26.0,72,49,18,5,"203124,1610612752",1,174,22,5,0.227,271,129,0.476,60,46,0.767,65,39,764.256666667,76,107,57,203124,Kyle O'Quinn,-63,309,250,20,0,NYK,1610612752,61,26,0.4
281,28.0,24,9,13,5,"202713,1610612760",0,91,97,30,0.309,221,86,0.389,44,29,0.659,68,25,977.135,50,120,43,202713,Kyle Singler,-22,231,141,30,0,OKC,1610612760,32,43,0.632
282,24.0,250,18,54,5,"202681,1610612739",1,113,262,84,0.321,879,394,0.448,191,169,0.885,53,16,1667.43833333,44,107,152,202681,Kyrie Irving,206,1041,157,56,0,CLE,1610612739,124,37,0.698
283,30.0,110,81,37,5,"200746,1610612759",26,456,16,0,0.0,1045,536,0.513,302,259,0.858,74,13,2260.90166667,176,151,240,200746,LaMarcus Aldridge,507,1331,632,38,0,SAS,1610612759,99,61,0.824
284,24.0,39,2,5,5,"203934,1610612737",0,46,49,12,0.245,80,28,0.35,22,16,0.727,35,12,395.033333333,4,45,23,203934,Lamar Patterson,33,84,50,9,0,ATL,1610612737,23,23,0.657
285,25.0,133,9,30,5,"202362,1610612763",1,183,78,30,0.385,474,228,0.481,111,87,0.784,69,33,1372.32333333,40,135,94,202362,Lance Stephenson,-64,573,223,43,0,MEM,1610612763,94,36,0.522
286,28.0,53,7,24,5,"202498,1610612752",0,97,109,44,0.404,382,169,0.442,119,102,0.857,59,34,1313.40166667,34,109,108,202498,Lance Thomas,-42,484,131,22,0,NYK,1610612752,57,25,0.424
287,24.0,207,22,22,5,"204038,1610612752",1,245,224,77,0.344,588,231,0.393,114,86,0.754,82,50,2033.29833333,43,177,86,204038,Langston Galloway,-106,625,288,77,0,NYK,1610612752,61,32,0.39
288,23.0,44,23,19,5,"1626204,1610612747",3,211,10,1,0.1,300,158,0.527,47,32,0.681,63,49,1265.73166667,101,124,58,1626204,Larry Nance Jr.,-95,349,312,54,0,LAL,1610612747,41,14,0.222
289,27.0,76,42,22,5,"202730,1610612754",4,262,0,0,0.0,370,191,0.516,73,46,0.63,79,36,1598.82333333,162,147,72,202730,Lavoy Allen,191,428,424,26,0,IND,1610612754,69,43,0.544
290,31.0,514,49,69,5,"2544,1610612739",28,454,282,87,0.309,1416,737,0.52,491,359,0.731,76,20,2708.39666667,111,143,413,2544,LeBron James,618,1920,565,104,3,CLE,1610612739,249,56,0.737
291,33.0,82,10,20,5,"2571,1610612744",0,89,110,39,0.355,370,171,0.462,62,52,0.839,68,8,1079.155,28,107,65,2571,Leandro Barbosa,42,433,117,44,0,GSW,1610612744,53,60,0.882
292,25.0,11,1,0,5,"203485,1610612765",0,7,8,1,0.125,25,8,0.32,4,3,0.75,8,7,60.7333333333,0,4,3,203485,Lorenzo Brown,-30,20,7,3,0,DET,1610612765,9,1,0.125
293,33.0,12,7,3,5,"200811,1610612752",0,26,0,0,0.0,53,19,0.358,27,14,0.519,29,18,204.435,23,44,22,200811,Lou Amundson,-49,52,49,6,0,NYK,1610612752,15,11,0.379
294,29.0,167,19,40,5,"101150,1610612747",0,138,320,110,0.344,693,283,0.408,424,352,0.83,67,53,1906.745,31,107,258,101150,Lou Williams,-399,1028,169,62,0,LAL,1610612747,107,14,0.209
295,29.0,30,19,32,5,"201601,1610612746",0,111,40,13,0.325,207,94,0.454,57,30,0.526,75,26,1273.835,60,100,46,201601,Luc Mbah a Moute,154,231,171,44,0,LAC,1610612746,34,49,0.653
296,23.0,7,12,3,5,"203512,1610612761",0,28,3,1,0.333,44,28,0.636,15,8,0.533,29,12,224.696666667,18,29,11,203512,Lucas Nogueira,24,65,46,12,0,TOR,1610612761,11,17,0.586
297,23.0,1,0,2,5,"1626242,1610612757",0,4,9,1,0.111,19,5,0.263,4,3,0.75,12,6,42.0366666667,0,1,3,1626242,Luis Montero,-39,14,4,0,0,POR,1610612757,4,6,0.5
298,36.0,66,27,35,5,"2449,1610612761",3,276,161,65,0.404,598,269,0.45,84,61,0.726,76,26,1636.23,85,178,107,2449,Luis Scola,-26,664,361,46,0,TOR,1610612761,68,50,0.658
299,27.0,53,7,25,5,"202337,1610612740",1,123,109,44,0.404,289,122,0.422,50,39,0.78,47,31,845.1,25,90,48,202337,Luke Babbitt,-26,327,148,11,0,NOP,1610612740,23,16,0.34
300,31.0,140,29,31,5,"2736,1610612748",13,335,256,88,0.344,745,339,0.455,192,145,0.755,74,29,2393.94333333,108,122,165,2736,Luol Deng,26,911,443,74,0,MIA,1610612748,81,45,0.608
301,38.0,177,11,22,5,"1938,1610612759",0,120,179,70,0.391,435,197,0.453,112,91,0.813,58,11,1134.12666667,26,99,138,1938,Manu Ginobili,329,555,146,66,0,SAS,1610612759,99,47,0.81
302,31.0,196,70,25,5,"201188,1610612763",9,304,3,2,0.667,707,328,0.464,245,203,0.829,52,22,1791.045,58,141,230,201188,Marc Gasol,11,861,362,50,1,MEM,1610612763,118,30,0.577
303,33.0,182,7,14,5,"1626273,1610612747",0,72,61,16,0.262,230,97,0.422,29,27,0.931,53,45,868.816666667,18,76,34,1626273,Marcelo Huertas,19,237,90,26,0,LAL,1610612747,80,8,0.151
304,32.0,106,96,50,5,"101162,1610612764",41,519,1,0,0.0,764,433,0.567,207,146,0.705,75,40,2255.91666667,222,193,213,101162,Marcin Gortat,62,1012,741,47,0,WAS,1610612764,121,35,0.467
305,30.0,127,2,9,5,"201158,1610612758",0,107,297,91,0.306,635,245,0.386,138,115,0.833,68,41,1671.58166667,10,91,127,201158,Marco Belinelli,-188,696,117,37,0,SAC,1610612758,80,27,0.397
306,26.0,201,23,29,5,"202694,1610612765",4,313,298,108,0.362,945,410,0.434,271,203,0.749,80,38,2856.485,91,170,261,202694,Marcus Morris,157,1131,404,67,0,DET,1610612765,140,42,0.525
307,22.0,185,18,40,5,"203935,1610612738",2,179,241,61,0.253,529,184,0.348,166,129,0.777,61,25,1666.775,76,183,188,203935,Marcus Smart,85,558,255,91,1,BOS,1610612738,80,36,0.59
308,29.0,84,4,21,5,"201977,1610612764",0,112,270,91,0.337,542,216,0.399,79,67,0.848,61,29,1108.12833333,38,90,57,201977,Marcus Thornton,40,590,150,47,0,WAS,1610612764,51,32,0.525
309,30.0,230,13,27,5,"201596,1610612763",0,133,149,46,0.309,444,182,0.41,262,218,0.832,61,23,1372.76666667,24,181,239,201596,Mario Chalmers,77,628,157,88,0,MEM,1610612763,110,38,0.623
310,21.0,109,17,15,5,"1626209,1610612753",0,148,192,67,0.349,418,181,0.433,54,49,0.907,79,46,1412.83666667,28,124,57,1626209,Mario Hezonja,-4,478,176,39,0,ORL,1610612753,97,33,0.418
311,24.0,91,15,10,5,"203900,1610612751",1,99,121,38,0.314,322,127,0.394,94,71,0.755,62,50,982.346666667,23,94,87,203900,Markel Brown,-235,363,122,38,0,BKN,1610612751,54,12,0.194
312,26.0,124,34,40,5,"202693,1610612764",2,279,155,47,0.303,718,305,0.425,147,108,0.735,64,42,1628.875,73,184,133,202693,Markieff Morris,-88,765,352,58,0,WAS,1610612764,135,22,0.344
313,28.0,61,34,31,5,"201578,1610612744",1,162,62,24,0.387,456,197,0.432,114,94,0.825,72,8,832.45,77,117,114,201578,Marreese Speights,10,512,239,19,0,GSW,1610612744,66,64,0.889
314,30.0,110,77,28,5,"101107,1610612766",10,394,378,152,0.402,747,338,0.452,144,120,0.833,81,34,2338.08166667,127,133,129,101107,Marvin Williams,249,948,521,58,0,CHA,1610612766,62,47,0.58
315,26.0,226,85,64,5,"203486,1610612757",15,427,4,0,0.0,517,267,0.516,335,215,0.642,82,38,2083.36333333,201,253,272,203486,Mason Plumlee,32,749,628,68,0,POR,1610612757,154,44,0.537
316,36.0,163,57,35,5,"2440,1610612763",7,336,370,119,0.322,693,264,0.381,138,111,0.804,76,38,2190.15333333,84,234,103,2440,Matt Barnes,-212,758,420,78,1,MEM,1610612763,121,38,0.5
317,36.0,9,1,2,5,"2588,1610612759",0,24,34,15,0.441,57,29,0.509,4,3,0.75,30,5,205.895,3,16,5,2588,Matt Bonner,63,76,27,6,0,SAS,1610612759,3,25,0.833
318,25.0,337,9,20,5,"203521,1610612739",1,129,239,98,0.41,511,207,0.405,66,57,0.864,76,22,1867.235,33,178,90,203521,Matthew Dellavedova,381,569,162,44,0,CLE,1610612739,116,54,0.711
319,23.0,67,35,31,5,"203090,1610612757",4,179,140,39,0.279,411,195,0.474,111,69,0.622,78,38,1457.01166667,101,124,74,203090,Maurice Harkless,29,498,280,49,0,POR,1610612757,62,40,0.513
320,36.0,27,11,15,5,"1897,1610612747",0,70,84,26,0.31,177,55,0.311,57,40,0.702,35,29,589.876666667,19,67,42,1897,Metta World Peace,-64,176,89,22,0,LAL,1610612747,15,6,0.171
321,24.0,92,18,8,5,"203086,1610612757",4,263,228,86,0.377,435,195,0.448,46,35,0.761,61,28,1332.59333333,51,183,61,203086,Meyers Leonard,99,511,314,8,0,POR,1610612757,77,33,0.541
322,27.0,16,9,13,5,"201563,1610612745",1,69,9,3,0.333,205,107,0.522,49,38,0.776,20,10,362.586666667,29,39,32,201563,Michael Beasley,-67,255,98,11,0,HOU,1610612745,24,10,0.5
323,24.0,281,41,43,5,"203487,1610612749",6,228,55,15,0.273,555,251,0.452,160,106,0.663,54,33,1649.30333333,48,162,175,203487,Michael Carter-Williams,-130,623,276,80,0,MIL,1610612749,153,21,0.389
324,22.0,9,3,8,5,"203077,1610612766",2,33,7,3,0.429,61,33,0.541,29,20,0.69,7,2,204.741666667,12,9,22,203077,Michael Kidd-Gilchrist,58,89,45,3,0,CHA,1610612766,8,5,0.714
325,28.0,342,16,33,5,"201144,1610612763",4,138,215,78,0.363,696,294,0.422,229,191,0.834,56,23,1760.47833333,26,100,184,201144,Mike Conley,64,857,164,67,0,MEM,1610612763,84,33,0.589
326,35.0,39,10,11,5,"2399,1610612741",0,75,99,39,0.394,188,77,0.41,37,29,0.784,31,18,702.636666667,8,66,34,2399,Mike Dunleavy,-66,222,83,14,0,CHI,1610612741,26,13,0.419
327,36.0,40,4,3,5,"2034,1610612743",0,47,52,19,0.365,62,22,0.355,0,0,0.0,47,26,372.96,6,53,6,2034,Mike Miller,-90,63,53,13,0,DEN,1610612743,17,21,0.447
328,24.0,34,27,2,5,"203488,1610612737",0,79,39,12,0.308,152,76,0.5,39,31,0.795,60,26,564.891666667,38,72,35,203488,Mike Muscala,-33,195,117,13,0,ATL,1610612737,27,34,0.567
329,27.0,78,17,12,5,"203118,1610612737",0,153,158,62,0.392,376,176,0.468,63,50,0.794,75,29,1145.90833333,53,102,58,203118,Mike Scott,114,464,206,25,0,ATL,1610612737,42,46,0.613
330,27.0,16,50,14,5,"203101,1610612749",0,138,0,0,0.0,233,140,0.601,59,34,0.576,61,38,869.896666667,94,73,54,203101,Miles Plumlee,-100,314,232,21,0,MIL,1610612749,40,23,0.377
331,30.0,89,21,36,5,"203141,1610612756",2,247,460,181,0.393,777,332,0.427,155,120,0.774,79,56,1685.52666667,55,159,131,203141,Mirza Teletovic,-169,965,302,32,0,PHX,1610612756,84,23,0.291
332,24.0,3,2,3,5,"203956,1610612760",0,14,4,0,0.0,23,11,0.478,10,4,0.4,20,3,72.45,4,10,6,203956,Mitch McGary,-49,26,18,1,0,OKC,1610612760,7,17,0.85
333,33.0,98,5,14,5,"2590,1610612739",0,66,102,36,0.353,302,132,0.437,42,38,0.905,41,14,747.946666667,6,60,39,2590,Mo Williams,-50,338,72,14,0,CLE,1610612739,57,27,0.659
334,30.0,383,37,33,5,"101145,1610612754",1,229,282,87,0.309,1021,436,0.427,206,162,0.786,81,37,2734.00666667,42,174,194,101145,Monta Ellis,108,1121,271,150,0,IND,1610612754,203,44,0.543
335,22.0,17,11,8,5,"1626149,1610612745",0,40,1,0,0.0,90,58,0.644,46,24,0.522,39,22,378.611666667,25,48,32,1626149,Montrezl Harrell,38,140,65,11,0,HOU,1610612745,17,17,0.436
336,20.0,41,86,24,5,"1626167,1610612754",4,264,14,3,0.214,530,264,0.498,121,88,0.727,60,28,1367.185,68,158,122,1626167,Myles Turner,-69,619,332,25,0,IND,1610612754,67,32,0.533
337,32.0,4,0,0,5,"101126,1610612740",0,0,1,0,0.0,1,0,0.0,0,0,0.0,2,2,23.2966666667,0,5,0,101126,Nate Robinson,-20,0,0,1,0,NOP,1610612740,0,0,0.0
338,38.0,0,0,0,5,"1737,1610612760",0,3,0,0,0.0,5,3,0.6,2,2,1.0,5,0,19.4583333333,1,4,1,1737,Nazr Mohammed,-3,8,4,0,0,OKC,1610612760,3,5,1.0
339,28.0,82,21,10,5,"202357,1610612750",3,161,125,48,0.384,235,110,0.468,55,40,0.727,60,40,1074.80333333,49,154,61,202357,Nemanja Bjelica,-127,308,210,26,0,MIN,1610612750,47,20,0.333
340,33.0,97,26,22,5,"2403,1610612764",1,207,3,0,0.0,384,209,0.544,185,107,0.578,57,29,1093.91,52,156,165,2403,Nene,32,525,259,54,0,WAS,1610612764,76,28,0.491
341,22.0,122,100,39,5,"203457,1610612755",16,388,2,1,0.5,587,306,0.521,227,134,0.59,67,57,1965.26166667,154,192,195,203457,Nerlens Noel,-459,747,542,118,0,PHI,1610612755,158,10,0.149
342,35.0,52,16,10,5,"2555,1610612760",0,103,2,0,0.0,109,50,0.459,33,23,0.697,59,20,699.261666667,68,107,42,2555,Nick Collison,24,123,171,15,0,OKC,1610612760,50,39,0.661
343,31.0,34,7,10,5,"201156,1610612747",0,83,237,77,0.325,372,126,0.339,76,63,0.829,54,41,1033.39333333,14,50,45,201156,Nick Young,-201,392,97,23,0,LAL,1610612747,30,13,0.241
344,27.0,403,43,27,5,"201587,1610612766",11,373,399,139,0.348,873,372,0.426,192,163,0.849,70,29,2447.71,55,114,151,201587,Nicolas Batum,211,1046,428,65,2,CHA,1610612766,205,41,0.586
345,22.0,138,20,34,5,"203917,1610612755",0,160,325,106,0.326,545,210,0.385,118,91,0.771,73,65,1808.80333333,23,115,98,203917,Nik Stauskas,-403,617,183,44,0,PHI,1610612755,94,8,0.11
346,21.0,189,50,57,5,"203999,1610612743",16,379,84,28,0.333,600,307,0.512,190,154,0.811,80,49,1732.56833333,181,208,198,203999,Nikola Jokic,92,796,560,79,0,DEN,1610612743,104,31,0.388
347,25.0,100,46,24,5,"202703,1610612741",5,304,346,135,0.39,609,248,0.407,181,146,0.807,66,29,1646.11,58,151,137,202703,Nikola Mirotic,41,777,362,58,0,CHI,1610612741,102,37,0.561
348,30.0,11,0,2,5,"201593,1610612750",0,14,0,0,0.0,50,19,0.38,20,16,0.8,12,10,156.315,7,22,18,201593,Nikola Pekovic,-63,54,21,1,0,MIN,1610612750,9,2,0.167
349,25.0,179,70,56,5,"202696,1610612753",29,402,9,2,0.222,1046,533,0.51,150,113,0.753,65,37,2036.73,174,173,159,202696,Nikola Vucevic,-45,1181,576,53,0,ORL,1610612753,123,28,0.431
350,20.0,30,26,24,5,"203943,1610612757",0,214,46,11,0.239,278,117,0.421,51,38,0.745,78,37,1173.50166667,91,152,48,203943,Noah Vonleh,-59,283,305,27,0,POR,1610612757,50,41,0.526
351,23.0,47,10,24,5,"1626181,1610612761",0,95,89,36,0.404,229,97,0.424,53,43,0.811,49,17,725.226666667,16,59,43,1626181,Norman Powell,64,273,111,29,0,TOR,1610612761,32,32,0.653
352,27.0,167,5,17,5,"202708,1610612740",2,141,102,33,0.324,484,196,0.405,65,52,0.8,45,25,1198.31333333,10,102,72,202708,Norris Cole,-104,477,151,37,0,NOP,1610612740,75,20,0.444
353,28.0,118,8,17,5,"201564,1610612749",0,92,162,52,0.321,321,119,0.371,40,31,0.775,41,24,1089.67666667,13,126,45,201564,O.J. Mayo,-56,321,105,48,0,MIL,1610612749,72,17,0.415
354,29.0,26,23,38,5,"201600,1610612740",2,294,0,0,0.0,195,104,0.533,112,61,0.545,68,39,1178.10666667,120,124,104,201600,Omer Asik,-204,269,414,21,0,NOP,1610612740,60,29,0.426
355,28.0,95,17,29,5,"201956,1610612758",6,352,274,112,0.409,622,299,0.481,159,103,0.648,69,42,1880.405,58,154,136,201956,Omri Casspi,10,813,410,56,0,SAC,1610612758,94,27,0.391
356,27.0,2,3,3,5,"203111,1610612740",0,11,10,2,0.2,34,9,0.265,8,6,0.75,7,6,101.71,4,9,6,203111,Orlando Johnson,-37,26,15,3,0,NOP,1610612740,4,1,0.143
357,23.0,120,32,27,5,"203490,1610612764",5,294,267,98,0.367,717,339,0.473,126,95,0.754,75,39,2275.90666667,97,163,115,203490,Otto Porter,45,871,391,105,0,WAS,1610612764,70,36,0.48
358,23.0,38,11,16,5,"203798,1610612763",1,149,241,70,0.29,408,145,0.355,64,50,0.781,66,35,1313.09333333,25,137,65,203798,PJ Hairston,-191,410,174,32,0,MEM,1610612763,41,31,0.47
359,31.0,177,20,44,5,"200782,1610612756",7,347,206,68,0.33,582,239,0.411,142,106,0.746,82,59,2539.565,165,202,155,200782,PJ Tucker,-354,652,512,106,0,PHX,1610612756,111,23,0.28
360,39.0,130,1,5,5,"203143,1610612746",0,76,95,28,0.295,147,55,0.374,8,7,0.875,59,22,822.603333333,38,82,32,203143,Pablo Prigioni,-65,145,114,53,0,LAC,1610612746,49,37,0.627
361,23.0,10,0,5,5,"1626192,1610612757",0,21,21,5,0.238,49,13,0.265,5,5,1.0,34,17,143.466666667,11,6,5,1626192,Pat Connaughton,-13,36,32,2,0,POR,1610612757,10,17,0.5
362,27.0,239,26,32,5,"201976,1610612745",1,177,310,124,0.4,594,258,0.434,88,60,0.682,71,36,2040.7,73,234,99,201976,Patrick Beverley,134,700,250,94,0,HOU,1610612745,91,35,0.493
363,27.0,94,32,10,5,"202335,1610612761",0,265,293,106,0.362,493,204,0.414,34,29,0.853,79,25,2019.59166667,77,128,54,202335,Patrick Patterson,403,543,342,53,0,TOR,1610612761,65,54,0.684
364,27.0,226,6,12,5,"201988,1610612759",0,131,320,123,0.384,612,260,0.425,58,47,0.81,81,15,1662.04333333,27,102,121,201988,Patty Mills,379,690,158,59,0,SAS,1610612759,76,66,0.815
365,35.0,294,146,59,5,"2200,1610612741",46,638,69,24,0.348,995,467,0.469,289,229,0.792,72,36,2291.475,155,148,261,2200,Pau Gasol,-3,1187,793,42,2,CHI,1610612741,164,36,0.5
366,26.0,329,29,77,5,"202331,1610612754",15,484,566,210,0.371,1449,605,0.418,528,454,0.86,81,37,2818.93333333,79,230,434,202331,Paul George,182,1874,563,152,0,IND,1610612754,265,44,0.543
367,31.0,265,139,71,5,"200794,1610612737",32,534,232,74,0.319,1066,501,0.47,408,309,0.757,81,33,2647.225,198,237,360,200794,Paul Millsap,216,1385,732,147,0,ATL,1610612737,191,48,0.593
368,38.0,71,17,17,5,"1718,1610612746",0,174,242,75,0.31,397,144,0.363,66,54,0.818,68,24,1230.51333333,12,129,61,1718,Paul Pierce,56,417,186,33,0,LAC,1610612746,58,44,0.647
369,25.0,75,4,9,5,"203515,1610612756",0,28,18,4,0.222,78,30,0.385,25,13,0.52,23,20,283.443333333,3,28,21,203515,Phil Pressey,-38,77,31,18,0,PHX,1610612756,33,3,0.13
370,25.0,27,24,6,5,"203112,1610612758",0,123,49,19,0.388,214,119,0.556,68,50,0.735,59,38,875.91,65,103,75,203112,Quincy Acy,-129,307,188,29,0,SAC,1610612758,27,21,0.356
371,22.0,13,4,4,5,"1626154,1610612738",0,35,63,19,0.302,98,36,0.367,7,6,0.857,36,15,314.568333333,2,29,10,1626154,RJ Hunter,-28,97,37,14,0,BOS,1610612738,11,21,0.583
372,30.0,839,10,54,5,"200765,1610612758",37,358,170,62,0.365,782,355,0.454,150,87,0.58,72,43,2536.68833333,77,175,153,200765,Rajon Rondo,-149,859,435,141,6,SAC,1610612758,278,29,0.403
373,24.0,0,0,0,5,"1626176,1610612754",0,0,0,0,0.0,2,2,1.0,0,0,0.0,1,0,6.1,1,1,0,1626176,Rakeem Christmas,-10,4,1,0,0,IND,1610612754,0,1,1.0
374,30.0,239,5,40,5,"201196,1610612764",3,178,111,36,0.324,592,280,0.473,283,214,0.756,82,41,1667.05166667,25,102,213,201196,Ramon Sessions,-54,810,203,46,0,WAS,1610612764,115,41,0.5
375,32.0,161,29,26,5,"200751,1610612760",0,132,250,75,0.3,482,169,0.351,74,61,0.824,81,44,1641.52166667,24,131,69,200751,Randy Foye,26,474,156,39,0,OKC,1610612760,86,37,0.457
376,19.0,39,16,25,5,"1626173,1610612749",0,77,147,43,0.293,266,81,0.305,15,12,0.8,70,40,1000.69333333,11,73,18,1626173,Rashad Vaughn,-149,217,88,29,0,MIL,1610612749,28,30,0.429
377,37.0,24,23,4,5,"2446,1610612759",0,53,49,15,0.306,104,49,0.471,16,11,0.688,46,5,431.528333333,3,11,15,2446,Rasual Butler,79,124,56,13,0,SAS,1610612759,8,41,0.891
378,24.0,174,2,28,5,"203526,1610612762",0,103,162,64,0.395,418,180,0.431,70,52,0.743,81,41,1498.65166667,17,122,108,203526,Raul Neto,76,476,120,62,0,UTA,1610612762,109,40,0.494
379,25.0,60,7,13,5,"203492,1610612763",0,39,42,15,0.357,146,55,0.377,15,12,0.8,41,11,474.381666667,8,29,18,203492,Ray McCallum,21,137,47,12,0,MEM,1610612763,24,30,0.732
380,32.0,284,15,32,5,"101109,1610612742",3,222,213,60,0.282,682,277,0.406,176,149,0.847,80,40,2192.195,36,141,154,101109,Raymond Felton,-67,763,258,68,1,DAL,1610612742,121,40,0.5
381,25.0,27,2,5,5,"203493,1610612765",0,54,53,22,0.415,98,43,0.439,15,14,0.933,37,15,428.845,14,29,15,203493,Reggie Bullock,-58,122,68,10,0,DET,1610612765,8,22,0.595
382,26.0,492,11,69,5,"202704,1610612765",9,195,334,118,0.353,1244,540,0.434,337,291,0.864,79,36,2424.245,58,187,266,202704,Reggie Jackson,130,1489,253,59,0,DET,1610612765,223,43,0.544
383,36.0,59,14,11,5,"2210,1610612739",0,113,173,66,0.382,312,143,0.458,87,58,0.667,74,23,1325.65333333,15,129,79,2210,Richard Jefferson,-45,410,128,33,0,CLE,1610612739,43,51,0.689
384,22.0,33,40,19,5,"1626158,1610612755",0,73,44,8,0.182,222,114,0.514,74,51,0.689,51,44,702.001666667,62,92,65,1626158,Richaun Holmes,-52,287,135,19,0,PHI,1610612755,32,7,0.137
385,25.0,658,10,32,5,"201937,1610612750",14,286,190,62,0.326,586,219,0.374,314,266,0.847,76,48,2322.58666667,40,201,262,201937,Ricky Rubio,18,766,326,162,0,MIN,1610612750,193,28,0.368
386,25.0,97,40,40,5,"203496,1610612755",7,354,482,170,0.353,712,274,0.385,177,140,0.791,67,57,1903.01166667,65,232,132,203496,Robert Covington,-281,858,419,105,0,PHI,1610612755,143,10,0.149
387,27.0,14,10,9,5,"203135,1610612747",0,40,0,0,0.0,75,31,0.413,38,25,0.658,25,23,320.09,32,43,26,203135,Robert Sacre,-33,87,72,4,0,LAL,1610612747,12,2,0.08
388,28.0,114,129,27,5,"201577,1610612752",15,334,1,0,0.0,662,357,0.539,161,128,0.795,82,50,2218.91833333,268,182,141,201577,Robin Lopez,-97,842,602,16,0,NYK,1610612752,133,32,0.39
389,23.0,213,16,39,5,"203918,1610612762",0,229,449,161,0.359,972,408,0.42,200,172,0.86,79,40,2540.81666667,38,202,162,203918,Rodney Hood,132,1149,267,73,0,UTA,1610612762,125,39,0.494
390,30.0,142,8,30,5,"201155,1610612754",0,137,83,20,0.241,443,183,0.413,158,131,0.829,58,25,1275.46333333,19,77,136,201155,Rodney Stuckey,11,517,156,43,0,IND,1610612754,76,33,0.569
391,21.0,43,16,8,5,"1626178,1610612751",2,115,14,4,0.286,138,63,0.457,52,37,0.712,29,22,615.456666667,39,61,47,1626178,Rondae Hollis-Jefferson,-62,167,154,39,0,BKN,1610612751,26,7,0.241
392,33.0,147,13,12,5,"101179,1610612756",0,74,196,68,0.347,302,116,0.384,41,31,0.756,62,42,1211.18333333,25,161,72,101179,Ronnie Price,-72,331,99,74,0,PHX,1610612756,70,20,0.323
393,29.0,95,110,30,5,"201579,1610612747",3,266,2,0,0.0,411,182,0.443,145,117,0.807,81,64,1877.78666667,132,252,150,201579,Roy Hibbert,-684,481,398,32,0,LAL,1610612747,76,17,0.21
394,29.0,120,51,60,5,"200752,1610612758",7,353,215,74,0.344,1007,466,0.463,254,198,0.78,70,41,2378.71,103,184,212,200752,Rudy Gay,-82,1204,456,100,0,SAC,1610612758,139,29,0.414
395,24.0,91,135,42,5,"203497,1610612762",20,460,0,0,0.0,354,198,0.559,283,161,0.569,61,28,1932.13,208,163,240,203497,Rudy Gobert,150,557,668,45,0,UTA,1610612762,114,33,0.541
396,25.0,11,1,5,5,"203893,1610612763",0,8,5,1,0.2,22,7,0.318,13,8,0.615,15,9,66.185,1,5,8,203893,Russ Smith,-41,23,9,5,0,MEM,1610612763,7,6,0.4
397,27.0,834,20,84,5,"201566,1610612760",54,481,341,101,0.296,1444,656,0.454,573,465,0.812,80,25,2749.46833333,145,200,434,201566,Russell Westbrook,635,1878,626,163,18,OKC,1610612760,342,55,0.688
398,28.0,73,25,41,5,"201583,1610612740",8,265,358,131,0.366,929,397,0.427,228,199,0.873,66,42,2008.32,131,109,194,201583,Ryan Anderson,31,1124,396,38,0,NOP,1610612740,90,24,0.364
399,31.0,10,21,13,5,"200797,1610612763",0,51,0,0,0.0,79,49,0.62,42,26,0.619,37,19,459.673333333,47,62,49,200797,Ryan Hollins,-148,124,98,6,0,MEM,1610612763,24,18,0.486
400,25.0,20,10,13,5,"203527,1610612747",0,100,37,5,0.135,149,55,0.369,54,37,0.685,36,33,469.873333333,21,39,44,203527,Ryan Kelly,0,152,121,13,0,LAL,1610612747,18,3,0.083
401,30.0,10,36,15,5,"1626257,1610612742",3,82,1,0,0.0,78,49,0.628,46,27,0.587,34,18,397.23,41,54,44,1626257,Salah Mejri,41,125,123,8,0,DAL,1610612742,23,16,0.471
402,22.0,0,0,0,5,"1626155,1610612745",0,1,0,0,0.0,0,0,0.0,0,0,0.0,3,2,6.14833333333,0,0,0,1626155,Sam Dekker,-2,0,1,1,0,HOU,1610612745,0,1,0.333
403,31.0,3,5,5,5,"201619,1610612739",0,14,0,0,0.0,17,9,0.529,11,5,0.455,25,7,95.395,12,11,6,201619,Sasha Kaun,-4,23,26,4,0,CLE,1610612739,7,18,0.72
404,32.0,84,5,8,5,"2756,1610612752",0,123,143,52,0.364,277,106,0.383,39,32,0.821,61,39,908.408333333,26,83,53,2756,Sasha Vujacic,-44,296,149,34,0,NYK,1610612752,44,22,0.361
405,26.0,29,2,14,5,"203930,1610612751",0,44,114,39,0.342,270,123,0.456,67,60,0.896,31,24,616.175,12,37,52,203930,Sean Kilpatrick,-146,345,56,12,0,BKN,1610612751,31,7,0.226
406,26.0,66,148,27,5,"201586,1610612760",9,392,184,60,0.326,869,416,0.479,121,91,0.752,78,24,2500.29333333,141,211,102,201586,Serge Ibaka,532,983,533,38,0,OKC,1610612760,108,54,0.692
407,22.0,35,2,3,5,"203508,1610612751",0,50,37,11,0.297,74,30,0.405,28,26,0.929,40,31,399.423333333,8,27,33,203508,Sergey Karasev,-6,97,58,6,0,BKN,1610612751,22,9,0.225
408,25.0,67,3,12,5,"203552,1610612758",1,51,111,50,0.45,224,102,0.455,54,45,0.833,44,27,691.743333333,9,41,40,203552,Seth Curry,-38,299,60,22,0,SAC,1610612758,36,17,0.386
409,23.0,52,7,55,5,"203498,1610612750",0,167,152,44,0.289,681,317,0.465,242,185,0.764,82,53,1681.915,100,94,183,203498,Shabazz Muhammad,-267,863,267,24,0,MIN,1610612750,70,29,0.354
410,24.0,97,1,7,5,"203894,1610612753",0,46,104,34,0.327,201,68,0.338,45,33,0.733,55,32,599.865,9,38,47,203894,Shabazz Napier,-54,203,55,23,0,ORL,1610612753,46,23,0.418
411,23.0,342,12,31,5,"203499,1610612751",0,152,108,39,0.361,502,222,0.442,107,83,0.776,78,58,1750.56833333,28,121,123,203499,Shane Larkin,-344,566,180,95,0,BKN,1610612751,146,20,0.256
412,30.0,237,27,18,5,"2733,1610612744",0,127,12,2,0.167,379,203,0.536,93,80,0.86,78,9,1519.53333333,42,140,88,2733,Shaun Livingston,208,488,169,57,0,GSW,1610612744,78,69,0.885
413,25.0,3,1,0,5,"203963,1610612754",0,7,2,0,0.0,11,5,0.455,2,1,0.5,7,3,40.7166666667,5,7,2,203963,Shayne Whittington,-6,11,12,1,0,IND,1610612754,5,4,0.571
414,26.0,187,3,23,5,"202714,1610612762",3,115,125,39,0.312,415,182,0.439,61,45,0.738,52,25,1057.88666667,13,72,69,202714,Shelvin Mack,97,448,128,34,0,UTA,1610612762,95,27,0.519
415,25.0,57,11,13,5,"203524,1610612754",1,127,74,24,0.324,208,93,0.447,42,36,0.857,59,28,866.15,39,68,37,203524,Solomon Hill,46,246,166,37,0,IND,1610612754,33,31,0.525
416,29.0,49,1,10,5,"201603,1610612755",0,46,41,15,0.366,110,42,0.382,15,8,0.533,43,37,498.308333333,7,47,16,201603,Sonny Weems,-98,107,53,10,0,PHI,1610612755,41,6,0.14
417,23.0,22,0,4,5,"203915,1610612765",0,13,10,1,0.1,54,19,0.352,33,19,0.576,12,7,159.23,4,20,31,203915,Spencer Dinwiddie,-56,58,17,3,0,DET,1610612765,7,5,0.417
418,28.0,109,27,13,5,"201150,1610612766",1,193,102,38,0.373,306,124,0.405,65,54,0.831,57,27,1034.90333333,51,111,60,201150,Spencer Hawes,45,340,244,22,0,CHA,1610612766,58,30,0.526
419,20.0,118,12,35,5,"1626169,1610612765",3,248,205,63,0.307,600,225,0.375,102,80,0.784,73,36,1687.07166667,58,178,83,1626169,Stanley Johnson,-141,593,306,55,0,DET,1610612765,114,37,0.507
420,28.0,527,15,52,5,"201939,1610612744",15,362,886,402,0.454,1598,805,0.504,400,363,0.908,79,8,2700.025,68,161,356,201939,Stephen Curry,1022,2375,430,169,2,GSW,1610612744,262,71,0.899
421,36.0,200,5,10,5,"2581,1610612765",0,80,151,52,0.344,240,93,0.388,20,16,0.8,58,24,986.4,9,70,48,2581,Steve Blake,-56,254,89,24,0,DET,1610612765,81,34,0.586
422,33.0,0,0,0,5,"200779,1610612749",0,5,15,7,0.467,18,8,0.444,1,1,1.0,10,2,44.2883333333,0,3,2,200779,Steve Novak,7,24,5,0,0,MIL,1610612749,1,8,0.8
423,22.0,62,89,31,5,"203500,1610612760",6,314,0,0,0.0,426,261,0.613,196,114,0.582,80,26,2014.37666667,219,223,195,203500,Steven Adams,478,636,533,42,0,OKC,1610612760,84,54,0.675
424,24.0,367,10,24,5,"204456,1610612755",0,207,89,31,0.348,464,218,0.47,41,26,0.634,81,71,1605.98666667,43,114,74,204456,TJ McConnell,-277,493,250,95,0,PHI,1610612755,140,10,0.123
425,22.0,44,16,15,5,"203933,1610612756",1,90,70,28,0.4,441,221,0.501,64,45,0.703,47,33,1070.19,57,94,64,203933,TJ Warren,-115,515,147,37,0,PHX,1610612756,32,14,0.298
426,31.0,106,77,54,5,"201959,1610612741",7,298,3,0,0.0,500,263,0.526,146,101,0.692,73,36,1935.54166667,206,180,161,201959,Taj Gibson,-152,627,504,47,0,CHI,1610612741,78,37,0.507
427,24.0,16,18,9,5,"204028,1610612747",0,113,0,0,0.0,104,57,0.548,45,19,0.422,39,33,495.656666667,44,78,38,204028,Tarik Black,20,133,157,14,0,LAL,1610612747,22,6,0.154
428,36.0,74,13,4,5,"2419,1610612750",0,115,23,4,0.174,229,102,0.445,19,13,0.684,77,50,1461.59166667,32,62,28,2419,Tayshaun Prince,-129,221,147,36,0,MIN,1610612750,27,27,0.351
429,24.0,41,39,39,5,"203093,1610612745",0,149,79,25,0.316,367,166,0.452,116,77,0.664,50,26,1044.25166667,62,86,82,203093,Terrence Jones,-238,434,211,23,0,HOU,1610612745,49,24,0.48
430,25.0,56,25,15,5,"203082,1610612761",1,164,338,131,0.388,626,270,0.431,62,49,0.79,73,20,1747.37666667,21,120,46,203082,Terrence Ross,245,720,185,54,0,TOR,1610612761,46,53,0.726
431,22.0,37,1,4,5,"1626179,1610612738",0,39,27,6,0.222,106,29,0.274,10,8,0.8,39,15,311.325,24,23,15,1626179,Terry Rozier,-46,72,63,6,0,BOS,1610612738,19,24,0.615
432,32.0,107,37,26,5,"200757,1610612737",1,282,123,42,0.341,371,188,0.507,99,62,0.626,75,33,1757.54833333,52,109,85,200757,Thabo Sefolosha,-23,480,334,85,0,ATL,1610612737,68,42,0.56
433,28.0,136,37,77,5,"201152,1610612751",28,484,30,7,0.233,963,495,0.514,163,105,0.644,73,52,2407.5,176,182,157,201152,Thaddeus Young,-232,1102,660,112,0,BKN,1610612751,136,21,0.288
434,23.0,0,0,0,5,"203648,1610612752",0,1,1,0,0.0,4,3,0.75,0,0,0.0,2,1,6.25,0,2,0,203648,Thanasis Antetokounmpo,-6,6,1,0,0,NYK,1610612752,0,1,0.5
435,25.0,46,36,26,5,"203080,1610612751",8,223,1,0,0.0,291,130,0.447,109,47,0.431,71,55,916.443333333,136,111,90,203080,Thomas Robinson,-278,307,359,39,0,BKN,1610612751,69,16,0.225
436,31.0,30,12,19,5,"201168,1610612737",0,75,2,0,0.0,155,81,0.523,48,39,0.813,36,15,579.473333333,45,71,46,201168,Tiago Splitter,102,201,120,20,0,ATL,1610612737,24,21,0.583
437,26.0,2,2,4,5,"202353,1610612762",0,9,2,0,0.0,25,11,0.44,2,2,1.0,12,5,81.54,6,19,1,202353,Tibor Pleiss,-16,24,15,1,0,UTA,1610612762,8,7,0.583
438,40.0,163,78,38,5,"1495,1610612759",11,332,2,0,0.0,441,215,0.488,131,92,0.702,61,11,1536.35666667,115,125,112,1495,Tim Duncan,426,522,447,47,0,SAS,1610612759,90,50,0.82
439,25.0,162,2,22,5,"204025,1610612740",2,84,48,16,0.333,229,96,0.419,74,53,0.716,51,26,741.255,26,73,84,204025,Tim Frazier,-30,261,110,33,0,NOP,1610612740,65,25,0.49
440,24.0,51,7,15,5,"203501,1610612737",0,79,143,48,0.336,265,114,0.43,56,50,0.893,51,22,864.016666667,7,48,47,203501,Tim Hardaway Jr.,101,326,86,21,0,ATL,1610612737,23,29,0.569
441,29.0,33,57,30,5,"202389,1610612739",2,227,7,1,0.143,359,203,0.565,95,68,0.716,76,24,1325.575,110,159,116,202389,Timofey Mozgov,3,475,337,22,0,CLE,1610612739,71,52,0.684
442,23.0,169,40,71,5,"202699,1610612765",12,414,239,80,0.335,889,417,0.469,243,202,0.831,76,39,2513.42,96,153,189,202699,Tobias Harris,21,1116,510,65,0,DET,1610612765,108,37,0.487
443,30.0,157,5,29,5,"201962,1610612740",1,118,203,81,0.399,445,183,0.411,99,84,0.848,61,39,1262.19833333,25,131,96,201962,Toney Douglas,-140,531,143,70,0,NOP,1610612740,64,22,0.361
444,34.0,70,18,59,5,"2754,1610612763",1,192,42,15,0.357,469,215,0.458,138,90,0.652,64,30,1619.82166667,104,175,105,2754,Tony Allen,-92,535,296,110,0,MEM,1610612763,78,34,0.531
445,34.0,379,11,39,5,"2225,1610612759",3,159,65,27,0.415,710,350,0.493,171,130,0.76,72,13,1980.45833333,17,114,147,2225,Tony Parker,413,857,176,54,0,SAS,1610612759,131,59,0.819
446,24.0,63,17,28,5,"203503,1610612741",1,180,155,56,0.361,339,126,0.372,33,30,0.909,64,31,1301.01333333,19,100,38,203503,Tony Snell,96,338,199,16,0,CHI,1610612741,52,33,0.516
447,23.0,20,0,11,5,"203100,1610612752",0,19,17,3,0.176,65,22,0.338,37,20,0.541,8,8,144.3,2,11,24,203100,Tony Wroten,-68,67,21,3,0,NYK,1610612752,29,0,0.0
448,30.0,188,26,38,5,"2772,1610612745",1,299,499,185,0.371,859,357,0.416,161,126,0.783,81,41,2859.03833333,67,177,114,2772,Trevor Ariza,41,1025,366,160,0,HOU,1610612745,113,40,0.494
449,28.0,83,41,18,5,"202344,1610612762",4,286,41,12,0.293,388,190,0.49,106,71,0.67,79,40,1632.1,166,169,83,202344,Trevor Booker,64,463,452,59,0,UTA,1610612762,81,39,0.494
450,23.0,148,6,33,5,"203504,1610612762",0,94,256,88,0.344,634,262,0.413,82,67,0.817,64,33,1365.84333333,18,86,77,203504,Trey Burke,0,679,112,35,0,UTA,1610612762,80,31,0.484
451,20.0,59,18,15,5,"1626168,1610612762",2,240,128,49,0.383,436,191,0.438,82,57,0.695,80,42,1382.34333333,59,114,77,1626168,Trey Lyles,-44,488,299,26,0,UTA,1610612762,65,38,0.475
452,25.0,62,51,38,5,"202684,1610612739",23,470,0,0,0.0,420,247,0.588,242,149,0.616,82,25,2269.33,268,202,224,202684,Tristan Thompson,358,643,738,38,0,CLE,1610612739,61,57,0.695
453,24.0,21,3,3,5,"203584,1610612766",0,50,122,59,0.484,187,89,0.476,9,5,0.556,43,18,476.266666667,7,40,11,203584,Troy Daniels,-43,242,57,11,0,CHA,1610612766,24,25,0.581
454,28.0,237,7,28,5,"201951,1610612754",1,94,108,36,0.333,354,139,0.393,86,59,0.686,66,35,1411.20833333,26,87,83,201951,Ty Lawson,-158,373,120,53,0,IND,1610612754,95,31,0.47
455,21.0,95,1,18,5,"203898,1610612749",0,62,39,13,0.333,187,84,0.449,34,25,0.735,46,29,654.478333333,13,64,36,203898,Tyler Ennis,-70,206,75,25,0,MIL,1610612749,46,17,0.37
456,30.0,8,7,13,5,"201946,1610612766",1,49,3,2,0.667,71,32,0.451,65,38,0.585,44,16,342.741666667,40,55,51,201946,Tyler Hansbrough,-34,104,89,12,0,CHA,1610612766,12,28,0.636
457,24.0,79,14,20,5,"204020,1610612748",0,81,71,27,0.38,243,118,0.486,64,51,0.797,36,17,862.573333333,28,66,64,204020,Tyler Johnson,9,314,109,24,0,MIA,1610612748,47,19,0.528
458,26.0,29,22,20,5,"203092,1610612738",1,116,0,0,0.0,290,138,0.476,108,88,0.815,60,22,709.938333333,62,97,93,203092,Tyler Zeller,-65,364,178,10,0,BOS,1610612738,46,38,0.633
459,26.0,164,8,23,5,"201936,1610612740",6,109,85,33,0.388,314,136,0.433,93,74,0.796,25,14,765.335,20,66,74,201936,Tyreke Evans,-14,379,129,32,0,NOP,1610612740,73,11,0.44
460,33.0,64,44,23,5,"2199,1610612756",20,401,1,0,0.0,314,183,0.583,171,106,0.62,66,48,1617.94333333,175,145,155,2199,Tyson Chandler,-393,472,576,36,0,PHX,1610612756,93,18,0.273
461,20.0,108,3,12,5,"1626145,1610612750",0,40,53,16,0.302,156,56,0.359,39,28,0.718,37,24,572.72,7,33,35,1626145,Tyus Jones,-135,156,47,31,0,MIN,1610612750,33,13,0.351
462,36.0,14,2,1,5,"2617,1610612748",0,65,9,1,0.111,61,23,0.377,14,11,0.786,37,12,259.571666667,10,25,22,2617,Udonis Haslem,-17,58,75,5,0,MIA,1610612748,5,25,0.676
463,24.0,282,54,68,5,"203506,1610612753",3,297,282,98,0.348,970,425,0.438,247,205,0.83,72,40,2379.58,48,174,206,203506,Victor Oladipo,-24,1153,345,116,1,ORL,1610612753,153,32,0.444
464,39.0,56,16,14,5,"1713,1610612763",0,115,169,59,0.349,343,133,0.388,84,70,0.833,60,27,1005.38666667,31,101,76,1713,Vince Carter,-33,395,146,38,0,MEM,1610612763,35,33,0.55
465,24.0,3,6,2,5,"204002,1610612737",0,14,0,0,0.0,19,11,0.579,8,3,0.375,11,4,72.5166666667,7,8,4,204002,Walter Tavares,-10,25,21,1,0,ATL,1610612737,5,7,0.636
466,28.0,83,5,24,5,"201961,1610612751",0,154,268,96,0.358,561,218,0.389,63,54,0.857,76,58,1615.03166667,20,82,47,201961,Wayne Ellington,-322,586,174,48,0,BKN,1610612751,45,18,0.237
467,28.0,49,56,8,5,"202325,1610612746",0,211,309,103,0.333,515,208,0.404,46,30,0.652,80,29,1665.895,37,173,41,202325,Wesley Johnson,123,549,248,89,0,LAC,1610612746,54,51,0.638
468,29.0,151,17,39,5,"202083,1610612742",0,211,525,189,0.36,854,331,0.388,146,126,0.863,78,38,2644.30166667,27,179,151,202083,Wesley Matthews,105,977,238,78,0,DAL,1610612742,78,40,0.513
469,25.0,203,39,58,5,"203115,1610612743",6,417,325,112,0.345,983,425,0.432,268,216,0.806,82,49,2353.33833333,59,147,204,203115,Will Barton,-129,1178,476,71,0,DEN,1610612743,139,33,0.402
470,22.0,37,66,22,5,"1626161,1610612758",3,218,2,0,0.0,339,191,0.563,125,81,0.648,66,40,1411.50833333,134,146,89,1626161,Willie Cauley-Stein,-77,463,352,47,0,SAC,1610612758,46,26,0.394
471,26.0,10,30,8,5,"203186,1610612751",0,73,0,0,0.0,133,76,0.571,55,30,0.545,39,31,425.616666667,49,47,63,203186,Willie Reed,-80,182,122,6,0,BKN,1610612751,16,8,0.205
472,24.0,22,3,7,5,"204098,1610612763",0,28,23,9,0.391,77,32,0.416,14,7,0.5,14,11,244.293333333,3,25,15,204098,Xavier Munford,-25,80,31,13,0,MEM,1610612763,15,3,0.214
473,21.0,251,17,61,5,"203897,1610612750",0,201,316,123,0.389,959,433,0.452,203,161,0.793,82,53,2293.55,27,193,153,203897,Zach LaVine,-294,1150,228,69,0,MIN,1610612750,155,29,0.354
474,34.0,142,13,72,5,"2216,1610612763",17,350,26,6,0.231,907,431,0.475,216,172,0.796,68,31,2016.405,179,146,190,2216,Zach Randolph,-11,1040,529,43,1,MEM,1610612763,105,37,0.544
475,32.0,128,22,48,5,"2585,1610612742",26,469,3,0,0.0,470,219,0.466,276,212,0.768,76,36,2004.09,249,181,260,2585,Zaza Pachulia,0,650,718,64,0,DAL,1610612742,119,40,0.526
