,AGE,BLK,BLKA,CFID,CFPARAMS,GP,L,MIN,OPP_PTS_2ND_CHANCE,OPP_PTS_FB,OPP_PTS_OFF_TOV,OPP_PTS_PAINT,PF,PFD,PLAYER_ID,PLAYER_NAME,PTS_2ND_CHANCE,PTS_FB,PTS_OFF_TOV,PTS_PAINT,TEAM_ABBREVIATION,TEAM_ID,W,W_PCT
0,30.0,0.0,0.0,5,"201143,1610612737",1,1,0.366,0.272,0.155,0.0,0.466,0.0,0.0,201143,Al Horford,0.0,0.116,0.0,0.0,ATL,1610612737,0,0.0
1,22.0,0.0,0.0,5,"203083,1610612765",1,1,0.339,0.242,0.335,0.074,0.521,0.019,0.0,203083,Andre Drummond,0.149,0.074,0.037,0.298,DET,1610612765,0,0.0
2,23.0,0.0,0.0,5,"203076,1610612740",1,0,0.361,0.119,0.238,0.167,0.524,0.024,0.0,203076,Anthony Davis,0.143,0.095,0.0,0.524,NOP,1610612740,1,1.0
3,32.0,0.013,0.0,5,"2546,1610612752",1,1,0.308,0.188,0.296,0.282,0.725,0.027,0.013,2546,Carmelo Anthony,0.081,0.04,0.027,0.107,NYK,1610612752,0,0.0
4,31.0,0.0,0.0,5,"101108,1610612746",1,0,0.359,0.132,0.189,0.208,0.566,0.019,0.019,101108,Chris Paul,0.0,0.038,0.0,0.038,LAC,1610612746,1,1.0
5,26.0,0.0,0.0,5,"201942,1610612761",1,1,0.36,0.172,0.305,0.038,0.496,0.0,0.057,201942,DeMar DeRozan,0.038,0.076,0.076,0.267,TOR,1610612761,0,0.0
6,25.0,0.0,0.0,5,"202326,1610612758",1,0,0.352,0.212,0.212,0.121,0.667,0.061,0.061,202326,DeMarcus Cousins,0.061,0.121,0.0,0.242,SAC,1610612758,1,1.0
7,26.0,0.0,0.0,5,"203110,1610612744",1,0,0.347,0.2,0.2,0.114,0.571,0.029,0.029,203110,Draymond Green,0.0,0.0,0.057,0.114,GSW,1610612744,1,1.0
8,34.0,0.0,0.0,5,"2548,1610612748",1,1,0.308,0.188,0.296,0.282,0.725,0.0,0.0,2548,Dwyane Wade,0.027,0.054,0.054,0.107,MIA,1610612748,0,0.0
9,27.0,0.0,0.0,5,"202738,1610612738",1,1,0.333,0.246,0.298,0.07,0.526,0.018,0.0,202738,Isaiah Thomas,0.035,0.053,0.053,0.105,BOS,1610612738,0,0.0
10,26.0,0.0,0.0,5,"201935,1610612745",1,0,0.355,0.119,0.203,0.186,0.576,0.0,0.0,201935,James Harden,0.051,0.034,0.0,0.034,HOU,1610612745,1,1.0
11,25.0,0.0,0.0,5,"202322,1610612764",1,1,0.352,0.181,0.253,0.036,0.47,0.0,0.0,202322,John Wall,0.0,0.036,0.0,0.253,WAS,1610612764,0,0.0
12,24.0,0.0,0.0,5,"202695,1610612759",1,0,0.308,0.286,0.215,0.095,0.739,0.0,0.0,202695,Kawhi Leonard,0.048,0.024,0.036,0.119,SAS,1610612759,1,1.0
13,27.0,0.0,0.0,5,"201142,1610612760",1,0,0.3,0.247,0.169,0.104,0.702,0.0,0.013,201142,Kevin Durant,0.052,0.156,0.104,0.26,OKC,1610612760,1,1.0
14,26.0,0.0,0.0,5,"202691,1610612744",1,0,0.355,0.119,0.203,0.186,0.576,0.0,0.0,202691,Klay Thompson,0.0,0.102,0.0,0.0,GSW,1610612744,1,1.0
15,37.0,0.0,0.0,5,"977,1610612747",1,0,0.306,0.283,0.212,0.094,0.73,0.012,0.035,977,Kobe Bryant,0.024,0.0,0.0,0.024,LAL,1610612747,1,1.0
16,30.0,0.011,0.0,5,"200768,1610612761",1,1,0.307,0.226,0.323,0.248,0.668,0.022,0.0,200768,Kyle Lowry,0.032,0.0,0.0,0.022,TOR,1610612761,0,0.0
17,30.0,0.0,0.026,5,"200746,1610612759",1,0,0.361,0.128,0.256,0.179,0.564,0.0,0.0,200746,LaMarcus Aldridge,0.0,0.051,0.051,0.0,SAS,1610612759,1,1.0
18,31.0,0.0,0.0,5,"2544,1610612739",1,1,0.306,0.212,0.333,0.318,0.758,0.0,0.0,2544,LeBron James,0.0,0.03,0.03,0.152,CLE,1610612739,0,0.0
19,35.0,0.0,0.0,5,"2200,1610612741",1,1,0.356,0.147,0.393,0.049,0.393,0.049,0.098,2200,Pau Gasol,0.049,0.0,0.049,0.098,CHI,1610612741,0,0.0
20,26.0,0.0,0.0,5,"202331,1610612754",1,1,0.297,0.21,0.243,0.232,0.575,0.0,0.0,202331,Paul George,0.033,0.055,0.0,0.155,IND,1610612754,0,0.0
21,31.0,0.0,0.0,5,"200794,1610612737",1,1,0.33,0.242,0.294,0.069,0.519,0.0,0.0,200794,Paul Millsap,0.052,0.0,0.0,0.0,ATL,1610612737,0,0.0
22,27.0,0.0,0.013,5,"201566,1610612760",1,0,0.298,0.254,0.174,0.107,0.694,0.013,0.0,201566,Russell Westbrook,0.067,0.107,0.107,0.134,OKC,1610612760,1,1.0
23,28.0,0.0,0.0,5,"201939,1610612744",1,0,0.309,0.256,0.213,0.085,0.703,0.011,0.0,201939,Stephen Curry,0.053,0.021,0.021,0.085,GSW,1610612744,1,1.0
