,AGE,AST,BLK,BLKA,CFID,CFPARAMS,DD2,DREB,FG3A,FG3M,FG3_PCT,FGA,FGM,FG_PCT,FTA,FTM,FT_PCT,GP,L,MIN,OREB,PF,PFD,PLAYER_ID,PLAYER_NAME,PLUS_MINUS,PTS,REB,STL,TD3,TEAM_ABBREVIATION,TEAM_ID,TOV,W,W_PCT
0,21.0,0,0,0,5,"1626151,1610612766",0,1,0,0,0.0,0,0,0.0,0,0,0.0,2,1,7.4,0,1,0,1626151,Aaron Harrison,-7,0,1,0,0,CHA,1610612766,0,1,0.5
1,30.0,31,24,3,5,"201143,1610612737",1,52,28,11,0.393,116,54,0.466,16,15,0.938,10,6,327.403333333,13,25,20,201143,Al Horford,-38,134,65,12,0,ATL,1610612737,17,4,0.4
2,31.0,8,3,7,5,"2744,1610612766",0,29,0,0,0.0,83,42,0.506,13,9,0.692,7,4,168.38,14,12,10,2744,Al Jefferson,-64,93,43,4,0,CHA,1610612766,6,3,0.429
3,25.0,20,10,5,5,"202329,1610612757",4,72,70,28,0.4,128,56,0.438,29,21,0.724,11,6,371.536666667,23,31,21,202329,Al-Farouq Aminu,-12,161,95,8,0,POR,1610612757,21,5,0.455
4,24.0,15,1,1,5,"203459,1610612757",0,27,35,15,0.429,73,38,0.521,19,14,0.737,11,6,302.06,5,23,22,203459,Allen Crabbe,-21,105,32,7,0,POR,1610612757,6,5,0.455
5,33.0,0,3,0,5,"2405,1610612748",0,10,0,0,0.0,19,11,0.579,8,8,1.0,9,5,82.3416666667,3,14,7,2405,Amar'e Stoudemire,-18,30,13,5,0,MIA,1610612748,9,4,0.444
6,29.0,4,8,4,5,"101161,1610612738",0,32,2,0,0.0,33,22,0.667,9,7,0.778,6,4,133.511666667,11,13,7,101161,Amir Johnson,-22,51,43,1,0,BOS,1610612738,10,2,0.333
7,33.0,13,2,2,5,"2760,1610612744",0,9,0,0,0.0,14,5,0.357,19,10,0.526,17,6,92.8916666667,12,17,22,2760,Anderson Varejao,18,20,21,2,0,GSW,1610612744,2,11,0.647
8,22.0,0,6,1,5,"203083,1610612765",2,24,1,0,0.0,54,28,0.519,34,11,0.324,4,4,131.416666667,12,8,30,203083,Andre Drummond,-10,67,36,1,0,DET,1610612765,4,0,0.0
9,32.0,90,10,7,5,"2738,1610612744",1,70,65,25,0.385,164,78,0.476,57,32,0.561,24,9,767.45,35,37,55,2738,Andre Iguodala,62,213,105,29,0,GSW,1610612744,23,15,0.625
10,40.0,7,0,1,5,"1889,1610612759",0,3,3,1,0.333,7,3,0.429,2,2,1.0,4,1,35.2333333333,2,4,1,1889,Andre Miller,7,9,5,0,0,SAS,1610612759,0,3,0.75
11,24.0,14,19,6,5,"203460,1610612760",1,76,37,12,0.324,86,40,0.465,20,8,0.4,18,7,471.406666667,25,45,17,203460,Andre Roberson,42,100,101,23,0,OKC,1610612760,11,11,0.611
12,31.0,30,35,6,5,"101106,1610612744",2,78,2,0,0.0,77,48,0.623,14,5,0.357,22,7,365.35,47,72,20,101106,Andrew Bogut,34,101,125,14,0,GSW,1610612744,19,15,0.682
13,27.0,0,0,0,5,"202726,1610612745",0,2,1,0,0.0,6,3,0.5,0,0,0.0,2,2,11.4016666667,0,0,0,202726,Andrew Goudelock,-4,6,2,0,0,HOU,1610612745,3,0,0.0
14,30.0,1,0,0,5,"201627,1610612760",0,2,14,5,0.357,24,11,0.458,10,10,1.0,14,6,76.275,0,5,6,201627,Anthony Morrow,1,37,2,1,0,OKC,1610612760,4,8,0.571
15,31.0,1,1,0,5,"201229,1610612765",0,3,2,0,0.0,4,2,0.5,0,0,0.0,3,3,26.2033333333,1,0,0,201229,Anthony Tolliver,-17,4,4,0,0,DET,1610612765,0,0,0.0
16,29.0,2,0,2,5,"203382,1610612765",0,5,0,0,0.0,9,4,0.444,3,2,0.667,4,4,43.965,3,4,4,203382,Aron Baynes,-32,10,8,0,0,DET,1610612765,3,0,0.0
17,23.0,16,0,1,5,"203085,1610612746",0,12,17,4,0.235,61,26,0.426,9,6,0.667,6,4,143.755,4,12,11,203085,Austin Rivers,-22,62,16,3,0,LAC,1610612746,7,2,0.333
18,25.0,1,1,1,5,"202340,1610612738",0,1,7,1,0.143,16,7,0.438,3,3,1.0,1,1,33.15,2,2,2,202340,Avery Bradley,0,18,3,1,0,BOS,1610612738,1,0,0.0
19,23.0,8,27,7,5,"202687,1610612761",3,134,0,0,0.0,69,40,0.58,72,43,0.597,20,10,505.541666667,53,48,63,202687,Bismack Biyombo,-34,123,187,8,0,TOR,1610612761,21,10,0.5
20,27.0,16,2,5,5,"201933,1610612746",1,28,2,1,0.5,53,20,0.377,25,19,0.76,4,2,126.936666667,7,9,18,201933,Blake Griffin,6,60,35,3,0,LAC,1610612746,9,2,0.5
21,27.0,3,2,0,5,"1626246,1610612759",0,10,0,0,0.0,12,8,0.667,9,8,0.889,7,3,41.8833333333,4,10,5,1626246,Boban Marjanovic,1,24,14,0,0,SAS,1610612759,3,4,0.571
22,34.0,21,4,4,5,"2564,1610612759",0,17,6,2,0.333,46,21,0.457,4,3,0.75,9,3,158.51,2,9,10,2564,Boris Diaw,39,47,19,2,0,SAS,1610612759,6,6,0.667
23,30.0,3,2,0,5,"201575,1610612744",0,23,12,4,0.333,20,9,0.45,2,1,0.5,14,6,110.005,0,9,3,201575,Brandon Rush,-1,23,23,2,0,GSW,1610612744,2,8,0.571
24,30.0,3,0,0,5,"203148,1610612757",0,0,4,0,0.0,9,2,0.222,6,4,0.667,10,6,35.6816666667,1,5,4,203148,Brian Roberts,18,8,1,0,0,POR,1610612757,1,4,0.4
25,23.0,1,0,0,5,"1627362,1610612748",0,0,0,0,0.0,1,0,0.0,0,0,0.0,2,1,6.01666666667,0,1,0,1627362,Briante Weber,8,0,0,1,0,MIA,1610612748,0,1,0.5
26,24.0,36,5,7,5,"203468,1610612757",0,33,58,20,0.345,197,84,0.426,46,37,0.804,11,6,442.446666667,7,30,37,203468,CJ McCollum,6,225,40,10,0,POR,1610612757,20,5,0.455
27,29.0,4,1,3,5,"101139,1610612754",0,20,20,2,0.1,38,10,0.263,3,2,0.667,7,4,91.905,4,7,1,101139,CJ Miles,-18,24,24,1,0,IND,1610612754,3,3,0.429
28,25.0,1,0,0,5,"203912,1610612746",0,1,0,0,0.0,1,0,0.0,0,0,0.0,2,2,7.46666666667,0,1,0,203912,CJ Wilcox,9,0,1,0,0,LAC,1610612746,0,0,0.0
29,21.0,8,2,2,5,"1626166,1610612760",0,4,10,2,0.2,26,7,0.269,4,2,0.5,10,3,64.28,0,7,4,1626166,Cameron Payne,-32,18,4,2,0,OKC,1610612760,8,7,0.7
30,33.0,5,9,2,5,"101112,1610612739",0,36,46,26,0.565,69,41,0.594,7,6,0.857,17,5,237.266666667,5,37,12,101112,Channing Frye,74,114,41,6,0,CLE,1610612739,5,12,0.706
31,31.0,1,0,0,5,"101111,1610612742",0,2,5,1,0.2,12,3,0.25,2,2,1.0,4,4,20.375,0,2,1,101111,Charlie Villanueva,-11,9,2,0,0,DAL,1610612742,1,0,0.0
32,37.0,3,3,0,5,"2365,1610612763",0,18,0,0,0.0,12,5,0.417,8,5,0.625,4,4,78.8133333333,13,4,6,2365,Chris Andersen,-33,15,31,2,0,MEM,1610612763,5,0,0.0
33,34.0,1,0,1,5,"2549,1610612757",0,6,0,0,0.0,18,7,0.389,0,0,0.0,4,2,32.3783333333,2,10,0,2549,Chris Kaman,-1,14,8,2,0,POR,1610612757,6,2,0.5
34,31.0,29,0,4,5,"101108,1610612746",1,12,20,6,0.3,76,37,0.487,15,15,1.0,4,2,125.293333333,4,12,17,101108,Chris Paul,30,95,16,9,0,LAC,1610612746,4,2,0.5
35,22.0,2,2,1,5,"203991,1610612745",0,12,0,0,0.0,9,3,0.333,5,2,0.4,5,4,43.295,8,5,3,203991,Clint Capela,-23,8,20,3,0,HOU,1610612745,3,1,0.2
36,23.0,2,3,2,5,"203469,1610612766",0,28,0,0,0.0,38,21,0.553,21,17,0.81,7,4,137.376666667,9,20,19,203469,Cody Zeller,3,59,37,1,0,CHA,1610612766,7,3,0.429
37,27.0,3,3,0,5,"202332,1610612746",0,22,0,0,0.0,15,10,0.667,6,3,0.5,6,4,76.9,8,11,6,202332,Cole Aldrich,0,23,30,6,0,LAC,1610612746,2,2,0.333
38,30.0,8,1,3,5,"201147,1610612745",0,4,10,1,0.1,27,7,0.259,8,7,0.875,5,4,77.2283333333,3,13,5,201147,Corey Brewer,-16,22,7,0,0,HOU,1610612745,6,1,0.2
39,24.0,47,2,11,5,"202709,1610612761",0,30,24,8,0.333,148,69,0.466,32,24,0.75,20,10,452.341666667,11,47,31,202709,Cory Joseph,-81,170,41,18,0,TOR,1610612761,22,10,0.5
40,30.0,9,3,3,5,"201584,1610612766",0,15,9,4,0.444,51,21,0.412,15,14,0.933,7,4,256.666666667,5,19,8,201584,Courtney Lee,-17,60,20,6,0,CHA,1610612766,5,3,0.429
41,35.0,2,1,0,5,"2563,1610612739",0,7,3,1,0.333,13,6,0.462,5,4,0.8,15,4,50.03,0,3,5,2563,Dahntay Jones,0,17,7,1,0,CLE,1610612739,1,11,0.733
42,25.0,69,3,18,5,"203081,1610612757",2,35,107,42,0.393,242,89,0.368,78,71,0.91,11,6,437.443333333,12,23,61,203081,Damian Lillard,-40,291,47,14,0,POR,1610612757,33,5,0.455
43,29.0,7,8,0,5,"201980,1610612759",0,31,48,24,0.5,65,30,0.462,3,2,0.667,10,4,267.418333333,0,20,8,201980,Danny Green,50,86,31,21,0,SAS,1610612759,6,6,0.6
44,33.0,1,0,0,5,"101135,1610612742",0,5,0,0,0.0,8,6,0.75,0,0,0.0,2,2,32.5533333333,1,7,0,101135,David Lee,-19,12,6,0,0,DAL,1610612742,0,0,0.0
45,35.0,13,7,4,5,"2561,1610612759",0,24,6,3,0.5,55,25,0.455,9,5,0.556,10,4,175.8,13,19,13,2561,David West,24,58,37,6,0,SAS,1610612759,7,6,0.6
46,27.0,11,16,1,5,"201599,1610612746",4,68,0,0,0.0,38,24,0.632,59,22,0.373,6,4,198.313333333,30,17,37,201599,DeAndre Jordan,3,70,98,7,0,LAC,1610612746,7,2,0.333
47,26.0,54,3,29,5,"201942,1610612761",0,70,26,4,0.154,398,157,0.394,123,100,0.813,20,10,745.925,13,52,79,201942,DeMar DeRozan,-76,418,83,22,0,TOR,1610612761,45,10,0.5
48,29.0,17,7,6,5,"201960,1610612761",0,58,79,26,0.329,159,62,0.39,36,27,0.75,20,10,595.948333333,23,62,28,201960,DeMarre Carroll,-35,177,81,18,0,TOR,1610612761,18,10,0.5
49,24.0,3,0,0,5,"1626153,1610612761",0,3,1,0,0.0,10,3,0.3,13,8,0.615,9,6,41.4333333333,1,2,8,1626153,Delon Wright,5,14,4,3,0,TOR,1610612761,2,3,0.333
50,22.0,36,1,12,5,"203471,1610612737",0,13,35,12,0.343,104,47,0.452,13,11,0.846,10,6,191.213333333,6,24,17,203471,Dennis Schroder,9,117,19,4,0,ATL,1610612737,21,4,0.4
51,32.0,8,0,1,5,"101114,1610612742",0,2,7,3,0.429,18,6,0.333,0,0,0.0,3,2,49.3166666667,0,6,1,101114,Deron Williams,-41,15,2,1,0,DAL,1610612742,7,1,0.333
52,33.0,8,0,1,5,"2734,1610612742",0,13,13,4,0.308,30,15,0.5,10,5,0.5,5,4,120.558333333,1,16,9,2734,Devin Harris,-28,39,14,3,0,DAL,1610612742,3,1,0.2
53,24.0,42,3,7,5,"203079,1610612760",0,41,56,21,0.375,132,55,0.417,30,20,0.667,18,7,491.066666667,6,42,25,203079,Dion Waiters,64,151,47,10,0,OKC,1610612760,20,11,0.611
54,38.0,8,3,3,5,"1717,1610612742",0,21,11,4,0.364,83,41,0.494,17,16,0.941,5,4,170.076666667,3,9,25,1717,Dirk Nowitzki,-45,102,24,2,0,DAL,1610612742,7,1,0.2
55,25.0,5,2,2,5,"202700,1610612745",1,16,9,4,0.444,37,16,0.432,17,8,0.471,5,4,98.2883333333,10,11,16,202700,Donatas Motiejunas,-24,44,26,4,0,HOU,1610612745,12,1,0.2
56,30.0,2,0,1,5,"2748,1610612748",0,6,5,2,0.4,10,5,0.5,4,4,1.0,5,3,18.91,0,2,3,2748,Dorell Wright,1,16,6,0,0,MIA,1610612748,0,2,0.4
57,26.0,138,41,19,5,"203110,1610612744",9,190,104,38,0.365,276,119,0.431,107,79,0.738,23,8,879.356666667,38,81,105,203110,Draymond Green,140,355,228,37,1,GSW,1610612744,56,15,0.652
58,30.0,8,7,5,5,"2730,1610612745",4,44,1,0,0.0,48,26,0.542,38,14,0.368,5,4,179.898333333,26,21,32,2730,Dwight Howard,-86,66,70,4,0,HOU,1610612745,12,1,0.2
59,24.0,4,0,1,5,"203939,1610612742",0,8,1,0,0.0,19,9,0.474,11,6,0.545,4,3,63.9266666667,9,5,8,203939,Dwight Powell,-15,24,17,1,0,DAL,1610612742,1,1,0.25
60,34.0,60,13,9,5,"2548,1610612748",1,67,23,12,0.522,254,119,0.469,64,50,0.781,14,7,472.626666667,12,22,48,2548,Dwyane Wade,12,300,79,11,0,MIA,1610612748,38,7,0.5
61,27.0,14,7,6,5,"202334,1610612757",0,49,2,0,0.0,40,21,0.525,33,19,0.576,11,6,204.816666667,26,33,25,202334,Ed Davis,-10,61,75,2,0,POR,1610612757,10,5,0.455
62,24.0,5,11,10,5,"202683,1610612760",2,64,14,2,0.143,118,65,0.551,45,38,0.844,18,7,323.223333333,47,40,28,202683,Enes Kanter,27,170,111,5,0,OKC,1610612760,17,11,0.611
63,27.0,27,6,8,5,"202323,1610612738",0,26,14,3,0.214,85,31,0.365,18,14,0.778,6,4,214.221666667,8,19,18,202323,Evan Turner,-23,79,34,8,0,BOS,1610612738,17,2,0.333
64,26.0,8,7,10,5,"203105,1610612744",0,38,0,0,0.0,69,37,0.536,44,19,0.432,23,9,202.913333333,23,34,27,203105,Festus Ezeli,-1,93,61,1,0,GSW,1610612744,14,14,0.609
65,23.0,8,5,1,5,"1626163,1610612766",0,27,17,5,0.294,46,14,0.304,21,17,0.81,7,4,190.498333333,3,15,16,1626163,Frank Kaminsky,-12,50,30,6,0,CHA,1610612766,2,3,0.429
66,30.0,15,1,0,5,"201588,1610612754",0,13,27,13,0.481,57,32,0.561,22,18,0.818,7,4,235.158333333,6,16,20,201588,George Hill,37,95,19,6,0,IND,1610612754,8,3,0.429
67,30.0,1,1,1,5,"101123,1610612748",0,15,14,4,0.286,49,16,0.327,5,4,0.8,12,7,109.818333333,2,14,6,101123,Gerald Green,30,40,17,4,0,MIA,1610612748,2,5,0.417
68,28.0,17,3,7,5,"201945,1610612757",0,29,19,7,0.368,82,30,0.366,12,9,0.75,11,6,233.675,6,21,12,201945,Gerald Henderson,-31,76,35,6,0,POR,1610612757,5,5,0.455
69,22.0,0,1,0,5,"203922,1610612754",0,0,0,0,0.0,4,3,0.75,1,1,1.0,4,2,10.3166666667,0,0,1,203922,Glenn Robinson,-4,7,0,0,0,IND,1610612754,0,2,0.5
70,30.0,54,3,9,5,"201609,1610612748",0,58,46,16,0.348,206,91,0.442,43,33,0.767,14,7,471.956666667,11,46,45,201609,Goran Dragic,34,231,69,6,0,MIA,1610612748,31,7,0.5
71,24.0,30,4,12,5,"203084,1610612744",1,85,76,26,0.342,213,82,0.385,34,26,0.765,24,9,742.808333333,27,46,33,203084,Harrison Barnes,43,216,112,17,0,GSW,1610612744,18,15,0.625
72,27.0,3,28,5,5,"202355,1610612748",6,83,0,0,0.0,69,47,0.681,44,26,0.591,10,5,291.198333333,26,34,34,202355,Hassan Whiteside,45,120,109,8,0,MIA,1610612748,13,5,0.5
73,25.0,16,0,5,5,"203546,1610612744",0,15,18,6,0.333,53,26,0.491,10,8,0.8,16,6,153.538333333,2,18,12,203546,Ian Clark,16,66,17,8,0,GSW,1610612744,9,10,0.625
74,29.0,8,6,1,5,"101133,1610612754",1,24,0,0,0.0,42,21,0.5,25,15,0.6,7,4,171.933333333,12,25,15,101133,Ian Mahinmi,7,57,36,5,0,IND,1610612754,14,3,0.429
75,26.0,17,3,3,5,"202697,1610612739",0,37,34,13,0.382,60,25,0.417,11,7,0.636,21,5,366.831666667,10,36,22,202697,Iman Shumpert,1,70,47,10,0,CLE,1610612739,13,16,0.762
76,27.0,30,5,16,5,"202738,1610612738",1,16,46,13,0.283,119,47,0.395,47,38,0.809,6,4,219.535,2,18,41,202738,Isaiah Thomas,-36,145,18,4,0,BOS,1610612738,14,2,0.333
77,30.0,29,5,8,5,"2747,1610612739",0,60,151,65,0.43,188,82,0.436,21,13,0.619,21,5,730.235,7,55,34,2747,J.R. Smith,166,242,67,26,0,CLE,1610612739,11,16,0.762
78,32.0,5,1,4,5,"200755,1610612746",0,11,31,11,0.355,79,34,0.43,3,2,0.667,6,4,166.386666667,1,11,12,200755,JJ Redick,0,81,12,1,0,LAC,1610612746,5,2,0.333
79,26.0,3,5,2,5,"203210,1610612763",0,10,1,0,0.0,22,12,0.545,6,3,0.5,4,4,72.25,5,12,3,203210,JaMychal Green,-51,27,15,3,0,MEM,1610612763,4,0,0.0
80,28.0,0,0,0,5,"201580,1610612742",0,1,0,0,0.0,2,1,0.5,6,2,0.333,2,2,14.2833333333,2,3,4,201580,JaVale McGee,3,4,3,1,0,DAL,1610612742,3,0,0.0
81,25.0,13,3,3,5,"203109,1610612738",1,34,41,10,0.244,72,20,0.278,11,7,0.636,6,4,197.356666667,5,17,10,203109,Jae Crowder,-17,57,39,9,0,BOS,1610612738,7,2,0.333
82,36.0,13,0,3,5,"2037,1610612746",0,11,21,4,0.19,103,39,0.379,25,22,0.88,6,4,199.211666667,2,9,20,2037,Jamal Crawford,11,104,13,10,0,LAC,1610612746,9,2,0.333
83,26.0,38,1,3,5,"201935,1610612745",2,19,42,13,0.31,100,41,0.41,45,38,0.844,5,4,193.168333333,7,13,29,201935,James Harden,-82,133,26,12,0,HOU,1610612745,26,1,0.2
84,29.0,6,0,1,5,"201949,1610612761",0,12,9,4,0.444,25,12,0.48,3,2,0.667,10,6,97.57,3,13,3,201949,James Johnson,-23,30,15,3,0,TOR,1610612761,7,4,0.4
85,35.0,3,0,0,5,"2592,1610612739",0,3,7,1,0.143,10,2,0.2,4,1,0.25,12,3,54.7,1,3,3,2592,James Jones,-3,6,4,0,0,CLE,1610612739,1,9,0.75
86,23.0,2,2,2,5,"203949,1610612744",0,8,0,0,0.0,4,2,0.5,4,1,0.25,8,4,37.815,0,6,5,203949,James Michael McAdoo,-12,5,8,3,0,GSW,1610612744,1,4,0.5
87,20.0,0,0,0,5,"203923,1610612738",0,0,1,0,0.0,3,1,0.333,0,0,0.0,3,3,10.3433333333,0,1,0,203923,James Young,-2,2,0,0,0,BOS,1610612738,1,0,0.0
88,24.0,7,0,4,5,"203096,1610612738",0,17,4,2,0.5,42,13,0.31,4,3,0.75,6,4,81.4616666667,10,16,2,203096,Jared Sullinger,-20,31,27,1,0,BOS,1610612738,6,2,0.333
89,22.0,1,0,1,5,"1626185,1610612763",0,3,0,0,0.0,8,3,0.375,6,3,0.5,2,2,46.235,4,4,6,1626185,Jarell Martin,-26,9,7,3,0,MEM,1610612763,3,0,0.0
90,38.0,6,1,1,5,"1891,1610612745",0,10,19,6,0.316,38,13,0.342,3,3,1.0,5,4,123.993333333,1,13,1,1891,Jason Terry,-65,35,11,2,0,HOU,1610612745,3,1,0.2
91,29.0,1,1,0,5,"201574,1610612761",0,5,1,0,0.0,9,4,0.444,3,0,0.0,10,7,55.2333333333,6,6,4,201574,Jason Thompson,-10,8,11,0,0,TOR,1610612761,1,3,0.3
92,29.0,0,0,0,5,"201965,1610612746",0,0,0,0,0.0,1,1,1.0,1,1,1.0,2,2,2.4,0,0,1,201965,Jeff Ayres,3,3,0,0,0,LAC,1610612746,0,0,0.0
93,29.0,4,2,2,5,"201145,1610612746",0,16,10,4,0.4,46,21,0.457,25,15,0.6,6,4,158.646666667,3,12,15,201145,Jeff Green,3,61,19,6,0,LAC,1610612746,3,2,0.333
94,28.0,61,2,15,5,"201952,1610612737",2,16,36,9,0.25,121,46,0.38,52,44,0.846,10,6,278.638333333,3,30,43,201952,Jeff Teague,-13,145,19,6,0,ATL,1610612737,25,4,0.4
95,24.0,1,0,1,5,"203087,1610612766",0,3,1,1,1.0,9,5,0.556,0,0,0.0,3,2,11.5833333333,1,0,0,203087,Jeremy Lamb,-8,11,4,0,0,CHA,1610612766,0,1,0.333
96,27.0,18,0,4,5,"202391,1610612766",0,13,14,3,0.214,63,26,0.413,39,32,0.821,7,4,188.706666667,3,21,34,202391,Jeremy Lin,5,87,16,5,0,CHA,1610612766,11,3,0.429
97,28.0,0,0,0,5,"201975,1610612765",0,0,0,0,0.0,1,1,1.0,0,0,0.0,1,1,1.68333333333,0,0,0,201975,Jodie Meeks,-3,2,0,0,0,DET,1610612765,0,0,0.0
98,34.0,35,3,3,5,"2207,1610612748",0,59,46,13,0.283,158,68,0.43,24,21,0.875,14,7,492.393333333,7,27,28,2207,Joe Johnson,29,170,66,8,0,MIA,1610612748,18,7,0.5
99,24.0,1,0,1,5,"1626202,1610612754",0,1,4,1,0.25,8,3,0.375,2,2,1.0,4,2,10.3166666667,0,3,1,1626202,Joe Young,-4,9,1,0,0,IND,1610612754,2,2,0.5
100,27.0,0,0,0,5,"204066,1610612738",0,0,1,0,0.0,1,0,0.0,0,0,0.0,1,1,1.31666666667,0,0,0,204066,John Holland,-2,0,0,0,0,BOS,1610612738,0,0,0.0
101,29.0,10,4,3,5,"201973,1610612738",2,34,22,7,0.318,46,22,0.478,5,4,0.8,6,4,162.226666667,7,15,4,201973,Jonas Jerebko,-13,55,41,2,0,BOS,1610612738,5,2,0.333
102,24.0,11,14,7,5,"202685,1610612761",6,81,0,0,0.0,120,68,0.567,39,29,0.744,12,6,320.753333333,48,32,46,202685,Jonas Valanciunas,11,165,129,10,0,TOR,1610612761,18,6,0.5
103,26.0,2,0,4,5,"203613,1610612759",0,1,3,2,0.667,10,4,0.4,2,1,0.5,3,0,25.5766666667,3,4,2,203613,Jonathon Simmons,-3,11,4,2,0,SAS,1610612759,1,3,1.0
104,29.0,16,1,0,5,"200770,1610612763",0,6,12,4,0.333,31,10,0.323,3,3,1.0,4,4,113.245,0,4,3,200770,Jordan Farmar,-37,27,6,3,0,MEM,1610612763,10,0,0.0
105,28.0,2,0,0,5,"201941,1610612754",0,4,0,0,0.0,3,0,0.0,0,0,0.0,5,2,15.1333333333,2,1,0,201941,Jordan Hill,-2,0,6,0,0,IND,1610612754,0,3,0.6
106,25.0,0,0,0,5,"203895,1610612739",0,2,1,1,1.0,4,4,1.0,0,0,0.0,2,0,4.16666666667,0,0,0,203895,Jordan McRae,11,9,2,0,0,CLE,1610612739,0,2,1.0
107,21.0,2,1,0,5,"1626175,1610612738",0,1,0,0,0.0,4,2,0.5,0,0,0.0,2,2,10.1166666667,1,0,0,1626175,Jordan Mickey,-2,4,2,0,0,BOS,1610612738,0,0,0.0
108,27.0,2,0,0,5,"203268,1610612766",0,2,0,0,0.0,3,0,0.0,0,0,0.0,3,2,11.5833333333,0,0,1,203268,Jorge Gutierrez,-8,0,2,0,0,CHA,1610612766,1,1,0.333
109,32.0,20,0,2,5,"200826,1610612742",0,6,8,1,0.125,34,11,0.324,2,2,1.0,4,4,100.441666667,0,8,4,200826,Jose Juan Barea,-33,25,6,0,0,DAL,1610612742,11,0,0.0
110,24.0,0,0,0,5,"203962,1610612760",0,2,2,1,0.5,3,1,0.333,0,0,0.0,2,0,10.2166666667,1,1,1,203962,Josh Huestis,2,3,3,0,0,OKC,1610612760,0,2,1.0
111,29.0,9,5,0,5,"201177,1610612748",0,19,7,0,0.0,34,16,0.471,6,6,1.0,10,5,133.6,7,20,8,201177,Josh McRoberts,33,38,26,5,0,MIA,1610612748,4,5,0.5
112,22.0,22,13,5,5,"1626196,1610612748",0,40,46,17,0.37,89,33,0.371,14,10,0.714,14,7,386.663333333,10,37,15,1626196,Josh Richardson,43,93,50,6,0,MIA,1610612748,12,7,0.5
113,30.0,4,1,0,5,"2746,1610612745",0,1,8,4,0.5,13,6,0.462,2,0,0.0,4,3,37.4933333333,1,7,1,2746,Josh Smith,-16,16,2,1,0,HOU,1610612745,5,1,0.25
114,22.0,7,3,1,5,"1626147,1610612742",0,11,13,4,0.308,37,17,0.459,14,9,0.643,5,4,94.9433333333,9,12,9,1626147,Justin Anderson,-15,47,20,4,0,DAL,1610612742,5,1,0.2
115,20.0,8,4,8,5,"1626159,1610612748",0,46,18,5,0.278,74,32,0.432,30,21,0.7,13,6,329.55,17,35,28,1626159,Justise Winslow,-43,90,63,8,0,MIA,1610612748,12,7,0.538
116,23.0,1,3,3,5,"203909,1610612745",0,6,3,1,0.333,13,4,0.308,0,0,0.0,4,4,33.7466666667,1,3,1,203909,KJ McDaniels,1,9,7,0,0,HOU,1610612745,0,0,0.0
117,24.0,28,14,11,5,"202695,1610612759",1,49,39,17,0.436,166,83,0.5,51,42,0.824,10,4,338.605,14,21,40,202695,Kawhi Leonard,66,225,63,26,0,SAS,1610612759,16,6,0.6
118,25.0,3,0,2,5,"203482,1610612738",0,2,3,0,0.0,9,1,0.111,0,0,0.0,4,3,31.545,2,5,1,203482,Kelly Olynyk,-32,2,4,1,0,BOS,1610612738,4,1,0.25
119,26.0,28,4,23,5,"202689,1610612766",0,18,43,14,0.326,153,56,0.366,35,33,0.943,7,4,259.826666667,3,10,33,202689,Kemba Walker,-62,159,21,9,0,CHA,1610612766,12,3,0.429
120,26.0,19,6,10,5,"203145,1610612737",1,58,61,16,0.262,121,44,0.364,22,15,0.682,10,6,325.423333333,8,14,20,203145,Kent Bazemore,-47,119,66,15,0,ATL,1610612737,10,4,0.4
121,23.0,11,1,1,5,"203484,1610612765",0,15,27,12,0.444,50,22,0.44,7,5,0.714,4,4,161.066666667,2,7,6,203484,Kentavious Caldwell-Pope,-19,61,17,7,0,DET,1610612765,2,0,0.0
122,27.0,60,18,12,5,"201142,1610612760",2,115,110,31,0.282,407,175,0.43,146,130,0.89,18,7,725.598333333,13,37,102,201142,Kevin Durant,100,511,128,18,0,OKC,1610612760,65,11,0.611
123,27.0,42,8,15,5,"201567,1610612739",10,141,111,46,0.414,239,92,0.385,75,63,0.84,20,5,612.495,34,34,71,201567,Kevin Love,160,293,175,9,0,CLE,1610612739,27,15,0.75
124,33.0,3,0,1,5,"2755,1610612759",0,4,8,4,0.5,20,8,0.4,3,2,0.667,5,2,49.2666666667,0,5,2,2755,Kevin Martin,10,22,4,1,0,SAS,1610612759,6,3,0.6
125,35.0,3,0,0,5,"2550,1610612737",0,4,3,1,0.333,7,2,0.286,0,0,0.0,6,2,27.4433333333,0,2,1,2550,Kirk Hinrich,7,5,4,0,0,ATL,1610612737,0,4,0.667
126,26.0,54,9,25,5,"202691,1610612744",0,73,231,98,0.424,453,201,0.444,96,82,0.854,24,9,848.848333333,15,53,81,202691,Klay Thompson,64,582,88,26,0,GSW,1610612744,47,15,0.625
127,31.0,4,5,0,5,"2743,1610612737",0,16,10,5,0.5,28,13,0.464,6,6,1.0,4,3,56.1216666667,8,9,4,2743,Kris Humphries,17,37,24,2,0,ATL,1610612737,2,1,0.25
128,22.0,7,3,1,5,"203937,1610612759",0,22,3,1,0.333,25,8,0.32,7,6,0.857,10,4,128.743333333,2,11,9,203937,Kyle Anderson,-5,23,24,6,0,SAS,1610612759,4,6,0.6
129,35.0,10,4,2,5,"2594,1610612737",0,45,54,24,0.444,75,35,0.467,9,9,1.0,10,6,316.445,3,23,20,2594,Kyle Korver,52,103,48,9,0,ATL,1610612737,8,4,0.4
130,30.0,119,3,20,5,"200768,1610612761",2,76,138,42,0.304,330,131,0.397,104,78,0.75,20,10,766.223333333,18,73,91,200768,Kyle Lowry,11,382,94,32,0,TOR,1610612761,63,10,0.5
131,28.0,0,0,0,5,"202713,1610612760",0,6,4,2,0.5,9,3,0.333,2,0,0.0,6,3,50.54,1,4,2,202713,Kyle Singler,-11,8,7,1,0,OKC,1610612760,0,3,0.5
132,24.0,98,13,22,5,"202681,1610612739",0,47,116,51,0.44,423,201,0.475,88,77,0.875,21,5,773.71,15,46,64,202681,Kyrie Irving,145,530,62,36,0,CLE,1610612739,48,16,0.762
133,30.0,10,14,3,5,"200746,1610612759",3,61,2,2,1.0,169,88,0.521,46,41,0.891,10,4,337.2,22,18,29,200746,LaMarcus Aldridge,56,219,83,4,0,SAS,1610612759,11,6,0.6
134,24.0,3,0,1,5,"203934,1610612737",0,5,3,1,0.333,7,2,0.286,1,1,1.0,4,2,19.56,0,1,1,203934,Lamar Patterson,5,6,5,1,0,ATL,1610612737,4,2,0.5
135,25.0,7,0,3,5,"202362,1610612763",0,5,5,2,0.4,44,23,0.523,5,4,0.8,4,4,94.95,1,10,5,202362,Lance Stephenson,-34,52,6,1,0,MEM,1610612763,3,0,0.0
136,27.0,2,1,2,5,"202730,1610612754",0,10,0,0,0.0,10,3,0.3,0,0,0.0,6,3,50.865,4,2,0,202730,Lavoy Allen,-22,6,14,1,0,IND,1610612754,1,3,0.5
137,31.0,160,27,17,5,"2544,1610612739",13,158,94,32,0.34,417,219,0.525,124,82,0.661,21,5,821.788333333,42,54,112,2544,LeBron James,209,552,200,49,2,CLE,1610612739,75,16,0.762
138,33.0,15,1,8,5,"2571,1610612744",0,16,28,11,0.393,88,51,0.58,21,16,0.762,23,9,254.368333333,11,24,17,2571,Leandro Barbosa,30,129,27,11,0,GSW,1610612744,11,14,0.609
139,29.0,1,0,1,5,"201601,1610612746",0,8,0,0,0.0,6,4,0.667,1,1,1.0,5,3,78.3766666667,2,9,2,201601,Luc Mbah a Moute,-19,9,10,3,0,LAC,1610612746,2,2,0.4
140,23.0,0,0,0,5,"203512,1610612761",0,7,0,0,0.0,4,3,0.75,0,0,0.0,5,4,29.15,1,3,0,203512,Lucas Nogueira,-7,6,8,0,0,TOR,1610612761,0,1,0.2
141,23.0,0,0,0,5,"1626242,1610612757",0,0,2,2,1.0,3,3,1.0,0,0,0.0,6,3,7.61333333333,0,1,0,1626242,Luis Montero,-3,8,0,0,0,POR,1610612757,0,3,0.5
142,36.0,7,0,3,5,"2449,1610612761",0,16,21,4,0.19,31,8,0.258,11,8,0.727,11,6,140.283333333,2,22,14,2449,Luis Scola,-52,28,18,3,0,TOR,1610612761,5,5,0.455
143,31.0,22,9,5,5,"2736,1610612748",0,64,57,24,0.421,138,65,0.471,38,32,0.842,14,7,494.631666667,19,24,34,2736,Luol Deng,54,186,83,13,0,MIA,1610612748,23,7,0.5
144,38.0,25,3,1,5,"1938,1610612759",0,21,21,9,0.429,47,20,0.426,23,18,0.783,10,4,192.326666667,6,25,25,1938,Manu Ginobili,60,67,27,8,0,SAS,1610612759,7,6,0.6
145,26.0,10,0,0,5,"202694,1610612765",0,11,18,7,0.389,47,22,0.468,23,20,0.87,4,4,144.1,2,17,16,202694,Marcus Morris,-24,71,13,2,0,DET,1610612765,5,0,0.0
146,22.0,18,5,9,5,"203935,1610612738",0,19,32,11,0.344,60,22,0.367,21,17,0.81,6,4,192.521666667,8,17,24,203935,Marcus Smart,-17,72,27,10,0,BOS,1610612738,15,2,0.333
147,28.0,11,8,4,5,"201578,1610612744",0,32,43,18,0.419,118,46,0.39,31,24,0.774,24,9,201.066666667,15,43,29,201578,Marreese Speights,6,134,47,3,0,GSW,1610612744,20,15,0.625
148,30.0,6,3,6,5,"101107,1610612766",1,41,17,6,0.353,51,14,0.275,4,2,0.5,7,4,227.585,7,11,12,101107,Marvin Williams,-67,36,48,6,0,CHA,1610612766,2,3,0.429
149,26.0,53,11,12,5,"203486,1610612757",4,93,0,0,0.0,70,28,0.4,33,21,0.636,11,6,306.065,37,42,31,203486,Mason Plumlee,-10,77,130,7,0,POR,1610612757,25,5,0.455
150,36.0,11,1,4,5,"2440,1610612763",1,24,18,3,0.167,46,16,0.348,10,8,0.8,4,4,139.133333333,5,13,9,2440,Matt Barnes,-67,43,29,4,0,MEM,1610612763,13,0,0.0
151,25.0,56,1,4,5,"203521,1610612739",0,11,31,8,0.258,74,26,0.351,24,18,0.75,20,5,241.433333333,4,31,23,203521,Matthew Dellavedova,14,78,15,1,0,CLE,1610612739,14,15,0.75
152,23.0,7,3,7,5,"203090,1610612757",1,34,44,15,0.341,110,47,0.427,25,12,0.48,11,6,271.655,22,38,27,203090,Maurice Harkless,-29,121,56,10,0,POR,1610612757,11,5,0.455
153,27.0,3,0,4,5,"201563,1610612745",0,17,6,2,0.333,46,22,0.478,7,6,0.857,5,4,80.26,4,8,5,201563,Michael Beasley,-23,52,21,1,0,HOU,1610612745,7,1,0.2
154,24.0,3,1,1,5,"203488,1610612737",0,10,6,2,0.333,20,10,0.5,2,2,1.0,9,5,66.8183333333,7,6,2,203488,Mike Muscala,-6,24,17,0,0,ATL,1610612737,3,4,0.444
155,27.0,5,3,1,5,"203118,1610612737",0,27,16,8,0.5,40,25,0.625,8,7,0.875,10,6,160.983333333,5,20,11,203118,Mike Scott,13,65,32,3,0,ATL,1610612737,8,4,0.4
156,33.0,3,0,0,5,"2590,1610612739",0,6,13,3,0.231,28,8,0.286,2,1,0.5,13,3,68.0933333333,0,8,5,2590,Mo Williams,-20,20,6,4,0,CLE,1610612739,10,10,0.769
157,30.0,30,0,4,5,"101145,1610612754",0,23,21,7,0.333,76,33,0.434,10,8,0.8,7,4,225.295,4,17,14,101145,Monta Ellis,5,81,27,15,0,IND,1610612754,17,3,0.429
158,22.0,0,0,0,5,"1626149,1610612745",0,2,1,0,0.0,3,1,0.333,2,1,0.5,2,2,11.6166666667,0,1,1,1626149,Montrezl Harrell,-5,3,2,0,0,HOU,1610612745,1,0,0.0
159,20.0,3,23,2,5,"1626167,1610612754",0,29,2,0,0.0,71,33,0.465,9,6,0.667,7,4,197.171666667,16,24,13,1626167,Myles Turner,14,72,45,2,0,IND,1610612754,12,3,0.429
160,38.0,0,1,0,5,"1737,1610612760",0,2,0,0,0.0,2,1,0.5,0,0,0.0,5,2,9.69333333333,1,1,0,1737,Nazr Mohammed,3,2,3,0,0,OKC,1610612760,1,3,0.6
161,35.0,5,0,0,5,"2555,1610612760",0,8,0,0,0.0,6,4,0.667,2,1,0.5,9,3,78.5383333333,3,17,4,2555,Nick Collison,2,9,11,8,0,OKC,1610612760,1,6,0.667
162,27.0,10,0,1,5,"201587,1610612766",0,16,22,6,0.273,45,17,0.378,20,17,0.85,5,4,143.815,2,6,12,201587,Nicolas Batum,-86,57,18,2,0,CHA,1610612766,8,1,0.2
163,20.0,2,0,1,5,"203943,1610612757",0,3,0,0,0.0,3,0,0.0,0,0,0.0,6,3,11.7633333333,1,1,0,203943,Noah Vonleh,-4,0,4,2,0,POR,1610612757,0,3,0.5
164,23.0,6,2,2,5,"1626181,1610612761",0,23,26,7,0.269,70,27,0.386,8,7,0.875,18,10,206.008333333,4,18,4,1626181,Norman Powell,-19,68,27,13,0,TOR,1610612761,5,8,0.444
165,23.0,0,0,0,5,"203798,1610612763",0,0,3,1,0.333,6,2,0.333,2,0,0.0,2,2,22.1833333333,0,1,1,203798,PJ Hairston,-9,5,0,1,0,MEM,1610612763,1,0,0.0
166,39.0,7,0,0,5,"203143,1610612746",0,1,2,0,0.0,5,0,0.0,0,0,0.0,5,3,25.825,2,8,0,203143,Pablo Prigioni,-4,0,3,0,0,LAC,1610612746,3,2,0.4
167,23.0,0,0,0,5,"1626192,1610612757",0,1,3,2,0.667,5,3,0.6,0,0,0.0,6,3,7.865,0,0,0,1626192,Pat Connaughton,-3,8,1,0,0,POR,1610612757,0,3,0.5
168,27.0,11,2,4,5,"201976,1610612745",0,18,14,3,0.214,37,10,0.27,6,6,1.0,5,4,128.718333333,4,17,12,201976,Patrick Beverley,-37,29,22,2,0,HOU,1610612745,4,1,0.2
169,27.0,24,9,6,5,"202335,1610612761",1,48,70,21,0.3,136,55,0.404,26,22,0.846,20,10,582.983333333,29,31,22,202335,Patrick Patterson,-26,153,77,7,0,TOR,1610612761,18,10,0.5
170,27.0,20,0,0,5,"201988,1610612759",0,14,36,13,0.361,53,23,0.434,11,7,0.636,10,4,167.005,0,3,20,201988,Patty Mills,55,66,14,7,0,SAS,1610612759,8,6,0.6
171,26.0,30,5,10,5,"202331,1610612754",3,44,43,18,0.419,123,56,0.455,64,61,0.953,7,4,275.42,9,24,57,202331,Paul George,45,191,53,14,0,IND,1610612754,23,3,0.429
172,31.0,27,23,9,5,"200794,1610612737",3,66,33,8,0.242,137,59,0.431,55,41,0.745,10,6,365.063333333,28,29,56,200794,Paul Millsap,-14,167,94,13,0,ATL,1610612737,26,4,0.4
173,38.0,1,0,0,5,"1718,1610612746",0,6,5,1,0.2,12,2,0.167,4,1,0.25,5,4,53.6616666667,0,6,2,1718,Paul Pierce,-14,6,6,2,0,LAC,1610612746,2,1,0.2
174,22.0,3,1,2,5,"1626154,1610612738",0,5,5,1,0.2,9,2,0.222,0,0,0.0,5,4,41.06,1,3,0,1626154,RJ Hunter,0,5,6,0,0,BOS,1610612738,1,1,0.2
175,32.0,13,3,1,5,"200751,1610612760",0,18,26,8,0.308,41,14,0.341,4,4,1.0,16,6,189.9,2,18,7,200751,Randy Foye,-10,40,20,2,0,OKC,1610612760,11,10,0.625
176,32.0,23,0,7,5,"101109,1610612742",2,21,14,4,0.286,69,32,0.464,11,7,0.636,5,4,172.323333333,2,14,10,101109,Raymond Felton,-57,75,23,6,0,DAL,1610612742,12,1,0.2
177,25.0,3,0,0,5,"203493,1610612765",0,2,3,2,0.667,6,5,0.833,0,0,0.0,2,2,21.935,0,2,0,203493,Reggie Bullock,-17,12,2,1,0,DET,1610612765,0,0,0.0
178,26.0,37,2,2,5,"202704,1610612765",2,11,18,3,0.167,55,25,0.455,4,4,1.0,4,4,147.1,2,10,10,202704,Reggie Jackson,-7,57,13,6,0,DET,1610612765,10,0,0.0
179,36.0,14,1,8,5,"2210,1610612739",0,58,28,11,0.393,84,44,0.524,20,15,0.75,21,5,381.535,16,34,22,2210,Richard Jefferson,43,114,74,10,0,CLE,1610612739,13,16,0.762
180,30.0,14,1,4,5,"201155,1610612754",0,14,10,5,0.5,43,17,0.395,9,5,0.556,7,4,124.655,1,9,11,201155,Rodney Stuckey,9,44,15,4,0,IND,1610612754,6,3,0.429
181,27.0,198,2,18,5,"201566,1610612760",15,83,105,34,0.324,393,159,0.405,140,116,0.829,18,7,674.02,41,43,99,201566,Russell Westbrook,119,468,124,46,1,OKC,1610612760,78,11,0.611
182,30.0,1,5,1,5,"1626257,1610612742",0,8,0,0,0.0,10,7,0.7,12,5,0.417,4,3,75.97,5,11,10,1626257,Salah Mejri,-16,19,13,3,0,DAL,1610612742,0,1,0.25
183,26.0,10,24,1,5,"201586,1610612760",1,90,69,31,0.449,163,85,0.521,20,15,0.75,18,7,602.428333333,23,51,18,201586,Serge Ibaka,124,216,113,14,0,OKC,1610612760,9,11,0.611
184,30.0,80,5,9,5,"2733,1610612744",0,63,1,0,0.0,168,82,0.488,37,32,0.865,24,9,514.308333333,13,48,35,2733,Shaun Livingston,78,196,76,12,0,GSW,1610612744,29,15,0.625
185,25.0,8,0,3,5,"203524,1610612754",0,23,19,11,0.579,31,14,0.452,16,15,0.938,7,4,198.255,5,20,14,203524,Solomon Hill,20,54,28,2,0,IND,1610612754,3,3,0.429
186,23.0,1,0,0,5,"203915,1610612765",0,0,0,0,0.0,1,1,1.0,0,0,0.0,1,1,1.68333333333,0,0,0,203915,Spencer Dinwiddie,-3,2,0,0,0,DET,1610612765,0,0,0.0
187,28.0,3,2,1,5,"201150,1610612766",0,13,4,1,0.25,13,6,0.462,6,5,0.833,5,2,53.245,3,5,4,201150,Spencer Hawes,25,18,16,1,0,CHA,1610612766,4,3,0.6
188,20.0,0,0,0,5,"1626169,1610612765",0,16,10,6,0.6,23,12,0.522,2,2,1.0,4,4,81.48,0,10,3,1626169,Stanley Johnson,-9,32,16,1,0,DET,1610612765,3,0,0.0
189,28.0,93,5,15,5,"201939,1610612744",3,85,198,80,0.404,338,148,0.438,83,76,0.916,18,7,614.28,14,39,87,201939,Stephen Curry,48,452,99,26,0,GSW,1610612744,75,11,0.611
190,36.0,10,0,0,5,"2581,1610612765",0,4,2,1,0.5,5,1,0.2,2,1,0.5,4,4,43.2166666667,0,7,2,2581,Steve Blake,-24,4,4,0,0,DET,1610612765,5,0,0.0
191,22.0,13,14,15,5,"203500,1610612760",6,109,1,0,0.0,111,68,0.613,73,46,0.63,18,7,552.813333333,62,55,68,203500,Steven Adams,44,182,171,9,0,OKC,1610612760,17,11,0.611
192,25.0,11,5,5,5,"203082,1610612761",0,28,64,21,0.328,119,46,0.387,20,13,0.65,20,10,335.605,4,28,16,203082,Terrence Ross,-89,126,32,13,0,TOR,1610612761,16,10,0.5
193,22.0,6,3,0,5,"1626179,1610612738",0,14,11,4,0.364,23,9,0.391,2,2,1.0,5,3,98.605,3,5,4,1626179,Terry Rozier,-26,24,17,1,0,BOS,1610612738,2,2,0.4
194,32.0,17,6,1,5,"200757,1610612737",0,33,19,7,0.368,46,22,0.478,15,8,0.533,10,6,202.606666667,8,17,8,200757,Thabo Sefolosha,-38,59,41,10,0,ATL,1610612737,10,4,0.4
195,40.0,14,13,8,5,"1495,1610612759",0,38,0,0,0.0,52,22,0.423,21,15,0.714,10,4,218.263333333,10,18,16,1495,Tim Duncan,68,59,48,2,0,SAS,1610612759,10,6,0.6
196,24.0,7,1,0,5,"203501,1610612737",0,9,14,2,0.143,26,7,0.269,6,4,0.667,9,5,87.28,0,2,6,203501,Tim Hardaway Jr.,3,20,9,0,0,ATL,1610612737,3,4,0.444
197,29.0,2,3,0,5,"202389,1610612739",0,16,0,0,0.0,15,6,0.4,4,3,0.75,13,3,75.5716666667,5,16,6,202389,Timofey Mozgov,-29,15,21,3,0,CLE,1610612739,8,10,0.769
198,23.0,12,3,4,5,"202699,1610612765",1,32,12,4,0.333,46,21,0.457,13,12,0.923,4,4,156.15,6,11,10,202699,Tobias Harris,-5,58,38,3,0,DET,1610612765,6,0,0.0
199,34.0,3,2,3,5,"2754,1610612763",0,5,7,1,0.143,33,10,0.303,13,9,0.692,4,4,93.5266666667,6,11,9,2754,Tony Allen,-32,30,11,5,0,MEM,1610612763,6,0,0.0
200,34.0,53,2,9,5,"2225,1610612759",0,21,16,4,0.25,98,44,0.449,14,12,0.857,10,4,264.168333333,1,15,19,2225,Tony Parker,27,104,22,6,0,SAS,1610612759,18,6,0.6
201,30.0,4,1,1,5,"2772,1610612745",0,14,28,4,0.143,51,13,0.255,4,3,0.75,5,4,180.891666667,7,16,5,2772,Trevor Ariza,-90,33,21,13,0,HOU,1610612745,12,1,0.2
202,25.0,15,18,15,5,"202684,1610612739",3,102,0,0,0.0,93,49,0.527,73,42,0.575,21,5,622.143333333,86,55,62,202684,Tristan Thompson,134,140,188,8,0,CLE,1610612739,17,16,0.762
203,24.0,0,0,1,5,"203584,1610612766",0,2,3,0,0.0,8,1,0.125,0,0,0.0,4,3,17.6833333333,0,2,2,203584,Troy Daniels,-9,2,2,0,0,CHA,1610612766,0,1,0.25
204,28.0,10,0,2,5,"201951,1610612754",0,6,3,0,0.0,18,6,0.333,6,4,0.667,7,4,73.575,1,8,5,201951,Ty Lawson,-37,16,7,3,0,IND,1610612754,6,3,0.429
205,30.0,0,0,0,5,"201946,1610612766",0,0,0,0,0.0,0,0,0.0,0,0,0.0,2,1,5.65,0,0,0,201946,Tyler Hansbrough,-3,0,0,0,0,CHA,1610612766,0,1,0.5
206,24.0,8,0,0,5,"204020,1610612748",0,5,6,3,0.5,11,5,0.455,11,8,0.727,5,2,60.7216666667,2,8,6,204020,Tyler Johnson,11,21,7,1,0,MIA,1610612748,2,3,0.6
207,26.0,2,2,0,5,"203092,1610612738",0,11,0,0,0.0,15,7,0.467,6,4,0.667,3,3,38.0283333333,4,1,7,203092,Tyler Zeller,12,18,15,0,0,BOS,1610612738,2,0,0.0
208,36.0,4,1,1,5,"2617,1610612748",0,20,0,0,0.0,15,8,0.533,7,5,0.714,9,5,84.5716666667,11,13,12,2617,Udonis Haslem,-19,21,31,0,0,MIA,1610612748,7,4,0.444
209,39.0,5,1,9,5,"1713,1610612763",0,10,10,7,0.7,33,15,0.455,8,8,1.0,4,4,90.8416666667,5,9,9,1713,Vince Carter,-47,45,15,2,0,MEM,1610612763,3,0,0.0
210,28.0,2,4,0,5,"202325,1610612746",0,13,9,3,0.333,14,5,0.357,3,3,1.0,6,4,76.8266666667,5,6,2,202325,Wesley Johnson,24,16,18,1,0,LAC,1610612746,2,2,0.333
211,29.0,6,0,4,5,"202083,1610612742",0,14,35,10,0.286,60,20,0.333,19,15,0.789,5,4,173.348333333,4,14,17,202083,Wesley Matthews,-106,65,18,6,0,DAL,1610612742,4,1,0.2
212,24.0,10,3,0,5,"204098,1610612763",0,8,8,1,0.125,28,9,0.321,2,0,0.0,4,4,89.1683333333,1,8,5,204098,Xavier Munford,-47,19,9,6,0,MEM,1610612763,5,0,0.0
213,34.0,7,0,15,5,"2216,1610612763",2,20,0,0,0.0,62,23,0.371,7,6,0.857,4,4,119.653333333,15,10,14,2216,Zach Randolph,-57,52,35,1,0,MEM,1610612763,7,0,0.0
214,32.0,16,1,2,5,"2585,1610612742",0,17,0,0,0.0,24,9,0.375,17,15,0.882,5,4,111.883333333,10,13,14,2585,Zaza Pachulia,-72,33,27,3,0,DAL,1610612742,2,1,0.2
