,AGE,BLK,BLKA,CFID,CFPARAMS,GP,L,MIN,OPP_PTS_2ND_CHANCE,OPP_PTS_FB,OPP_PTS_OFF_TOV,OPP_PTS_PAINT,PF,PFD,PLAYER_ID,PLAYER_NAME,PTS_2ND_CHANCE,PTS_FB,PTS_OFF_TOV,PTS_PAINT,TEAM_ABBREVIATION,TEAM_ID,W,W_PCT
0,21.0,0.0,0.0,5,"1626151,1610612766",2,1,3.7,0.0,1.5,1.5,3.0,0.5,0.0,1626151,Aaron Harrison,0.0,0.0,0.0,0.0,CHA,1610612766,1,0.5
1,30.0,2.4,0.3,5,"201143,1610612737",10,6,32.7,9.5,6.9,11.5,24.0,2.5,2.0,201143,Al Horford,0.6,1.0,1.2,6.8,ATL,1610612737,4,0.4
2,31.0,0.4,1.0,5,"2744,1610612766",7,4,24.1,7.1,5.3,4.6,22.6,1.7,1.4,2744,Al Jefferson,1.7,0.0,2.3,10.0,CHA,1610612766,3,0.429
3,25.0,0.9,0.5,5,"202329,1610612757",11,6,33.8,9.0,8.2,9.0,28.0,2.8,1.9,202329,Al-Farouq Aminu,1.7,0.5,1.2,4.2,POR,1610612757,5,0.455
4,24.0,0.1,0.1,5,"203459,1610612757",11,6,27.5,8.3,8.5,9.0,26.5,2.1,2.0,203459,Allen Crabbe,1.7,2.1,1.6,2.2,POR,1610612757,5,0.455
5,33.0,0.3,0.0,5,"2405,1610612748",9,5,9.1,2.7,1.1,3.0,8.9,1.6,0.8,2405,Amar'e Stoudemire,0.4,0.0,0.7,2.0,MIA,1610612748,4,0.444
6,29.0,1.3,0.7,5,"101161,1610612738",6,4,22.3,6.2,6.3,7.3,21.0,2.2,1.2,101161,Amir Johnson,1.7,0.7,2.0,7.0,BOS,1610612738,2,0.333
7,33.0,0.1,0.1,5,"2760,1610612744",17,6,5.5,1.2,1.7,1.5,5.8,1.0,1.3,2760,Anderson Varejao,0.3,0.1,0.3,0.5,GSW,1610612744,11,0.647
8,22.0,1.5,0.3,5,"203083,1610612765",4,4,32.9,7.3,7.3,10.0,20.5,2.0,7.5,203083,Andre Drummond,2.8,1.3,1.3,11.5,DET,1610612765,0,0.0
9,32.0,0.4,0.3,5,"2738,1610612744",24,9,32.0,10.0,10.8,11.2,28.3,1.5,2.3,2738,Andre Iguodala,1.2,1.8,2.0,3.8,GSW,1610612744,15,0.625
10,40.0,0.0,0.3,5,"1889,1610612759",4,1,8.8,1.8,3.8,3.0,7.0,1.0,0.3,1889,Andre Miller,0.5,0.0,0.0,1.0,SAS,1610612759,3,0.75
11,24.0,1.1,0.3,5,"203460,1610612760",18,7,26.2,5.2,7.3,6.6,21.2,2.5,0.9,203460,Andre Roberson,0.8,0.4,0.8,3.1,OKC,1610612760,11,0.611
12,31.0,1.6,0.3,5,"101106,1610612744",22,7,16.6,6.0,4.3,4.9,12.9,3.3,0.9,101106,Andrew Bogut,1.3,0.1,0.9,4.3,GSW,1610612744,15,0.682
13,27.0,0.0,0.0,5,"202726,1610612745",2,2,5.7,1.0,0.0,7.0,2.0,0.0,0.0,202726,Andrew Goudelock,1.0,0.0,0.0,2.0,HOU,1610612745,0,0.0
14,30.0,0.0,0.0,5,"201627,1610612760",14,6,5.4,1.7,1.5,3.1,5.6,0.4,0.4,201627,Anthony Morrow,0.2,0.5,0.1,0.6,OKC,1610612760,8,0.571
15,31.0,0.3,0.0,5,"201229,1610612765",3,3,8.7,0.0,2.7,3.0,8.0,0.0,0.0,201229,Anthony Tolliver,0.0,0.0,0.0,0.0,DET,1610612765,0,0.0
16,29.0,0.0,0.5,5,"203382,1610612765",4,4,11.0,4.3,2.5,5.5,11.0,1.0,1.0,203382,Aron Baynes,1.3,0.8,0.0,2.0,DET,1610612765,0,0.0
17,23.0,0.0,0.2,5,"203085,1610612746",6,4,24.0,7.7,7.8,4.2,18.0,2.0,1.8,203085,Austin Rivers,1.5,0.7,1.0,6.3,LAC,1610612746,2,0.333
18,25.0,1.0,1.0,5,"202340,1610612738",1,1,33.2,13.0,9.0,9.0,40.0,2.0,2.0,202340,Avery Bradley,2.0,4.0,4.0,4.0,BOS,1610612738,0,0.0
19,23.0,1.4,0.4,5,"202687,1610612761",20,10,25.3,7.1,5.6,7.7,19.0,2.4,3.2,202687,Bismack Biyombo,1.9,0.1,0.8,3.7,TOR,1610612761,10,0.5
20,27.0,0.5,1.3,5,"201933,1610612746",4,2,31.7,8.3,8.5,6.5,25.5,2.3,4.5,201933,Blake Griffin,2.5,0.5,1.5,7.0,LAC,1610612746,2,0.5
21,27.0,0.3,0.0,5,"1626246,1610612759",7,3,6.0,1.4,1.6,1.7,4.0,1.4,0.7,1626246,Boban Marjanovic,0.9,0.0,0.3,2.0,SAS,1610612759,4,0.571
22,34.0,0.4,0.4,5,"2564,1610612759",9,3,17.6,4.7,5.6,5.1,14.9,1.0,1.1,2564,Boris Diaw,0.7,0.3,0.7,3.3,SAS,1610612759,6,0.667
23,30.0,0.1,0.0,5,"201575,1610612744",14,6,7.9,2.0,2.0,2.6,6.9,0.6,0.2,201575,Brandon Rush,0.0,0.6,0.2,0.4,GSW,1610612744,8,0.571
24,30.0,0.0,0.0,5,"203148,1610612757",10,6,3.6,0.3,1.3,1.3,2.8,0.5,0.4,203148,Brian Roberts,0.0,0.0,0.1,0.2,POR,1610612757,4,0.4
25,23.0,0.0,0.0,5,"1627362,1610612748",2,1,3.0,1.0,0.0,0.0,2.0,0.5,0.0,1627362,Briante Weber,0.0,0.0,0.0,0.0,MIA,1610612748,1,0.5
26,24.0,0.5,0.6,5,"203468,1610612757",11,6,40.2,11.3,8.3,10.5,36.0,2.7,3.4,203468,CJ McCollum,2.3,3.4,1.9,5.5,POR,1610612757,5,0.455
27,29.0,0.1,0.4,5,"101139,1610612754",7,4,13.1,4.9,3.7,6.0,12.3,1.0,0.1,101139,CJ Miles,0.9,0.7,0.9,1.4,IND,1610612754,3,0.429
28,25.0,0.0,0.0,5,"203912,1610612746",2,2,3.7,0.0,0.0,0.0,3.0,0.5,0.0,203912,CJ Wilcox,0.0,0.0,0.0,0.0,LAC,1610612746,0,0.0
29,21.0,0.2,0.2,5,"1626166,1610612760",10,3,6.4,1.8,1.7,2.3,5.6,0.7,0.4,1626166,Cameron Payne,0.4,0.0,0.2,0.8,OKC,1610612760,7,0.7
30,33.0,0.5,0.1,5,"101112,1610612739",17,5,14.0,2.1,1.7,3.9,9.2,2.2,0.7,101112,Channing Frye,0.8,0.9,1.6,1.3,CLE,1610612739,12,0.706
31,31.0,0.0,0.0,5,"101111,1610612742",4,4,5.1,1.3,1.5,0.8,1.0,0.5,0.3,101111,Charlie Villanueva,0.0,1.0,0.8,1.0,DAL,1610612742,0,0.0
32,37.0,0.8,0.0,5,"2365,1610612763",4,4,19.7,2.5,5.5,9.8,13.0,1.0,1.5,2365,Chris Andersen,1.8,0.0,1.0,2.5,MEM,1610612763,0,0.0
33,34.0,0.0,0.3,5,"2549,1610612757",4,2,8.1,2.5,0.3,2.5,6.0,2.5,0.0,2549,Chris Kaman,0.0,0.0,0.5,1.5,POR,1610612757,2,0.5
34,31.0,0.0,1.0,5,"101108,1610612746",4,2,31.3,7.8,7.8,7.0,24.5,3.0,4.3,101108,Chris Paul,2.5,1.5,2.0,6.0,LAC,1610612746,2,0.5
35,22.0,0.4,0.2,5,"203991,1610612745",5,4,8.7,1.2,3.4,7.2,7.6,1.0,0.6,203991,Clint Capela,0.0,0.4,1.0,1.2,HOU,1610612745,1,0.2
36,23.0,0.4,0.3,5,"203469,1610612766",7,4,19.6,6.0,3.1,3.6,18.0,2.9,2.7,203469,Cody Zeller,1.1,0.3,1.1,4.9,CHA,1610612766,3,0.429
37,27.0,0.5,0.0,5,"202332,1610612746",6,4,12.8,4.0,3.5,2.7,10.3,1.8,1.0,202332,Cole Aldrich,0.7,0.0,0.3,3.3,LAC,1610612746,2,0.333
38,30.0,0.2,0.6,5,"201147,1610612745",5,4,15.4,3.2,6.8,5.8,10.8,2.6,1.0,201147,Corey Brewer,0.4,0.6,1.2,2.0,HOU,1610612745,1,0.2
39,24.0,0.1,0.6,5,"202709,1610612761",20,10,22.6,5.7,4.6,7.7,17.6,2.4,1.6,202709,Cory Joseph,1.0,0.7,2.1,4.0,TOR,1610612761,10,0.5
40,30.0,0.4,0.4,5,"201584,1610612766",7,4,36.7,10.0,6.6,6.6,32.9,2.7,1.1,201584,Courtney Lee,2.3,1.0,1.4,2.9,CHA,1610612766,3,0.429
41,35.0,0.1,0.0,5,"2563,1610612739",15,4,3.3,0.5,0.9,0.8,1.6,0.2,0.3,2563,Dahntay Jones,0.0,0.3,0.3,0.7,CLE,1610612739,11,0.733
42,25.0,0.3,1.6,5,"203081,1610612757",11,6,39.8,11.0,11.0,11.5,35.5,2.1,5.5,203081,Damian Lillard,1.8,4.2,3.1,6.4,POR,1610612757,5,0.455
43,29.0,0.8,0.0,5,"201980,1610612759",10,4,26.7,7.0,7.6,6.3,22.4,2.0,0.8,201980,Danny Green,0.9,3.1,2.1,1.0,SAS,1610612759,6,0.6
44,33.0,0.0,0.0,5,"101135,1610612742",2,2,16.3,6.0,6.5,6.0,17.0,3.5,0.0,101135,David Lee,0.0,0.0,1.0,6.0,DAL,1610612742,0,0.0
45,35.0,0.7,0.4,5,"2561,1610612759",10,4,17.6,5.2,4.5,4.8,15.0,1.9,1.3,2561,David West,0.6,0.2,0.6,3.4,SAS,1610612759,6,0.6
46,27.0,2.7,0.2,5,"201599,1610612746",6,4,33.1,7.7,9.8,7.7,24.3,2.8,6.2,201599,DeAndre Jordan,4.5,0.8,1.2,8.0,LAC,1610612746,2,0.333
47,26.0,0.2,1.5,5,"201942,1610612761",20,10,37.3,8.7,9.8,11.6,30.3,2.6,4.0,201942,DeMar DeRozan,1.4,1.4,3.1,6.7,TOR,1610612761,10,0.5
48,29.0,0.4,0.3,5,"201960,1610612761",20,10,29.8,7.4,7.6,9.0,24.1,3.1,1.4,201960,DeMarre Carroll,1.2,1.7,1.6,3.4,TOR,1610612761,10,0.5
49,24.0,0.0,0.0,5,"1626153,1610612761",9,6,4.6,1.6,0.2,0.4,3.1,0.2,0.9,1626153,Delon Wright,0.0,0.9,0.4,0.7,TOR,1610612761,3,0.333
50,22.0,0.1,1.2,5,"203471,1610612737",10,6,19.1,4.0,4.1,5.7,13.2,2.4,1.7,203471,Dennis Schroder,1.0,1.3,2.0,5.6,ATL,1610612737,4,0.4
51,32.0,0.0,0.3,5,"101114,1610612742",3,2,16.4,5.0,9.0,6.7,16.0,2.0,0.3,101114,Deron Williams,0.7,1.0,0.0,1.3,DAL,1610612742,1,0.333
52,33.0,0.0,0.2,5,"2734,1610612742",5,4,24.1,9.2,8.4,8.2,20.0,3.2,1.8,2734,Devin Harris,1.0,0.4,1.0,4.0,DAL,1610612742,1,0.2
53,24.0,0.2,0.4,5,"203079,1610612760",18,7,27.3,6.9,8.2,9.7,23.8,2.3,1.4,203079,Dion Waiters,0.7,0.7,1.3,2.4,OKC,1610612760,11,0.611
54,38.0,0.6,0.6,5,"1717,1610612742",5,4,34.0,11.2,12.6,13.0,31.2,1.8,5.0,1717,Dirk Nowitzki,0.6,0.8,0.8,5.6,DAL,1610612742,1,0.2
55,25.0,0.4,0.4,5,"202700,1610612745",5,4,19.7,5.4,5.8,10.8,16.8,2.2,3.2,202700,Donatas Motiejunas,1.4,0.4,1.6,4.8,HOU,1610612745,1,0.2
56,30.0,0.0,0.2,5,"2748,1610612748",5,3,3.8,0.8,0.4,0.8,2.8,0.4,0.6,2748,Dorell Wright,0.0,0.0,0.6,0.8,MIA,1610612748,2,0.4
57,26.0,1.8,0.8,5,"203110,1610612744",23,8,38.2,12.6,12.1,12.2,32.4,3.5,4.6,203110,Draymond Green,2.7,2.1,2.0,6.3,GSW,1610612744,15,0.652
58,30.0,1.4,1.0,5,"2730,1610612745",5,4,36.0,10.2,11.0,13.4,31.6,4.2,6.4,2730,Dwight Howard,3.2,1.4,1.6,10.4,HOU,1610612745,1,0.2
59,24.0,0.0,0.3,5,"203939,1610612742",4,3,16.0,4.5,4.5,2.5,11.0,1.3,2.0,203939,Dwight Powell,1.0,0.3,2.0,4.0,DAL,1610612742,1,0.25
60,34.0,0.9,0.6,5,"2548,1610612748",14,7,33.8,9.0,5.4,10.7,28.3,1.6,3.4,2548,Dwyane Wade,1.4,2.7,1.7,9.3,MIA,1610612748,7,0.5
61,27.0,0.6,0.5,5,"202334,1610612757",11,6,18.6,5.6,4.6,6.4,18.5,3.0,2.3,202334,Ed Davis,2.1,0.2,0.6,3.8,POR,1610612757,5,0.455
62,24.0,0.6,0.6,5,"202683,1610612760",18,7,18.0,5.1,4.6,5.6,15.7,2.2,1.6,202683,Enes Kanter,3.1,1.5,1.1,6.2,OKC,1610612760,11,0.611
63,27.0,1.0,1.3,5,"202323,1610612738",6,4,35.7,9.2,10.5,12.0,29.3,3.2,3.0,202323,Evan Turner,1.5,1.8,2.0,6.7,BOS,1610612738,2,0.333
64,26.0,0.3,0.4,5,"203105,1610612744",23,9,8.8,2.4,3.6,3.5,7.5,1.5,1.2,203105,Festus Ezeli,1.0,0.2,0.3,3.1,GSW,1610612744,14,0.609
65,23.0,0.7,0.1,5,"1626163,1610612766",7,4,27.2,7.6,5.7,4.4,20.6,2.1,2.3,1626163,Frank Kaminsky,0.9,0.3,1.3,2.3,CHA,1610612766,3,0.429
66,30.0,0.1,0.0,5,"201588,1610612754",7,4,33.6,11.3,6.9,12.1,26.9,2.3,2.9,201588,George Hill,2.4,1.6,2.3,3.4,IND,1610612754,3,0.429
67,30.0,0.1,0.1,5,"101123,1610612748",12,7,9.2,1.6,0.3,1.6,5.8,1.2,0.5,101123,Gerald Green,0.3,0.3,0.7,0.8,MIA,1610612748,5,0.417
68,28.0,0.3,0.6,5,"201945,1610612757",11,6,21.2,7.0,4.7,6.5,20.2,1.9,1.1,201945,Gerald Henderson,1.0,0.6,1.2,2.4,POR,1610612757,5,0.455
69,22.0,0.3,0.0,5,"203922,1610612754",4,2,2.6,0.5,0.8,0.8,2.0,0.0,0.3,203922,Glenn Robinson,1.3,0.0,0.0,1.0,IND,1610612754,2,0.5
70,30.0,0.2,0.6,5,"201609,1610612748",14,7,33.7,7.5,6.4,10.5,28.4,3.3,3.2,201609,Goran Dragic,2.0,2.5,2.6,7.3,MIA,1610612748,7,0.5
71,24.0,0.2,0.5,5,"203084,1610612744",24,9,31.0,11.4,8.8,9.8,28.5,1.9,1.4,203084,Harrison Barnes,1.0,1.0,1.2,3.4,GSW,1610612744,15,0.625
72,27.0,2.8,0.5,5,"202355,1610612748",10,5,29.1,5.0,3.9,10.1,24.2,3.4,3.4,202355,Hassan Whiteside,3.6,0.2,1.0,9.2,MIA,1610612748,5,0.5
73,25.0,0.0,0.3,5,"203546,1610612744",16,6,9.6,2.8,2.1,3.7,8.8,1.1,0.8,203546,Ian Clark,0.1,0.8,0.8,1.9,GSW,1610612744,10,0.625
74,29.0,0.9,0.1,5,"101133,1610612754",7,4,24.6,6.7,6.9,8.9,18.6,3.6,2.1,101133,Ian Mahinmi,1.6,0.0,0.7,6.0,IND,1610612754,3,0.429
75,26.0,0.1,0.1,5,"202697,1610612739",21,5,17.5,4.1,2.3,5.3,12.8,1.7,1.0,202697,Iman Shumpert,0.6,0.2,0.6,0.8,CLE,1610612739,16,0.762
76,27.0,0.8,2.7,5,"202738,1610612738",6,4,36.6,7.2,12.5,10.3,31.3,3.0,6.8,202738,Isaiah Thomas,1.0,3.8,4.3,10.0,BOS,1610612738,2,0.333
77,30.0,0.2,0.4,5,"2747,1610612739",21,5,34.8,7.9,6.1,10.1,27.8,2.6,1.6,2747,J.R. Smith,1.6,1.4,2.1,1.3,CLE,1610612739,16,0.762
78,32.0,0.2,0.7,5,"200755,1610612746",6,4,27.7,7.0,8.3,6.2,20.7,1.8,2.0,200755,JJ Redick,1.2,1.3,1.7,3.0,LAC,1610612746,2,0.333
79,26.0,1.3,0.5,5,"203210,1610612763",4,4,18.1,5.5,3.8,7.0,12.0,3.0,0.8,203210,JaMychal Green,1.3,1.5,1.3,5.0,MEM,1610612763,0,0.0
80,28.0,0.0,0.0,5,"201580,1610612742",2,2,7.1,2.0,0.5,0.5,0.0,1.5,2.0,201580,JaVale McGee,1.0,0.0,0.0,1.0,DAL,1610612742,0,0.0
81,25.0,0.5,0.5,5,"203109,1610612738",6,4,32.9,7.2,11.5,8.5,29.3,2.8,1.7,203109,Jae Crowder,1.2,0.5,2.2,3.3,BOS,1610612738,2,0.333
82,36.0,0.0,0.5,5,"2037,1610612746",6,4,33.2,9.8,10.7,7.3,27.0,1.5,3.3,2037,Jamal Crawford,1.3,1.7,2.2,6.0,LAC,1610612746,2,0.333
83,26.0,0.2,0.6,5,"201935,1610612745",5,4,38.6,9.2,16.8,19.4,38.0,2.6,5.8,201935,James Harden,4.6,3.4,4.2,8.0,HOU,1610612745,1,0.2
84,29.0,0.0,0.1,5,"201949,1610612761",10,6,9.8,2.6,1.4,3.7,10.4,1.3,0.3,201949,James Johnson,0.0,0.0,0.0,1.6,TOR,1610612761,4,0.4
85,35.0,0.0,0.0,5,"2592,1610612739",12,3,4.6,1.1,0.9,1.7,3.0,0.3,0.3,2592,James Jones,0.0,0.0,0.0,0.0,CLE,1610612739,9,0.75
86,23.0,0.3,0.3,5,"203949,1610612744",8,4,4.7,1.8,2.6,2.4,5.0,0.8,0.6,203949,James Michael McAdoo,0.0,0.0,0.0,0.5,GSW,1610612744,4,0.5
87,20.0,0.0,0.0,5,"203923,1610612738",3,3,3.4,0.0,1.3,0.7,3.3,0.3,0.0,203923,James Young,0.0,0.0,0.0,0.0,BOS,1610612738,0,0.0
88,24.0,0.0,0.7,5,"203096,1610612738",6,4,13.6,4.2,3.8,4.2,13.3,2.7,0.3,203096,Jared Sullinger,1.7,0.0,0.0,2.3,BOS,1610612738,2,0.333
89,22.0,0.0,0.5,5,"1626185,1610612763",2,2,23.1,7.5,8.0,8.0,21.0,2.0,3.0,1626185,Jarell Martin,1.0,0.0,0.5,3.0,MEM,1610612763,0,0.0
90,38.0,0.2,0.2,5,"1891,1610612745",5,4,24.8,5.0,11.6,14.0,21.6,2.6,0.2,1891,Jason Terry,1.0,2.4,1.2,2.0,HOU,1610612745,1,0.2
91,29.0,0.1,0.0,5,"201574,1610612761",10,7,5.5,1.6,1.0,1.0,4.2,0.6,0.4,201574,Jason Thompson,0.6,0.2,0.2,0.8,TOR,1610612761,3,0.3
92,29.0,0.0,0.0,5,"201965,1610612746",2,2,1.2,0.0,0.0,0.0,0.0,0.0,0.5,201965,Jeff Ayres,0.0,0.0,1.5,1.0,LAC,1610612746,0,0.0
93,29.0,0.3,0.3,5,"201145,1610612746",6,4,26.4,8.5,6.8,5.2,20.3,2.0,2.5,201145,Jeff Green,1.2,2.5,2.7,5.0,LAC,1610612746,2,0.333
94,28.0,0.2,1.5,5,"201952,1610612737",10,6,27.9,8.8,7.3,10.2,22.6,3.0,4.3,201952,Jeff Teague,0.5,2.0,1.9,6.4,ATL,1610612737,4,0.4
95,24.0,0.0,0.3,5,"203087,1610612766",3,2,3.9,0.0,1.0,2.0,2.0,0.0,0.0,203087,Jeremy Lamb,0.7,0.0,0.0,2.0,CHA,1610612766,1,0.333
96,27.0,0.0,0.6,5,"202391,1610612766",7,4,27.0,7.9,4.9,4.7,25.7,3.0,4.9,202391,Jeremy Lin,0.0,1.4,1.0,6.0,CHA,1610612766,3,0.429
97,28.0,0.0,0.0,5,"201975,1610612765",1,1,1.7,0.0,0.0,0.0,2.0,0.0,0.0,201975,Jodie Meeks,0.0,0.0,0.0,2.0,DET,1610612765,0,0.0
98,34.0,0.2,0.2,5,"2207,1610612748",14,7,35.2,7.0,6.3,10.7,29.9,1.9,2.0,2207,Joe Johnson,0.8,0.0,1.3,5.6,MIA,1610612748,7,0.5
99,24.0,0.0,0.3,5,"1626202,1610612754",4,2,2.6,0.5,0.8,0.8,2.0,0.8,0.3,1626202,Joe Young,0.0,0.0,0.0,1.0,IND,1610612754,2,0.5
100,27.0,0.0,0.0,5,"204066,1610612738",1,1,1.3,0.0,2.0,0.0,2.0,0.0,0.0,204066,John Holland,0.0,0.0,0.0,0.0,BOS,1610612738,0,0.0
101,29.0,0.7,0.5,5,"201973,1610612738",6,4,27.0,7.3,9.0,9.8,26.0,2.5,0.7,201973,Jonas Jerebko,1.5,0.3,1.7,4.3,BOS,1610612738,2,0.333
102,24.0,1.2,0.6,5,"202685,1610612761",12,6,26.7,4.8,8.3,8.8,20.3,2.7,3.8,202685,Jonas Valanciunas,4.0,0.2,2.0,9.5,TOR,1610612761,6,0.5
103,26.0,0.0,1.3,5,"203613,1610612759",3,0,8.5,3.0,2.0,1.0,8.0,1.3,0.7,203613,Jonathon Simmons,1.7,0.0,0.0,1.3,SAS,1610612759,3,1.0
104,29.0,0.3,0.0,5,"200770,1610612763",4,4,28.3,3.8,9.5,10.5,20.0,1.0,0.8,200770,Jordan Farmar,0.0,0.0,0.5,1.0,MEM,1610612763,0,0.0
105,28.0,0.0,0.0,5,"201941,1610612754",5,2,3.0,0.8,0.6,0.6,2.4,0.2,0.0,201941,Jordan Hill,0.0,0.0,0.0,0.0,IND,1610612754,3,0.6
106,25.0,0.0,0.0,5,"203895,1610612739",2,0,2.1,0.0,0.0,0.0,1.0,0.0,0.0,203895,Jordan McRae,0.0,0.0,0.0,2.0,CLE,1610612739,2,1.0
107,21.0,0.5,0.0,5,"1626175,1610612738",2,2,5.1,0.0,2.0,1.0,5.0,0.0,0.0,1626175,Jordan Mickey,0.0,1.0,1.0,2.0,BOS,1610612738,0,0.0
108,27.0,0.0,0.0,5,"203268,1610612766",3,2,3.9,0.0,1.0,2.0,2.0,0.0,0.3,203268,Jorge Gutierrez,0.0,0.0,0.0,0.0,CHA,1610612766,1,0.333
109,32.0,0.0,0.5,5,"200826,1610612742",4,4,25.1,7.3,7.5,9.5,23.0,2.0,1.0,200826,Jose Juan Barea,1.0,0.0,0.5,3.0,DAL,1610612742,0,0.0
110,24.0,0.0,0.0,5,"203962,1610612760",2,0,5.1,1.0,2.5,2.0,3.0,0.5,0.5,203962,Josh Huestis,0.0,0.0,0.0,0.0,OKC,1610612760,2,1.0
111,29.0,0.5,0.0,5,"201177,1610612748",10,5,13.4,1.9,2.4,2.8,9.8,2.0,0.8,201177,Josh McRoberts,1.0,0.0,0.6,2.6,MIA,1610612748,5,0.5
112,22.0,0.9,0.4,5,"1626196,1610612748",14,7,27.6,6.1,3.5,7.3,22.9,2.6,1.1,1626196,Josh Richardson,1.0,0.5,0.8,1.3,MIA,1610612748,7,0.5
113,30.0,0.3,0.0,5,"2746,1610612745",4,3,9.4,1.5,4.0,6.3,11.0,1.8,0.3,2746,Josh Smith,0.0,0.0,0.0,1.0,HOU,1610612745,1,0.25
114,22.0,0.6,0.2,5,"1626147,1610612742",5,4,19.0,7.4,4.0,4.2,11.6,2.4,1.8,1626147,Justin Anderson,1.0,1.6,1.8,4.8,DAL,1610612742,1,0.2
115,20.0,0.3,0.6,5,"1626159,1610612748",13,6,25.4,7.4,4.2,8.2,21.8,2.7,2.2,1626159,Justise Winslow,1.5,0.6,1.0,3.4,MIA,1610612748,7,0.538
116,23.0,0.8,0.8,5,"203909,1610612745",4,4,8.4,1.5,3.0,5.3,5.0,0.8,0.3,203909,KJ McDaniels,0.5,0.0,0.5,1.5,HOU,1610612745,0,0.0
117,24.0,1.4,1.1,5,"202695,1610612759",10,4,33.9,8.6,8.9,7.9,28.4,2.1,4.0,202695,Kawhi Leonard,1.6,4.4,4.8,9.0,SAS,1610612759,6,0.6
118,25.0,0.0,0.5,5,"203482,1610612738",4,3,7.9,1.8,1.3,2.3,7.5,1.3,0.3,203482,Kelly Olynyk,0.5,0.0,0.0,0.0,BOS,1610612738,1,0.25
119,26.0,0.6,3.3,5,"202689,1610612766",7,4,37.1,10.4,7.6,7.9,33.7,1.4,4.7,202689,Kemba Walker,1.4,2.3,3.0,8.9,CHA,1610612766,3,0.429
120,26.0,0.6,1.0,5,"203145,1610612737",10,6,32.5,10.1,7.9,12.2,26.0,1.4,2.0,203145,Kent Bazemore,0.8,1.9,3.2,4.6,ATL,1610612737,4,0.4
121,23.0,0.3,0.3,5,"203484,1610612765",4,4,40.3,11.3,8.5,13.0,28.0,1.8,1.5,203484,Kentavious Caldwell-Pope,0.5,1.8,1.8,3.5,DET,1610612765,0,0.0
122,27.0,1.0,0.7,5,"201142,1610612760",18,7,40.3,9.2,11.8,12.3,34.1,2.1,5.7,201142,Kevin Durant,2.1,5.7,4.7,8.4,OKC,1610612760,11,0.611
123,27.0,0.4,0.8,5,"201567,1610612739",20,5,30.6,7.4,6.1,7.4,24.7,1.7,3.6,201567,Kevin Love,3.7,0.5,2.3,3.1,CLE,1610612739,15,0.75
124,33.0,0.0,0.2,5,"2755,1610612759",5,2,9.9,2.2,2.0,4.6,6.0,1.0,0.4,2755,Kevin Martin,0.6,0.6,0.4,0.4,SAS,1610612759,3,0.6
125,35.0,0.0,0.0,5,"2550,1610612737",6,2,4.6,1.3,0.3,0.8,3.0,0.3,0.2,2550,Kirk Hinrich,0.0,0.0,0.0,0.0,ATL,1610612737,4,0.667
126,26.0,0.4,1.0,5,"202691,1610612744",24,9,35.4,11.6,11.5,11.4,30.0,2.2,3.4,202691,Klay Thompson,2.0,3.0,3.5,6.3,GSW,1610612744,15,0.625
127,31.0,1.3,0.0,5,"2743,1610612737",4,3,14.0,3.5,3.0,3.5,7.5,2.3,1.0,2743,Kris Humphries,1.5,1.0,1.8,4.0,ATL,1610612737,1,0.25
128,22.0,0.3,0.1,5,"203937,1610612759",10,4,12.9,4.1,3.9,4.9,12.0,1.1,0.9,203937,Kyle Anderson,0.2,0.4,0.9,1.4,SAS,1610612759,6,0.6
129,35.0,0.4,0.2,5,"2594,1610612737",10,6,31.6,8.8,7.6,11.4,23.0,2.3,2.0,2594,Kyle Korver,1.3,1.1,1.2,1.4,ATL,1610612737,4,0.4
130,30.0,0.2,1.0,5,"200768,1610612761",20,10,38.3,8.8,9.6,11.2,31.7,3.7,4.6,200768,Kyle Lowry,2.1,2.2,2.4,6.2,TOR,1610612761,10,0.5
131,28.0,0.0,0.0,5,"202713,1610612760",6,3,8.4,2.7,1.8,2.0,8.7,0.7,0.3,202713,Kyle Singler,0.5,0.0,0.5,0.3,OKC,1610612760,3,0.5
132,24.0,0.6,1.0,5,"202681,1610612739",21,5,36.8,8.5,6.9,10.2,30.4,2.2,3.0,202681,Kyrie Irving,1.7,4.0,3.3,7.5,CLE,1610612739,16,0.762
133,30.0,1.4,0.3,5,"200746,1610612759",10,4,33.7,8.6,9.6,8.3,27.0,1.8,2.9,200746,LaMarcus Aldridge,2.4,0.4,1.6,8.4,SAS,1610612759,6,0.6
134,24.0,0.0,0.3,5,"203934,1610612737",4,2,4.9,1.5,1.0,1.8,2.0,0.3,0.3,203934,Lamar Patterson,0.0,0.0,0.0,0.5,ATL,1610612737,2,0.5
135,25.0,0.0,0.8,5,"202362,1610612763",4,4,23.7,7.8,5.8,7.3,22.0,2.5,1.3,202362,Lance Stephenson,1.5,1.0,1.3,5.0,MEM,1610612763,0,0.0
136,27.0,0.2,0.3,5,"202730,1610612754",6,3,8.5,0.8,1.8,2.7,6.7,0.3,0.0,202730,Lavoy Allen,0.0,0.3,0.0,0.7,IND,1610612754,3,0.5
137,31.0,1.3,0.8,5,"2544,1610612739",21,5,39.1,8.4,6.2,10.1,29.9,2.6,5.3,2544,LeBron James,2.9,5.0,5.1,15.1,CLE,1610612739,16,0.762
138,33.0,0.0,0.3,5,"2571,1610612744",23,9,11.1,2.7,3.5,3.9,10.3,1.0,0.7,2571,Leandro Barbosa,1.0,1.2,1.4,2.4,GSW,1610612744,14,0.609
139,29.0,0.0,0.2,5,"201601,1610612746",5,3,15.7,4.4,3.4,3.4,12.8,1.8,0.4,201601,Luc Mbah a Moute,0.0,1.0,1.0,1.6,LAC,1610612746,2,0.4
140,23.0,0.0,0.0,5,"203512,1610612761",5,4,5.8,2.6,0.4,1.6,6.4,0.6,0.0,203512,Lucas Nogueira,0.0,0.0,0.0,1.2,TOR,1610612761,1,0.2
141,23.0,0.0,0.0,5,"1626242,1610612757",6,3,1.3,0.0,0.0,0.8,0.3,0.2,0.0,1626242,Luis Montero,0.0,0.0,0.0,0.3,POR,1610612757,3,0.5
142,36.0,0.0,0.3,5,"2449,1610612761",11,6,12.8,2.6,3.8,4.5,10.2,2.0,1.3,2449,Luis Scola,0.1,0.2,0.3,0.7,TOR,1610612761,5,0.455
143,31.0,0.6,0.4,5,"2736,1610612748",14,7,35.3,8.6,5.7,10.4,29.6,1.7,2.4,2736,Luol Deng,1.6,1.6,1.2,4.6,MIA,1610612748,7,0.5
144,38.0,0.3,0.1,5,"1938,1610612759",10,4,19.2,5.5,4.8,4.2,15.0,2.5,2.5,1938,Manu Ginobili,0.0,2.3,2.0,1.8,SAS,1610612759,6,0.6
145,26.0,0.0,0.0,5,"202694,1610612765",4,4,36.0,10.0,7.5,13.0,24.5,4.3,4.0,202694,Marcus Morris,1.3,0.5,1.8,4.0,DET,1610612765,0,0.0
146,22.0,0.8,1.5,5,"203935,1610612738",6,4,32.1,7.5,9.2,10.3,30.0,2.8,4.0,203935,Marcus Smart,2.0,1.7,1.2,3.3,BOS,1610612738,2,0.333
147,28.0,0.3,0.2,5,"201578,1610612744",24,9,8.4,1.8,2.2,3.0,8.1,1.8,1.2,201578,Marreese Speights,0.5,0.4,0.5,1.3,GSW,1610612744,15,0.625
148,30.0,0.4,0.9,5,"101107,1610612766",7,4,32.5,10.6,6.0,7.0,30.6,1.6,1.7,101107,Marvin Williams,0.0,0.0,1.1,2.0,CHA,1610612766,3,0.429
149,26.0,1.0,1.1,5,"203486,1610612757",11,6,27.8,7.8,5.8,7.3,22.5,3.8,2.8,203486,Mason Plumlee,1.5,1.7,1.5,5.1,POR,1610612757,5,0.455
150,36.0,0.3,1.0,5,"2440,1610612763",4,4,34.8,5.5,10.8,16.3,26.5,3.3,2.3,2440,Matt Barnes,1.0,3.0,1.5,5.5,MEM,1610612763,0,0.0
151,25.0,0.1,0.2,5,"203521,1610612739",20,5,12.1,1.9,2.2,4.1,9.1,1.6,1.2,203521,Matthew Dellavedova,0.2,0.3,0.4,1.5,CLE,1610612739,15,0.75
152,23.0,0.3,0.6,5,"203090,1610612757",11,6,24.7,7.5,6.4,6.5,22.4,3.5,2.5,203090,Maurice Harkless,2.2,1.5,0.9,5.6,POR,1610612757,5,0.455
153,27.0,0.0,0.8,5,"201563,1610612745",5,4,16.1,2.0,9.8,8.4,14.4,1.6,1.0,201563,Michael Beasley,0.4,0.0,0.8,5.2,HOU,1610612745,1,0.2
154,24.0,0.1,0.1,5,"203488,1610612737",9,5,7.4,2.1,1.8,1.8,5.8,0.7,0.2,203488,Mike Muscala,0.4,0.4,0.2,1.3,ATL,1610612737,4,0.444
155,27.0,0.3,0.1,5,"203118,1610612737",10,6,16.1,2.9,4.6,6.3,12.6,2.0,1.1,203118,Mike Scott,0.7,0.7,0.6,3.0,ATL,1610612737,4,0.4
156,33.0,0.0,0.0,5,"2590,1610612739",13,3,5.2,1.3,0.8,2.0,3.2,0.6,0.4,2590,Mo Williams,0.0,0.3,0.5,0.2,CLE,1610612739,10,0.769
157,30.0,0.0,0.6,5,"101145,1610612754",7,4,32.2,10.3,6.4,12.1,25.7,2.4,2.0,101145,Monta Ellis,0.0,3.6,3.3,5.4,IND,1610612754,3,0.429
158,22.0,0.0,0.0,5,"1626149,1610612745",2,2,5.8,0.0,0.0,2.5,3.0,0.5,0.5,1626149,Montrezl Harrell,0.0,1.5,0.5,1.0,HOU,1610612745,0,0.0
159,20.0,3.3,0.3,5,"1626167,1610612754",7,4,28.2,11.3,4.0,10.3,21.1,3.4,1.9,1626167,Myles Turner,2.1,0.6,0.9,6.0,IND,1610612754,3,0.429
160,38.0,0.2,0.0,5,"1737,1610612760",5,2,1.9,0.4,0.0,0.2,0.8,0.2,0.0,1737,Nazr Mohammed,0.0,0.0,0.0,0.4,OKC,1610612760,3,0.6
161,35.0,0.0,0.0,5,"2555,1610612760",9,3,8.7,1.6,1.3,1.6,7.1,1.9,0.4,2555,Nick Collison,0.0,0.0,0.0,0.7,OKC,1610612760,6,0.667
162,27.0,0.0,0.2,5,"201587,1610612766",5,4,28.8,8.4,7.0,6.6,33.6,1.2,2.4,201587,Nicolas Batum,0.6,0.8,1.8,3.2,CHA,1610612766,1,0.2
163,20.0,0.0,0.2,5,"203943,1610612757",6,3,2.0,0.0,0.7,1.5,1.3,0.2,0.0,203943,Noah Vonleh,0.0,0.0,0.0,0.0,POR,1610612757,3,0.5
164,23.0,0.1,0.1,5,"1626181,1610612761",18,10,11.4,2.8,2.1,3.2,8.8,1.0,0.2,1626181,Norman Powell,0.7,1.3,1.3,1.7,TOR,1610612761,8,0.444
165,23.0,0.0,0.0,5,"203798,1610612763",2,2,11.1,1.5,2.5,3.0,6.0,0.5,0.5,203798,PJ Hairston,0.0,1.0,1.0,0.0,MEM,1610612763,0,0.0
166,39.0,0.0,0.0,5,"203143,1610612746",5,3,5.2,2.4,0.8,1.2,4.0,1.6,0.0,203143,Pablo Prigioni,0.0,0.0,0.0,0.0,LAC,1610612746,2,0.4
167,23.0,0.0,0.0,5,"1626192,1610612757",6,3,1.3,0.0,0.0,0.8,0.3,0.0,0.0,1626192,Pat Connaughton,0.5,0.0,0.0,0.3,POR,1610612757,3,0.5
168,27.0,0.4,0.8,5,"201976,1610612745",5,4,25.7,7.8,9.0,9.0,24.8,3.4,2.4,201976,Patrick Beverley,1.2,0.8,0.4,2.8,HOU,1610612745,1,0.2
169,27.0,0.5,0.3,5,"202335,1610612761",20,10,29.1,7.3,6.3,8.9,23.1,1.6,1.1,202335,Patrick Patterson,2.0,0.8,1.5,3.0,TOR,1610612761,10,0.5
170,27.0,0.0,0.0,5,"201988,1610612759",10,4,16.7,5.0,4.0,4.9,14.4,0.3,2.0,201988,Patty Mills,1.6,0.4,1.5,0.8,SAS,1610612759,6,0.6
171,26.0,0.7,1.4,5,"202331,1610612754",7,4,39.3,12.9,7.4,13.4,28.6,3.4,8.1,202331,Paul George,2.9,4.6,4.1,6.3,IND,1610612754,3,0.429
172,31.0,2.3,0.9,5,"200794,1610612737",10,6,36.5,11.7,9.2,12.7,27.4,2.9,5.6,200794,Paul Millsap,3.1,2.3,2.7,9.0,ATL,1610612737,4,0.4
173,38.0,0.0,0.0,5,"1718,1610612746",5,4,10.7,5.2,2.8,2.8,8.8,1.2,0.4,1718,Paul Pierce,0.0,0.0,0.4,0.0,LAC,1610612746,1,0.2
174,22.0,0.2,0.4,5,"1626154,1610612738",5,4,8.2,1.6,3.4,0.8,7.6,0.6,0.0,1626154,RJ Hunter,0.6,0.4,0.4,0.4,BOS,1610612738,1,0.2
175,32.0,0.2,0.1,5,"200751,1610612760",16,6,11.9,3.7,2.8,4.5,10.6,1.1,0.4,200751,Randy Foye,0.2,0.3,0.8,0.4,OKC,1610612760,10,0.625
176,32.0,0.0,1.4,5,"101109,1610612742",5,4,34.5,14.0,13.2,12.6,32.0,2.8,2.0,101109,Raymond Felton,2.0,2.6,3.8,7.2,DAL,1610612742,1,0.2
177,25.0,0.0,0.0,5,"203493,1610612765",2,2,11.0,4.5,3.5,6.5,10.0,1.0,0.0,203493,Reggie Bullock,0.0,2.5,1.0,2.0,DET,1610612765,0,0.0
178,26.0,0.5,0.5,5,"202704,1610612765",4,4,36.8,10.0,6.8,10.5,23.0,2.5,2.5,202704,Reggie Jackson,1.3,1.0,2.0,8.5,DET,1610612765,0,0.0
179,36.0,0.0,0.4,5,"2210,1610612739",21,5,18.2,3.6,3.2,5.6,13.0,1.6,1.0,2210,Richard Jefferson,0.3,0.7,0.9,2.8,CLE,1610612739,16,0.762
180,30.0,0.1,0.6,5,"201155,1610612754",7,4,17.8,6.1,3.1,5.4,13.4,1.3,1.6,201155,Rodney Stuckey,0.6,0.7,0.6,1.7,IND,1610612754,3,0.429
181,27.0,0.1,1.0,5,"201566,1610612760",18,7,37.4,8.3,11.3,10.7,31.6,2.4,5.5,201566,Russell Westbrook,2.6,6.1,3.6,9.6,OKC,1610612760,11,0.611
182,30.0,1.3,0.3,5,"1626257,1610612742",4,3,19.0,4.8,6.8,7.8,15.0,2.8,2.5,1626257,Salah Mejri,2.0,0.0,1.0,3.5,DAL,1610612742,1,0.25
183,26.0,1.3,0.1,5,"201586,1610612760",18,7,33.5,7.2,10.5,10.0,28.9,2.8,1.0,201586,Serge Ibaka,1.9,0.9,1.1,3.3,OKC,1610612760,11,0.611
184,30.0,0.2,0.4,5,"2733,1610612744",24,9,21.4,6.8,6.5,6.8,18.1,2.0,1.5,2733,Shaun Livingston,0.4,1.5,1.7,4.2,GSW,1610612744,15,0.625
185,25.0,0.0,0.4,5,"203524,1610612754",7,4,28.3,10.4,4.0,9.0,21.4,2.9,2.0,203524,Solomon Hill,0.7,0.7,2.7,0.9,IND,1610612754,3,0.429
186,23.0,0.0,0.0,5,"203915,1610612765",1,1,1.7,0.0,0.0,0.0,2.0,0.0,0.0,203915,Spencer Dinwiddie,0.0,0.0,0.0,2.0,DET,1610612765,0,0.0
187,28.0,0.4,0.2,5,"201150,1610612766",5,2,10.6,2.4,1.8,2.4,7.2,1.0,0.8,201150,Spencer Hawes,1.2,0.0,0.4,1.6,CHA,1610612766,3,0.6
188,20.0,0.0,0.0,5,"1626169,1610612765",4,4,20.4,5.5,4.8,7.8,14.5,2.5,0.8,1626169,Stanley Johnson,0.5,0.5,0.0,2.0,DET,1610612765,0,0.0
189,28.0,0.3,0.8,5,"201939,1610612744",18,7,34.1,12.2,12.2,11.8,30.9,2.2,4.8,201939,Stephen Curry,1.2,3.2,5.2,5.3,GSW,1610612744,11,0.611
190,36.0,0.0,0.0,5,"2581,1610612765",4,4,10.8,3.0,3.8,6.3,10.0,1.8,0.5,2581,Steve Blake,0.0,0.0,0.0,0.0,DET,1610612765,0,0.0
191,22.0,0.8,0.8,5,"203500,1610612760",18,7,30.7,6.7,8.7,9.4,24.8,3.1,3.8,203500,Steven Adams,3.4,0.7,1.5,7.4,OKC,1610612760,11,0.611
192,25.0,0.3,0.3,5,"203082,1610612761",20,10,16.8,5.4,3.3,5.5,13.7,1.4,0.8,203082,Terrence Ross,0.3,0.5,1.5,1.3,TOR,1610612761,10,0.5
193,22.0,0.6,0.0,5,"1626179,1610612738",5,3,19.7,4.4,3.6,5.0,19.2,1.0,0.8,1626179,Terry Rozier,0.8,1.2,0.0,1.2,BOS,1610612738,2,0.4
194,32.0,0.6,0.1,5,"200757,1610612737",10,6,20.3,6.1,5.1,6.3,14.6,1.7,0.8,200757,Thabo Sefolosha,2.6,0.8,0.3,2.6,ATL,1610612737,4,0.4
195,40.0,1.3,0.8,5,"1495,1610612759",10,4,21.8,4.5,5.6,5.3,15.4,1.8,1.6,1495,Tim Duncan,0.8,0.3,1.0,4.4,SAS,1610612759,6,0.6
196,24.0,0.1,0.0,5,"203501,1610612737",9,5,9.7,1.6,2.1,2.2,6.4,0.2,0.7,203501,Tim Hardaway Jr.,0.0,0.2,0.0,0.9,ATL,1610612737,4,0.444
197,29.0,0.2,0.0,5,"202389,1610612739",13,3,5.8,1.5,1.5,2.2,3.8,1.2,0.5,202389,Timofey Mozgov,0.8,0.0,0.5,0.9,CLE,1610612739,10,0.769
198,23.0,0.8,1.0,5,"202699,1610612765",4,4,39.0,11.5,7.8,12.3,24.0,2.8,2.5,202699,Tobias Harris,1.5,0.5,1.5,5.5,DET,1610612765,0,0.0
199,34.0,0.5,0.8,5,"2754,1610612763",4,4,23.4,5.8,7.8,9.3,18.5,2.8,2.3,2754,Tony Allen,1.5,1.5,2.0,2.5,MEM,1610612763,0,0.0
200,34.0,0.2,0.9,5,"2225,1610612759",10,4,26.4,7.1,7.4,5.8,21.0,1.5,1.9,2225,Tony Parker,0.5,2.3,1.1,4.6,SAS,1610612759,6,0.6
201,30.0,0.2,0.2,5,"2772,1610612745",5,4,36.2,10.2,15.2,17.0,35.6,3.2,1.0,2772,Trevor Ariza,0.8,1.6,2.4,2.8,HOU,1610612745,1,0.2
202,25.0,0.9,0.7,5,"202684,1610612739",21,5,29.6,7.3,5.4,8.1,23.5,2.6,3.0,202684,Tristan Thompson,2.4,0.6,0.9,4.4,CLE,1610612739,16,0.762
203,24.0,0.0,0.3,5,"203584,1610612766",4,3,4.4,1.0,0.8,1.5,2.0,0.5,0.5,203584,Troy Daniels,0.0,0.0,0.0,0.0,CHA,1610612766,1,0.25
204,28.0,0.0,0.3,5,"201951,1610612754",7,4,10.5,4.3,2.6,3.4,8.0,1.1,0.7,201951,Ty Lawson,0.0,0.9,0.9,1.1,IND,1610612754,3,0.429
205,30.0,0.0,0.0,5,"201946,1610612766",2,1,2.8,0.0,0.0,1.5,1.0,0.0,0.0,201946,Tyler Hansbrough,0.0,0.0,0.0,0.0,CHA,1610612766,1,0.5
206,24.0,0.0,0.0,5,"204020,1610612748",5,2,12.1,2.8,1.6,2.0,10.8,1.6,1.2,204020,Tyler Johnson,0.4,0.2,0.0,0.8,MIA,1610612748,3,0.6
207,26.0,0.7,0.0,5,"203092,1610612738",3,3,12.7,1.0,6.3,1.3,10.7,0.3,2.3,203092,Tyler Zeller,1.7,0.0,0.0,3.3,BOS,1610612738,0,0.0
208,36.0,0.1,0.1,5,"2617,1610612748",9,5,9.4,1.9,1.2,3.2,7.6,1.4,1.3,2617,Udonis Haslem,0.7,0.2,0.2,1.6,MIA,1610612748,4,0.444
209,39.0,0.3,2.3,5,"1713,1610612763",4,4,22.7,3.3,7.8,8.8,20.0,2.3,2.3,1713,Vince Carter,1.8,0.8,1.5,3.0,MEM,1610612763,0,0.0
210,28.0,0.7,0.0,5,"202325,1610612746",6,4,12.8,3.0,4.7,3.3,7.0,1.0,0.3,202325,Wesley Johnson,0.7,0.0,0.0,0.3,LAC,1610612746,2,0.333
211,29.0,0.0,0.8,5,"202083,1610612742",5,4,34.7,11.4,15.8,13.6,35.2,2.8,3.4,202083,Wesley Matthews,0.2,2.0,0.0,2.0,DAL,1610612742,1,0.2
212,24.0,0.8,0.0,5,"204098,1610612763",4,4,22.3,5.3,6.3,10.3,17.0,2.0,1.3,204098,Xavier Munford,0.5,0.0,1.5,1.5,MEM,1610612763,0,0.0
213,34.0,0.0,3.8,5,"2216,1610612763",4,4,29.9,3.8,10.3,11.8,25.0,2.5,3.5,2216,Zach Randolph,2.0,0.0,0.5,8.0,MEM,1610612763,0,0.0
214,32.0,0.2,0.4,5,"2585,1610612742",5,4,22.4,9.4,8.6,8.4,23.6,2.6,2.8,2585,Zaza Pachulia,1.4,0.0,0.0,3.2,DAL,1610612742,1,0.2
