,AGE,AST,BLK,BLKA,CFID,CFPARAMS,DD2,DREB,FG3A,FG3M,FG3_PCT,FGA,FGM,FG_PCT,FTA,FTM,FT_PCT,GP,L,MIN,OREB,PF,PFD,PLAYER_ID,PLAYER_NAME,PLUS_MINUS,PTS,REB,STL,TD3,TEAM_ABBREVIATION,TEAM_ID,TOV,W,W_PCT
0,30.0,0.21,0.0,0.0,5,"201143,1610612737",0,0.32,0.11,0.11,1.0,0.32,0.32,1.0,0.0,0.0,0.0,1,1,9.41666666667,0.0,0.0,0.0,201143,Al Horford,-0.74,0.74,0.32,0.0,0,ATL,1610612737,0.0,0,0.0
1,22.0,0.0,0.0,0.0,5,"203083,1610612765",1,0.44,0.05,0.0,0.0,0.6,0.44,0.727,0.0,0.0,0.0,1,1,18.2166666667,0.27,0.05,0.0,203083,Andre Drummond,-0.66,0.88,0.71,0.11,0,DET,1610612765,0.05,0,0.0
2,23.0,0.0,0.0,0.0,5,"203076,1610612740",0,0.2,0.0,0.0,0.0,0.86,0.79,0.923,0.0,0.0,0.0,1,0,15.1666666667,0.2,0.07,0.0,203076,Anthony Davis,0.26,1.58,0.4,0.07,0,NOP,1610612740,0.0,1,1.0
3,32.0,0.0,0.04,0.0,5,"2546,1610612752",0,0.13,0.22,0.04,0.2,0.48,0.26,0.545,0.0,0.0,0.0,1,1,22.9333333333,0.13,0.09,0.04,2546,Carmelo Anthony,-0.26,0.57,0.26,0.0,0,NYK,1610612752,0.09,0,0.0
4,31.0,0.84,0.0,0.0,5,"101108,1610612746",1,0.21,0.32,0.21,0.667,0.37,0.26,0.714,0.0,0.0,0.0,1,0,19.0166666667,0.0,0.05,0.05,101108,Chris Paul,0.26,0.74,0.21,0.05,0,LAC,1610612746,0.21,1,1.0
5,26.0,0.11,0.0,0.0,5,"201942,1610612761",0,0.0,0.16,0.0,0.0,0.79,0.48,0.6,0.05,0.0,0.0,1,1,18.9,0.05,0.0,0.16,201942,DeMar DeRozan,-0.63,0.95,0.05,0.05,0,TOR,1610612761,0.05,0,0.0
6,25.0,0.09,0.0,0.0,5,"202326,1610612758",0,0.26,0.09,0.09,1.0,0.43,0.43,1.0,0.0,0.0,0.0,1,0,11.6,0.09,0.17,0.17,202326,DeMarcus Cousins,0.86,0.95,0.34,0.0,0,SAC,1610612758,0.0,1,1.0
7,26.0,0.0,0.0,0.0,5,"203110,1610612744",0,0.33,0.08,0.0,0.0,0.49,0.16,0.333,0.0,0.0,0.0,1,0,12.1333333333,0.08,0.08,0.08,203110,Draymond Green,1.24,0.33,0.41,0.16,0,GSW,1610612744,0.08,1,1.0
8,34.0,0.26,0.0,0.0,5,"2548,1610612748",0,0.13,0.04,0.0,0.0,0.31,0.17,0.571,0.0,0.0,0.0,1,1,22.9333333333,0.04,0.0,0.0,2548,Dwyane Wade,-0.26,0.35,0.17,0.09,0,MIA,1610612748,0.13,0,0.0
9,27.0,0.05,0.0,0.0,5,"202738,1610612738",0,0.0,0.26,0.05,0.2,0.58,0.21,0.364,0.0,0.0,0.0,1,1,18.9833333333,0.16,0.05,0.0,202738,Isaiah Thomas,-0.95,0.47,0.16,0.05,0,BOS,1610612738,0.05,0,0.0
10,26.0,0.14,0.0,0.0,5,"201935,1610612745",0,0.19,0.57,0.33,0.583,0.67,0.38,0.571,0.0,0.0,0.0,1,0,20.9333333333,0.0,0.0,0.0,201935,James Harden,0.43,1.1,0.19,0.0,0,HOU,1610612745,0.05,1,1.0
11,25.0,0.15,0.0,0.0,5,"202322,1610612764",0,0.15,0.21,0.1,0.5,0.72,0.51,0.714,0.0,0.0,0.0,1,1,19.4833333333,0.0,0.0,0.0,202322,John Wall,0.26,1.13,0.15,0.05,0,WAS,1610612764,0.1,0,0.0
12,24.0,0.12,0.0,0.0,5,"202695,1610612759",0,0.12,0.23,0.04,0.167,0.58,0.31,0.533,0.0,0.0,0.0,1,0,25.8,0.12,0.0,0.0,202695,Kawhi Leonard,0.43,0.66,0.23,0.08,0,SAS,1610612759,0.08,1,1.0
13,27.0,0.3,0.0,0.0,5,"201142,1610612760",0,0.13,0.35,0.04,0.125,0.78,0.48,0.611,0.0,0.0,0.0,1,0,23.0666666667,0.09,0.0,0.04,201142,Kevin Durant,0.43,1.0,0.22,0.09,0,OKC,1610612760,0.0,1,1.0
14,26.0,0.1,0.0,0.0,5,"202691,1610612744",0,0.05,0.48,0.14,0.3,0.53,0.14,0.273,0.0,0.0,0.0,1,0,20.9333333333,0.05,0.0,0.0,202691,Klay Thompson,0.43,0.43,0.1,0.05,0,GSW,1610612744,0.0,1,1.0
15,37.0,0.27,0.0,0.0,5,"977,1610612747",0,0.19,0.19,0.04,0.2,0.42,0.15,0.364,0.08,0.04,0.5,1,0,25.9666666667,0.04,0.04,0.12,977,Kobe Bryant,0.42,0.39,0.23,0.04,0,LAL,1610612747,0.04,1,1.0
16,30.0,0.35,0.04,0.0,5,"200768,1610612761",1,0.18,0.42,0.14,0.333,0.46,0.18,0.385,0.0,0.0,0.0,1,1,28.5166666667,0.0,0.07,0.0,200768,Kyle Lowry,-0.98,0.49,0.18,0.07,0,TOR,1610612761,0.21,0,0.0
17,30.0,0.07,0.0,0.07,5,"200746,1610612759",0,0.21,0.07,0.0,0.0,0.57,0.14,0.25,0.0,0.0,0.0,1,0,14.0666666667,0.07,0.0,0.0,200746,LaMarcus Aldridge,0.07,0.28,0.28,0.07,0,SAS,1610612759,0.0,1,1.0
18,31.0,0.35,0.0,0.0,5,"2544,1610612739",0,0.2,0.25,0.05,0.2,0.64,0.3,0.462,0.0,0.0,0.0,1,1,20.2166666667,0.0,0.0,0.0,2544,LeBron James,-0.64,0.64,0.2,0.0,0,CLE,1610612739,0.2,0,0.0
19,35.0,0.07,0.0,0.0,5,"2200,1610612741",0,0.41,0.07,0.0,0.0,0.48,0.21,0.429,0.28,0.21,0.75,1,1,14.5166666667,0.07,0.14,0.28,2200,Pau Gasol,-0.41,0.62,0.48,0.07,0,CHI,1610612741,0.07,0,0.0
20,26.0,0.04,0.0,0.0,5,"202331,1610612754",0,0.19,0.71,0.34,0.474,0.97,0.6,0.615,0.0,0.0,0.0,1,1,26.8166666667,0.0,0.0,0.0,202331,Paul George,-0.11,1.53,0.19,0.04,0,IND,1610612754,0.11,0,0.0
21,31.0,0.05,0.0,0.0,5,"200794,1610612737",0,0.1,0.1,0.05,0.5,0.31,0.05,0.167,0.0,0.0,0.0,1,1,19.0666666667,0.05,0.0,0.0,200794,Paul Millsap,-0.47,0.16,0.16,0.0,0,ATL,1610612737,0.0,0,0.0
22,27.0,0.22,0.0,0.04,5,"201566,1610612760",0,0.22,0.76,0.31,0.412,1.03,0.54,0.522,0.0,0.0,0.0,1,0,22.3333333333,0.13,0.04,0.0,201566,Russell Westbrook,0.54,1.39,0.36,0.22,0,OKC,1610612760,0.13,1,1.0
23,28.0,0.21,0.0,0.0,5,"201939,1610612744",0,0.14,0.45,0.21,0.462,0.62,0.35,0.556,0.0,0.0,0.0,1,0,28.9833333333,0.03,0.03,0.0,201939,Stephen Curry,0.62,0.9,0.17,0.14,0,GSW,1610612744,0.07,1,1.0
